20150730,56.468,56.525,53.678,53.678,128382,0
20150731,54.359,54.548,53.091,54.548,139728,0
20150803,54.576,54.832,53.687,54.387,31796,0
20150804,54.444,54.472,53.64,53.914,71650,0
20150805,54.33,55.097,54.33,54.482,92410,0
20150806,54.482,55.295,54.009,54.756,107128,0
20150807,54.132,54.699,53.914,54.576,84946,0
20150810,54.718,55.03,54.207,54.387,36307,0
20150811,54.813,54.813,53.583,54.198,72720,0
20150812,54.047,54.047,52.675,52.798,136291,0
20150813,52.798,52.968,52.675,52.949,118186,0
20150814,52.968,53.167,52.845,52.959,53410,0
20150817,53.507,53.507,52.505,52.543,28087,0
20150818,52.543,52.779,52.505,52.722,107037,0
20150819,52.495,52.959,51.55,52.495,132705,0
20150820,52.032,52.543,51.304,51.833,90162,0
20150821,51.55,51.739,49.658,50.84,158513,0
20150824,48.031,50.594,47.331,49.847,255157,0
20150825,48.684,49.838,48.371,49.279,326302,0
20150826,49.185,49.563,48.712,49.185,195366,0
20150827,50.131,50.131,48.334,49.516,291799,0
20150828,50.008,50.083,48.788,49.185,187030,0
20150831,49.185,49.563,49.1,49.554,208748,0
20150901,49.421,49.563,49.194,49.289,127691,0
20150902,49.374,49.611,49.09,49.279,203018,0
20150903,49.374,50.746,49.374,50.519,142108,0
20150904,50.698,52.022,50.698,51.266,160065,0
20150907,51.36,51.966,50.944,51.077,110954,0
20150908,51.597,51.597,50.85,51.029,76060,0
20150909,52.136,52.136,50.84,51.275,102219,0
20150910,50.963,51.55,50.537,51.152,94794,0
20150911,51.275,51.493,50.547,51.351,63506,0
20150914,51.483,51.739,50.642,51.171,77452,0
20150915,51.483,51.862,51.19,51.786,135809,0
20150916,51.786,52.968,51.568,52.874,141253,0
20150917,52.599,53.271,52.382,52.628,112500,0
20150918,53.063,53.158,51.266,52.855,263877,0
20150921,52.022,52.372,51.597,52.022,65744,0
20150922,52.316,52.486,51.077,51.71,134277,0
20150923,51.644,52.306,51.644,51.918,86805,0
20150924,51.644,51.937,50.887,50.887,86316,0
20150925,51.351,52.193,51.266,51.739,106248,0
20150928,51.379,52.06,50.263,51.152,119317,0
20150929,51.077,51.408,50.15,51.029,310872,0
20150930,51.029,51.446,50.859,51.086,87651,0
20151001,51.105,51.833,51.077,51.351,108184,0
20151002,51.152,52.259,51.152,52.259,125136,0
20151005,52.495,54.813,51.805,54.293,97477,0
20151006,54.293,54.293,51.616,52.174,117229,0
20151007,52.495,53.195,51.994,51.994,168735,0
20151008,52.004,52.022,51.19,51.587,94411,0
20151009,52.212,52.212,51.124,51.313,83248,0
20151012,51.408,52.212,51.143,51.644,58132,0
20151013,52.022,52.212,51.644,51.644,92853,0
20151014,51.994,53.328,51.663,51.966,162790,0
20151015,52.022,52.325,51.086,52.325,212650,0
20151016,52.562,52.968,51.086,51.086,103734,0
20151019,51.701,52.212,51.55,52.051,98824,0
20151020,52.354,52.779,51.833,52.032,240729,0
20151021,52.212,52.779,51.833,51.843,67929,0
20151022,52.354,52.401,51.739,52.193,64456,0
20151023,52.817,52.817,51.852,52.297,85686,0
20151026,51.739,53.385,51.739,52.817,87942,0
20151027,53.148,53.536,52.874,53.347,69140,0
20151028,53.536,54.151,53.158,53.205,76678,0
20151029,53.205,54.084,52.249,52.997,96063,0
20151030,52.883,54.037,52.883,54.037,161585,0
20151102,54.009,54.387,53.47,53.914,76314,0
20151103,54.293,54.293,53.526,53.905,53385,0
20151104,53.914,53.962,52.505,53.914,159177,0
20151105,53.876,53.876,52.779,52.968,78617,0
20151106,52.968,53.252,52.495,53.252,89327,0
20151109,53.252,54.16,52.316,53.526,87966,0
20151110,53.555,53.678,52.599,52.779,91053,0
20151112,53.252,53.252,52.344,53.167,52034,0
20151113,53.035,53.063,52.022,52.022,115295,0
20151116,52.022,54.236,49.667,53.914,429369,0
20151117,54.151,54.624,53.451,54.387,114790,0
20151118,54.482,55.995,54.444,55.522,315904,0
20151119,55.522,55.806,54.974,55.305,87656,0
20151120,55.342,55.806,55.342,55.617,62624,0
20151123,55.806,56.023,54.879,55.711,59592,0
20151124,55.428,55.711,54.387,55.428,92961,0
20151125,55.333,55.721,54.907,55.286,85390,0
20151126,55.759,55.759,55.201,55.494,30109,0
20151127,55.617,55.617,54.387,54.917,81860,0
20151130,55.049,55.049,53.489,54.245,71623,0
20151201,54.576,54.955,54.056,54.255,87031,0
20151202,54.955,55.097,53.101,54.851,229499,0
20151203,54.671,55.097,54.349,54.387,108061,0
20151204,54.198,55.106,53.914,54.113,187901,0
20151207,54.898,55.238,54.482,54.851,93905,0
20151208,54.387,54.86,52.968,53.536,108114,0
20151209,52.987,54.378,52.287,54.198,147718,0
20151210,54.368,54.368,52.117,53.394,286793,0
20151211,53.394,54.283,52.306,52.524,98435,0
20151214,52.164,52.354,49.856,51.096,132176,0
20151215,50.698,51.502,50.604,51.114,80072,0
20151216,51.114,51.975,51.114,51.833,134603,0
20151217,52.212,54.482,51.408,52.77,117433,0
20151218,52.76,54.605,52.174,53.914,350186,0
20151221,53.914,54.084,53.158,53.158,78863,0
20151222,53.11,53.914,51.928,52.495,118172,0
20151223,52.439,53.158,52.032,52.789,98725,0
20151228,52.212,53.687,52.212,53.195,54511,0
20151229,53.243,54.009,53.016,53.914,124993,0
20151230,54.141,54.151,53.252,53.725,193228,0
20160104,52.779,53.063,52.495,52.495,54719,0
20160105,52.495,54.293,52.401,53.867,137825,0
20160107,52.212,52.571,51.171,52.259,127546,0
20160108,52.495,53.441,51.663,51.814,635139,0
20160111,52.022,52.495,50.727,51.077,111846,0
20160112,51.72,53.205,51.654,53.205,202849,0
20160113,53.451,53.451,51.37,52.174,217924,0
20160114,52.004,52.004,51.171,51.455,96848,0
20160115,51.181,51.824,51.181,51.417,151745,0
20160118,51.124,52.193,51.124,51.786,439209,0
20160119,51.928,52.022,51.644,51.833,177706,0
20160120,51.729,52.675,51.379,52.495,165285,0
20160121,52.505,53.441,52.022,52.987,208488,0
20160122,53.63,54.576,53.489,54.293,255857,0
20160125,53.914,54.293,53.29,53.649,152906,0
20160126,53.139,53.441,53.139,53.299,137581,0
20160127,52.997,53.697,52.59,53.697,101623,0
20160128,53.621,53.971,53.299,53.914,396203,0
20160129,54.34,54.34,52.808,53.091,132490,0
20160201,52.808,53.734,52.808,53.441,137633,0
20160202,53.262,54.661,52.874,53.772,207728,0
20160203,53.772,54.16,53.035,53.839,139147,0
20160204,53.914,54.056,52.987,53.772,357616,0
20160205,53.943,54.056,53.536,53.914,183855,0
20160208,54.009,54.141,52.212,53.224,135459,0
20160209,52.959,53.148,51.729,53.063,159688,0
20160210,52.968,53.848,52.514,52.514,121209,0
20160211,52.164,53.678,51.928,53.072,152371,0
20160212,53.158,53.914,52.675,53.914,145044,0
20160215,53.943,54.567,53.176,53.328,216879,0
20160216,53.072,53.772,52.789,53.772,80465,0
20160217,53.205,54.151,53.205,53.914,244285,0
20160218,54.103,54.614,53.583,54.198,190949,0
20160219,54.066,54.756,53.753,53.829,143561,0
20160222,54.103,54.765,53.914,54.434,230863,0
20160223,54.009,54.141,53.158,53.271,133220,0
20160224,53.205,54.179,53.205,53.82,85489,0
20160225,53.914,55.097,53.526,55.097,191368,0
20160226,55.144,55.806,54.397,54.538,167017,0
20160229,54.538,54.699,53.451,54.009,95744,0
20160301,54.652,55.806,53.914,55.806,79167,0
20160302,55.806,56.09,54.926,55.484,124919,0
20160303,55.484,55.617,53.933,55.191,182288,0
20160304,55.229,55.229,53.489,53.716,236827,0
20160307,53.725,54.624,53.536,53.801,124448,0
20160308,53.725,55.674,53.725,55.295,144171,0
20160309,55.125,55.144,54.103,54.103,99294,0
20160310,54.765,55.333,54.047,54.047,82080,0
20160311,54.661,54.661,54.056,54.387,51183,0
20160314,54.624,54.86,54.018,54.368,100243,0
20160315,54.198,54.576,53.914,54.567,89294,0
20160316,54.671,54.671,53.583,53.583,64573,0
20160317,54.86,55.238,53.753,54.614,118325,0
20160318,55.324,55.995,54.624,55.995,172038,0
20160321,55.399,56.09,53.905,53.905,149657,0
20160322,54.482,54.624,53.962,54.217,121832,0
20160323,54.765,54.765,53.82,53.962,67247,0
20160324,54.245,54.841,53.99,54.434,74069,0
20160329,54.86,55.579,54.482,55.097,86903,0
20160330,55.617,55.995,54.964,55.787,108677,0
20160331,55.995,57.556,55.768,57.31,263637,0
20160401,56.014,57.3,55.153,56.979,125557,0
20160404,56.988,57.594,56.6,56.6,58963,0
20160405,56.468,56.544,55.191,55.957,59919,0
20160406,56.042,57.225,55.437,57.225,84768,0
20160407,57.404,57.698,55.901,55.901,75266,0
20160408,56.373,57.688,55.938,57.319,98924,0
20160411,57.319,57.679,56.894,56.894,71014,0
20160412,56.941,57.291,55.995,56.657,108035,0
20160413,56.988,56.988,56.156,56.298,40451,0
20160414,56.752,57.319,56.298,57.14,61420,0
20160415,57.414,57.603,56.591,56.894,66524,0
20160418,56.421,57.594,56.326,57.594,86920,0
20160419,57.688,59.031,57.527,58.644,130102,0
20160420,58.833,58.833,57.698,58.539,111902,0
20160421,58.587,58.587,56.894,57.508,107357,0
20160422,57.508,57.698,56.184,56.184,131464,0
20160425,56.695,56.922,56.392,56.563,47418,0
20160426,56.941,57.641,56.279,56.752,150266,0
20160427,56.279,56.733,54.964,55.049,82845,0
20160428,55.333,56.61,55.049,55.901,112456,0
20160429,55.901,56.496,54.765,54.765,139230,0
20160502,55.399,55.853,55.172,55.428,48614,0
20160504,55.692,55.711,54.52,55.333,214895,0
20160505,55.238,55.352,54.387,54.567,162384,0
20160506,54.936,54.936,53.252,53.621,172871,0
20160509,53.82,53.82,52.968,53.347,178211,0
20160510,53.072,54.86,53.072,54.075,162313,0
20160511,54.747,54.747,53.006,53.006,199100,0
20160512,53.158,53.507,52.59,52.59,166392,0
20160513,53.16,53.29,51.41,51.55,128167,0
