20150730,6.83,6.97,6.83,6.94,317712,0
20150731,6.96,7.27,6.96,7.11,584226,0
20150803,7.15,8.13,7.13,8.06,641144,0
20150804,8.09,8.1,7.91,7.98,900675,0
20150805,7.99,8.31,7.99,8.29,674829,0
20150806,8.3,8.3,7.99,8.18,220277,0
20150807,8.18,8.45,8.12,8.45,401615,0
20150810,8.43,9,8.3,8.91,685004,0
20150811,8.96,9.2,8.92,8.99,730871,0
20150812,8.81,9.2,8.81,9.2,1121173,0
20150813,9.2,9.44,9.05,9.4,1042072,0
20150814,9.39,10.78,9.04,10.68,1009551,0
20150817,10.9,12.45,9.82,10.19,1291943,0
20150818,10.3,10.85,9.75,10,806304,0
20150819,9.98,10.28,9.45,9.45,508259,0
20150820,9.45,10.54,9.45,10.12,653854,0
20150821,10.19,10.54,9.85,10.02,416539,0
20150824,9.7,9.85,9.25,9.82,730506,0
20150825,9.62,10.58,9.62,10.45,504476,0
20150826,10.33,10.57,10.15,10.38,234681,0
20150827,10.25,10.56,10.25,10.33,131926,0
20150828,10.25,10.32,10.06,10.09,126378,0
20150831,10,10,9.22,9.28,276684,0
20150901,9.23,9.65,9.09,9.57,256600,0
20150902,9.53,10.3,9.53,10,320660,0
20150903,10.11,10.28,9.88,9.9,111659,0
20150904,10.26,10.28,9.86,9.86,159580,0
20150907,9.86,9.99,9.72,9.75,54517,0
20150908,9.7,10.15,9.7,10.05,89204,0
20150909,10.15,10.16,9.99,10,86094,0
20150910,10.03,10.49,10,10.27,306886,0
20150911,10.28,10.36,10.05,10.24,43681,0
20150914,10.07,10.1,9.98,10,62667,0
20150915,10,10.22,9.9,10.11,150898,0
20150916,10.05,10.19,9.97,10,57659,0
20150917,10,10.09,9.95,9.98,86902,0
20150918,10.11,10.3,10.02,10.08,170012,0
20150921,10.03,10.29,10.03,10.29,99018,0
20150922,10.3,10.3,10.03,10.05,126826,0
20150923,10.01,10.04,9.88,10.04,93461,0
20150924,10.09,10.19,10.01,10.02,67207,0
20150925,10.05,10.15,10,10.01,53805,0
20150928,10,10.04,9.66,9.68,151717,0
20150929,9.5,10.04,9.31,10.01,211842,0
20150930,9.99,10.05,9.9,10,66887,0
20151001,10,10.04,9.96,9.99,44634,0
20151002,10,10.05,9.96,10.04,109017,0
20151005,10,10.05,9.92,10,54777,0
20151006,10.04,10.05,9.93,10.02,138950,0
20151007,10,11.4,10,11.25,665110,0
20151008,11.39,11.8,10.87,11.14,555095,0
20151009,11.21,11.23,10.9,10.91,162708,0
20151012,10.91,11.15,10.7,10.8,79120,0
20151013,10.89,10.89,10.51,10.51,116125,0
20151014,10.6,10.6,10.25,10.42,126968,0
20151015,10.42,10.67,10.42,10.56,67560,0
20151016,10.65,10.65,10.47,10.47,56452,0
20151019,10.48,10.6,10.3,10.6,64113,0
20151020,10.62,11.05,10.54,11.05,185764,0
20151021,11.15,11.15,10.86,10.9,110368,0
20151022,10.83,10.95,10.76,10.9,25434,0
20151023,10.9,10.9,10.74,10.76,39317,0
20151026,10.89,10.95,10.75,10.85,56827,0
20151027,10.82,10.9,10.74,10.77,64388,0
20151028,10.82,11.06,10.77,10.99,128486,0
20151029,10.99,11.12,10.9,10.9,111248,0
20151030,10.91,11.08,10.91,11.05,94583,0
20151102,11.1,11.88,11.09,11.87,395946,0
20151103,11.81,12.69,11.61,12.6,569094,0
20151104,12.7,13.49,12.5,13.2,708260,0
20151105,13.02,14.65,13,14.5,1389558,0
20151106,14.5,14.88,14,14.51,568560,0
20151109,14.58,15.5,14.47,15.3,425388,0
20151110,15.4,17.35,14.22,14.5,1833496,0
20151112,14.9,15.9,14.6,15.3,369410,0
20151113,15.45,16.2,14.9,15.39,391460,0
20151116,15.2,15.37,14.8,15.01,137815,0
20151117,15.02,15.35,14.87,15.21,156371,0
20151118,15,15,13.5,13.67,500606,0
20151119,13.25,13.96,11.26,13.95,1386441,0
20151120,14,14.1,13,13.5,270616,0
20151123,13.5,13.5,12.5,12.55,266152,0
20151124,12.49,12.94,11.5,12.29,498900,0
20151125,12.18,13.34,12.04,12.79,358473,0
20151126,13.18,13.75,13.02,13.5,229406,0
20151127,13.4,13.7,13.01,13.34,139012,0
20151130,13.25,13.7,13.02,13.5,89295,0
20151201,13.51,13.66,13.39,13.45,34596,0
20151202,13.54,13.54,12.7,13.24,163176,0
20151203,13.06,13.2,12.75,12.9,76833,0
20151204,12.75,13,12.7,12.9,87251,0
20151207,13.1,13.23,13,13.02,39526,0
20151208,13,13.25,12.6,12.71,86354,0
20151209,12.65,13.09,12.6,12.78,82719,0
20151210,12.9,13.89,12.8,13.58,273851,0
20151211,13.7,13.83,13,13,90903,0
20151214,13,13.01,12.63,12.85,62160,0
20151215,12.85,13.1,12.5,13,100187,0
20151216,13,13,12.71,12.83,28154,0
20151217,12.85,13.32,12.76,13.1,68952,0
20151218,13,13.15,12.82,12.82,44648,0
20151221,12.82,12.97,12.2,12.4,142723,0
20151222,12.48,12.5,12.1,12.12,104009,0
20151223,12.14,12.17,11.5,11.5,249649,0
20151228,11.51,11.66,11,11.05,288162,0
20151229,10.99,11.95,10.82,11.92,184558,0
20151230,11.92,12.46,11.67,11.93,186627,0
20160104,11.34,11.9,11.2,11.83,98440,0
20160105,11.9,12.54,11.9,12.54,150289,0
20160107,12.15,12.3,11.99,12.22,148227,0
20160108,12.45,12.45,12.1,12.39,68389,0
20160111,12.39,12.48,12.2,12.46,60889,0
20160112,12.46,12.9,12.46,12.68,140172,0
20160113,12.71,12.79,12.65,12.65,50520,0
20160114,12.5,12.5,12.21,12.4,57829,0
20160115,12.22,12.4,11.8,11.93,101897,0
20160118,11.52,11.8,11.33,11.47,112708,0
20160119,11.6,11.9,11.35,11.48,44387,0
20160120,11.4,11.4,11.1,11.19,113918,0
20160121,11.2,11.23,11.02,11.08,83838,0
20160122,11.08,11.49,10.67,11.05,124599,0
20160125,11.27,11.4,10.86,11.17,69007,0
20160126,11.14,11.14,10.76,10.95,69260,0
20160127,10.95,11.68,10.7,11.64,210458,0
20160128,11.52,11.85,11.24,11.31,125409,0
20160129,11.45,11.57,11.23,11.36,121516,0
20160201,11.27,11.48,11.21,11.3,51531,0
20160202,11.3,11.48,11.16,11.18,82434,0
20160203,11.15,11.36,11.12,11.19,32678,0
20160204,11.16,11.35,11.11,11.22,55781,0
20160205,11.26,12.6,11.1,12.49,420310,0
20160208,12.44,13.31,12.25,12.45,356700,0
20160209,12.25,12.48,11.78,12,161486,0
20160210,12.04,12.29,11.9,11.93,117431,0
20160211,12,12.09,11.56,11.6,108613,0
20160212,11.6,12,11.6,11.7,40999,0
20160215,11.99,12.05,11.66,11.7,66629,0
20160216,11.71,11.8,11.5,11.56,50975,0
20160217,11.57,12.14,11.57,12.07,106860,0
20160218,12.25,12.38,11.9,11.92,71002,0
20160219,11.95,12.08,11.89,12,38112,0
20160222,12.09,12.28,11.96,12,52155,0
20160223,11.97,12.47,11.9,12.28,170531,0
20160224,12.2,12.3,12.05,12.05,73209,0
20160225,12.09,12.43,11.9,12,71452,0
20160226,12.12,12.24,11.76,11.76,60555,0
20160229,11.82,12.1,11.74,11.82,79742,0
20160301,10.9,11.4,10.65,11,342929,0
20160302,11.03,11.25,11.03,11.25,89983,0
20160303,11.41,11.86,11.41,11.78,204168,0
20160304,11.97,12.15,11.6,12.07,100332,0
20160307,12,12.03,11.8,12,52124,0
20160308,11.98,11.99,11.77,11.97,44623,0
20160309,11.9,11.9,11.7,11.79,31911,0
20160310,11.8,11.94,11.67,11.87,36326,0
20160311,11.69,11.83,11.63,11.78,50553,0
20160314,11.77,11.82,11.71,11.72,27712,0
20160315,11.72,12.15,11.7,11.95,103645,0
20160316,11.93,11.95,11.77,11.89,66656,0
20160317,11.8,11.99,11.68,11.82,96294,0
20160318,11.85,12.1,11.73,12.1,511832,0
20160321,12.03,12.03,11.85,11.95,22989,0
20160322,11.85,11.85,11.67,11.8,32110,0
20160323,11.8,11.87,11.7,11.78,28699,0
20160324,11.74,11.83,11.72,11.72,18790,0
20160329,11.72,11.75,11.6,11.73,58313,0
20160330,11.63,12.08,11.61,11.91,67151,0
20160331,11.99,11.99,11.84,11.95,24136,0
20160401,11.95,11.95,11.65,11.84,25287,0
20160404,11.87,11.87,11.66,11.79,19020,0
20160405,11.7,11.75,11.63,11.75,34575,0
20160406,11.66,11.69,11.33,11.33,40938,0
20160407,11.3,11.6,11.3,11.35,28057,0
20160408,11.35,11.57,11.31,11.44,29233,0
20160411,11.42,11.43,11.23,11.23,37523,0
20160412,11.2,11.33,11.05,11.06,68545,0
20160413,11.3,11.34,11.04,11.34,127101,0
20160414,11.34,11.44,11.18,11.44,69124,0
20160415,11.31,11.34,11.18,11.19,33783,0
20160418,11.18,11.26,11.06,11.18,35651,0
20160419,11.12,11.28,11.07,11.13,64316,0
20160420,11.15,11.18,11.07,11.11,22595,0
20160421,11.1,11.11,11.02,11.02,35927,0
20160422,11.01,11.01,10.72,10.96,83404,0
20160425,10.99,10.99,10.58,10.6,105225,0
20160426,10.6,10.6,9.99,10.2,350192,0
20160427,10.11,10.69,10.11,10.55,245980,0
20160428,10.6,10.7,10.53,10.58,54879,0
20160429,10.58,10.58,10.5,10.57,22627,0
20160502,10.15,10.44,10.15,10.4,77014,0
20160504,10.3,10.35,10.21,10.21,29960,0
20160505,10.1,10.25,10.03,10.05,45317,0
20160506,10.02,10.05,9.66,9.76,126350,0
20160509,9.76,9.78,9.32,9.72,162953,0
20160510,9.72,9.9,9.72,9.82,69995,0
20160511,9.85,9.89,9.8,9.82,14257,0
20160512,9.8,9.9,9.79,9.85,17868,0
20160513,9.82,9.85,9.79,9.8,28557,0
