20150224,84.347,84.926,84.347,84.87,571,0
20150225,85.02,87.985,85.02,87.985,7199,0
20150226,88.761,88.761,86.292,87.115,141409,0
20150227,87.255,87.704,87.068,87.068,111,0
20150302,87.218,88.995,86.975,88.845,24459,0
20150303,89.219,90.612,88.377,88.377,155113,0
20150304,88.705,89.78,88.705,89.528,778,0
20150305,89.5,89.78,89.228,89.406,5115,0
20150306,89.649,89.649,87.928,89.032,12965,0
20150309,88.003,88.377,87.854,87.854,261,0
20150310,87.498,87.498,86.628,86.628,43313,0
20150311,86.535,87.667,86.535,87.33,254,0
20150312,86.507,87.255,86.507,87.255,64389,0
20150313,87.255,87.769,86.713,87.769,1584,0
20150316,86.32,87.769,85.993,87.769,77876,0
20150317,87.302,87.91,86.844,87.91,821,0
20150318,87.816,89.004,87.723,89.004,2854,0
20150319,87.975,88.377,87.723,88.377,379,0
20150320,88.845,89.836,87.012,87.91,72034,0
20150323,87.956,89.78,87.956,89.78,2124,0
20150324,88.91,90.229,88.91,90.229,189,0
20150325,88.695,89.069,86.413,88.564,89325,0
20150326,88.106,88.106,86.657,87.723,220912,0
20150327,86.984,87.255,86.404,87.255,130858,0
20150330,87.255,88.405,86.975,87.807,57086,0
20150331,86.946,87.152,86.816,86.965,35022,0
20150401,88.377,88.377,87.592,88.246,4,0
20150402,88.162,88.377,88.162,88.377,293,0
20150407,88.265,88.265,87.031,87.031,512,0
20150408,86.975,87.676,86.507,86.694,26589,0
20150409,86.694,88.097,86.507,87.947,385,0
20150410,87.91,87.91,87.91,87.91,2072,0
20150413,88.256,89.406,88.256,88.985,3782,0
20150414,88.985,89.546,88.658,89.546,4261,0
20150415,88.845,89.958,88.845,89.78,1856,0
20150416,89.78,90.107,89.313,90.107,428,0
20150417,89.135,89.677,89.116,89.116,620,0
20150420,88.181,88.181,87.919,88.041,511,0
20150421,88.003,89.313,88.003,89.313,3075,0
20150422,89.313,89.78,89.313,89.35,2179,0
20150423,89.359,89.977,89.359,89.977,897,0
20150424,90.107,90.248,89.78,90.061,540,0
20150427,89.284,91.146,88.789,89.406,4771,0
20150428,89.687,89.687,87.349,87.442,4450,0
20150429,87.068,87.433,86.787,86.975,1213,0
20150430,86.975,88.097,86.975,87.255,28234,0
20150504,87.442,88.34,87.068,87.068,797,0
20150505,87.956,87.956,87.115,87.115,1870,0
20150506,87.816,88.377,87.816,88.237,5381,0
20150507,88.845,89.275,87.442,87.442,2097,0
20150508,87.451,88.798,87.451,87.779,5858,0
20150511,89.125,89.621,88.845,88.845,9410,0
20150512,89.621,90.715,88.938,88.938,6505,0
20150513,89.313,89.565,89.313,89.565,237,0
20150514,89.78,89.78,87.751,87.751,411,0
20150515,87.844,87.975,87.676,87.676,1529,0
20150518,87.835,87.863,87.704,87.863,70,0
20150519,87.62,88.34,87.62,88.34,2680,0
20150520,88.106,89.284,88.106,89.284,67,0
20150521,89.284,89.874,89.116,89.78,2476,0
20150522,89.687,90.332,89.462,90.332,385,0
20150525,89.032,90.117,89.032,89.78,267,0
20150526,90.238,90.238,89.78,89.78,107,0
20150527,89.322,90.201,88.938,90.089,3447,0
20150528,90.089,90.715,89.621,89.789,1208,0
20150529,89.041,89.041,87.91,87.91,1213,0
20150601,87.536,89.154,86.75,88.377,5400,0
20150602,89.49,89.49,87.414,87.414,5048,0
20150603,88.331,88.49,87.545,87.545,27001,0
20150605,88.845,88.845,87.021,87.395,109112,0
20150608,87.442,87.685,85.899,86.348,84371,0
20150609,86.189,86.975,84.786,84.87,56960,0
20150610,85.572,86.918,85.385,86.6,61050,0
20150611,88.2,88.836,87.199,88.836,39934,0
20150612,88.433,88.845,88.031,88.836,35992,0
20150615,88.256,88.284,86.152,87.386,1163,0
20150616,86.975,88.817,83.234,88.05,52736,0
20150617,93.49,93.49,86.99,87.77,9611,0
20150618,88.5,88.5,83.13,83.13,21879,0
20150619,85,87,85,87,23036,0
20150622,85.51,89.05,85.51,87.25,5168,0
20150623,87.25,89.45,87.25,88.62,28376,0
20150624,87.5,88.58,87.5,87.75,15758,0
20150625,86.7,86.75,85.31,85.8,22561,0
20150626,86.01,87.85,84.77,87.5,6662,0
20150629,80.5,87.55,80.5,87.51,27634,0
20150630,86.69,87.97,86.65,87.97,2523,0
20150701,84.35,87.4,84.35,86.5,1080,0
20150702,86,86,86,86,3,0
20150703,86,86.8,86,86.72,1161,0
20150706,85.23,86.3,83.2,86,3800,0
20150707,87.9,88.7,87.9,88.7,6768,0
20150708,88,88.4,88,88.13,2942,0
20150709,88.23,88.6,88,88.6,274,0
20150710,88.7,88.7,88.25,88.25,2134,0
20150713,87,87.63,87,87.58,17069,0
20150714,87.59,87.59,87.55,87.55,38,0
20150715,88,89.2,88,89.2,2357,0
20150716,87,91,87,91,2148,0
20150717,90.32,90.5,88.54,89,1221,0
20150720,89,89.23,89,89.23,93,0
20150721,89.96,93,88.6,91,17857,0
20150722,90.74,91.62,90.74,91.16,4307,0
20150723,91,91.59,90.38,90.38,165,0
20150724,89,89.52,88.59,89.52,214,0
20150727,91.55,92.03,91.03,91.1,892,0
20150728,91,91,89.85,89.85,132,0
20150729,89.1,89.1,88.4,88.4,223,0
20150730,90.06,90.06,89.39,89.39,83,0
20150731,90.18,91.68,89.67,91.68,536,0
20150803,90.17,91.24,90.17,91,1911,0
20150804,91.07,91.07,90.24,90.24,480,0
20150805,90.63,90.75,90.23,90.23,51441,0
20150806,90.29,90.29,89.6,89.6,944,0
20150807,90.74,91.01,90,90,2108,0
20150811,90.4,90.78,90.35,90.6,35713,0
20150812,90.1,90.84,88.2,88.67,1845,0
20150813,89.16,90.16,87.93,90.16,3586,0
20150814,89.99,89.99,87.5,88.47,455,0
20150817,88,88,86.1,86.1,1131,0
20150818,84.9,85.65,84.9,85.3,3083,0
20150819,85,85.99,85,85.58,540,0
20150820,87.25,87.25,86.88,86.88,105,0
20150821,85.92,86.91,85.9,86.5,548,0
20150824,85.03,86,82.75,83,7265,0
20150825,83.01,86.4,83.01,86,2311,0
20150826,86.2,86.2,85,85.99,241,0
20150827,86,86.4,86,86.4,1155,0
20150828,86.46,86.46,86.3,86.3,1040,0
20150831,86.32,86.6,86.29,86.54,398,0
20150901,85.07,85.19,84.8,84.8,601,0
20150902,83.12,86.48,83.12,84.7,7347,0
20150903,85.36,85.36,85.36,85.36,100,0
20150904,86.45,86.62,86.2,86.34,928,0
20150907,84.9,84.91,84.41,84.83,3072,0
20150908,84.82,84.82,84.24,84.37,4551,0
20150909,83.5,83.89,83.5,83.79,217,0
20150910,83.24,84.5,82.3,84.5,1610,0
20150911,83.37,83.37,82.15,82.15,1131,0
20150914,82.32,82.32,81.63,81.63,1347,0
20150915,82.1,82.1,81.1,81.68,2014,0
20150916,81.49,81.49,77.99,80.05,20804,0
20150917,79.8,82.19,79.2,81.15,2960,0
20150918,81.25,81.25,80,80,245,0
20150921,79.82,79.82,79,79,320,0
20150922,78.51,79.44,78.51,79.19,140,0
20150923,78.49,78.65,77.4,77.73,1027,0
20150924,77.92,78.55,76.7,76.7,12923,0
20150925,76.7,77.22,76.45,77.22,220,0
20150928,77.22,77.22,76.2,77,90,0
20150929,80,80,76,76,529,0
20150930,76.5,79.8,76.5,79.8,289,0
20151001,79.4,79.4,76.8,77.15,1327,0
20151002,77.15,77.22,76.2,76.2,5548,0
20151005,76.2,77.48,76.2,77.47,713,0
20151006,76.6,76.6,75.8,75.91,791,0
20151007,76.62,76.62,75.81,75.81,5648,0
20151008,76.35,76.35,75.68,75.68,539,0
20151009,75.68,77.45,75.45,76.65,27349,0
20151012,77.65,80.7,77.65,80.2,71615,0
20151013,81.57,81.57,78.5,79.25,28615,0
20151014,77.55,78.13,76.76,76.76,1697,0
20151015,83.9,83.9,75.6,75.6,3872,0
20151016,75.7,76.32,74.91,76.32,1999,0
20151019,76.32,76.32,75.5,76,672,0
20151020,75.5,76.09,74.7,75,1549,0
20151021,75.5,76.09,75.5,76.09,15887,0
20151022,76.09,76.09,74.66,74.66,32014,0
20151023,74.7,75.17,74.66,75.05,696,0
20151026,75.06,75.13,75,75.13,390,0
20151027,74.7,76.34,74.07,76.34,1232,0
20151028,76.78,76.78,75.5,75.5,148,0
20151029,76.5,78,76,77.5,2915,0
20151030,78,78,77,78,2018,0
20151102,77.88,77.88,76.25,76.25,290,0
20151103,76.26,77.15,76.26,77.15,146,0
20151104,77.6,78.6,76.53,78.6,675,0
20151105,78.4,79,78.16,79,293,0
20151106,78,78,76.6,76.6,189,0
20151109,77.6,77.6,76.4,76.4,1507,0
20151110,76.4,77.1,76,77.1,2360,0
20151112,76.5,76.5,73.4,73.61,7480,0
20151113,73.61,74.73,73.61,74.73,76,0
20151116,74.73,74.73,73,73,643,0
20151117,73.3,74.9,73.13,74.9,421,0
20151118,73.85,73.94,73.01,73.94,977,0
20151119,73.66,73.66,72.97,73,1313,0
20151120,73.35,74.5,73.02,74.5,334,0
20151123,75,75,74.25,74.7,584,0
20151124,74.49,74.6,73.15,74,1265,0
20151125,73.84,74.85,73.48,73.48,234,0
20151126,75,75,74.31,75,272,0
20151127,74.92,74.92,74.31,74.31,83,0
20151130,74.31,74.31,73.78,73.79,1844,0
20151201,73.51,73.98,73.51,73.71,82,0
20151202,73.5,73.5,71.77,71.77,812,0
20151203,72.56,73.5,72.3,73.5,449,0
20151204,74.31,74.31,72.4,72.58,103,0
