20150219,0.87,0.89,0.87,0.89,6176,0
20150220,0.87,0.89,0.87,0.89,1894,0
20150223,0.87,0.88,0.86,0.88,4910,0
20150224,0.87,0.88,0.86,0.88,4437,0
20150225,0.88,0.88,0.86,0.88,3220,0
20150226,0.86,0.88,0.86,0.88,21297,0
20150227,0.86,0.88,0.86,0.88,9308,0
20150302,0.87,0.88,0.85,0.88,1696,0
20150303,0.85,0.87,0.83,0.87,8780,0
20150304,0.86,0.86,0.84,0.86,21036,0
20150305,0.86,0.86,0.83,0.85,7654,0
20150306,0.84,0.85,0.83,0.85,12870,0
20150309,0.83,0.85,0.83,0.85,888,0
20150310,0.83,0.85,0.83,0.85,3164,0
20150311,0.84,0.84,0.82,0.84,6094,0
20150312,0.83,0.85,0.83,0.85,5881,0
20150313,0.83,0.85,0.83,0.84,4545,0
20150316,0.83,0.83,0.83,0.83,850,0
20150317,0.82,0.83,0.82,0.83,2885,0
20150318,0.8,0.82,0.8,0.82,5524,0
20150319,0.81,0.83,0.8,0.82,12694,0
20150320,0.81,0.81,0.79,0.81,15326,0
20150323,0.8,0.83,0.78,0.83,61819,0
20150324,0.83,0.86,0.83,0.85,106787,0
20150325,0.84,0.84,0.81,0.83,9926,0
20150326,0.81,0.84,0.81,0.84,3144,0
20150327,0.8,0.84,0.8,0.83,16492,0
20150330,0.81,0.83,0.79,0.81,16437,0
20150331,0.81,0.81,0.8,0.81,997,0
20150401,0.8,0.8,0.78,0.79,9400,0
20150402,0.77,0.79,0.73,0.76,31072,0
20150407,0.76,0.76,0.7,0.71,42592,0
20150408,0.7,0.73,0.69,0.73,45754,0
20150409,0.71,0.73,0.71,0.73,16605,0
20150410,0.71,0.73,0.69,0.71,17316,0
20150413,0.7,0.71,0.7,0.71,5071,0
20150414,0.7,0.71,0.66,0.71,11119,0
20150415,0.68,0.71,0.68,0.71,1585,0
20150416,0.69,0.78,0.69,0.77,54349,0
20150417,0.75,0.77,0.75,0.76,9988,0
20150420,0.75,0.77,0.75,0.75,577,0
20150421,0.74,0.74,0.72,0.72,6390,0
20150422,0.72,0.74,0.72,0.74,1614,0
20150423,0.74,0.74,0.72,0.74,4270,0
20150424,0.71,0.74,0.7,0.7,25778,0
20150427,0.7,0.72,0.7,0.71,1584,0
20150428,0.72,0.73,0.7,0.73,23672,0
20150429,0.72,0.72,0.7,0.72,3475,0
20150430,0.7,0.72,0.7,0.72,10142,0
20150504,0.7,0.72,0.7,0.72,566,0
20150505,0.7,0.72,0.7,0.72,2603,0
20150506,0.7,0.72,0.7,0.72,9423,0
20150507,0.7,0.7,0.69,0.7,10058,0
20150508,0.68,0.71,0.68,0.71,4655,0
20150511,0.69,0.71,0.68,0.71,8329,0
20150512,0.69,0.69,0.69,0.69,4266,0
20150513,0.68,0.71,0.68,0.69,10291,0
20150514,0.68,0.69,0.67,0.69,16856,0
20150515,0.68,0.69,0.67,0.68,2090,0
20150518,0.67,0.72,0.67,0.72,26071,0
20150519,0.72,0.72,0.7,0.71,12259,0
20150520,0.7,0.72,0.7,0.72,18125,0
20150521,0.7,0.72,0.7,0.72,907,0
20150522,0.72,0.73,0.72,0.73,24613,0
20150525,0.71,0.73,0.7,0.73,21777,0
20150526,0.71,0.72,0.71,0.72,340,0
20150527,0.72,0.74,0.71,0.73,3524,0
20150528,0.71,0.73,0.7,0.73,1552,0
20150529,0.71,0.73,0.7,0.72,7813,0
20150601,0.71,0.72,0.71,0.72,307,0
20150602,0.7,0.72,0.7,0.72,2741,0
20150605,0.7,0.72,0.7,0.72,303,0
20150608,0.72,0.72,0.7,0.7,11576,0
20150609,0.69,0.72,0.69,0.72,5830,0
20150610,0.71,0.72,0.7,0.72,6491,0
20150611,0.7,0.74,0.7,0.74,26082,0
20150612,0.72,0.74,0.72,0.74,826,0
20150615,0.71,0.75,0.71,0.74,3235,0
20150616,0.71,0.74,0.71,0.74,492,0
20150617,0.72,0.73,0.72,0.73,65,0
20150618,0.71,0.73,0.71,0.73,396,0
20150622,0.7,0.73,0.7,0.72,2013,0
20150623,0.7,0.72,0.69,0.72,3411,0
20150625,0.72,0.72,0.69,0.7,14222,0
20150626,0.7,0.71,0.69,0.7,2994,0
20150629,0.69,0.7,0.63,0.69,49757,0
20150630,0.68,0.68,0.64,0.68,7060,0
20150701,0.67,0.7,0.67,0.69,4375,0
20150702,0.68,0.7,0.66,0.7,7359,0
20150703,0.7,0.7,0.67,0.7,10421,0
20150706,0.69,0.73,0.67,0.73,12527,0
20150707,0.71,0.71,0.71,0.71,500,0
20150708,0.68,0.71,0.68,0.71,104,0
20150709,0.69,0.73,0.68,0.72,1665,0
20150710,0.67,0.72,0.67,0.72,3528,0
20150713,0.72,0.73,0.69,0.72,3057,0
20150714,0.69,0.7,0.68,0.7,23128,0
20150715,0.69,0.7,0.67,0.7,12170,0
20150716,0.69,0.7,0.67,0.69,22129,0
20150717,0.67,0.69,0.66,0.67,15805,0
20150720,0.67,0.69,0.65,0.68,7722,0
20150721,0.67,0.68,0.66,0.68,7197,0
20150722,0.66,0.68,0.65,0.68,5324,0
20150723,0.66,0.67,0.65,0.66,13515,0
20150724,0.66,0.67,0.64,0.66,4204,0
20150727,0.65,0.68,0.64,0.66,22598,0
20150728,0.65,0.67,0.65,0.67,14863,0
20150729,0.65,0.66,0.64,0.66,17952,0
20150730,0.63,0.65,0.63,0.64,58348,0
20150731,0.63,0.65,0.62,0.64,37002,0
20150803,0.63,0.65,0.62,0.64,31500,0
20150804,0.63,0.64,0.62,0.64,19155,0
20150805,0.64,0.66,0.64,0.66,32307,0
20150806,0.65,0.65,0.65,0.65,1500,0
20150807,0.63,0.65,0.63,0.63,4440,0
20150810,0.63,0.65,0.63,0.65,8824,0
20150811,0.63,0.65,0.63,0.65,2161,0
20150812,0.63,0.65,0.63,0.65,2790,0
20150813,0.65,0.65,0.63,0.64,8432,0
20150814,0.64,0.65,0.63,0.64,16270,0
20150817,0.64,0.65,0.61,0.65,7921,0
20150818,0.62,0.64,0.62,0.64,5032,0
20150820,0.62,0.64,0.62,0.64,1098,0
20150821,0.64,0.64,0.64,0.64,400,0
20150824,0.63,0.64,0.59,0.61,23335,0
20150825,0.58,0.63,0.58,0.63,22449,0
20150826,0.6,0.63,0.6,0.63,3812,0
20150827,0.6,0.63,0.6,0.63,3000,0
20150828,0.61,0.62,0.61,0.62,6500,0
20150831,0.6,0.62,0.6,0.62,1682,0
20150901,0.6,0.62,0.59,0.62,6656,0
20150902,0.6,0.6,0.56,0.59,14898,0
20150903,0.58,0.59,0.56,0.58,15841,0
20150904,0.56,0.57,0.54,0.57,22972,0
20150907,0.54,0.56,0.5,0.5,115373,0
20150908,0.5,0.55,0.49,0.55,140364,0
20150909,0.56,0.56,0.52,0.54,42591,0
20150910,0.54,0.54,0.5,0.53,27933,0
20150911,0.5,0.53,0.5,0.53,6582,0
20150914,0.5,0.53,0.5,0.53,29272,0
20150915,0.51,0.67,0.5,0.67,281681,0
20150916,0.7,0.7,0.61,0.63,149441,0
20150917,0.63,0.63,0.59,0.6,46018,0
20150918,0.59,0.64,0.58,0.62,87647,0
20150921,0.59,0.65,0.59,0.63,92545,0
20150922,0.62,0.65,0.61,0.63,42974,0
20150923,0.62,0.66,0.61,0.64,31794,0
20150924,0.61,0.61,0.59,0.61,56588,0
20150925,0.62,0.62,0.58,0.6,32643,0
20150928,0.58,0.59,0.58,0.59,11473,0
20150929,0.58,0.61,0.55,0.58,50120,0
20150930,0.57,0.6,0.55,0.6,13475,0
20151001,0.56,0.58,0.56,0.58,302,0
20151002,0.56,0.59,0.56,0.56,17250,0
20151005,0.55,0.6,0.55,0.57,36400,0
20151006,0.58,0.59,0.56,0.59,3812,0
20151007,0.57,0.61,0.56,0.59,27604,0
20151008,0.59,0.59,0.57,0.59,6996,0
20151009,0.57,0.6,0.57,0.6,30003,0
20151012,0.57,0.63,0.57,0.62,26921,0
20151013,0.58,0.65,0.58,0.64,60668,0
20151014,0.63,0.67,0.62,0.65,297016,0
20151015,0.67,0.67,0.63,0.65,125159,0
20151016,0.64,0.64,0.62,0.64,32121,0
20151019,0.62,0.66,0.62,0.66,27273,0
20151020,0.65,0.75,0.65,0.72,544074,0
20151021,0.72,0.74,0.67,0.7,183963,0
20151022,0.68,0.69,0.66,0.69,41584,0
20151023,0.66,0.69,0.66,0.68,27879,0
20151026,0.66,0.67,0.65,0.66,36212,0
20151027,0.66,0.67,0.63,0.66,21259,0
20151028,0.65,0.67,0.63,0.64,16867,0
20151029,0.63,0.64,0.63,0.64,13793,0
20151030,0.62,0.64,0.61,0.64,5580,0
20151102,0.64,0.64,0.61,0.63,14501,0
20151103,0.64,0.64,0.62,0.63,14049,0
20151104,0.63,0.66,0.61,0.64,25368,0
20151105,0.64,0.64,0.61,0.64,10027,0
20151106,0.61,0.63,0.58,0.59,156859,0
20151109,0.59,0.6,0.58,0.6,30085,0
20151110,0.57,0.59,0.57,0.59,1908,0
20151112,0.57,0.59,0.57,0.58,8902,0
20151113,0.58,0.59,0.55,0.58,129203,0
20151116,0.55,0.58,0.55,0.58,5867,0
20151117,0.55,0.6,0.51,0.59,33314,0
20151118,0.58,0.58,0.55,0.58,4567,0
20151119,0.56,0.57,0.55,0.57,5206,0
20151120,0.55,0.57,0.55,0.57,9468,0
20151123,0.55,0.56,0.54,0.56,28076,0
20151124,0.55,0.56,0.53,0.55,6830,0
20151125,0.53,0.55,0.53,0.55,7001,0
20151126,0.52,0.54,0.52,0.54,13007,0
20151127,0.52,0.55,0.52,0.55,4796,0
20151130,0.52,0.56,0.52,0.56,6002,0
20151201,0.56,0.56,0.54,0.56,4133,0
20151202,0.56,0.57,0.53,0.56,24030,0
20151203,0.53,0.56,0.52,0.56,8064,0
20151204,0.53,0.55,0.53,0.54,2782,0
