20150518,4.3057,4.5895,4.3057,4.5112,22728,0
20150519,4.5014,4.5993,4.4525,4.4525,3945,0
20150520,4.4525,4.4819,4.3449,4.4819,10801,0
20150521,4.5014,4.5014,4.5014,4.5014,1850,0
20150522,4.4916,4.5797,4.3546,4.5308,3666,0
20150525,4.3644,4.5406,4.3644,4.5406,4941,0
20150526,4.5993,4.6482,4.4036,4.4916,6020,0
20150527,4.4819,4.4819,4.4819,4.4819,9291,0
20150528,4.4134,4.5797,4.4134,4.5699,5927,0
20150529,4.4134,4.5406,4.4134,4.4916,5947,0
20150601,4.4231,4.4819,4.4231,4.4819,2140,0
20150602,4.4525,4.4525,4.4036,4.4427,4131,0
20150603,4.4036,4.7265,4.4036,4.7167,17551,0
20150605,4.6776,4.6776,4.5993,4.5993,922,0
20150608,4.5895,4.5993,4.5895,4.5993,940,0
20150609,4.5014,4.5895,4.5014,4.5895,1452,0
20150610,4.5895,4.5895,4.5112,4.5895,3296,0
20150611,4.5895,4.5895,4.5895,4.5895,1366,0
20150612,4.5895,4.8341,4.5895,4.5993,25054,0
20150615,4.5993,4.5993,4.4525,4.5993,13013,0
20150616,4.5993,4.5993,4.3546,4.5699,4835,0
20150619,4.3057,4.5504,4.3057,4.4819,5886,0
20150622,4.4916,4.5014,4.4819,4.5014,11819,0
20150623,4.5014,4.5014,4.5014,4.5014,1022,0
20150624,4.4036,4.5014,4.4036,4.5014,1226,0
20150625,4.4916,4.6189,4.4916,4.6189,9932,0
20150626,4.3155,4.6189,4.3057,4.6189,265,0
20150629,4.4525,4.6189,4.247,4.6189,6344,0
20150630,4.4525,4.5993,4.4525,4.5993,6489,0
20150701,4.5014,4.5993,4.5014,4.5993,1533,0
20150702,4.5014,4.7461,4.5014,4.7461,11964,0
20150703,4.4525,4.6874,4.4525,4.6874,2008,0
20150707,4.6971,4.7852,4.6971,4.7167,8257,0
20150708,4.6971,4.6971,4.5993,4.5993,28520,0
20150709,4.7852,4.7852,4.6384,4.7852,358,0
20150710,4.7852,4.7852,4.7852,4.7852,420,0
20150713,4.6384,4.8831,4.5993,4.8831,11322,0
20150714,4.7461,4.8831,4.6971,4.8831,5927,0
20150715,4.7461,4.8733,4.7461,4.8733,11241,0
20150716,4.8831,4.8929,4.8831,4.8929,4029,0
20150717,4.8929,5.0788,4.8831,5.0788,21078,0
20150720,5.069,5.0788,4.9516,5.0788,18900,0
20150721,5.0788,5.0788,5.0005,5.069,1691,0
20150722,5.0005,5.0005,4.9907,4.9907,995,0
20150723,4.9907,5.0788,4.9907,5.0788,2485,0
20150724,5.0005,5.0396,4.9907,5.0396,3543,0
20150727,4.9907,5.069,4.9907,5.069,12774,0
20150728,5.0005,5.069,4.9907,5.069,1549,0
20150729,4.9907,5.0788,4.9907,5.0592,6485,0
20150730,5.0788,5.1277,5.0788,5.1277,8393,0
20150731,5.1277,5.2843,5.1277,5.2843,12543,0
20150803,5.2843,5.2843,5.2354,5.2745,2762,0
20150804,5.2354,5.2354,5.2158,5.2158,424,0
20150805,5.1864,5.2158,5.1864,5.1864,572,0
20150806,5.0886,5.0886,5.0886,5.0886,34,0
20150807,4.9418,5.2158,4.9418,5.2158,1022,0
20150810,5.2158,5.2158,5.2158,5.2158,108,0
20150812,5.1864,5.2843,5.1864,5.2843,3128,0
20150813,5.2843,5.6366,5.2843,5.48,5865,0
20150814,5.5779,5.6757,5.5779,5.6659,10309,0
20150817,5.6659,5.7638,5.6659,5.6659,2995,0
20150818,5.7736,5.8225,5.7638,5.7638,1924,0
20150819,5.8225,5.8225,5.3332,5.7442,5233,0
20150820,5.6072,5.6072,5.343,5.5779,8449,0
20150821,5.4702,5.4702,5.1375,5.4702,10333,0
20150824,5.3821,5.3821,4.9614,5.0005,14225,0
20150825,4.6971,5.2843,4.6971,5.2843,15459,0
20150826,5.2843,5.2843,5.0396,5.2843,4079,0
20150827,5.2843,5.4213,5.2843,5.4213,307,0
20150828,5.3821,5.3821,5.3821,5.3821,1022,0
20150831,5.1375,5.48,5.1081,5.3821,854,0
20150901,5.3821,5.3821,5.3821,5.3821,511,0
20150902,5.1864,5.3821,5.1081,5.3821,3117,0
20150903,5.0886,5.2354,5.0396,5.2256,4836,0
20150904,5.2256,5.2256,5.0396,5.2158,2598,0
20150907,5.4702,5.4702,5.4702,5.4702,31,0
20150909,5.4115,5.4115,5.4115,5.4115,18,0
20150914,5.3821,5.3821,5.3821,5.3821,204,0
20150915,5.3724,5.3821,5.3724,5.3821,613,0
20150916,4.9516,5.3724,4.9418,4.9907,787,0
20150917,5.2843,5.2843,5.2843,5.2843,102,0
20150921,4.9516,5.3332,4.9516,5.2843,777,0
20150922,4.9907,5.2843,4.9907,5.2843,818,0
20150924,5.1864,5.2843,5.1864,5.2843,927,0
20150925,5.2843,5.3821,5.2843,5.3332,5560,0
20150928,5.2745,5.2745,5.1571,5.2647,1022,0
20150929,5.0103,5.2549,5.0103,5.2354,3679,0
20150930,5.0396,5.3626,5.0396,5.3626,9300,0
20151001,5.2354,5.3626,5.2354,5.3626,1175,0
20151005,5.2843,5.2843,5.0396,5.0396,1022,0
20151006,5.2354,5.3332,5.2354,5.3332,2742,0
20151007,5.3528,5.3821,5.3528,5.3821,781,0
20151008,5.3332,5.3821,5.3332,5.3332,8670,0
20151009,5.3821,5.6757,5.3821,5.5779,4834,0
20151012,5.4311,5.4311,5.4213,5.4213,594,0
20151013,5.0984,5.5779,5.0984,5.5779,2111,0
20151014,5.5779,5.5779,5.5094,5.5191,1677,0
20151015,5.5289,5.5289,5.5191,5.5191,2820,0
20151016,5.5191,5.6268,5.5191,5.6268,3350,0
20151019,5.5779,5.5876,5.3821,5.5779,6704,0
20151020,5.3821,5.5681,5.3821,5.5681,2555,0
20151021,5.5681,5.5681,5.3821,5.5583,3372,0
20151022,5.3724,5.3724,5.3724,5.3724,715,0
20151023,5.2941,5.3821,5.0396,5.3528,16344,0
20151026,5.1864,5.4702,5.1864,5.4702,1645,0
20151027,5.3724,5.3821,5.3724,5.3821,2911,0
20151028,5.48,5.48,5.1473,5.3821,4163,0
20151029,5.48,5.48,5.48,5.48,511,0
20151030,5.5,5.68,5.5,5.67,2190,0
20151102,5.67,5.68,5.67,5.68,800,0
20151103,5.6,5.66,5.6,5.66,1891,0
20151105,5.58,5.66,5.5,5.66,7900,0
20151106,5.34,5.62,5.34,5.62,1100,0
20151109,5.55,5.55,5.29,5.55,1500,0
20151110,5.3,5.65,5.3,5.65,3015,0
20151112,5.66,5.79,5.66,5.79,11370,0
20151113,5.67,5.76,5.67,5.76,157,0
20151116,5.75,5.75,5.75,5.75,100,0
20151117,5.75,5.75,5.75,5.75,178,0
20151118,5.74,5.74,5.74,5.74,70,0
20151119,5.42,5.72,5.4,5.72,2754,0
20151123,5.7,5.7,5.7,5.7,240,0
20151124,5.65,5.65,5.65,5.65,50,0
20151126,5.65,5.94,5.65,5.79,23635,0
20151127,5.8,5.8,5.7,5.8,3699,0
20151130,5.8,5.95,5.8,5.9,12289,0
20151201,5.9,5.9,5.77,5.9,13846,0
20151202,5.88,5.9,5.85,5.9,1003,0
20151203,5.6,5.9,5.6,5.89,6433,0
20151204,5.89,5.89,5.85,5.85,570,0
20151207,5.5,5.85,5.5,5.85,3343,0
20151208,5.6,5.84,5.6,5.84,3120,0
20151209,5.6,5.84,5.6,5.84,550,0
20151211,5.53,5.79,5.53,5.79,850,0
20151214,5.61,5.75,5.61,5.75,760,0
20151215,5.42,5.79,5.42,5.78,6815,0
20151216,5.78,5.78,5.45,5.77,1265,0
20151217,5.45,5.77,5.21,5.56,15580,0
20151218,5.25,5.55,5.25,5.53,1055,0
20151222,5.5,5.86,5.5,5.86,27852,0
20151223,5.51,5.8,5.51,5.8,9693,0
20151228,5.8,5.8,5.56,5.8,7238,0
20151229,5.61,5.8,5.61,5.8,3550,0
20151230,5.81,5.81,5.59,5.6,6500,0
20160104,5.8,5.9,5.65,5.8,4050,0
20160105,5.88,5.88,5.68,5.8,666,0
20160107,5.8,5.8,5.45,5.59,4771,0
20160108,5.59,5.59,5.46,5.59,7331,0
20160111,5.59,5.59,5.5,5.5,4501,0
20160112,5.59,5.59,5.5,5.5,1777,0
20160113,5.59,5.79,5.45,5.75,14087,0
20160114,5.75,5.75,5.55,5.68,6266,0
20160115,5.68,5.75,5.51,5.6,2755,0
20160118,5.68,5.68,5.65,5.65,6,0
20160119,5.68,5.68,5.6,5.68,1370,0
20160120,5.51,5.65,5.5,5.65,3210,0
20160121,5.65,5.67,5.45,5.45,8303,0
20160122,5.64,5.79,5.47,5.6,12600,0
20160125,5.6,5.6,5.6,5.6,584,0
20160126,5.6,5.6,5.49,5.55,307,0
20160127,5.6,5.6,5.6,5.6,530,0
20160128,5.59,5.59,5.59,5.59,5,0
20160129,5.59,5.59,5.36,5.59,1754,0
20160201,5.59,5.59,5.59,5.59,2,0
20160202,5.59,5.59,5.36,5.57,719,0
20160203,5.59,5.59,5.59,5.59,2,0
20160204,5.55,5.58,5.55,5.58,447,0
20160205,5.4,5.59,5.39,5.59,8109,0
20160208,5.62,5.62,5.59,5.6,576,0
20160209,5.6,5.6,5.59,5.59,5,0
20160210,5.59,5.59,5.59,5.59,52,0
20160211,5.59,5.59,5.57,5.57,536,0
20160212,5.57,5.57,5.57,5.57,1,0
20160215,5.57,5.65,5.57,5.65,1003,0
20160216,5.79,6,5.65,5.78,26282,0
20160217,5.79,5.79,5.75,5.75,114801,0
20160218,5.75,5.75,5.63,5.75,655,0
20160219,5.75,5.75,5.75,5.75,501,0
20160222,5.75,5.75,5.75,5.75,156,0
20160223,5.7,5.75,5.65,5.75,1981,0
20160224,5.75,5.75,5.6,5.75,1390,0
20160225,5.7,5.7,5.7,5.7,8,0
20160226,5.65,5.75,5.54,5.6,8228,0
20160229,5.6,5.6,5.4,5.45,12105,0
20160301,5.45,5.45,5.45,5.45,1000,0
20160302,5.45,5.56,5.35,5.56,1350,0
20160303,5.6,5.6,5.56,5.56,202,0
20160304,5.6,5.6,5.6,5.6,1,0
20160307,5.6,5.6,5.6,5.6,2,0
20160308,5.56,5.56,5.55,5.55,3,0
20160309,5.55,5.55,5.13,5.48,8192,0
20160310,5.6,5.6,5.6,5.6,15,0
20160311,5.6,5.6,5.6,5.6,2,0
20160314,5.6,5.6,5.6,5.6,1,0
20160315,5.6,5.6,5.52,5.52,88,0
20160316,5.6,5.6,5.31,5.6,401,0
20160317,5.6,5.6,5.6,5.6,2,0
20160318,5.55,5.6,5.4,5.58,10478,0
