20150515,5,5.04,4.81,4.85,21199,0
20150518,4.99,5,4.66,4.84,3622,0
20150519,4.94,5,4.9,4.91,3751,0
20150520,4.91,4.91,4.7,4.85,1071,0
20150521,4.9,4.9,4.9,4.9,2,0
20150522,4.9,4.9,4.68,4.82,4500,0
20150525,4.9,4.9,4.75,4.75,326,0
20150526,4.82,4.82,4.82,4.82,451,0
20150527,4.9,4.9,4.88,4.88,155,0
20150528,4.85,4.85,4.75,4.75,401,0
20150529,4.85,4.85,4.8,4.8,581,0
20150601,4.8,4.84,4.8,4.84,2501,0
20150602,4.84,4.84,4.7,4.7,1286,0
20150603,4.83,4.83,4.7,4.7,101,0
20150605,4.83,4.83,4.7,4.7,336,0
20150608,4.79,4.84,4.79,4.84,10001,0
20150609,4.84,4.84,4.83,4.83,2,0
20150610,4.83,4.83,4.35,4.55,10784,0
20150611,4.74,4.74,4.74,4.74,12,0
20150612,4.74,4.74,4.6,4.6,451,0
20150616,4.74,4.74,4.56,4.56,292,0
20150617,4.74,4.74,4.21,4.39,6156,0
20150618,4.37,4.37,4.37,4.37,800,0
20150619,4.37,4.37,4.37,4.37,1,0
20150622,4.37,4.37,4.25,4.25,683,0
20150623,4.3,4.4,4.3,4.4,591,0
20150624,4.4,4.4,4.4,4.4,31,0
20150625,4.35,4.4,4.21,4.21,4562,0
20150626,4.4,4.4,4.01,4.2,4916,0
20150629,4.13,4.13,4,4.12,3111,0
20150630,4.2,4.2,4.2,4.2,770,0
20150701,4.2,4.2,4.2,4.2,1550,0
20150702,4.2,4.2,4.2,4.2,500,0
20150703,4.2,4.2,4.2,4.2,90,0
20150706,4.16,4.5,4.16,4.5,3080,0
20150707,4.53,4.53,4.53,4.53,1,0
20150708,4.52,4.59,4.12,4.45,6770,0
20150709,4.44,4.44,4.44,4.44,1,0
20150710,4.45,4.45,4.45,4.45,401,0
20150713,4.55,4.55,4.55,4.55,1,0
20150714,4.55,4.55,4.55,4.55,1,0
20150715,4.55,4.55,4.55,4.55,1,0
20150716,4.45,4.45,4.45,4.45,1111,0
20150717,4.45,4.45,4.45,4.45,1,0
20150720,4.55,4.55,4.55,4.55,1,0
20150721,4.55,4.55,4.55,4.55,1,0
20150722,4.55,4.55,4.35,4.35,1986,0
20150723,4.34,4.34,4.16,4.25,2927,0
20150724,4.12,4.12,4.11,4.11,2200,0
20150727,4.11,4.25,4.11,4.25,2,0
20150729,4.24,4.24,4.24,4.24,2001,0
20150730,4.24,4.24,4.24,4.24,287,0
20150731,4.25,4.25,4.24,4.24,21,0
20150803,4.24,4.24,4.24,4.24,694,0
20150805,4.25,4.25,4.25,4.25,101,0
20150806,4.25,4.25,4.25,4.25,1701,0
20150813,4.25,4.25,4.25,4.25,1,0
20150814,4.25,4.59,4.18,4.25,6905,0
20150817,4.35,4.35,4.35,4.35,1,0
20150821,4.35,4.36,4.16,4.36,51,0
20150824,4.16,4.32,4,4.02,5550,0
20150825,4.01,4.14,4.01,4.04,1850,0
20150826,4,4.14,3.96,4.13,4937,0
20150827,4,4,4,4,1234,0
20150828,4.14,4.28,4.05,4.23,3094,0
20150831,4,4.26,4,4.26,1977,0
20150901,4.1,4.27,4,4.14,3963,0
20150902,4.14,4.14,4,4.06,4317,0
20150903,4.15,4.15,4,4.06,2185,0
20150904,4.04,4.04,3.9,3.9,1581,0
20150907,3.9,4.03,3.9,4.03,1345,0
20150908,4.03,4.03,4.03,4.03,46,0
20150909,3.91,3.96,3.85,3.86,1130,0
20150910,4,4.02,3.86,3.86,1064,0
20150911,4.01,4.01,4.01,4.01,25,0
20150914,4.01,4.01,4.01,4.01,10,0
20150915,3.96,3.96,3.86,3.86,700,0
20150916,3.81,3.95,3.81,3.95,269,0
20150917,3.95,3.95,3.81,3.81,130,0
20150918,3.95,3.95,3.78,3.78,2193,0
20150921,3.86,3.86,3.79,3.79,121,0
20150922,3.79,3.96,3.79,3.93,1130,0
20150923,3.91,3.91,3.89,3.89,635,0
20150924,3.81,3.92,3.81,3.92,228,0
20150925,3.91,4.02,3.9,4.02,2082,0
20150928,4.07,4.13,4.07,4.13,1070,0
20150929,4,4.19,4,4.19,535,0
20150930,4.15,4.19,4,4.19,145,0
20151001,4.02,4.02,4,4,2300,0
20151002,3.91,4.09,3.91,4,4399,0
20151005,4.04,4.04,4,4,2066,0
20151006,4.08,4.08,4.08,4.08,5,0
20151007,4.17,4.17,4.17,4.17,10,0
20151008,4.11,4.18,4.1,4.18,4711,0
20151009,4.17,4.17,4.17,4.17,5,0
20151012,4.14,4.19,4.14,4.19,155,0
20151013,4.19,4.19,4.19,4.19,5,0
20151014,4.19,4.19,4.19,4.19,5,0
20151015,4.19,4.19,4.19,4.19,5,0
20151016,4.19,4.19,4.19,4.19,2,0
20151019,4.19,4.19,4.03,4.19,523,0
20151020,4.19,4.46,4.19,4.46,5475,0
20151021,4.67,4.67,4.6,4.67,844,0
20151022,4.46,4.46,4.46,4.46,110,0
20151023,4.68,4.68,4.68,4.68,49,0
20151026,4.69,4.7,4.24,4.4,6908,0
20151028,4.66,4.66,4.66,4.66,5,0
20151029,4.66,4.66,4.39,4.4,1695,0
20151030,4.5,4.5,4.3,4.3,3363,0
20151102,4.39,4.39,4.39,4.39,5,0
20151103,4.39,4.39,4.2,4.2,4291,0
20151104,4.2,4.2,4.04,4.05,3012,0
20151105,4.02,4.02,3.95,3.95,5095,0
20151106,3.95,4.09,3.95,4.09,2439,0
20151109,4.2,4.2,3.9,4,3244,0
20151110,4,4,3.85,3.9,1276,0
20151112,3.9,3.9,3.9,3.9,500,0
20151113,3.9,3.9,3.9,3.9,550,0
20151116,3.85,3.85,3.82,3.82,3926,0
20151117,3.82,3.82,3.81,3.81,3853,0
20151118,3.81,3.81,3.7,3.7,6035,0
20151119,3.81,3.81,3.7,3.7,410,0
20151120,3.81,3.81,3.56,3.6,8221,0
20151123,3.6,3.61,3.6,3.61,250,0
20151124,3.61,3.72,3.61,3.72,3130,0
20151125,3.71,3.78,3.71,3.78,2080,0
20151126,3.82,3.82,3.7,3.7,1507,0
20151127,3.82,3.82,3.8,3.8,1005,0
20151130,3.82,3.82,3.82,3.82,5,0
20151201,3.7,3.7,3.65,3.65,3489,0
20151202,3.7,3.7,3.6,3.6,3322,0
20151203,3.58,3.6,3.58,3.6,927,0
20151204,3.6,3.6,3.56,3.56,1050,0
20151207,3.56,3.56,3.56,3.56,10,0
20151208,3.56,3.61,3.53,3.55,8790,0
20151209,3.51,3.51,3.45,3.45,4364,0
20151210,3.62,3.62,3.45,3.45,18282,0
20151211,3.6,3.6,3.46,3.59,370,0
20151214,3.59,3.59,3.3,3.3,7044,0
20151215,3.3,3.33,3.3,3.33,369,0
20151216,3.33,3.35,3.33,3.35,2320,0
20151217,3.4,3.4,3.31,3.39,2369,0
20151218,3.39,3.39,3.39,3.39,1,0
20151221,3.39,3.39,3.35,3.38,601,0
20151222,3.39,3.39,3.38,3.38,501,0
20151223,3.39,3.39,3.38,3.38,101,0
20151228,3.33,3.38,3.25,3.25,6388,0
20151229,3.25,3.47,3.25,3.47,4107,0
20151230,3.45,3.47,3.4,3.47,10225,0
20160104,3.48,3.48,3.31,3.46,6329,0
20160105,3.45,3.45,3.4,3.4,225,0
20160107,3.4,3.44,3.4,3.44,4664,0
20160108,3.4,3.4,3.4,3.4,513,0
20160111,3.35,3.35,3.35,3.35,500,0
20160112,3.3,3.3,3.3,3.3,70,0
20160113,3.3,3.35,3.25,3.25,10337,0
20160114,3.25,3.25,3.25,3.25,100,0
20160115,3.4,3.4,3.35,3.35,2,0
20160118,3.35,3.35,3.25,3.25,697,0
20160119,3.38,3.38,3.15,3.15,2402,0
20160120,3.11,3.11,3.1,3.1,9000,0
20160121,3.3,3.3,3.2,3.2,2,0
20160122,3.38,3.38,3.2,3.2,992,0
20160125,3.2,3.21,3.13,3.21,7004,0
20160126,3.18,3.18,3.18,3.18,200,0
20160127,3.2,3.2,3.2,3.2,5,0
20160128,3.38,3.38,3.38,3.38,1,0
20160129,3.38,3.38,3.38,3.38,15,0
20160201,3.38,3.38,3.38,3.38,51,0
20160202,3.38,3.38,3.3,3.3,31,0
20160203,3.38,3.38,3.3,3.3,3001,0
20160204,3.38,3.38,3.38,3.38,1,0
20160205,3.38,3.38,3.2,3.2,1246,0
20160208,3.34,3.34,3.34,3.34,1,0
20160209,3.34,3.34,3.34,3.34,1,0
20160210,3.34,3.34,3.34,3.34,1,0
20160211,3.34,3.34,3.34,3.34,1,0
20160212,3.34,3.34,3.34,3.34,1,0
20160215,3.31,3.31,3.31,3.31,51,0
20160216,3.31,3.34,3.31,3.34,98,0
20160217,3.3,3.3,3.3,3.3,1,0
20160218,3.3,3.34,3.3,3.34,2714,0
20160219,3.3,3.35,3.3,3.35,441,0
20160222,3.38,3.38,3.35,3.38,2566,0
20160225,3.35,3.35,3.35,3.35,10,0
20160226,3.51,3.51,3.51,3.51,10,0
20160301,3.52,3.77,3.52,3.77,2637,0
20160302,3.88,4.01,3.88,4,6663,0
20160303,4,4,3.7,3.99,1812,0
20160307,4.01,4.01,4,4,250,0
20160309,4,4,4,4,30,0
20160310,4,4,4,4,5,0
20160311,3.95,3.95,3.95,3.95,21,0
20160314,4,4,4,4,3,0
20160315,3.82,3.92,3.7,3.7,2029,0
20160316,3.7,3.77,3.7,3.75,600,0
20160317,3.81,3.81,3.7,3.81,1096,0
20160318,3.82,3.82,3.73,3.73,302,0
