20150729,2.1,2.1,2.1,2.1,145,0
20150730,2.1,2.1,2.1,2.1,145,0
20150731,2.1,2.1,2.09,2.09,5065,0
20150803,2.08,2.11,2.04,2.05,14423,0
20150804,2.05,2.1,2.05,2.08,2070,0
20150805,2.08,2.15,2.08,2.09,2720,0
20150806,2.15,2.15,2.14,2.14,310,0
20150807,2.1,2.17,2.08,2.14,12286,0
20150810,2.13,2.13,2.13,2.13,2350,0
20150811,2.14,2.14,2.1,2.1,5220,0
20150812,2.11,2.14,2.11,2.14,120,0
20150813,2.1,2.11,2.1,2.11,32839,0
20150814,2.13,2.14,2.11,2.14,2147,0
20150817,2.14,2.17,2.14,2.17,4521,0
20150818,2.16,2.19,2.16,2.19,2922,0
20150819,2.19,2.19,2.19,2.19,1525,0
20150820,2.19,2.2,2.17,2.2,5968,0
20150821,2.2,2.2,2.2,2.2,1395,0
20150824,2.2,2.2,2.14,2.17,12560,0
20150825,2.17,2.17,2.17,2.17,430,0
20150826,2.17,2.17,2.16,2.17,3345,0
20150827,2.17,2.2,2.15,2.19,10942,0
20150828,2.19,2.19,2.19,2.19,48,0
20150831,2.19,2.19,2.19,2.19,768,0
20150901,2.19,2.19,2.19,2.19,43,0
20150902,2.19,2.19,2.19,2.19,783,0
20150903,2.19,2.19,2.19,2.19,1029,0
20150904,2.19,2.19,2.19,2.19,5,0
20150907,2.19,2.19,2.15,2.15,496,0
20150908,2.15,2.16,2.13,2.16,1381,0
20150909,2.16,2.16,2.15,2.15,1281,0
20150910,2.15,2.15,2.13,2.13,8233,0
20150911,2.15,2.16,2.15,2.16,423,0
20150914,2.16,2.16,2.16,2.16,793,0
20150915,2.16,2.16,2.13,2.13,2636,0
20150916,2.15,2.16,2.15,2.16,520,0
20150917,2.16,2.16,2.16,2.16,1015,0
20150918,2.16,2.16,2.13,2.16,2612,0
20150921,2.16,2.16,2.13,2.16,1272,0
20150922,2.16,2.16,2.16,2.16,539,0
20150923,2.16,2.16,2.12,2.16,4289,0
20150924,2.16,2.16,2.16,2.16,132,0
20150925,2.15,2.15,2.11,2.15,169899,0
20150928,2.15,2.15,2.08,2.13,17903,0
20150929,2.14,2.14,2.14,2.14,3880,0
20150930,2.14,2.14,2.14,2.14,55,0
20151001,2,2.14,2,2.11,31715,0
20151002,2.11,2.12,2.1,2.12,7795,0
20151005,2.12,2.13,2.1,2.13,16800,0
20151006,2.13,2.15,2.13,2.15,6716,0
20151007,2.15,2.18,2.15,2.18,30009,0
20151008,2.18,2.26,2.15,2.23,16120,0
20151009,2.2,2.2,2.2,2.2,2890,0
20151012,2.2,2.24,2.2,2.24,2234,0
20151013,2.24,2.24,2.24,2.24,3423,0
20151014,2.24,2.3,2.24,2.3,28887,0
20151015,2.3,2.33,2.27,2.27,58396,0
20151016,2.27,2.27,2.17,2.24,8370,0
20151019,2.18,2.27,2.15,2.21,7209,0
20151020,2.24,2.27,2.19,2.19,7745,0
20151021,2.19,2.19,2.17,2.17,675,0
20151022,2.17,2.27,2.17,2.27,858,0
20151023,2.27,2.27,2.27,2.27,790,0
20151026,2.27,2.28,2.2,2.25,6400,0
20151027,2.26,2.28,2.26,2.28,1110,0
20151028,2.28,2.28,2.28,2.28,93,0
20151029,2.23,2.28,2.22,2.28,11363,0
20151030,2.28,2.28,2.21,2.21,3525,0
20151102,2.2,2.22,2.19,2.19,3003,0
20151103,2.19,2.26,2.16,2.26,1842,0
20151104,2.26,2.26,2.26,2.26,590,0
20151105,2.26,2.27,2.26,2.26,1660,0
20151106,2.26,2.26,2.2,2.2,993,0
20151109,2.2,2.2,2.2,2.2,10247,0
20151110,2.21,2.23,2.2,2.2,895,0
20151112,2.2,2.23,2.2,2.23,275,0
20151113,2.21,2.24,2.21,2.24,51800,0
20151116,2.24,2.24,2.24,2.24,5,0
20151117,2.23,2.24,2.23,2.24,900,0
20151118,2.23,2.24,2.23,2.24,1600,0
20151119,2.24,2.24,2.17,2.24,3641,0
20151120,2.18,2.25,2.18,2.25,14884,0
20151123,2.25,2.27,2.21,2.25,1568,0
20151124,2.23,2.25,2.19,2.19,549,0
20151125,2.2,2.28,2.2,2.21,1950,0
20151126,2.22,2.28,2.22,2.22,2584,0
20151127,2.23,2.28,2.22,2.22,2915,0
20151130,2.22,2.28,2.22,2.22,999,0
20151201,2.24,2.25,2.21,2.21,999,0
20151202,2.23,2.25,2.23,2.25,2817,0
20151203,2.25,2.27,2.25,2.27,2690,0
20151204,2.26,2.26,2.09,2.26,55660,0
20151207,2.18,2.18,2.11,2.18,44400,0
20151208,2.15,2.15,2.13,2.13,1950,0
20151209,2.13,2.17,2.13,2.13,13621,0
20151210,2.12,2.15,2.12,2.15,1882,0
20151211,2.16,2.23,2.16,2.23,3750,0
20151214,2.23,2.27,2.23,2.26,7004,0
20151215,2.26,2.26,2.26,2.26,5,0
20151216,2.26,2.26,2.18,2.26,13810,0
20151217,2.25,2.25,2.25,2.25,50,0
20151218,2.25,2.25,2.25,2.25,44,0
20151221,2.23,2.23,2.19,2.23,81,0
20151222,2.23,2.25,2.23,2.25,326,0
20151223,2.16,2.25,2.16,2.25,48675,0
20151228,2.25,2.25,2.18,2.25,1676,0
20151229,2.25,2.25,2.25,2.25,325,0
20151230,2.25,2.25,2.25,2.25,30,0
20160104,2.24,2.29,2.24,2.29,9350,0
20160105,2.26,2.26,2.24,2.26,53872,0
20160107,2.26,2.26,2.25,2.25,8020,0
20160108,2.25,2.25,2.25,2.25,50,0
20160111,2.25,2.25,2.17,2.21,5215,0
20160112,2.21,2.21,2.21,2.21,100,0
20160113,2.22,2.22,2.22,2.22,150,0
20160114,2.22,2.25,2.2,2.24,3563,0
20160115,2.2,2.2,2.16,2.2,1597,0
20160118,2.21,2.21,2.16,2.2,3410,0
20160119,2.15,2.2,2.15,2.2,200,0
20160120,2.2,2.2,2.2,2.2,100,0
20160121,2.2,2.2,2.2,2.2,1745,0
20160122,2.2,2.21,2.2,2.21,1475,0
20160125,2.2,2.2,2.15,2.15,7870,0
20160126,2.15,2.15,2.11,2.15,2985,0
20160127,2.15,2.15,2.15,2.15,48,0
20160128,2.14,2.14,2.1,2.12,5630,0
20160201,2.09,2.09,2,2.08,5300,0
20160202,2.08,2.1,1.9,2.1,6821,0
20160203,2.1,2.11,2.1,2.11,916,0
20160204,2.11,2.13,2.11,2.13,1810,0
20160205,2.13,2.13,2.12,2.12,1131,0
20160208,2.11,2.11,2.11,2.11,2,0
20160209,2.11,2.11,2.1,2.11,3249,0
20160210,2.11,2.11,2.11,2.11,2037,0
20160211,2.11,2.11,2.11,2.11,532,0
20160212,2.11,2.11,2.11,2.11,901,0
20160215,2.11,2.11,2.11,2.11,652,0
20160216,2.11,2.11,2.11,2.11,19517,0
20160217,2.11,2.12,2.11,2.12,7074,0
20160218,2.11,2.12,2.11,2.12,1395,0
20160219,2.12,2.12,2.05,2.1,10697,0
20160222,2.1,2.1,2.1,2.1,1042,0
20160223,2.1,2.1,2.1,2.1,447,0
20160224,2.1,2.1,2.05,2.1,5331,0
20160225,2.1,2.1,2.1,2.1,2104,0
20160226,2.1,2.1,2.1,2.1,5050,0
20160229,2.1,2.11,2.1,2.11,1190,0
20160301,2.11,2.22,2.11,2.16,6200,0
20160302,2.16,2.18,2.16,2.18,850,0
20160303,2.17,2.17,2.16,2.16,2047,0
20160304,2.16,2.16,2.16,2.16,3583,0
20160307,2.16,2.16,2.16,2.16,2034,0
20160308,2.16,2.16,2.16,2.16,1629,0
20160309,2.15,2.15,2.15,2.15,3550,0
20160310,2.14,2.14,2.09,2.14,3046,0
20160311,2.14,2.14,2.14,2.14,42,0
20160314,2.14,2.14,2.12,2.14,1105,0
20160315,2.14,2.14,2.14,2.14,5,0
20160316,2.14,2.14,2.14,2.14,2365,0
20160317,2.14,2.15,2.09,2.15,5702,0
20160318,2.15,2.15,2.05,2.14,11290,0
20160321,2.07,2.15,2.06,2.15,4620,0
20160322,2.15,2.15,2.08,2.15,8802,0
20160323,2.12,2.15,2.08,2.15,6220,0
20160324,2.15,2.15,2.14,2.14,1944,0
20160329,2.14,2.14,2.14,2.14,3,0
20160330,2.14,2.14,2.14,2.14,4894,0
20160331,2.14,2.14,2.06,2.06,7862,0
20160401,2.07,2.14,2.07,2.14,15595,0
20160404,2.14,2.14,2.07,2.07,11425,0
20160405,2.07,2.11,2.06,2.11,1180,0
20160406,2.11,2.12,2.11,2.11,840,0
20160407,2.11,2.11,2.06,2.1,2025,0
20160408,2.1,2.11,2.07,2.07,2150,0
20160411,2.06,2.1,2.06,2.07,391,0
20160412,2.07,2.11,2.07,2.11,45949,0
20160413,2.11,2.13,2.11,2.11,5749,0
20160414,2.11,2.13,2.06,2.13,2596,0
20160415,2.13,2.25,2.1,2.15,45684,0
20160418,2.15,2.15,2.12,2.15,15900,0
20160419,2.14,2.16,2.11,2.15,43392,0
20160420,2.15,2.15,2.1,2.15,1046,0
20160421,2.15,2.15,2.1,2.1,1027,0
20160422,2.11,2.15,2.11,2.15,270,0
20160425,2.15,2.15,2.15,2.15,1174,0
20160426,2.15,2.15,2.09,2.09,10604,0
20160427,2.09,2.15,2.09,2.15,57580,0
20160428,2.15,2.16,2.07,2.07,89135,0
20160429,2.07,2.07,2.07,2.07,20,0
20160502,2.08,2.08,2.08,2.08,8575,0
20160504,2.08,2.08,2.08,2.08,10025,0
20160505,2.07,2.07,2.06,2.07,2660,0
20160506,2.07,2.11,2.06,2.06,3825,0
20160509,2.07,2.07,2.07,2.07,100,0
20160510,2.07,2.07,2.07,2.07,1750,0
20160511,2.1,2.1,2.07,2.08,27050,0
20160512,2.07,2.07,2.07,2.07,3625,0
20160513,2.07,2.09,2.06,2.07,12622,0
