20150225,1.28,1.3,1.28,1.3,19335,0
20150226,1.3,1.57,1.3,1.52,69357,0
20150227,1.57,1.66,1.51,1.51,74384,0
20150302,1.6,1.6,1.46,1.46,28610,0
20150303,1.46,1.48,1.4,1.4,25322,0
20150304,1.36,1.36,1.26,1.34,16613,0
20150305,1.34,1.39,1.32,1.33,5030,0
20150306,1.33,1.33,1.23,1.29,98013,0
20150309,1.3,1.36,1.26,1.35,67639,0
20150310,1.35,1.4,1.32,1.38,28841,0
20150311,1.41,1.47,1.36,1.4,20259,0
20150312,1.41,1.44,1.4,1.44,3475,0
20150313,1.44,1.46,1.42,1.46,34969,0
20150316,1.47,1.54,1.45,1.49,21533,0
20150317,1.5,1.5,1.47,1.47,6524,0
20150318,1.48,1.48,1.45,1.48,16093,0
20150319,1.49,1.49,1.44,1.44,11260,0
20150320,1.48,1.48,1.45,1.45,4110,0
20150323,1.46,1.52,1.46,1.52,20038,0
20150324,1.54,1.54,1.5,1.53,10712,0
20150325,1.53,1.54,1.52,1.54,4345,0
20150326,1.54,1.54,1.53,1.53,106,0
20150327,1.51,1.51,1.43,1.49,1040,0
20150330,1.49,1.49,1.4,1.45,1510,0
20150331,1.45,1.45,1.45,1.45,4,0
20150401,1.42,1.42,1.39,1.39,589,0
20150402,1.38,1.38,1.3,1.34,10390,0
20150407,1.33,1.34,1.27,1.34,19030,0
20150408,1.33,1.37,1.32,1.37,9235,0
20150409,1.37,1.48,1.37,1.48,16522,0
20150410,1.49,1.5,1.48,1.48,380,0
20150413,1.49,1.52,1.49,1.52,950,0
20150414,1.51,1.51,1.51,1.51,1,0
20150415,1.52,1.64,1.49,1.59,69090,0
20150416,1.6,1.6,1.6,1.6,1,0
20150417,1.57,1.57,1.52,1.52,4130,0
20150420,1.46,1.58,1.46,1.58,5964,0
20150421,1.59,1.6,1.59,1.6,2158,0
20150422,1.55,1.55,1.55,1.55,254,0
20150423,1.55,1.55,1.55,1.55,52,0
20150424,1.55,1.55,1.54,1.55,502,0
20150427,1.59,1.59,1.5,1.5,46020,0
20150428,1.55,1.55,1.55,1.55,10,0
20150429,1.48,1.48,1.48,1.48,200,0
20150430,1.45,1.45,1.45,1.45,20,0
20150504,1.45,1.45,1.45,1.45,1145,0
20150505,1.44,1.44,1.44,1.44,5,0
20150506,1.44,1.44,1.4,1.44,33,0
20150507,1.44,1.48,1.4,1.48,7472,0
20150508,1.48,1.5,1.48,1.5,987,0
20150511,1.48,1.48,1.48,1.48,31,0
20150512,1.48,1.48,1.47,1.48,7021,0
20150513,1.49,1.49,1.49,1.49,3000,0
20150514,1.5,1.55,1.49,1.55,4883,0
20150515,1.54,1.55,1.54,1.55,81,0
20150518,1.55,1.6,1.55,1.6,6732,0
20150519,1.56,1.56,1.55,1.55,1013,0
20150520,1.56,1.56,1.51,1.54,1065,0
20150521,1.55,1.55,1.55,1.55,20,0
20150522,1.56,1.58,1.56,1.58,30,0
20150525,1.58,1.58,1.55,1.55,3364,0
20150526,1.55,1.55,1.51,1.54,2943,0
20150527,1.54,1.54,1.5,1.53,1154,0
20150528,1.48,1.51,1.48,1.51,3140,0
20150529,1.56,1.56,1.48,1.48,5110,0
20150601,1.52,1.52,1.51,1.51,1020,0
20150602,1.53,1.53,1.53,1.53,20,0
20150603,1.53,1.53,1.53,1.53,20,0
20150605,1.53,1.53,1.53,1.53,2280,0
20150608,1.53,1.53,1.53,1.53,325,0
20150609,1.54,1.54,1.54,1.54,20,0
20150610,1.53,1.53,1.53,1.53,20,0
20150611,1.53,1.53,1.45,1.51,640,0
20150612,1.46,1.5,1.44,1.5,3410,0
20150615,1.5,1.5,1.5,1.5,30,0
20150616,1.5,1.5,1.45,1.49,247,0
20150617,1.5,1.5,1.5,1.5,20,0
20150618,1.5,1.5,1.36,1.36,7979,0
20150619,1.42,1.42,1.42,1.42,20,0
20150622,1.42,1.42,1.42,1.42,20,0
20150623,1.42,1.42,1.42,1.42,20,0
20150624,1.42,1.42,1.42,1.42,20,0
20150625,1.42,1.42,1.37,1.42,1930,0
20150626,1.42,1.42,1.36,1.4,1086,0
20150629,1.39,1.39,1.39,1.39,10,0
20150630,1.38,1.38,1.38,1.38,300,0
20150701,1.38,1.42,1.38,1.42,2743,0
20150702,1.41,1.41,1.38,1.4,1737,0
20150703,1.41,1.41,1.41,1.41,20,0
20150706,1.41,1.41,1.41,1.41,2,0
20150707,1.36,1.36,1.35,1.35,5010,0
20150708,1.35,1.35,1.29,1.3,10599,0
20150709,1.3,1.3,1.3,1.3,1,0
20150710,1.31,1.31,1.31,1.31,20,0
20150713,1.31,1.34,1.31,1.34,5970,0
20150714,1.34,1.34,1.33,1.33,100,0
20150715,1.33,1.34,1.33,1.34,6841,0
20150716,1.34,1.35,1.34,1.35,275,0
20150717,1.34,1.44,1.34,1.44,14785,0
20150720,1.39,1.45,1.39,1.45,7657,0
20150721,1.45,1.51,1.45,1.51,3120,0
20150722,1.51,1.51,1.41,1.42,14660,0
20150723,1.42,1.42,1.38,1.4,3649,0
20150724,1.43,1.5,1.43,1.5,90,0
20150727,1.5,1.5,1.42,1.42,7280,0
20150728,1.42,1.42,1.42,1.42,2070,0
20150729,1.37,1.4,1.37,1.4,1647,0
20150730,1.4,1.4,1.35,1.39,350,0
20150731,1.39,1.39,1.39,1.39,20,0
20150803,1.4,1.4,1.4,1.4,4544,0
20150804,1.41,1.41,1.41,1.41,2450,0
20150805,1.42,1.65,1.42,1.63,61645,0
20150806,1.63,1.66,1.58,1.66,23877,0
20150807,1.65,1.7,1.63,1.68,14260,0
20150810,1.69,1.72,1.65,1.7,10475,0
20150811,1.71,1.74,1.69,1.74,3813,0
20150812,1.75,1.75,1.67,1.69,13148,0
20150813,1.7,1.7,1.61,1.61,11832,0
20150814,1.65,1.65,1.63,1.65,3512,0
20150817,1.65,1.68,1.65,1.68,236,0
20150818,1.68,1.68,1.65,1.65,320,0
20150819,1.65,1.68,1.65,1.68,1296,0
20150820,1.68,1.93,1.68,1.81,56004,0
20150821,1.81,2.17,1.81,2.05,37840,0
20150824,1.97,2.04,1.87,1.96,26290,0
20150825,1.9,1.99,1.9,1.99,13276,0
20150826,1.93,2.04,1.93,2.04,6720,0
20150827,2.05,2.07,1.99,2,23538,0
20150828,2.01,2.01,1.93,1.93,1353,0
20150831,1.93,1.97,1.9,1.96,10190,0
20150901,1.93,1.94,1.89,1.94,2855,0
20150902,1.91,1.91,1.9,1.9,1644,0
20150903,1.91,1.91,1.85,1.86,6810,0
20150904,1.86,1.86,1.86,1.86,152,0
20150907,1.86,1.86,1.76,1.79,13998,0
20150908,1.79,1.79,1.79,1.79,2,0
20150909,1.72,1.72,1.7,1.7,1870,0
20150910,1.72,1.72,1.72,1.72,1166,0
20150911,1.72,1.72,1.65,1.71,1025,0
20150914,1.72,1.72,1.72,1.72,27,0
20150915,1.72,1.72,1.65,1.69,1713,0
20150916,1.7,1.7,1.61,1.65,17328,0
20150917,1.65,1.69,1.65,1.69,5002,0
20150918,1.68,1.68,1.66,1.68,1480,0
20150921,1.68,1.68,1.68,1.68,17,0
20150922,1.68,1.73,1.68,1.73,8091,0
20150923,1.73,1.73,1.73,1.73,6,0
20150924,1.73,1.73,1.7,1.7,1218,0
20150925,1.7,1.72,1.7,1.72,3360,0
20150928,1.73,1.73,1.71,1.71,1005,0
20150929,1.7,1.7,1.69,1.69,38,0
20150930,1.7,1.7,1.6,1.66,20177,0
20151001,1.66,1.67,1.65,1.67,964,0
20151002,1.68,1.9,1.68,1.84,25828,0
20151005,1.81,1.84,1.76,1.83,13336,0
20151006,1.83,2.17,1.83,2.1,60143,0
20151007,2.11,2.13,1.96,2.06,21017,0
20151008,2.01,2.08,2,2.06,18466,0
20151009,2.06,2.06,2,2.06,1646,0
20151012,2.06,2.47,2,2.47,64182,0
20151013,2.45,2.55,2.28,2.46,62747,0
20151014,2.46,2.49,2.42,2.49,3436,0
20151015,2.45,2.74,2.45,2.74,148269,0
20151016,2.78,3,2.73,3,86685,0
20151019,3,3.19,2.71,2.76,108526,0
20151020,2.75,2.93,2.75,2.91,29141,0
20151021,2.9,2.91,2.85,2.9,20717,0
20151022,2.9,2.9,2.87,2.89,2171,0
20151023,2.9,2.9,2.78,2.85,10816,0
20151026,2.8,2.85,2.8,2.82,1947,0
20151027,2.85,2.85,2.84,2.84,4455,0
20151028,2.84,2.84,2.75,2.75,1417,0
20151029,2.75,2.84,2.75,2.83,8264,0
20151030,2.8,2.85,2.76,2.85,2190,0
20151102,2.84,2.85,2.73,2.84,8032,0
20151103,2.86,2.86,2.78,2.8,17354,0
20151104,2.73,2.78,2.66,2.69,28500,0
20151105,2.67,2.67,2.58,2.65,8114,0
20151106,2.66,2.66,2.65,2.65,7,0
20151109,2.65,2.7,2.65,2.7,8227,0
20151110,2.73,2.73,2.7,2.7,2084,0
20151112,2.69,2.69,2.66,2.68,5048,0
20151113,2.69,2.69,2.67,2.67,83,0
20151116,2.68,2.68,2.5,2.58,18313,0
20151117,2.61,2.61,2.57,2.57,9044,0
20151118,2.57,2.61,2.53,2.6,1717,0
20151119,2.62,2.62,2.51,2.51,1812,0
20151120,2.5,2.5,2.5,2.5,3552,0
20151123,2.47,2.5,2.47,2.5,204,0
20151124,2.5,2.5,2.5,2.5,3,0
20151125,2.5,2.5,2.49,2.49,631,0
20151126,2.5,2.5,2.44,2.5,2871,0
20151127,2.54,2.62,2.53,2.62,10078,0
20151130,2.62,2.83,2.62,2.82,16549,0
20151201,2.8,2.81,2.71,2.72,10497,0
20151202,2.72,2.74,2.62,2.73,1388,0
20151203,2.73,2.73,2.58,2.69,23082,0
20151204,2.66,2.66,2.57,2.64,4439,0
