20150609,1.97,1.99,1.97,1.97,107707,0
20150610,1.97,1.97,1.92,1.96,99124,0
20150611,1.94,1.95,1.94,1.94,25321,0
20150612,1.94,1.96,1.93,1.94,44287,0
20150615,1.94,1.95,1.94,1.95,30500,0
20150616,1.95,1.96,1.94,1.96,33605,0
20150617,1.96,1.96,1.93,1.93,52822,0
20150618,1.95,1.95,1.9,1.95,46470,0
20150619,1.94,1.95,1.92,1.95,61445,0
20150622,1.91,1.95,1.91,1.95,15703,0
20150623,1.95,1.95,1.93,1.94,19664,0
20150624,1.93,1.95,1.92,1.92,76603,0
20150625,1.92,1.94,1.91,1.91,26698,0
20150626,1.93,1.95,1.91,1.92,53608,0
20150629,1.88,1.88,1.79,1.87,146103,0
20150630,1.86,1.87,1.82,1.86,139134,0
20150701,1.89,1.92,1.85,1.92,117465,0
20150702,1.89,1.89,1.89,1.89,42959,0
20150703,1.92,1.93,1.91,1.91,5253,0
20150706,1.9,1.95,1.87,1.93,51428,0
20150707,1.94,1.95,1.9,1.94,36565,0
20150708,1.93,1.96,1.91,1.93,60138,0
20150709,1.91,1.96,1.9,1.96,27898,0
20150710,1.91,1.97,1.9,1.95,223852,0
20150713,1.93,1.98,1.93,1.97,25009,0
20150714,1.95,1.99,1.94,1.98,20835,0
20150715,1.99,2.07,1.96,2.07,178344,0
20150716,2.07,2.1,2.07,2.1,65835,0
20150717,2.1,2.1,2,2.01,123781,0
20150720,2.03,2.04,2.02,2.02,26572,0
20150721,2.02,2.02,1.98,2.01,35963,0
20150722,2.01,2.02,1.97,1.98,21706,0
20150723,1.98,1.98,1.96,1.97,7489,0
20150724,1.97,2,1.91,2,101847,0
20150727,1.95,1.97,1.91,1.94,70114,0
20150728,1.95,2.02,1.95,1.97,108896,0
20150729,2,2.06,2,2.02,311827,0
20150730,2.04,2.08,2.02,2.03,44793,0
20150731,2.03,2.05,2.02,2.03,17169,0
20150803,2.02,2.06,2.01,2.05,87297,0
20150804,2.05,2.07,2.02,2.05,48472,0
20150805,2.02,2.07,2.02,2.04,363397,0
20150806,2.07,2.08,2.02,2.02,202004,0
20150807,2.02,2.04,2,2.03,225360,0
20150810,2.02,2.08,2.02,2.08,21715,0
20150811,2.06,2.06,2.02,2.02,113437,0
20150812,2.02,2.02,2.02,2.02,126061,0
20150813,2.06,2.06,2.02,2.02,488174,0
20150814,2.04,2.06,2.02,2.05,259242,0
20150817,2.05,2.07,2.02,2.02,50644,0
20150818,2.02,2.02,2.02,2.02,98395,0
20150819,2.02,2.02,2.02,2.02,127078,0
20150820,2.02,2.03,2.02,2.02,109589,0
20150821,2.02,2.02,1.94,1.98,99008,0
20150824,1.92,1.93,1.78,1.82,247402,0
20150825,1.76,1.87,1.75,1.75,150836,0
20150826,1.73,1.83,1.73,1.83,141058,0
20150827,1.83,1.85,1.8,1.82,73567,0
20150828,1.82,1.87,1.82,1.87,90915,0
20150831,1.88,1.93,1.82,1.82,479767,0
20150901,1.83,1.83,1.78,1.82,20658,0
20150902,1.82,1.87,1.82,1.85,18020,0
20150903,1.85,1.94,1.85,1.92,80631,0
20150904,1.91,1.94,1.85,1.89,50859,0
20150907,1.9,1.9,1.87,1.89,3530,0
20150908,1.9,1.91,1.9,1.9,34560,0
20150909,1.9,1.9,1.88,1.9,20681,0
20150910,1.91,1.91,1.89,1.91,22943,0
20150911,1.9,1.9,1.9,1.9,1500,0
20150914,1.88,1.91,1.88,1.91,11346,0
20150915,1.91,1.92,1.8,1.82,74775,0
20150916,1.86,1.92,1.82,1.92,89803,0
20150917,1.86,1.89,1.86,1.89,4929,0
20150918,1.89,1.9,1.86,1.89,18458,0
20150921,1.91,1.91,1.88,1.9,5450,0
20150922,1.86,1.91,1.86,1.89,97035,0
20150923,1.88,1.89,1.87,1.87,92974,0
20150924,1.86,1.86,1.83,1.83,20652,0
20150925,1.83,1.84,1.83,1.84,23062,0
20150928,1.85,1.86,1.82,1.84,84224,0
20150929,1.81,1.84,1.81,1.84,26495,0
20150930,1.84,1.84,1.83,1.83,10602,0
20151001,1.83,1.86,1.83,1.85,28494,0
20151002,1.85,1.85,1.84,1.85,166030,0
20151005,1.86,1.86,1.85,1.85,12821,0
20151006,1.86,1.91,1.86,1.9,78121,0
20151007,1.91,1.98,1.91,1.98,36731,0
20151008,1.99,1.99,1.96,1.97,135610,0
20151009,1.99,1.99,1.97,1.99,31612,0
20151012,1.99,2,1.98,1.99,166346,0
20151013,1.99,2,1.98,1.99,65072,0
20151014,1.98,1.99,1.97,1.97,43902,0
20151015,1.99,2,1.99,2,19636,0
20151016,2,2,1.97,2,65185,0
20151019,2,2,1.96,1.99,8686,0
20151020,1.99,2,1.97,2,61623,0
20151021,2,2,1.97,1.98,23452,0
20151022,1.99,2,1.96,1.96,98524,0
20151023,1.99,1.99,1.95,1.98,74391,0
20151026,1.95,1.98,1.94,1.94,25269,0
20151027,1.93,1.95,1.91,1.92,897645,0
20151028,1.92,2.02,1.92,2.01,131699,0
20151029,2.01,2.02,1.98,1.99,945464,0
20151030,1.99,1.99,1.96,1.98,80695,0
20151102,1.96,1.99,1.96,1.97,100824,0
20151103,1.99,1.99,1.97,1.97,97070,0
20151104,1.97,1.99,1.97,1.97,34323,0
20151105,1.98,1.99,1.97,1.99,17819,0
20151106,1.99,1.99,1.96,1.97,686865,0
20151109,1.99,1.99,1.96,1.97,26551,0
20151110,1.97,1.97,1.91,1.94,19953,0
20151112,1.92,1.95,1.92,1.95,41231,0
20151113,1.93,1.93,1.87,1.89,67773,0
20151116,1.89,1.93,1.82,1.84,159404,0
20151117,1.84,1.85,1.84,1.85,120934,0
20151118,1.86,1.86,1.82,1.83,32965,0
20151119,1.83,1.89,1.83,1.87,69286,0
20151120,1.89,1.97,1.89,1.93,113717,0
20151123,1.91,1.92,1.86,1.88,152982,0
20151124,1.89,1.89,1.78,1.8,730173,0
20151125,1.8,1.82,1.76,1.76,337073,0
20151126,1.78,1.8,1.75,1.76,61619,0
20151127,1.74,1.77,1.72,1.76,203274,0
20151130,1.77,1.85,1.72,1.73,2407124,0
20151201,1.73,1.77,1.73,1.73,41522,0
20151202,1.73,1.75,1.73,1.73,176771,0
20151203,1.73,1.77,1.7,1.72,86890,0
20151204,1.71,1.71,1.61,1.62,197666,0
20151207,1.62,1.69,1.62,1.66,161342,0
20151208,1.65,1.67,1.64,1.66,108209,0
20151209,1.66,1.74,1.65,1.7,262223,0
20151210,1.7,1.83,1.7,1.83,166984,0
20151211,1.83,1.86,1.77,1.81,101320,0
20151214,1.77,1.77,1.68,1.7,39956,0
20151215,1.67,1.76,1.67,1.71,72808,0
20151216,1.71,1.71,1.67,1.69,54728,0
20151217,1.69,1.73,1.66,1.68,597032,0
20151218,1.69,1.71,1.65,1.65,157613,0
20151221,1.64,1.67,1.57,1.63,242974,0
20151222,1.6,1.67,1.6,1.66,348319,0
20151223,1.68,1.68,1.64,1.66,44867,0
20151228,1.65,1.72,1.63,1.72,293195,0
20151229,1.73,1.77,1.71,1.75,162398,0
20151230,1.78,1.81,1.73,1.78,326274,0
20160104,1.75,1.75,1.63,1.72,62282,0
20160105,1.74,1.77,1.72,1.75,117127,0
20160107,1.72,1.81,1.7,1.81,220372,0
20160108,1.82,1.86,1.82,1.85,207387,0
20160111,1.85,1.9,1.84,1.9,149723,0
20160112,1.9,1.92,1.89,1.9,128519,0
20160113,1.9,1.91,1.9,1.9,54510,0
20160114,1.88,1.9,1.81,1.82,38976,0
20160115,1.81,1.81,1.8,1.8,29107,0
20160118,1.8,1.8,1.72,1.72,52461,0
20160119,1.78,1.78,1.69,1.71,80529,0
20160120,1.7,1.7,1.65,1.69,133277,0
20160121,1.68,1.73,1.66,1.66,28539,0
20160122,1.7,1.74,1.7,1.74,15323,0
20160125,1.72,1.75,1.72,1.75,10244,0
20160126,1.72,1.72,1.69,1.72,18487,0
20160127,1.72,1.72,1.7,1.71,5679,0
20160128,1.69,1.73,1.69,1.7,68303,0
20160129,1.7,1.71,1.69,1.71,69980,0
20160201,1.69,1.73,1.69,1.73,16322,0
20160202,1.73,1.74,1.73,1.73,4986,0
20160203,1.71,1.74,1.71,1.74,10268,0
20160204,1.74,1.74,1.7,1.74,3255,0
20160205,1.73,1.73,1.65,1.72,25902,0
20160208,1.72,1.74,1.72,1.74,41530,0
20160209,1.73,1.73,1.71,1.71,4321,0
20160210,1.73,1.76,1.71,1.75,142989,0
20160211,1.75,1.77,1.73,1.76,87457,0
20160212,1.74,1.77,1.72,1.75,230163,0
20160215,1.75,1.75,1.72,1.73,16314,0
20160216,1.73,1.75,1.72,1.75,21386,0
20160217,1.73,1.75,1.73,1.74,45832,0
20160218,1.74,1.76,1.73,1.74,69027,0
20160219,1.75,1.8,1.75,1.78,748475,0
20160222,1.8,1.84,1.79,1.84,44893,0
20160223,1.84,1.85,1.82,1.82,37518,0
20160224,1.84,1.85,1.83,1.83,45679,0
20160225,1.81,1.84,1.75,1.75,53973,0
20160226,1.77,1.84,1.77,1.84,76718,0
20160229,1.85,1.88,1.85,1.87,91435,0
20160301,1.89,1.89,1.85,1.85,18904,0
20160302,1.83,1.86,1.82,1.86,11690,0
20160303,1.86,1.86,1.82,1.86,33223,0
20160304,1.85,1.87,1.81,1.81,82392,0
20160307,1.81,1.87,1.81,1.87,13484,0
20160308,1.87,1.91,1.87,1.89,97048,0
20160309,1.89,1.95,1.89,1.95,204226,0
20160310,1.96,2.07,1.96,2.06,546959,0
20160311,2.05,2.08,2.04,2.06,78579,0
20160314,2.06,2.07,1.98,2.04,114195,0
20160315,2.03,2.03,1.98,1.98,74584,0
20160316,1.98,1.98,1.95,1.96,19465,0
20160317,1.98,1.99,1.87,1.91,193712,0
20160318,2,2.35,2,2.3,1138177,0
