20150717,3.65,3.72,3.65,3.72,670,0
20150720,3.69,3.69,3.6,3.6,401,0
20150721,3.65,3.65,3.65,3.65,851,0
20150722,3.64,3.64,3.45,3.45,2359,0
20150723,3.59,3.59,3.59,3.59,1,0
20150724,3.59,3.59,3.5,3.5,601,0
20150727,3.58,3.58,3.55,3.55,400,0
20150728,3.58,3.59,3.57,3.57,21558,0
20150729,3.5,3.84,3.5,3.73,3051,0
20150730,3.75,3.84,3.59,3.81,2067,0
20150731,3.85,3.85,3.8,3.8,1334,0
20150803,3.8,3.8,3.8,3.8,50,0
20150804,3.8,4.5,3.71,4.5,21812,0
20150805,4.25,4.47,4.25,4.47,2950,0
20150806,4.39,4.78,4.27,4.69,5191,0
20150807,4.5,4.5,4.48,4.48,3046,0
20150810,4.48,4.48,4.48,4.48,1,0
20150811,4.5,4.5,4.5,4.5,470,0
20150812,4.5,4.5,4.45,4.45,11,0
20150813,4.5,4.5,4.24,4.24,401,0
20150814,4.5,4.94,4.4,4.73,14422,0
20150817,4.93,4.99,4.93,4.99,6874,0
20150818,4.99,4.99,4.89,4.89,401,0
20150819,4.99,4.99,4.69,4.92,1222,0
20150820,4.91,4.91,4.69,4.69,251,0
20150821,4.69,4.69,4.43,4.6,3192,0
20150824,4.36,4.4,4,4,36555,0
20150825,4,4.14,4,4.12,1243,0
20150826,4.1,4.1,4.1,4.1,1,0
20150827,4.1,4.11,4.1,4.11,326,0
20150828,4,4.14,4,4.14,2938,0
20150831,4.6,4.98,4.6,4.6,6433,0
20150901,4.55,4.55,4.38,4.55,879,0
20150902,4.53,4.53,4.33,4.49,611,0
20150903,4.5,4.5,4.14,4.3,4131,0
20150904,4.49,4.49,4.2,4.32,3202,0
20150907,4.49,4.5,4.32,4.35,2257,0
20150908,4.49,4.49,4.35,4.4,394,0
20150909,4.48,4.49,4.48,4.49,443,0
20150910,4.5,4.5,4.49,4.5,3635,0
20150911,4.5,4.5,4.5,4.5,1,0
20150914,4.5,4.5,4.5,4.5,1,0
20150915,4.5,4.5,4.34,4.49,133,0
20150916,4.5,4.6,4.49,4.6,511,0
20150917,4.79,4.89,4.79,4.8,282,0
20150918,4.88,4.89,4.58,4.84,406,0
20150921,4.87,4.87,4.87,4.87,1,0
20150922,4.87,4.87,4.65,4.79,3652,0
20150923,4.9,4.9,4.62,4.84,511,0
20150924,4.88,4.89,4.62,4.87,2483,0
20150925,4.76,4.76,4.76,4.76,456,0
20150928,4.76,4.76,4.55,4.7,111,0
20150929,4.7,4.7,4.23,4.7,5384,0
20150930,4.74,4.74,4.74,4.74,1,0
20151001,4.74,4.74,4.4,4.74,602,0
20151002,4.58,4.58,4.58,4.58,1,0
20151005,4.59,4.59,4.34,4.59,2921,0
20151006,4.5,4.5,4.5,4.5,1,0
20151007,4.5,4.5,4.5,4.5,1,0
20151008,4.5,4.5,4.5,4.5,1,0
20151009,4.5,4.5,4.32,4.5,1938,0
20151012,4.5,4.59,4.1,4.4,1110,0
20151013,4.2,4.58,4.2,4.58,3401,0
20151014,4.58,4.58,4.58,4.58,33,0
20151015,4.58,4.58,4.4,4.4,751,0
20151016,4.58,4.59,4.45,4.45,2591,0
20151019,4.45,4.45,4.39,4.39,1711,0
20151020,4.4,4.45,4.25,4.37,2858,0
20151021,4.37,4.37,4.05,4.05,4732,0
20151022,4.05,4.39,3.99,4.12,4320,0
20151023,4.19,4.19,4,4,1201,0
20151026,4.35,4.35,3.79,3.91,6035,0
20151027,4,4.29,3.97,4.27,2122,0
20151028,4.27,4.27,4.03,4.2,2502,0
20151029,4.23,4.23,3.82,3.82,33,0
20151030,3.83,3.93,3.83,3.93,2059,0
20151102,3.95,3.96,3.81,3.85,6029,0
20151103,3.82,3.88,3.82,3.82,1495,0
20151104,3.81,3.81,3.7,3.7,3816,0
20151105,3.7,3.7,3.5,3.5,4995,0
20151106,3.85,3.85,3.62,3.85,12,0
20151109,3.85,3.85,3.85,3.85,11,0
20151110,3.5,3.71,3.5,3.71,3016,0
20151112,3.79,3.79,3.63,3.64,3017,0
20151113,3.68,3.68,3.47,3.47,3068,0
20151116,3.5,3.7,3.5,3.7,35671,0
20151117,3.69,3.7,3.53,3.53,6284,0
20151118,3.6,3.7,3.6,3.7,4302,0
20151119,3.7,3.7,3.7,3.7,550,0
20151120,3.7,3.72,3.58,3.58,9262,0
20151123,3.58,3.65,3.58,3.65,402,0
20151124,3.65,3.65,3.65,3.65,1,0
20151125,3.63,3.63,3.5,3.5,7010,0
20151126,3.61,3.65,3.51,3.55,64138,0
20151127,3.52,3.55,3.52,3.55,1847,0
20151130,3.6,3.96,3.6,3.63,38731,0
20151201,3.8,3.8,3.69,3.79,58989,0
20151202,3.8,4,3.8,3.96,2489,0
20151203,3.9,3.99,3.82,3.99,503,0
20151204,3.66,3.99,3.66,3.92,5019,0
20151207,3.93,3.95,3.85,3.94,2777,0
20151208,3.96,3.96,3.78,3.78,513,0
20151209,3.79,3.79,3.61,3.66,1265,0
20151210,3.66,3.66,3.66,3.66,96,0
20151211,3.88,3.88,3.66,3.66,1901,0
20151214,3.83,3.83,3.67,3.67,2,0
20151215,3.8,3.84,3.67,3.67,3002,0
20151216,3.95,3.95,3.71,3.71,137,0
20151217,3.8,3.8,3.63,3.63,1122,0
20151218,3.79,3.79,3.65,3.65,2,0
20151221,3.8,3.8,3.65,3.65,232,0
20151222,3.7,3.7,3.65,3.65,969,0
20151223,3.65,3.65,3.65,3.65,1146,0
20151228,3.63,3.65,3.63,3.65,2600,0
20151229,3.62,3.63,3.62,3.62,1232,0
20151230,3.62,3.62,3.62,3.62,27,0
20160104,3.65,3.65,3.65,3.65,1126,0
20160105,3.77,3.77,3.77,3.77,1,0
20160107,3.73,3.73,3.56,3.71,1447,0
20160108,3.77,3.77,3.77,3.77,1,0
20160111,3.58,3.69,3.58,3.69,101,0
20160112,3.67,3.67,3.66,3.67,436,0
20160113,3.67,3.7,3.67,3.67,2012,0
20160114,3.7,4.47,3.7,4.13,26641,0
20160115,4.22,4.46,4.22,4.3,8230,0
20160118,4.38,4.38,4.15,4.15,2730,0
20160119,4.29,4.29,4.2,4.2,867,0
20160120,4.27,4.27,3.85,4.13,8974,0
20160121,4.09,4.09,4,4.06,312,0
20160122,4.1,4.1,3.95,3.96,354,0
20160125,4.07,4.07,3.9,3.9,3984,0
20160126,3.97,3.97,3.81,3.82,129,0
20160127,3.95,3.95,3.82,3.82,6,0
20160128,3.97,4.06,3.85,4.06,3152,0
20160129,4.14,4.2,4.01,4.19,1047,0
20160201,4.18,4.25,4,4,4893,0
20160202,4.08,4.17,4.08,4.13,720,0
20160203,4.08,4.2,4.08,4.2,455,0
20160204,4.16,4.17,4,4,6925,0
20160205,4.08,4.2,4.01,4.2,2582,0
20160208,4.2,4.62,4.2,4.62,1837,0
20160209,4.35,4.69,4.35,4.49,4808,0
20160210,4.65,4.65,4.5,4.65,2827,0
20160211,4.65,4.65,4.45,4.45,671,0
20160212,4.64,4.65,4.52,4.65,5109,0
20160215,5.15,5.57,5.15,5.4,36876,0
20160216,5.59,5.64,5.21,5.54,14163,0
20160217,5.53,6.08,5.35,6.01,21624,0
20160218,6.05,6.07,5.56,5.8,5629,0
20160219,5.64,6.05,5.64,5.94,10333,0
20160222,6.06,6.08,5.74,6.08,7827,0
20160223,6.08,6.18,5.94,6.17,4844,0
20160224,6.01,6.53,6.01,6.53,14105,0
20160225,6.57,6.69,6.2,6.2,12271,0
20160226,6.58,6.58,5.74,5.99,8974,0
20160229,5.99,6.13,5.52,5.87,3885,0
20160301,5.89,5.89,5.62,5.86,4770,0
20160302,6,6.13,5.91,6.05,2084,0
20160303,6.05,6.29,6.05,6.26,4060,0
20160304,6.25,6.25,6.25,6.25,11,0
20160307,6.22,6.55,6.01,6.52,11381,0
20160308,6.49,6.53,6.08,6.47,9049,0
20160309,6.5,6.5,6.14,6.37,1564,0
20160310,6.34,6.39,5.96,6.14,7098,0
20160311,6.22,6.23,6,6,5340,0
20160314,6.21,6.21,5.94,6.13,1811,0
20160315,6.1,6.1,6,6.07,728,0
20160316,6.09,6.09,6.08,6.08,251,0
20160317,6,6.29,6,6.26,6515,0
20160318,6.24,6.24,6,6.21,4649,0
20160321,6.24,6.24,6,6.23,2153,0
20160322,6.19,6.5,6.11,6.4,3084,0
20160323,6.39,6.49,6.39,6.44,6282,0
20160324,6.44,6.44,5.85,6.05,15330,0
20160329,6.1,6.29,5.95,6.17,9107,0
20160330,6.14,6.24,6,6.05,9779,0
20160331,6.14,6.14,5.71,5.94,14653,0
20160401,5.96,5.96,5.37,5.55,25963,0
20160404,5.65,5.77,5.47,5.64,7847,0
20160405,5.64,5.81,5.61,5.64,2222,0
20160406,5.56,5.89,5.56,5.89,7920,0
20160407,5.89,5.9,5.75,5.89,9120,0
20160408,5.99,6.32,5.95,6.3,33437,0
20160411,6.2,6.5,6.2,6.44,12201,0
20160412,6.5,6.57,6.45,6.56,12041,0
20160413,6.51,6.58,6.42,6.5,9202,0
20160414,6.48,6.5,6.35,6.5,9131,0
20160415,6.5,6.5,6.25,6.42,43116,0
20160418,6.41,6.43,6.2,6.43,2300,0
20160419,6.5,6.78,6.5,6.78,25196,0
20160420,6.87,7.1,6.83,7.1,19846,0
20160421,7.18,7.3,7.04,7.25,18935,0
20160422,7.24,7.24,6.82,6.9,36648,0
20160425,7.14,7.14,6.81,7.09,7847,0
20160426,7.14,7.24,7.02,7.1,4829,0
20160427,7.27,7.5,7.25,7.48,4742,0
20160428,7.6,7.68,7.48,7.59,15205,0
20160429,7.54,7.54,7.31,7.52,2088,0
