20150216,1.3288,1.3552,1.3112,1.3112,88636,0
20150217,1.3024,1.3464,1.2672,1.2672,322233,0
20150218,1.2672,1.2848,1.2584,1.2848,1375,0
20150219,1.2848,1.2848,1.276,1.2848,29706,0
20150220,1.276,1.276,1.2496,1.2496,6882,0
20150223,1.276,1.2848,1.2496,1.276,3193,0
20150224,1.2496,1.276,1.2232,1.2232,54168,0
20150225,1.2232,1.3376,1.2056,1.276,209598,0
20150226,1.2584,1.2672,1.2408,1.2408,27590,0
20150227,1.2672,1.3024,1.2496,1.2584,46250,0
20150302,1.2496,1.2584,1.2496,1.2496,17642,0
20150303,1.2232,1.2672,1.2232,1.2672,293298,0
20150304,1.232,1.2496,1.232,1.2408,13315,0
20150305,1.2496,1.2936,1.2496,1.2936,30189,0
20150306,1.2672,1.276,1.2232,1.2408,121278,0
20150309,1.2408,1.2672,1.2408,1.2672,45455,0
20150310,1.232,1.2496,1.2232,1.2232,4863,0
20150311,1.2232,1.2672,1.2232,1.2584,14264,0
20150312,1.2584,1.2672,1.2408,1.2584,115191,0
20150313,1.2584,1.2584,1.2584,1.2584,71591,0
20150316,1.2496,1.2496,1.2496,1.2496,4545,0
20150317,1.2408,1.2584,1.2408,1.2584,11464,0
20150318,1.2584,1.2584,1.2584,1.2584,795,0
20150319,1.232,1.2584,1.1968,1.2584,28523,0
20150320,1.2496,1.2496,1.2144,1.232,5422,0
20150323,1.2408,1.2408,1.1968,1.232,41272,0
20150324,1.1968,1.2056,1.1968,1.1968,37269,0
20150325,1.2232,1.2584,1.2056,1.2408,380415,0
20150326,1.232,1.2584,1.2056,1.2056,15966,0
20150327,1.2232,1.2408,1.1968,1.232,70072,0
20150330,1.232,1.2408,1.188,1.232,210374,0
20150331,1.1968,1.232,1.1968,1.232,30345,0
20150401,1.2232,1.2232,1.2232,1.2232,9659,0
20150402,1.2144,1.232,1.2056,1.2056,34318,0
20150407,1.1968,1.2232,1.1968,1.2232,6982,0
20150408,1.2056,1.232,1.188,1.2232,47150,0
20150409,1.1968,1.2144,1.188,1.2144,24897,0
20150410,1.188,1.2144,1.188,1.1968,2955,0
20150413,1.1968,1.2144,1.1968,1.2144,1727,0
20150414,1.1968,1.2144,1.1968,1.1968,2842,0
20150415,1.1968,1.2144,1.1968,1.2144,4722,0
20150416,1.2144,1.2144,1.2144,1.2144,1136,0
20150417,1.1968,1.2144,1.1968,1.2144,1148,0
20150420,1.1968,1.1968,1.1968,1.1968,2136,0
20150421,1.1968,1.2056,1.1968,1.2056,1227,0
20150422,1.1968,1.2144,1.188,1.1968,35566,0
20150423,1.188,1.188,1.188,1.188,591,0
20150424,1.188,1.188,1.188,1.188,14155,0
20150427,1.188,1.232,1.188,1.2232,377438,0
20150428,1.2144,1.2232,1.188,1.2232,36261,0
20150429,1.188,1.2056,1.188,1.2056,11552,0
20150430,1.188,1.2144,1.188,1.1968,369888,0
20150504,1.2056,1.232,1.1704,1.2056,26809,0
20150505,1.2056,1.232,1.2056,1.2232,187659,0
20150506,1.2056,1.2232,1.1968,1.2232,6463,0
20150507,1.188,1.2056,1.188,1.1968,15083,0
20150508,1.1968,1.2056,1.1792,1.2056,17168,0
20150511,1.2144,1.2144,1.188,1.2144,4388,0
20150512,1.1968,1.2144,1.1968,1.2144,580,0
20150513,1.188,1.1968,1.1792,1.1968,5432,0
20150514,1.188,1.2056,1.1704,1.1792,36188,0
20150515,1.1792,1.2144,1.1792,1.2144,8052,0
20150518,1.2144,1.232,1.2144,1.2232,42057,0
20150519,1.2232,1.232,1.2232,1.232,13636,0
20150521,1.1968,1.232,1.1968,1.1968,20795,0
20150522,1.1968,1.2232,1.1968,1.1968,2864,0
20150526,1.1792,1.2232,1.1792,1.2232,9091,0
20150527,1.2232,1.232,1.1968,1.2144,39466,0
20150528,1.2232,1.2408,1.2144,1.2144,405198,0
20150529,1.2144,1.2144,1.1968,1.1968,7848,0
20150601,1.1968,1.232,1.1968,1.2232,19011,0
20150602,1.188,1.188,1.188,1.188,6475,0
20150603,1.188,1.2056,1.188,1.188,8606,0
20150605,1.188,1.188,1.188,1.188,2273,0
20150608,1.188,1.188,1.188,1.188,10273,0
20150609,1.1792,1.188,1.1,1.188,62941,0
20150610,1.1616,1.1616,1.1352,1.1352,35622,0
20150611,1.144,1.188,1.1352,1.1792,2965,0
20150612,1.1528,1.1792,1.1528,1.1792,13648,0
20150615,1.188,1.2144,1.188,1.188,2670,0
20150616,1.188,1.188,1.1528,1.1528,43472,0
20150617,1.1616,1.1792,1.1528,1.1792,8958,0
20150618,1.1352,1.1792,1.1352,1.1792,1034,0
20150619,1.1616,1.1616,1.1616,1.1616,1981,0
20150622,1.1264,1.1616,1.1264,1.1616,1982,0
20150623,1.1264,1.2056,1.1264,1.188,246597,0
20150624,1.2056,1.2144,1.2056,1.2056,135614,0
20150629,1.2056,1.2144,1.188,1.2056,531409,0
20150630,1.2056,1.2144,1.1968,1.2056,10045,0
20150701,1.1616,1.1792,1.1616,1.1704,20223,0
20150702,1.1968,1.232,1.1968,1.2056,52091,0
20150703,1.188,1.188,1.1616,1.1616,8807,0
20150706,1.188,1.2232,1.188,1.2144,16163,0
20150707,1.2056,1.2056,1.1704,1.1704,3357,0
20150708,1.1616,1.188,1.1264,1.144,15594,0
20150709,1.144,1.1792,1.144,1.144,45985,0
20150710,1.1792,1.2144,1.1704,1.1704,333819,0
20150713,1.188,1.188,1.1616,1.1704,15267,0
20150714,1.188,1.188,1.1616,1.1704,2558,0
20150715,1.1616,1.1792,1.1616,1.1616,4528,0
20150717,1.188,1.188,1.1704,1.188,2326,0
20150720,1.1704,1.1704,1.1704,1.1704,342,0
20150721,1.1792,1.188,1.1792,1.1792,1352,0
20150722,1.1704,1.1792,1.1264,1.144,24139,0
20150723,1.1352,1.1352,1.1352,1.1352,13066,0
20150724,1.1704,1.1704,1.1352,1.1352,6624,0
20150727,1.1352,1.1352,1.1264,1.1264,8977,0
20150728,1.1176,1.1176,1.1176,1.1176,568,0
20150729,1.144,1.1616,1.1264,1.1264,4391,0
20150730,1.1088,1.144,1.1088,1.144,4448,0
20150803,1.144,1.144,1.144,1.144,455,0
20150804,1.144,1.1704,1.1176,1.1704,7539,0
20150805,1.144,1.1704,1.144,1.1704,8163,0
20150806,1.1352,1.1352,1.1352,1.1352,636,0
20150810,1.1352,1.1616,1.1264,1.1352,1784,0
20150811,1.1264,1.144,1.1264,1.144,10315,0
20150812,1.1264,1.1616,1.1264,1.1616,1261,0
20150813,1.1176,1.1352,1.1176,1.1352,39153,0
20150814,1.1352,1.1352,1.1176,1.1176,4602,0
20150817,1.1088,1.1176,1.1088,1.1176,5868,0
20150818,1.1176,1.1176,1.056,1.1,67743,0
20150819,1.1,1.1,1.0824,1.0824,1751,0
20150820,1.1,1.1176,1.1,1.1176,20457,0
20150821,1.1088,1.1088,1.0824,1.0824,18870,0
20150824,1.0648,1.0736,1.0032,1.0208,42197,0
20150825,1.0032,1.0472,0.968,0.968,206408,0
20150826,0.9768,0.9768,0.9152,0.924,56765,0
20150827,0.9064,0.9152,0.88,0.8888,100855,0
20150828,0.9152,0.9416,0.8888,0.8888,349186,0
20150831,0.8888,0.924,0.8888,0.924,12631,0
20150901,0.9064,0.9064,0.88,0.9064,97988,0
20150902,0.88,0.9064,0.8712,0.88,25815,0
20150903,0.88,0.9064,0.88,0.88,45186,0
20150904,0.8888,0.9152,0.88,0.9064,16949,0
20150907,0.9152,0.9152,0.88,0.9064,23766,0
20150908,0.88,0.8888,0.8712,0.8712,32993,0
20150909,0.8888,0.9064,0.88,0.88,912481,0
20150910,0.88,0.8976,0.88,0.88,18190,0
20150911,0.88,0.88,0.88,0.88,32425,0
20150914,0.9064,0.9064,0.8888,0.8888,33816,0
20150915,0.8888,0.8888,0.8624,0.8888,37557,0
20150916,0.8888,0.8888,0.8624,0.88,12933,0
20150917,0.88,0.88,0.8536,0.8624,89252,0
20150918,0.8624,0.8888,0.8624,0.8888,15872,0
20150921,0.88,0.9064,0.8624,0.88,243547,0
20150922,0.8712,0.88,0.8712,0.8712,38715,0
20150923,0.8624,0.9416,0.8536,0.88,96250,0
20150924,0.9152,0.9152,0.8976,0.9064,7915,0
20150925,0.8888,0.9064,0.8712,0.88,30094,0
20150928,0.88,0.8888,0.8536,0.88,59523,0
20150929,0.96,0.96,0.91,0.94,72153,0
20150930,0.94,0.95,0.93,0.95,4046,0
20151001,0.91,0.95,0.91,0.95,3390,0
20151002,0.91,0.93,0.91,0.93,2054,0
20151005,0.91,0.92,0.91,0.92,5667,0
20151006,0.91,0.93,0.91,0.91,3565,0
20151007,0.95,0.98,0.95,0.95,25000,0
20151008,0.97,0.97,0.95,0.95,8561,0
20151009,0.93,0.95,0.92,0.94,10476,0
20151012,0.95,0.96,0.93,0.93,6612,0
20151013,0.97,0.97,0.94,0.94,11300,0
20151014,0.92,0.93,0.9,0.91,13343,0
20151015,0.91,0.93,0.85,0.89,57870,0
20151016,0.87,0.9,0.85,0.85,49320,0
20151019,0.85,0.88,0.85,0.85,14686,0
20151020,0.85,0.88,0.85,0.86,259568,0
20151021,0.85,0.91,0.85,0.91,25860,0
20151022,0.91,0.91,0.88,0.91,3146,0
20151023,0.88,0.9,0.88,0.9,8010,0
20151026,0.9,0.9,0.85,0.89,157908,0
20151027,0.88,0.88,0.85,0.86,11474,0
20151028,0.84,0.85,0.82,0.85,9366,0
20151029,0.83,0.83,0.82,0.83,4990,0
20151030,0.82,0.84,0.82,0.84,4000,0
20151102,0.84,0.85,0.76,0.77,124412,0
20151103,0.77,0.79,0.77,0.78,14986,0
20151104,0.78,0.78,0.72,0.72,27035,0
20151105,0.72,0.75,0.7,0.7,54828,0
20151106,0.69,0.69,0.65,0.67,86296,0
20151109,0.68,0.68,0.64,0.65,270110,0
20151110,0.64,0.64,0.6,0.62,32709,0
20151112,0.64,0.69,0.63,0.63,139835,0
20151113,0.64,0.64,0.59,0.61,21996,0
20151116,0.62,0.68,0.56,0.6,138521,0
20151117,0.65,0.65,0.59,0.62,42133,0
20151118,0.62,0.63,0.59,0.63,16167,0
20151119,0.63,0.63,0.61,0.61,16934,0
20151120,0.6,0.62,0.6,0.62,23544,0
20151123,0.62,0.62,0.56,0.57,41977,0
20151124,0.58,0.59,0.55,0.58,30855,0
20151125,0.57,0.57,0.54,0.54,37897,0
20151126,0.55,0.55,0.5,0.54,86067,0
20151127,0.53,0.53,0.49,0.49,160237,0
20151130,0.49,0.53,0.44,0.51,365446,0
20151201,0.53,0.55,0.52,0.55,85110,0
20151202,0.54,0.55,0.5,0.53,148782,0
20151203,0.53,0.55,0.5,0.54,18824,0
20151204,0.53,0.58,0.53,0.56,75905,0
