20150609,17.3,17.33,17.05,17.33,4415,0
20150610,17.38,17.5,17.31,17.49,2768,0
20150611,17.34,17.6,17.32,17.59,24526,0
20150612,17.59,17.59,17.36,17.36,1469,0
20150615,17.21,17.55,17.2,17.55,33988,0
20150616,17.55,17.74,17.27,17.74,1668,0
20150617,17.7,17.74,17.4,17.74,1973,0
20150618,17.5,17.74,17.5,17.72,501,0
20150619,17.6,17.68,17.25,17.68,6374,0
20150622,17.51,17.74,17.49,17.74,8500,0
20150623,17.73,17.74,17.7,17.74,5495,0
20150624,17.7,17.94,17.56,17.93,10573,0
20150625,17.87,17.93,17.5,17.74,2071,0
20150626,17.56,17.7,17.35,17.7,2082,0
20150629,17.31,17.7,16.6,17.44,10348,0
20150630,16.94,17.44,16.94,17.4,2644,0
20150701,17.02,17.28,16.82,17.28,5616,0
20150702,17.16,17.39,17.16,17.36,3849,0
20150703,17.38,17.43,17.01,17.43,1912,0
20150706,17.39,17.4,17.39,17.4,837,0
20150707,17.43,17.49,17.12,17.4,65000,0
20150708,17.3,17.4,17.01,17.25,2692,0
20150709,17,17.35,16.88,17.35,2493,0
20150710,17.4,17.5,17,17.49,2610,0
20150713,17.47,17.47,17.15,17.4,815,0
20150714,17.44,17.44,17.44,17.44,570,0
20150715,17.45,17.45,17.27,17.28,2374,0
20150716,17.43,17.43,17.4,17.4,4278,0
20150717,17.43,17.5,17.39,17.5,2496,0
20150720,17.45,17.88,17.45,17.84,1989,0
20150721,17.8,17.95,17.54,17.91,46343,0
20150722,17.91,17.95,17.7,17.85,3247,0
20150723,17.8,17.8,17.7,17.8,111,0
20150724,17.7,17.7,17.31,17.69,801,0
20150727,17.64,17.74,17.37,17.74,2519,0
20150728,17.69,17.73,17.69,17.73,100,0
20150729,17.75,17.79,17.75,17.77,1653,0
20150730,17.77,17.77,17.61,17.7,625,0
20150731,17.7,17.7,17.51,17.51,5589,0
20150803,17.55,17.69,17.41,17.5,3191,0
20150804,17.44,17.5,17.44,17.5,810,0
20150805,17.55,17.8,17.5,17.5,22987,0
20150806,17.72,18.15,17.72,18,10720,0
20150807,18.1,18.25,18,18.04,9144,0
20150810,18.23,18.23,18.01,18.16,2109,0
20150811,18.19,18.2,18,18.2,4993,0
20150812,18.1,18.2,18.02,18.14,1223,0
20150813,18.02,18.13,17.9,18,22894,0
20150814,17.95,17.95,17.8,17.8,2327,0
20150817,17.9,17.9,16.46,16.9,31517,0
20150818,16.9,16.9,16.41,16.8,6740,0
20150819,16.8,16.8,16.4,16.5,37055,0
20150820,16.2,16.28,16.15,16.28,3095,0
20150821,16.28,16.28,16.17,16.17,1976,0
20150824,16.17,16.17,15.1,16.17,15961,0
20150825,15.8,16.26,15.5,16,9881,0
20150826,15.96,15.97,15.56,15.9,4339,0
20150827,16,16.27,16,16.27,3201,0
20150828,16.19,16.2,15.9,16,1926,0
20150831,16,16.5,15.92,16.5,4354,0
20150901,16,16.5,15.93,16.35,3932,0
20150902,16.34,16.34,16,16.11,6535,0
20150903,16.1,16.3,16,16.3,8030,0
20150904,16.18,16.5,16.17,16.5,5015,0
20150907,16.5,16.55,16.17,16.28,2910,0
20150908,16.17,16.46,16.17,16.4,3570,0
20150909,16.53,16.53,16.4,16.5,762,0
20150910,16.48,16.49,16.26,16.49,2252,0
20150911,16.26,16.44,16.26,16.44,505,0
20150914,16.49,16.5,16.49,16.49,266,0
20150915,16.49,16.49,16.26,16.49,410,0
20150916,16.47,16.47,16.4,16.4,154,0
20150917,16.44,16.47,16.3,16.3,822,0
20150918,16.48,16.48,15.8,16.33,6590,0
20150921,16.3,16.3,16.3,16.3,200,0
20150922,16.29,16.29,15.96,16.28,184,0
20150923,15.99,16.24,15.91,16.23,949,0
20150924,16.2,16.21,16,16.21,329,0
20150925,16.2,16.2,16.2,16.2,240,0
20150928,16.1,16.19,15.95,16.18,1072,0
20150929,16,16.18,15.95,16.18,1396,0
20150930,16,16.14,15.91,16.08,1703,0
20151001,16.05,16.05,15.51,15.55,3671,0
20151002,15.6,15.65,15.11,15.65,4690,0
20151005,15.69,15.69,15.64,15.64,1320,0
20151006,15.6,15.99,15.4,15.98,2077,0
20151007,15.98,15.98,15.86,15.97,501,0
20151008,15.98,15.99,15.86,15.99,1357,0
20151009,16,16.14,15.98,16,8204,0
20151012,15.98,16,15.9,15.95,2077,0
20151013,15.97,15.98,15.97,15.98,1335,0
20151014,15.99,15.99,15.89,15.89,5297,0
20151015,15.98,15.98,15.92,15.95,438,0
20151016,15.8,16.15,15.8,16.15,961,0
20151019,16.1,16.1,15.9,16,598,0
20151020,15.89,15.99,15.85,15.98,4510,0
20151021,15.95,15.95,15.85,15.95,246,0
20151022,15.98,15.98,15.45,15.8,6836,0
20151023,15.78,15.89,15.51,15.89,2973,0
20151026,15.65,15.7,15.46,15.48,3584,0
20151027,15.6,15.6,15.32,15.5,1494,0
20151028,15.55,15.86,15.4,15.48,1634,0
20151029,15.59,15.59,15.28,15.28,3348,0
20151030,15.33,15.48,15.12,15.17,5237,0
20151102,15.18,15.5,15.18,15.38,1990,0
20151103,15.38,15.38,15.3,15.38,667,0
20151104,15.5,15.5,15.49,15.49,172,0
20151105,15.5,15.5,15.36,15.36,3336,0
20151106,15.36,15.4,15.36,15.4,302,0
20151109,15.4,15.49,15.02,15.47,1787,0
20151110,15.1,15.44,15.1,15.4,780,0
20151112,15.3,15.39,15.3,15.35,2247,0
20151113,15.15,15.38,15.03,15.3,1142,0
20151116,15.1,15.1,14.94,15,3885,0
20151117,15.42,15.81,15.3,15.45,23832,0
20151118,15.6,15.6,15.3,15.45,1085,0
20151119,15.48,15.51,15.4,15.5,2877,0
20151120,15.5,15.5,15.42,15.5,5992,0
20151123,15.45,15.45,15.17,15.25,2792,0
20151124,15.3,15.35,15.18,15.34,736,0
20151125,15.3,15.3,15.3,15.3,2754,0
20151126,15.3,15.31,15.17,15.31,634,0
20151127,15.1,15.11,15.1,15.1,488,0
20151130,15.36,15.6,15.36,15.6,139,0
20151201,15.59,15.8,15.14,15.3,70864,0
20151202,15.76,15.76,15.76,15.76,10,0
20151203,15.67,15.67,15.3,15.6,759,0
20151204,15.3,15.49,15.15,15.49,3261,0
20151207,15.45,15.45,15.36,15.45,1344,0
20151208,15.4,15.4,14.91,15.4,776,0
20151209,15,15,14.57,15,4085,0
20151210,15,15,14.62,14.99,1255,0
20151211,14.99,15,14.5,14.5,4447,0
20151214,14.98,14.98,13.98,14,16485,0
20151215,14.02,14.82,14.02,14.6,6542,0
20151216,14.5,14.6,14.4,14.4,6247,0
20151217,14.4,14.6,14.36,14.6,6733,0
20151218,14.46,14.58,14.3,14.45,4598,0
20151221,14.46,14.55,14.45,14.55,654,0
20151222,14.5,14.75,14.35,14.38,3415,0
20151223,14.5,14.5,14.35,14.5,1941,0
20151228,14.4,14.5,14.4,14.5,8393,0
20151229,14.35,14.45,14.35,14.4,941,0
20151230,14.45,14.45,14.37,14.4,1641,0
20160104,14.88,14.88,14.5,14.86,2115,0
20160105,14.89,15.71,14.89,15.71,3335,0
20160107,15.65,15.65,15.4,15.58,320,0
20160108,15.56,15.56,15,15.34,3418,0
20160111,15.34,15.55,15,15.32,778,0
20160112,15.6,15.6,14.92,15.34,1320,0
20160113,15.1,15.49,15.1,15.38,1403,0
20160114,15.49,15.49,15,15,7179,0
20160115,15.44,15.44,14.95,15.38,130,0
20160118,15.3,15.3,15,15.22,1695,0
20160119,15,15.2,15,15.15,2865,0
20160120,14.76,15.17,14.76,15.15,595,0
20160121,15.15,15.29,14.76,14.99,2930,0
20160122,15.08,15.08,15.08,15.08,105,0
20160125,14.9,15,14.71,14.71,2837,0
20160126,14.8,14.99,14.63,14.95,745,0
20160127,14.63,14.94,14.63,14.9,997,0
20160128,14.95,15,14.95,15,600,0
20160129,15.3,15.7,15.3,15.7,16158,0
20160201,15.74,15.74,15.65,15.7,13707,0
20160202,15.7,15.7,15.55,15.69,165,0
20160203,15.61,15.9,15.55,15.89,4636,0
20160204,15.89,16.19,15.89,16.19,3796,0
20160205,16.05,16.16,15.72,16,4752,0
20160208,15.98,16,15.66,16,688,0
20160209,15.8,15.99,15.75,15.99,3839,0
20160210,15.99,16.4,15.99,16.36,2621,0
20160211,16.01,16.4,15.99,16.37,891,0
20160212,16.37,16.37,16.06,16.07,5018,0
20160215,16.3,16.37,16.05,16.3,2080,0
20160216,16.38,16.38,16.38,16.38,50,0
20160217,16.34,16.34,15.75,15.8,5400,0
20160218,16.05,16.05,16,16,1857,0
20160219,16.17,16.17,16.17,16.17,50,0
20160222,16,16.14,16,16.03,1467,0
20160223,16.05,16.1,16,16,1150,0
20160224,16.17,16.2,15.95,16.15,1667,0
20160225,16.14,16.33,16.14,16.25,2444,0
20160226,16.25,16.34,16.25,16.34,2274,0
20160229,16.35,16.49,16.35,16.46,2537,0
20160301,16.47,16.5,16.36,16.5,3760,0
20160302,16.95,17,16.66,16.99,11285,0
20160303,17,17,16.9,16.9,2523,0
20160304,16.9,16.9,16.84,16.9,1043,0
20160307,17,17,16.94,17,2318,0
20160308,17,17.3,17,17.11,6730,0
20160309,17.2,17.49,17.15,17.15,13814,0
20160310,17.35,17.5,17.35,17.5,2647,0
20160311,17.5,17.5,17.35,17.45,1070,0
20160314,17.5,17.6,17.5,17.55,2820,0
20160315,17.55,17.73,17.55,17.61,3083,0
20160316,17.6,17.72,17.5,17.55,5206,0
20160317,17.55,17.6,17.46,17.5,2844,0
20160318,17.5,17.6,17.47,17.6,3763,0
