20150220,5.5734,5.6393,5.4416,5.6393,10876,0
20150223,5.5545,5.8087,5.5545,5.6675,1915,0
20150224,5.6581,5.7428,5.6581,5.6958,788,0
20150225,5.6958,5.837,5.6863,5.837,25519,0
20150226,6.0347,6.5713,6.0347,6.5713,38563,0
20150227,6.2889,6.7878,6.2136,6.7878,24805,0
20150302,6.7784,6.7784,6.5054,6.5619,8723,0
20150303,6.5619,6.7314,6.5431,6.5431,12658,0
20150304,6.5525,6.5901,6.5525,6.5901,2020,0
20150305,6.5901,6.5996,6.4113,6.5807,4925,0
20150306,6.496,6.5807,6.4772,6.5807,1670,0
20150309,6.5713,6.5713,6.3736,6.5619,3574,0
20150310,6.4018,6.5525,6.2606,6.5525,4753,0
20150311,6.3077,6.4866,6.3077,6.4866,3187,0
20150312,6.3924,6.4866,6.3548,6.4866,438,0
20150313,6.4772,6.5242,6.2324,6.4678,9823,0
20150316,6.2889,6.7314,6.2889,6.5901,11665,0
20150317,6.5619,6.5619,6.4489,6.496,6617,0
20150318,6.496,6.5525,6.3077,6.4489,5541,0
20150319,6.3548,6.3548,6.3265,6.3265,552,0
20150320,6.3265,6.4489,6.3265,6.4489,5465,0
20150323,6.3736,6.4489,6.3548,6.4489,4036,0
20150324,6.3077,6.4489,6.3077,6.4489,913,0
20150325,6.5431,6.5431,6.3548,6.4678,1344,0
20150326,6.4772,6.4866,6.3548,6.3548,1489,0
20150327,6.5525,6.5525,6.5525,6.5525,495,0
20150330,6.5525,6.5525,6.4018,6.496,1636,0
20150331,6.4113,6.4113,6.4018,6.4113,740,0
20150401,6.4866,6.5713,6.4866,6.5713,1624,0
20150402,6.5807,6.5901,6.4207,6.4207,6911,0
20150407,6.4489,6.5431,6.4489,6.5431,9030,0
20150408,6.5713,6.5713,6.3736,6.4866,1210,0
20150409,6.383,6.4866,6.3548,6.4866,1509,0
20150410,6.3642,6.496,6.3548,6.496,3576,0
20150413,6.3736,6.3736,6.3736,6.3736,194,0
20150414,6.4018,6.4018,6.3736,6.383,371,0
20150415,6.4772,6.5901,6.4772,6.496,5762,0
20150416,6.5807,6.5807,6.496,6.496,3755,0
20150417,6.496,6.496,6.3924,6.496,4812,0
20150420,6.5525,6.5525,6.5431,6.5431,813,0
20150421,6.5431,6.5713,6.3924,6.5431,5099,0
20150422,6.5431,6.5431,6.4301,6.4301,652,0
20150423,6.4395,6.4489,6.4395,6.4395,617,0
20150424,6.4395,6.5337,6.4395,6.5337,579,0
20150427,6.4866,6.5242,6.4207,6.5242,1211,0
20150428,6.4583,6.5242,6.4395,6.5242,3439,0
20150429,6.4207,6.5337,6.4018,6.5337,6775,0
20150430,6.4113,6.5054,6.4018,6.5054,935,0
20150505,6.4113,6.4207,6.4018,6.4018,5057,0
20150506,6.4018,6.496,6.4018,6.4018,2897,0
20150507,6.4018,6.4018,6.3736,6.3736,211,0
20150508,6.4018,6.496,6.4018,6.496,757,0
20150511,6.496,6.5807,6.4018,6.5807,9625,0
20150512,6.5807,6.5807,6.5713,6.5713,2517,0
20150513,6.5713,6.5713,6.4866,6.4866,5048,0
20150514,6.496,6.5148,6.4207,6.5148,11882,0
20150515,6.4395,6.769,6.4395,6.609,15764,0
20150518,6.6372,6.6372,6.609,6.609,3994,0
20150519,6.5713,6.5713,6.5713,6.5713,319,0
20150520,6.5619,6.7125,6.496,6.5713,4666,0
20150521,6.5713,6.5713,6.5337,6.5337,264,0
20150522,6.6937,6.7125,6.5901,6.5901,2785,0
20150525,6.5901,6.609,6.5337,6.5337,2016,0
20150526,6.5337,6.5337,6.5337,6.5337,2230,0
20150527,6.5337,6.6372,6.5054,6.6372,1397,0
20150528,6.6372,6.7502,6.5901,6.7502,4956,0
20150529,6.7596,6.9667,6.7596,6.9196,19098,0
20150601,6.9196,7.0985,6.9196,7.042,5640,0
20150602,7.042,7.0891,6.8914,6.9008,2232,0
20150603,6.9008,6.9855,6.8255,6.9573,8162,0
20150605,6.8914,7.0797,6.8914,7.0703,8541,0
20150608,7.0703,7.0703,6.9855,6.9855,1810,0
20150609,6.9479,7.0514,6.9385,6.9385,1247,0
20150610,6.9573,7.0514,6.9385,7.0514,214,0
20150612,7.0514,7.0514,6.9385,6.9855,2302,0
20150615,6.9385,6.9855,6.9196,6.9855,1082,0
20150616,6.9196,6.9573,6.8914,6.9573,1800,0
20150617,6.9008,6.9008,6.27,6.383,19997,0
20150618,6.3077,6.4018,5.7899,6.4018,86164,0
20150619,6.4018,6.4018,6.0441,6.3736,8606,0
20150622,6.3736,6.3736,6.0818,6.1194,10346,0
20150623,6.3359,6.3359,6.0064,6.1194,38053,0
20150624,5.9688,6.1006,5.9123,6.1006,7346,0
20150625,6.1194,6.1194,6.11,6.11,2837,0
20150626,6.0723,6.1194,5.9782,5.9782,13327,0
20150629,6.2136,6.2136,5.8464,5.9782,14421,0
20150630,5.9782,5.9782,5.837,5.9311,11420,0
20150701,5.8935,5.9311,5.8841,5.8841,4589,0
20150702,5.9311,6.0629,5.9311,6.0159,912,0
20150703,6.0441,6.0441,5.997,5.997,733,0
20150706,5.9688,6.0253,5.8935,5.9311,10063,0
20150707,6.0535,6.0912,5.9311,5.9782,5749,0
20150708,5.9594,6.0912,5.9311,6.0912,4619,0
20150709,6.1006,6.1288,6.1006,6.11,7652,0
20150710,6.1,6.3,6.1,6.29,7052,0
20150713,6.35,6.44,6.35,6.44,2558,0
20150714,6.3,6.43,6.3,6.35,954,0
20150715,6.34,6.34,6.23,6.26,665,0
20150716,6.39,6.39,6.28,6.32,1815,0
20150717,6.38,6.38,6.3,6.3,558,0
20150720,6.3,6.3,6.25,6.25,1273,0
20150721,6.25,6.25,6.25,6.25,150,0
20150722,6.3,6.3,6,6.15,8044,0
20150723,6.17,6.17,5.89,5.89,13395,0
20150724,5.72,5.94,5.65,5.68,16961,0
20150727,5.53,5.76,5.53,5.76,1557,0
20150728,5.86,5.9,5.8,5.86,1993,0
20150729,5.87,5.9,5.87,5.89,914,0
20150730,5.89,5.89,5.69,5.83,12622,0
20150731,5.82,5.82,5.65,5.74,8943,0
20150803,5.7,5.77,5.7,5.75,757,0
20150804,5.75,5.81,5.75,5.8,1883,0
20150805,5.76,5.93,5.75,5.75,8695,0
20150806,5.75,5.75,5.71,5.75,8874,0
20150807,5.75,5.78,5.75,5.75,2667,0
20150810,5.7,5.76,5.7,5.76,1983,0
20150811,5.69,5.71,5.67,5.69,9196,0
20150812,5.67,5.86,5.6,5.63,5488,0
20150813,5.65,5.65,5.56,5.59,10330,0
20150814,5.68,5.7,5.57,5.59,29016,0
20150817,5.61,5.78,5.51,5.75,17625,0
20150818,5.7,5.7,5.7,5.7,5802,0
20150819,5.7,5.7,5.65,5.7,4461,0
20150820,5.85,5.85,5.7,5.75,16395,0
20150821,5.71,5.71,5.54,5.65,10527,0
20150824,5.59,5.59,5.18,5.23,19562,0
20150825,5.1,5.45,5.05,5.15,11328,0
20150826,5.32,5.38,5.17,5.33,6787,0
20150827,5.34,5.74,5.22,5.66,161841,0
20150828,5.71,5.9,5.71,5.9,9366,0
20150831,5.89,6.29,5.89,6.29,15106,0
20150901,6.12,6.12,6,6.1,71081,0
20150902,6,6.18,6,6.1,6791,0
20150903,6.24,6.24,6.04,6.15,12804,0
20150904,6,6.33,6,6.3,13278,0
20150907,6.41,6.41,6.23,6.36,2138,0
20150908,6.33,6.65,6.2,6.65,26059,0
20150909,6.55,6.6,6.45,6.56,10160,0
20150910,6.56,6.56,6.4,6.45,8473,0
20150911,6.55,6.55,6.31,6.44,8272,0
20150914,6.3,6.58,6.28,6.31,11979,0
20150915,6.44,6.6,6.39,6.6,12454,0
20150916,6.64,6.65,6.4,6.45,9282,0
20150917,6.55,6.7,6.4,6.57,10950,0
20150918,6.6,6.6,6.43,6.55,10358,0
20150921,6.55,6.65,6.46,6.65,11644,0
20150922,6.72,6.73,6.69,6.73,7080,0
20150923,6.71,6.82,6.69,6.79,6112,0
20150924,6.71,6.78,6.61,6.77,5931,0
20150925,6.82,6.83,6.78,6.82,6945,0
20150928,6.82,6.82,6.6,6.68,7725,0
20150929,6.59,6.82,6.59,6.81,6219,0
20150930,6.8,6.8,6.69,6.8,4860,0
20151001,6.7,6.8,6.7,6.7,1538,0
20151002,6.79,6.79,6.7,6.7,772,0
20151005,6.77,6.78,6.65,6.74,2719,0
20151006,6.65,6.65,6.37,6.55,3673,0
20151007,6.5,6.52,6.19,6.52,9301,0
20151008,6.57,6.64,6.35,6.5,2371,0
20151009,6.54,6.54,6.49,6.52,682,0
20151012,6.29,6.43,6.26,6.43,5888,0
20151013,6.4,6.4,6.3,6.35,5265,0
20151014,6.25,6.35,6.25,6.35,2533,0
20151016,6.22,6.32,6.16,6.3,8708,0
20151019,6.18,6.33,6.18,6.31,5524,0
20151020,6.18,6.46,6.18,6.46,7278,0
20151021,6.46,6.7,6.4,6.7,6334,0
20151022,6.5,6.69,6.5,6.69,5500,0
20151023,6.45,6.72,6.45,6.72,11141,0
20151026,6.84,6.91,6.75,6.9,16893,0
20151027,6.93,7,6.9,6.98,17704,0
20151028,6.9,7,6.82,7,8934,0
20151029,7.02,7.08,6.98,7.07,6241,0
20151030,7.08,7.1,6.95,7.07,8638,0
20151102,6.9,7.08,6.9,7.07,5395,0
20151103,6.94,6.94,6.93,6.93,600,0
20151104,7.12,7.12,6.98,7.12,1008,0
20151105,6.93,7.05,6.93,7.05,540,0
20151106,7.51,7.54,7.3,7.3,49267,0
20151109,7.46,7.46,7.3,7.3,5073,0
20151110,7.3,7.3,7.26,7.27,35454,0
20151112,7.28,7.4,7.27,7.4,15151,0
20151113,7.39,7.39,7.12,7.3,26717,0
20151116,7.34,7.65,7.19,7.5,30666,0
20151117,7.6,7.63,7.39,7.58,24298,0
20151118,7.4,7.73,7.4,7.7,14486,0
20151119,7.7,7.77,7.63,7.73,13808,0
20151120,7.72,7.77,7.63,7.7,2832,0
20151123,7.9,8.12,7.84,7.87,32773,0
20151124,7.92,7.92,7.7,7.7,12190,0
20151125,7.84,7.84,7.5,7.7,11260,0
20151126,7.85,7.91,7.75,7.91,11553,0
20151127,7.93,8,7.83,8,6919,0
20151130,8.05,8.08,7.97,8.05,5966,0
20151201,8.03,8.03,7.94,8.03,6302,0
20151202,8.02,8.02,7.4,7.52,23170,0
20151203,7.69,7.93,7.5,7.9,10337,0
20151204,7.69,7.9,7.69,7.82,11672,0
