20150608,15.72,16.1,15.52,15.53,2778,0
20150609,15.64,15.64,15.48,15.48,1376,0
20150610,15.65,15.85,15.4,15.4,1661,0
20150611,15.41,15.41,15.32,15.32,6819,0
20150612,15.32,15.49,15.15,15.15,4935,0
20150615,15.8,15.8,15.02,15.1,3082,0
20150616,15.02,15.02,15.01,15.01,141,0
20150617,15.02,15.15,15,15,795,0
20150618,14.95,15.12,14.95,14.96,792,0
20150619,14.96,15.4,14.96,15.18,27178,0
20150622,15.31,15.35,15.25,15.28,244,0
20150623,15.28,15.96,15.28,15.64,2042,0
20150624,15.65,15.65,15.3,15.32,16284,0
20150625,15.35,15.4,15.35,15.4,3282,0
20150626,15.4,15.49,15.35,15.49,1034,0
20150629,14.99,15.33,14.62,15.14,4309,0
20150630,15.14,15.4,15.14,15.4,2571,0
20150701,14.91,15.29,14.45,14.95,1671,0
20150702,14.98,15.49,14.98,15.48,23975,0
20150703,15.47,15.47,15.11,15.11,1446,0
20150706,15.2,15.41,15.12,15.41,31357,0
20150707,15.39,15.48,15.2,15.48,3168,0
20150708,15.48,15.48,15.21,15.21,2666,0
20150709,15.21,15.44,15.21,15.4,131589,0
20150710,15.2,15.45,15.2,15.45,777,0
20150713,15.45,15.49,15.4,15.49,1421,0
20150714,15.4,15.69,15.4,15.69,772,0
20150715,15.7,16.5,15.69,16.5,27067,0
20150716,16.8,16.9,16.71,16.8,10022,0
20150717,16.9,16.9,16.69,16.77,1526,0
20150720,16.88,16.9,16.86,16.9,1397,0
20150721,16.9,16.9,16.6,16.6,793,0
20150722,16.6,16.67,16.14,16.4,730,0
20150723,16.2,16.49,16.2,16.2,528,0
20150724,16,16.84,16,16.73,3224,0
20150727,16.72,16.72,16.1,16.1,761,0
20150728,15.71,16.1,15.71,16.03,1271,0
20150729,16.03,16.49,16.02,16.25,900,0
20150730,16.25,16.25,16,16.19,26808,0
20150731,16.18,16.25,16,16.25,101,0
20150803,16.25,16.25,16.25,16.25,1,0
20150804,16.1,16.23,16,16.23,582,0
20150805,16.24,17.5,16.12,16.91,19732,0
20150806,17.34,17.35,16.7,17.35,2495,0
20150807,17.34,17.34,17.15,17.15,554,0
20150810,17.34,17.34,17,17.28,1155,0
20150811,17.28,17.28,17,17,995,0
20150812,16.9,16.9,16.24,16.55,4001,0
20150813,16.4,16.85,16.31,16.85,1026,0
20150814,16.85,17,16.85,17,1178,0
20150817,16.95,16.95,16.71,16.71,3076,0
20150818,16.72,16.8,16.72,16.79,3358,0
20150819,16.8,16.8,16.4,16.6,13337,0
20150820,16.36,16.36,16.27,16.27,1031,0
20150821,16.27,16.5,16.27,16.5,576,0
20150824,16.45,16.6,15.9,16.42,46194,0
20150825,15.81,16.34,15.81,16.2,11784,0
20150826,16.79,16.79,16.2,16.2,5117,0
20150827,16.2,16.2,16.15,16.15,1555,0
20150828,16.2,16.25,16.17,16.2,8561,0
20150831,16.2,16.8,16.2,16.8,3173,0
20150901,16.78,16.79,16.2,16.6,3334,0
20150902,16.5,17,16.5,16.6,3525,0
20150903,16.58,16.85,16.58,16.83,1913,0
20150904,16.43,16.65,16.43,16.6,5100,0
20150907,16.6,16.8,16.44,16.8,102,0
20150908,16.79,16.8,16.65,16.65,568,0
20150909,16.83,16.83,16.48,16.5,491,0
20150910,16.5,16.6,16.5,16.55,419,0
20150911,16.6,16.6,16.6,16.6,317,0
20150915,16.7,16.75,16.45,16.5,614,0
20150916,16.5,16.5,16.5,16.5,29,0
20150917,17,19.99,17,18.5,54286,0
20150918,18.5,18.77,18.5,18.64,35255,0
20150921,18.65,18.65,18.3,18.5,8353,0
20150922,18.6,18.6,18.45,18.5,3020,0
20150923,18.5,18.5,18.2,18.37,2010,0
20150924,18.37,18.37,16.56,17.98,23089,0
20150925,17.98,18,17.7,17.99,866,0
20150928,17.9,17.9,17.6,17.89,3459,0
20150929,17.89,18.1,17.89,17.89,6985,0
20150930,17.8,18.1,17.8,17.99,14930,0
20151001,17.99,17.99,17.8,17.8,2109,0
20151002,17.84,17.84,17.6,17.8,2594,0
20151005,17.79,17.79,17.52,17.7,666,0
20151006,17.76,17.77,17.76,17.77,152,0
20151007,17.77,17.77,16.84,17.22,32049,0
20151008,17.22,17.79,17.22,17.59,2772,0
20151009,17.51,17.51,17.11,17.44,8640,0
20151012,17.4,17.4,17.1,17.1,823,0
20151013,17.16,17.16,17.02,17.02,673,0
20151014,17.2,17.3,17.02,17.02,940,0
20151015,17.3,17.39,17.07,17.07,3989,0
20151016,17.05,17.05,17.05,17.05,5,0
20151019,17,17,16.02,17,32569,0
20151020,16.99,17,16.8,17,5753,0
20151021,16.8,16.83,16.8,16.83,224,0
20151022,16.87,17,16.8,16.8,2211,0
20151023,16.75,17,16.75,16.92,1446,0
20151026,16.85,16.85,16.41,16.85,1374,0
20151027,16.8,16.8,15.53,16.12,9839,0
20151028,16.12,16.12,15.91,15.91,9069,0
20151029,15.82,16.04,15.66,15.66,5226,0
20151030,15.65,16,15.62,15.62,8806,0
20151102,15.84,16.05,15.7,15.7,1885,0
20151103,15.75,15.75,15,15.7,7245,0
20151104,15.72,16,15.72,16,10813,0
20151105,16,16,15.61,16,1306,0
20151106,15.68,15.99,15.64,15.99,2578,0
20151109,15.99,16,15.76,16,5619,0
20151110,15.99,16,15.9,15.9,7674,0
20151112,15.88,16,15.88,16,1062,0
20151113,15.99,15.99,15.71,15.71,4918,0
20151116,15.71,15.71,15.1,15.32,2457,0
20151117,14.7,15.44,14.45,14.45,19470,0
20151118,14.45,14.45,14.45,14.45,1412,0
20151119,14.5,14.77,14.5,14.75,16721,0
20151120,14.75,15.5,14.75,15.38,53383,0
20151123,15.69,15.69,15.2,15.4,11413,0
20151124,15.55,15.55,15.2,15.3,4385,0
20151125,15.12,15.2,15,15.2,1230,0
20151126,15,15,14.5,14.6,5105,0
20151127,14.51,14.88,14.51,14.88,2581,0
20151130,14.9,15.3,14.42,15.3,27883,0
20151201,15.4,16,15.4,15.8,27477,0
20151202,15.81,15.81,15.77,15.77,32,0
20151203,15.74,15.74,15.4,15.74,726,0
20151204,15.74,15.74,15,15.4,3815,0
20151207,15.2,15.2,14.99,15.2,3775,0
20151208,15.68,15.68,14.5,15.13,7772,0
20151209,14.76,15.09,14.5,14.7,6203,0
20151210,14.4,14.72,14.02,14.5,2633,0
20151211,14.53,14.73,14.53,14.7,1879,0
20151214,14.73,14.9,13.33,13.45,13100,0
20151215,13.61,14.5,13.61,14.37,9802,0
20151216,14.5,14.65,13.98,14.19,19316,0
20151217,14.4,14.5,14.05,14.09,28380,0
20151218,14.28,14.5,13.52,14.2,38928,0
20151221,14.2,14.39,14.1,14.19,14169,0
20151222,14.12,14.12,13.66,13.66,7910,0
20151223,13.66,14,13.6,14,10689,0
20151228,14,14.2,14,14.1,1441,0
20151229,14.19,14.3,14.1,14.2,2870,0
20151230,14.35,14.5,14.27,14.45,8448,0
20160104,14.2,14.43,14,14.1,8573,0
20160105,14.1,14.1,13.88,13.99,5852,0
20160107,13.99,13.99,13.85,13.9,8646,0
20160108,13.98,14,13.8,13.9,12577,0
20160111,13.9,14.18,13.82,14.08,18175,0
20160112,14,14,14,14,707,0
20160113,13.9,14,13.9,13.99,174,0
20160114,13.99,13.99,13.99,13.99,51,0
20160115,13.94,13.94,13.6,13.92,3881,0
20160118,13.91,13.91,13.05,13.33,9157,0
20160119,13.58,13.58,12.99,13.3,6768,0
20160120,13.01,13.3,12.8,12.8,11769,0
20160121,12.85,12.98,12.5,12.5,2428,0
20160122,12.7,12.7,12.4,12.7,5610,0
20160125,12.95,13.1,12.95,12.95,2010,0
20160126,13.2,13.3,12.95,13.2,837,0
20160127,13.35,13.49,13,13.37,282,0
20160128,13.77,14,12.5,12.65,55444,0
20160129,13,13.24,12.66,13.24,1838,0
20160201,13.24,13.24,13.24,13.24,106,0
20160202,13.24,13.24,12.65,12.99,15499,0
20160203,12.85,13.1,12.8,13.1,1819,0
20160204,12.6,13,12.56,12.94,2744,0
20160205,13.08,13.15,12.7,13,6902,0
20160208,13,13.25,13,13.25,2709,0
20160209,13.25,13.95,13.25,13.93,3312,0
20160210,13.95,13.97,13.74,13.97,13093,0
20160211,13.97,14.45,13.8,13.8,3344,0
20160212,13.82,13.85,13.35,13.35,5226,0
20160215,13.4,13.95,13.4,13.89,32,0
20160216,13.89,13.89,13.4,13.65,435,0
20160217,13.64,13.64,13.25,13.55,4174,0
20160218,13.55,13.59,13.55,13.59,1935,0
20160219,13.55,13.59,13.31,13.49,1113,0
20160222,13.5,13.59,13.3,13.49,3544,0
20160223,13.57,13.57,12.9,13.22,6535,0
20160224,13.22,13.22,12.86,13,10894,0
20160225,12.9,13.15,12.9,13,4039,0
20160226,12.99,13.24,12.99,13,2222,0
20160229,13.14,13.14,13,13,424,0
20160301,13.1,13.9,13.1,13.48,12869,0
20160302,13.54,13.65,13.45,13.65,6748,0
20160303,13.64,14,13.51,13.8,16435,0
20160304,14,14,13.33,13.79,4147,0
20160307,13.8,13.88,13.35,13.5,12781,0
20160308,13.46,13.9,13.38,13.9,7769,0
20160309,13.94,13.94,13.46,13.5,23690,0
20160310,13.69,13.9,12.76,12.9,63635,0
20160311,12.8,12.99,12.3,12.3,20058,0
20160314,12.3,12.3,12.01,12.15,4984,0
20160315,12.29,12.29,11.3,11.59,65654,0
20160316,11.6,12,11.6,11.81,5262,0
20160317,11.85,12.2,11.7,12.2,3865,0
20160318,12.2,12.3,11.9,11.93,6610,0
