20150603,10.31,10.31,10.31,10.31,60,0
20150605,10.3,10.3,10.3,10.3,584,0
20150608,10.3,10.3,10.15,10.15,3732,0
20150609,10.32,11.3,10.25,10.75,14456,0
20150610,10.8,11.5,10.8,11.5,7084,0
20150611,11.5,11.5,11.49,11.5,959,0
20150612,11.5,11.5,11.3,11.4,6225,0
20150615,11.38,11.38,11.3,11.3,185,0
20150616,11.21,11.5,11.21,11.45,3036,0
20150617,11.49,11.5,11.46,11.5,833,0
20150618,11.5,11.5,11.22,11.22,1295,0
20150619,11.24,11.5,11.01,11.5,4113,0
20150622,11.5,11.5,11.26,11.26,1652,0
20150623,11.39,11.4,11.3,11.4,4989,0
20150624,11.48,11.5,11.48,11.49,472,0
20150625,11.5,11.5,11.5,11.5,1010,0
20150626,11.5,11.55,11.19,11.5,4441,0
20150629,11.44,11.44,11.18,11.2,1915,0
20150630,11.2,11.2,11.2,11.2,694,0
20150701,11.22,11.22,11.2,11.2,630,0
20150702,11.2,11.2,11.15,11.2,985,0
20150703,11.2,11.2,11.2,11.2,10,0
20150706,11.21,11.21,11,11.05,1485,0
20150707,11.05,11.05,11.05,11.05,34,0
20150708,11.05,11.11,11.05,11.11,1098,0
20150709,11.07,11.15,11.05,11.15,2332,0
20150710,11.22,11.97,11.15,11.73,3460,0
20150713,11.8,11.8,11.57,11.8,4494,0
20150714,11.8,11.8,11.6,11.6,826,0
20150715,11.7,11.8,11.7,11.8,137,0
20150716,11.8,11.8,11.79,11.8,1084,0
20150717,11.8,11.8,11.79,11.8,627,0
20150720,11.52,11.6,11.52,11.6,605,0
20150721,11.69,11.69,11.69,11.69,165,0
20150722,11.8,11.8,11.8,11.8,25,0
20150723,11.75,11.8,11.74,11.8,1055,0
20150724,11.78,11.8,11.78,11.79,2288,0
20150727,11.56,11.56,11.56,11.56,100,0
20150728,11.6,11.6,11.6,11.6,735,0
20150729,11.8,11.8,11.6,11.6,480,0
20150730,11.6,11.6,11.6,11.6,34,0
20150731,11.6,11.6,11.6,11.6,133,0
20150803,11.6,11.61,11.6,11.61,75,0
20150804,11.6,11.7,11.6,11.61,1501,0
20150805,11.6,11.79,11.6,11.65,317,0
20150806,11.8,11.8,11.8,11.8,50,0
20150807,11.72,11.73,11.72,11.72,140,0
20150810,11.8,11.8,11.7,11.7,90,0
20150811,11.7,11.7,11.62,11.62,130,0
20150812,11.62,11.69,11.55,11.68,512,0
20150813,11.6,11.6,11.59,11.6,498,0
20150814,11.6,11.6,11.14,11.6,3262,0
20150817,11.5,11.5,11.26,11.27,1861,0
20150818,11.27,11.27,11.27,11.27,15,0
20150819,11.28,11.37,11.1,11.37,1800,0
20150820,11.4,11.5,11.37,11.37,285,0
20150821,11.3,11.7,11.3,11.41,1965,0
20150824,11.3,11.3,10.63,10.7,1359,0
20150825,10.13,10.4,9.52,10.4,1977,0
20150826,10.39,10.39,10.1,10.38,1021,0
20150827,10.39,10.39,10.3,10.39,728,0
20150828,10.5,11.2,10.5,11.2,2716,0
20150831,11.7,11.7,11.38,11.6,7266,0
20150901,11.38,11.67,11.38,11.67,6539,0
20150902,11.59,11.6,11.29,11.29,7390,0
20150903,11.56,11.7,11.01,11.35,2289,0
20150904,11.34,11.34,10.79,11,3636,0
20150907,11,11.36,10.69,11.35,6995,0
20150908,11.4,11.79,11.4,11.78,2428,0
20150909,11.77,12.45,11.49,12.3,7466,0
20150910,12.49,12.68,11.9,11.9,3735,0
20150911,11.91,12.35,11.91,12.35,5464,0
20150914,12.17,12.35,12.16,12.19,3272,0
20150915,12.17,12.35,12.15,12.35,6198,0
20150916,12.34,12.34,12.34,12.34,340,0
20150917,12.33,12.33,12.33,12.33,2,0
20150918,12.2,12.25,12.11,12.2,5585,0
20150921,12.25,12.25,12.25,12.25,10,0
20150922,12.25,12.25,12.25,12.25,20,0
20150923,12.2,12.2,11.91,11.91,222,0
20150925,11.99,12.2,11.99,12.15,4606,0
20150928,12.15,12.15,12.15,12.15,15,0
20150929,12.1,12.1,11.77,11.77,533,0
20150930,11.81,11.81,11.5,11.8,2050,0
20151001,11.8,11.82,11.79,11.81,2188,0
20151002,11.9,11.9,11.89,11.89,679,0
20151005,11.77,11.99,11.58,11.99,1943,0
20151006,12,12,12,12,15,0
20151007,12,12.15,12,12.15,3275,0
20151008,12.25,12.42,12.04,12.2,14603,0
20151009,12.2,12.66,11.72,12.65,8628,0
20151012,12.5,12.5,12.36,12.37,7657,0
20151013,12.4,12.4,12.37,12.37,35,0
20151014,12.4,12.4,12.39,12.39,504,0
20151015,12.4,12.67,12.39,12.67,4517,0
20151016,12.69,12.69,12.6,12.6,220,0
20151019,12.68,12.68,12.68,12.68,10,0
20151020,12.65,12.65,12.65,12.65,10,0
20151021,12.5,12.6,12.5,12.5,230,0
20151022,12.39,12.8,12.39,12.8,9565,0
20151023,12.85,13.2,12.8,13.2,7147,0
20151026,13.2,13.2,13.19,13.2,1105,0
20151027,13.25,13.25,13.24,13.25,210,0
20151028,13.2,13.42,13.03,13.42,4357,0
20151029,13.32,13.39,13.2,13.2,1246,0
20151030,13.39,13.48,13.38,13.38,334,0
20151102,13.48,13.68,13.46,13.68,3505,0
20151103,13.73,13.96,13.48,13.96,5760,0
20151104,13.94,13.95,13.71,13.84,2575,0
20151105,13.94,14.37,13.93,14.37,9697,0
20151106,14.36,14.37,14,14,6466,0
20151109,14.24,14.24,13.99,14,2350,0
20151110,14,14.01,13.7,14.01,880,0
20151112,14.01,14.02,14.01,14.02,155,0
20151113,14.02,14.45,14.02,14.45,2290,0
20151116,13.74,14.3,13.69,13.9,4378,0
20151117,13.9,14.44,13.9,14.43,4050,0
20151118,14.42,14.42,14,14.25,1335,0
20151119,14.16,14.34,14,14.33,1280,0
20151120,14.32,14.32,13.8,14.21,3170,0
20151123,14.2,14.2,13.69,13.84,2275,0
20151124,13.8,14.03,13.69,14.03,3534,0
20151125,14.16,14.16,13.7,13.9,1150,0
20151126,14.15,14.15,13.58,13.7,2750,0
20151127,13.7,13.7,13.33,13.5,375,0
20151130,13.45,13.45,13.35,13.44,60,0
20151201,13.21,13.21,12.82,13.1,2104,0
20151202,13.09,13.09,13.06,13.07,1215,0
20151203,13.07,13.07,12.83,13.06,151,0
20151204,13.05,13.05,12.41,12.55,360,0
20151207,12.41,12.6,12.41,12.55,370,0
20151208,12.5,12.5,12.3,12.49,410,0
20151209,12.18,12.18,11.99,12,941,0
20151210,12,12,11.93,11.93,318,0
20151211,11.93,12,11.22,12,3235,0
20151214,12,12.6,11.99,12.6,1766,0
20151215,12.64,12.64,11.5,12.4,922,0
20151216,12.58,12.58,12.58,12.58,200,0
20151217,12.62,12.68,12.5,12.66,1260,0
20151218,12.7,12.7,12.45,12.69,50,0
20151221,12.69,12.69,12.31,12.53,3337,0
20151222,12.68,12.7,12.68,12.7,1263,0
20151223,12.7,12.7,11.92,12.69,2630,0
20151228,12.69,12.69,12.5,12.5,1653,0
20151229,12.5,12.5,12.31,12.31,780,0
20151230,12.6,12.6,12.6,12.6,10,0
20160104,12.6,12.6,12.44,12.6,727,0
20160105,12.73,12.73,12.1,12.7,1602,0
20160107,12.39,12.39,12.18,12.2,820,0
20160108,12.1,12.1,11.7,11.98,899,0
20160111,12.1,12.1,11.71,11.95,1797,0
20160112,11.95,13,11.95,13,24142,0
20160113,13.09,13.9,13.01,13.1,5141,0
20160114,13.1,13.29,13.01,13.08,2011,0
20160115,13.15,13.16,12.9,13.16,2775,0
20160118,12.8,13.1,12.79,13.1,4234,0
20160119,13.1,13.57,12.77,13.56,8145,0
20160120,13.16,13.16,13.01,13.01,831,0
20160121,13.01,13.01,12.65,12.8,330,0
20160122,13,13.17,12.61,12.77,3385,0
20160125,12.75,12.75,12.45,12.67,67,0
20160126,12.8,12.8,12.8,12.8,100,0
20160128,12.8,12.8,12.42,12.62,980,0
20160129,12.55,12.74,12.55,12.74,531,0
20160201,12.7,12.79,12.62,12.62,690,0
20160203,12.74,12.74,12.73,12.73,720,0
20160204,12.55,12.6,12.45,12.6,2500,0
20160205,12.6,12.6,12.3,12.4,2365,0
20160208,12.45,12.45,12.03,12.4,500,0
20160209,12.45,12.45,12.45,12.45,25,0
20160210,12.5,12.5,12.03,12.4,370,0
20160211,12.4,12.45,12.39,12.45,115,0
20160212,12.45,12.45,11.9,12.1,883,0
20160215,11.74,12.12,11.74,12,593,0
20160216,11.99,11.99,11.71,11.71,2054,0
20160217,11.72,11.95,11.71,11.95,212,0
20160218,11.99,11.99,11.71,11.71,420,0
20160219,11.75,11.75,11.7,11.75,990,0
20160222,11.8,11.84,11.73,11.84,205,0
20160223,11.8,12.18,11.71,12,3785,0
20160224,11.9,12,11.89,12,2236,0
20160225,12.03,12.43,11.74,12.39,3475,0
20160226,12.39,12.46,12.22,12.42,3978,0
20160229,12.46,12.46,11.93,12.45,5338,0
20160301,12.47,12.48,12.18,12.47,2285,0
20160302,12.6,12.82,12.35,12.35,1800,0
20160303,12.35,12.99,12.17,12.7,2455,0
20160304,13,13.11,12.7,12.85,7071,0
20160307,12.97,13.15,12.77,13,2491,0
20160308,13.08,13.27,12.78,13,6850,0
20160309,13,13.14,12.99,13.14,321,0
20160310,13.15,13.15,12.69,12.69,243,0
20160311,12.91,13.12,12.7,12.8,2600,0
20160314,12.9,13.13,12.9,12.9,1125,0
20160315,12.9,12.9,12.9,12.9,35,0
20160316,12.89,13.08,12.5,12.5,1324,0
20160317,12.51,12.92,12.51,12.71,1665,0
20160318,12.67,12.95,12.5,12.95,3145,0
