20150730,3.2233,3.291,3.2233,3.291,6635,0
20150731,3.2233,3.291,3.2233,3.291,4124,0
20150803,3.291,3.291,3.2039,3.2813,5855,0
20150804,3.262,3.262,3.2039,3.2329,1429,0
20150805,3.291,3.3297,3.1458,3.3201,20878,0
20150806,3.3201,3.4072,3.3201,3.3685,19811,0
20150807,3.4265,3.6685,3.4265,3.6008,40575,0
20150810,3.6008,3.6782,3.4459,3.5137,54305,0
20150811,3.5137,3.5137,3.4556,3.4556,13398,0
20150812,3.4943,3.4943,3.3588,3.3685,8657,0
20150813,3.3394,3.4556,3.3394,3.3491,9161,0
20150814,3.3685,3.3878,3.3588,3.3878,4655,0
20150817,3.3878,3.3878,3.291,3.3007,12491,0
20150818,3.3007,3.4459,3.2523,3.3975,8506,0
20150819,3.3104,3.3685,3.2523,3.3394,5807,0
20150820,3.3781,3.3781,3.262,3.291,5443,0
20150821,3.262,3.3781,3.2039,3.2523,10274,0
20150824,3.1942,3.2717,2.8942,2.9038,19926,0
20150825,2.9426,3.0394,2.9329,2.9426,18108,0
20150826,3.0006,3.0103,2.9038,2.991,7640,0
20150827,2.991,3.02,2.9135,3.02,1348,0
20150828,3.02,3.02,2.9038,2.9135,15906,0
20150831,2.991,3.1942,2.991,3.1942,21065,0
20150901,3.1846,3.1846,3.0587,3.0974,6906,0
20150902,3.1458,3.1458,3.049,3.0684,9770,0
20150903,3.0587,3.0878,2.9329,3.0878,9565,0
20150904,3.0297,3.049,2.9426,3.049,7427,0
20150907,3.0394,3.0394,2.9522,3.0006,3200,0
20150908,2.991,3.02,2.991,3.0006,2207,0
20150909,3.049,3.2039,3.049,3.1362,9967,0
20150910,3.1265,3.1265,3.0394,3.0394,2575,0
20150911,3.0878,3.0878,3.0006,3.0103,5114,0
20150914,2.991,3.049,2.9813,3.0103,8717,0
20150915,3.0103,3.02,3.0103,3.0103,2614,0
20150916,2.9813,3.0974,2.9813,3.0974,12454,0
20150917,3.0878,3.1168,3.049,3.049,10564,0
20150918,3.0587,3.0974,3.0297,3.0394,6469,0
20150921,3.0394,3.0974,2.991,2.991,11287,0
20150922,3.0394,3.0394,2.9619,3.02,12414,0
20150923,3.0103,3.02,3.0103,3.02,2567,0
20150924,3.01,3.09,3.01,3.05,7896,0
20150925,3.09,3.09,3,3.05,2906,0
20150928,3.05,3.05,3,3,794,0
20150929,2.99,2.99,2.83,2.95,15124,0
20150930,2.94,3.02,2.86,2.91,8658,0
20151001,2.9,2.95,2.87,2.94,9807,0
20151002,2.93,2.93,2.87,2.93,2101,0
20151005,2.92,2.93,2.85,2.93,5321,0
20151006,2.92,3.05,2.92,2.93,15986,0
20151007,3,3.04,2.95,3.03,14980,0
20151008,3.02,3.03,2.96,3.03,1382,0
20151009,3.02,3.04,3,3.04,6830,0
20151012,3.03,3.03,2.88,2.9,19194,0
20151013,2.93,2.93,2.91,2.93,2130,0
20151014,2.93,2.95,2.84,2.92,27473,0
20151015,2.91,2.92,2.88,2.92,16164,0
20151016,2.91,2.91,2.85,2.9,6241,0
20151019,2.87,2.89,2.84,2.85,3715,0
20151020,2.84,2.96,2.83,2.91,93369,0
20151021,2.91,3.45,2.91,3.39,231037,0
20151022,3.42,3.49,3.2,3.32,54773,0
20151023,3.23,3.55,3.21,3.29,65017,0
20151026,3.38,3.39,3.22,3.31,12370,0
20151027,3.33,3.33,3.23,3.33,17001,0
20151028,3.25,3.33,3.13,3.13,41676,0
20151029,3.12,3.15,3.11,3.14,6695,0
20151030,3.15,3.2,3.14,3.2,36060,0
20151102,3.18,3.22,3.12,3.22,23023,0
20151103,3.22,3.22,3.08,3.08,16362,0
20151104,3.06,3.06,2.96,2.99,27876,0
20151105,3,3.01,2.9,3.01,17146,0
20151106,3.01,3.05,2.92,3.05,6506,0
20151109,3.05,3.07,2.94,3.07,11801,0
20151110,3.07,3.07,2.94,2.94,19864,0
20151112,2.94,2.99,2.66,2.97,36506,0
20151113,2.97,2.98,2.86,2.98,12173,0
20151116,3.25,3.52,3.21,3.43,104882,0
20151117,3.4,3.43,3.18,3.43,39929,0
20151118,3.38,3.53,3.38,3.53,25445,0
20151119,3.53,3.54,3.4,3.5,12547,0
20151120,3.5,3.7,3.5,3.67,25710,0
20151123,3.69,3.69,3.56,3.66,21530,0
20151124,3.66,3.66,3.43,3.5,25213,0
20151125,3.5,3.5,3.41,3.41,4715,0
20151126,3.42,3.47,3.2,3.25,26647,0
20151127,3.33,3.33,3.23,3.31,1050,0
20151130,3.31,3.31,3.22,3.3,2517,0
20151201,3.29,3.29,3.29,3.29,401,0
20151202,3.3,3.3,3.17,3.27,13849,0
20151203,3.18,3.26,3.12,3.22,23980,0
20151204,3.22,3.24,3.09,3.11,16880,0
20151207,3.19,3.24,3.13,3.24,17256,0
20151208,3.24,3.24,3.1,3.18,4021,0
20151209,3.2,3.2,3.01,3.15,14941,0
20151210,3.07,3.15,3.07,3.14,9201,0
20151211,3.09,3.14,3.05,3.1,5710,0
20151214,3.14,3.14,3.03,3.03,4518,0
20151215,3.09,3.14,3.09,3.13,8080,0
20151216,3.13,3.23,3.13,3.23,8725,0
20151217,3.23,3.23,3.13,3.18,7457,0
20151218,3.18,3.2,3.1,3.15,5952,0
20151221,3.15,3.15,3.05,3.05,17282,0
20151222,3.06,3.11,3.06,3.06,11440,0
20151223,3.06,3.07,3.01,3.01,25990,0
20151228,3.01,3.1,2.9,3.03,33473,0
20151229,3.05,3.14,2.96,3.07,5675,0
20151230,3.13,3.19,3.08,3.18,13193,0
20160104,3.1,3.14,3.1,3.13,5103,0
20160105,3.14,3.17,3.09,3.1,7797,0
20160107,3.1,3.15,3.05,3.13,8784,0
20160108,3.09,3.14,3,3.14,6402,0
20160111,3.04,3.13,3.04,3.12,837,0
20160112,3.12,3.12,3.1,3.12,6620,0
20160113,3.14,3.14,3.1,3.14,1104,0
20160114,3.13,3.13,3.05,3.13,1080,0
20160115,3.05,3.1,3.03,3.1,2036,0
20160118,3.1,3.1,3.1,3.1,1096,0
20160119,3.12,3.12,3.03,3.04,4335,0
20160120,3.09,3.09,3.01,3.01,4561,0
20160121,3.01,3.06,3.01,3.05,1902,0
20160122,3.05,3.05,2.98,3.04,9090,0
20160125,3.04,3.04,3,3.04,4983,0
20160126,3.06,3.06,2.97,3.04,5053,0
20160127,3.06,3.06,2.98,3.03,3932,0
20160128,3.03,3.04,3.03,3.04,1670,0
20160129,3.06,3.06,2.99,3.02,7492,0
20160201,3.03,3.06,2.98,3.06,3779,0
20160202,3.02,3.03,3.02,3.03,581,0
20160203,2.99,3.03,2.95,2.99,4169,0
20160204,2.99,3.04,2.96,3.04,1803,0
20160205,3.04,3.09,2.97,3.07,24951,0
20160208,3.08,3.1,3.06,3.06,2105,0
20160209,3.1,3.1,2.97,2.97,4287,0
20160210,3,3.01,2.97,2.97,3076,0
20160211,2.97,2.97,2.95,2.95,3918,0
20160212,2.95,3.03,2.95,3.03,2607,0
20160215,3.03,3.06,3.03,3.04,1501,0
20160216,3.06,3.06,2.94,3,9818,0
20160217,3.04,3.06,3.01,3.06,6369,0
20160218,3.06,3.2,3.06,3.2,10679,0
20160219,3.2,3.2,3.12,3.18,2002,0
20160222,3.11,3.2,3.11,3.17,14280,0
20160223,3.18,3.18,3.1,3.17,11348,0
20160224,3.19,3.19,3.07,3.12,10985,0
20160225,3.17,3.17,3.1,3.17,3310,0
20160226,3.17,3.17,3.07,3.13,13881,0
20160229,3.13,3.13,3.05,3.13,7136,0
20160301,3.13,3.13,3.05,3.06,3383,0
20160302,3.06,3.1,3.02,3.02,9678,0
20160303,3.02,3.08,3.02,3.07,2779,0
20160304,3.11,3.12,3.03,3.12,3013,0
20160307,3.08,3.08,3.08,3.08,7312,0
20160308,3.11,3.11,3.06,3.11,5035,0
20160309,3.11,3.11,3.05,3.05,2255,0
20160310,3.08,3.08,2.86,2.88,39620,0
20160311,2.86,2.86,2.66,2.72,99729,0
20160314,2.75,2.9,2.75,2.84,44077,0
20160315,2.84,2.84,2.8,2.84,7779,0
20160316,2.84,2.84,2.78,2.8,5040,0
20160317,2.84,2.87,2.81,2.86,6337,0
20160318,2.87,2.9,2.84,2.9,19509,0
20160321,2.81,2.81,2.7,2.72,56707,0
20160322,2.7,2.75,2.67,2.71,9575,0
20160323,2.76,2.76,2.67,2.71,13660,0
20160324,2.71,2.71,2.67,2.7,10520,0
20160329,2.7,2.7,2.6,2.67,28285,0
20160330,2.67,2.74,2.62,2.74,45138,0
20160331,2.72,2.72,2.56,2.68,44557,0
20160401,2.61,2.69,2.61,2.69,9050,0
20160404,2.69,2.69,2.57,2.67,11784,0
20160405,2.67,2.67,2.61,2.65,2842,0
20160406,2.65,2.68,2.64,2.68,2346,0
20160407,2.69,2.69,2.6,2.65,8017,0
20160408,2.65,2.65,2.6,2.65,1691,0
20160411,2.6,2.65,2.6,2.65,8014,0
20160412,2.65,2.65,2.65,2.65,1588,0
20160413,2.65,2.68,2.61,2.68,3773,0
20160414,2.68,2.69,2.62,2.68,8156,0
20160415,2.68,2.68,2.62,2.68,11296,0
20160418,2.69,2.69,2.62,2.69,6003,0
20160419,2.67,2.72,2.65,2.72,13692,0
20160420,2.73,2.73,2.68,2.69,3091,0
20160421,2.68,2.71,2.68,2.71,1588,0
20160422,2.72,2.88,2.7,2.88,47081,0
20160425,2.89,2.89,2.78,2.82,16758,0
20160426,2.82,2.99,2.81,2.88,44501,0
20160427,2.88,2.88,2.78,2.84,14999,0
20160428,2.84,2.84,2.74,2.74,12105,0
20160429,2.74,2.74,2.65,2.67,24200,0
20160502,2.73,2.78,2.23,2.35,150751,0
20160504,2.33,2.39,2.18,2.23,63905,0
20160505,2.23,2.3,2.17,2.2,19704,0
20160506,2.18,2.23,2.18,2.23,14355,0
20160509,2.22,2.27,2.2,2.2,10056,0
20160510,2.24,2.37,2.13,2.25,38768,0
20160511,2.25,2.28,2.22,2.23,7254,0
20160512,2.22,2.28,2.16,2.18,14848,0
20160513,2.18,2.23,2.15,2.17,14518,0
