20141127,24.331,24.331,24.331,24.331,510,0
20141128,24.527,24.547,24.243,24.429,5675,0
20141201,23.507,23.791,23.507,23.791,574,0
20141202,24.056,24.056,24.056,24.056,510,0
20141203,24.086,24.086,24.086,24.086,510,0
20141204,23.831,24.007,23.831,24.007,11722,0
20141205,23.546,24.096,23.546,24.096,4281,0
20141208,24.282,24.282,24.066,24.066,578,0
20141209,23.546,23.948,23.546,23.948,1289,0
20141210,23.036,23.34,23.036,23.34,4135,0
20141215,21.584,22.074,21.584,22.074,2446,0
20141216,21.339,21.496,21.015,21.486,56733,0
20141217,21.751,21.947,21.525,21.947,1213,0
20141218,22.271,22.447,22.271,22.447,1621,0
20141219,22.712,22.712,22.32,22.32,610,0
20141222,22.32,22.565,22.32,22.565,2130,0
20141223,22.349,22.771,22.349,22.771,5591,0
20141229,23.056,23.056,22.074,22.074,586,0
20141230,22.663,22.957,22.663,22.957,1066,0
20150102,22.908,22.908,22.908,22.908,102,0
20150105,22.644,22.644,21.976,21.976,85,0
20150107,21.8,21.8,20.995,21.388,2601,0
20150108,21.623,21.947,21.486,21.947,5773,0
20150109,21.142,21.496,20.897,20.897,1061,0
20150112,20.897,20.985,20.515,20.887,6789,0
20150113,21.584,21.584,21.584,21.584,102,0
20150114,21.388,21.829,21.388,21.388,660,0
20150115,21.486,21.505,21.162,21.466,795791,0
20150116,22.467,22.467,21.702,21.908,757,0
20150119,21.908,23.016,21.908,23.016,40342,0
20150120,23.056,23.056,22.977,22.977,60,0
20150121,22.84,22.957,22.84,22.957,529,0
20150122,23.448,24.135,23.448,23.939,2782,0
20150123,23.939,24.223,23.939,24.223,2096,0
20150127,23.016,23.281,23.016,23.016,65988,0
20150128,22.791,22.791,22.388,22.467,31364,0
20150129,21.976,22.663,21.976,22.663,513,0
20150130,21.976,21.976,21.407,21.584,33353,0
20150202,21.78,21.78,21.192,21.28,2074,0
20150203,21.319,22.859,21.319,22.859,7924,0
20150204,22.761,22.761,22.761,22.761,41,0
20150205,23.497,23.497,22.32,22.467,512,0
20150206,22.938,22.938,22.938,22.938,2548,0
20150209,22.202,22.408,22.202,22.408,2615,0
20150210,22.173,22.908,22.173,22.908,2106,0
20150211,22.957,22.957,21.947,21.947,987,0
20150212,21.731,22.192,21.731,22.094,9987,0
20150213,22.359,22.977,22.359,22.977,3688,0
20150217,22.418,23.154,22.418,22.957,815,0
20150218,22.418,23.35,22.418,23.35,9716,0
20150219,23.546,23.939,23.546,23.605,9003,0
20150220,23.988,23.988,23.88,23.939,2446,0
20150223,24.184,24.184,24.135,24.135,80,0
20150224,23.89,24.115,23.89,24.115,1217,0
20150225,23.105,24.282,23.105,23.988,681,0
20150226,24.164,24.253,24.164,24.253,1019,0
20150227,23.742,24.233,23.742,24.233,1130,0
20150302,24.184,24.527,24.056,24.056,703,0
20150303,24.478,24.478,24.478,24.478,510,0
20150305,24.145,24.527,24.145,24.527,987,0
20150306,24.527,24.723,24.527,24.723,841,0
20150309,24.723,24.998,24.684,24.998,331,0
20150311,24.625,25.037,24.625,25.037,1080,0
20150312,25.047,25.116,25.047,25.116,257,0
20150313,25.508,25.508,25.185,25.234,231,0
20150316,25.479,25.508,25.253,25.391,1284,0
20150317,25.41,25.41,25.41,25.41,15,0
20150320,25.391,25.391,25.391,25.391,10,0
20150323,25.175,25.175,25.145,25.145,64,0
20150324,25.489,25.705,25.489,25.705,510,0
20150326,24.988,24.988,24.988,24.988,10,0
20150327,25.292,25.292,25.292,25.292,510,0
20150330,25.292,25.606,25.292,25.606,4316,0
20150407,25.489,25.803,25.489,25.803,349,0
20150408,25.606,25.606,25.312,25.312,61,0
20150409,25.312,25.4,25.067,25.4,488,0
20150410,25.508,25.705,25.41,25.705,5300,0
20150413,24.478,25.626,24.478,25.626,147,0
20150414,25.803,25.803,24.91,24.91,306,0
20150415,25.263,25.263,25.263,25.263,27,0
20150416,25.312,25.312,24.782,24.782,396,0
20150417,24.478,24.508,24.37,24.37,430,0
20150420,24.253,24.253,24.253,24.253,42,0
20150421,23.546,24.557,23.546,24.145,12962,0
20150422,24.194,24.655,24.194,24.655,7850,0
20150423,25.145,25.145,24.38,24.38,9210,0
20150424,25.018,25.175,25.018,25.135,1014,0
20150427,25.312,25.577,25.135,25.577,565,0
20150428,25.911,25.911,25.655,25.655,647,0
20150429,25.999,25.999,25.116,25.116,1246,0
20150430,25.185,25.528,24.969,25.528,2661,0
20150504,25.685,25.685,25.685,25.685,10,0
20150505,25.803,25.803,25.803,25.803,204,0
20150506,25.498,25.498,25.498,25.498,153,0
20150507,25.498,25.498,25.41,25.41,682,0
20150508,25.597,25.94,25.597,25.94,1590,0
20150511,25.459,26.136,25.459,26.136,2112,0
20150512,26.283,26.342,25.41,25.41,4163,0
20150513,25.41,25.41,25.214,25.214,26069,0
20150514,25.214,25.263,25.145,25.145,459,0
20150515,25.165,25.508,25.086,25.42,1010,0
20150518,25.5,25.53,25.5,25.53,792,0
20150519,25.6,26.22,25.6,26.22,3608,0
20150520,26.05,26.42,26.05,26.42,3104,0
20150521,26.35,26.35,26.35,26.35,200,0
20150522,26.35,26.35,26.31,26.31,567,0
20150525,25.63,25.63,25.63,25.63,220,0
20150526,25.89,25.89,25.89,25.89,26,0
20150527,26.5,26.5,26.5,26.5,113,0
20150528,27.8,27.8,26.35,26.35,1655,0
20150529,26.75,26.75,26.75,26.75,500,0
20150601,26.13,26.23,26.13,26.23,510,0
20150602,26.09,26.65,26.09,26.65,750,0
20150603,26.92,26.92,26.92,26.92,6,0
20150608,25.97,25.97,25.96,25.96,43,0
20150609,25.82,25.9,25.58,25.58,57349,0
20150610,23.65,26.2,22.12,26.2,6338,0
20150611,26.5,26.6,26.5,26.55,1413,0
20150615,25.26,25.37,25.2,25.2,137,0
20150616,24.97,24.97,24.6,24.68,4872,0
20150617,25.29,25.29,25.29,25.29,500,0
20150619,25.09,25.6,25.09,25.38,1227,0
20150622,25.7,26.7,25.7,26.7,3216,0
20150623,26.92,27.12,26.92,27.12,180,0
20150624,26.51,26.51,26.51,26.51,299,0
20150625,26.3,27,26.3,27,543,0
20150626,26.93,27,26.93,26.94,4270,0
20150629,25.87,25.87,25.87,25.87,35,0
20150630,25.13,25.75,25.13,25.65,1082,0
20150701,26.1,26.1,26.1,26.1,500,0
20150703,25.13,25.37,25.13,25.37,505,0
20150706,24.54,24.54,24.36,24.36,51,0
20150707,23.97,23.97,23.55,23.55,70,0
20150708,23.65,23.65,23.65,23.65,232,0
20150709,24.6,24.6,24.6,24.6,500,0
20150710,25.6,25.6,25.28,25.28,536,0
20150713,26,26,25.79,25.79,56,0
20150714,25.41,25.43,25.41,25.43,32,0
20150716,25.9,25.9,25.9,25.9,500,0
20150720,25.95,25.95,25.95,25.95,1126,0
20150721,26.06,26.06,26.06,26.06,60,0
20150722,25.55,25.55,25.55,25.55,314,0
20150723,25.78,26.03,25.78,26.03,698,0
20150730,24.6,24.6,24.6,24.6,6200,0
20150731,24.84,24.84,24.84,24.84,500,0
20150803,24.91,24.91,24.91,24.91,204,0
20150804,24.61,24.7,24.61,24.7,171126,0
20150805,25.25,26.34,25.25,26.34,3154,0
20150806,26.34,26.64,26.34,26.63,3255,0
20150807,26.8,26.83,26.58,26.58,710,0
20150821,24,25.44,24,25.44,3116,0
20150824,24.05,24.3,24,24.3,10656,0
20150826,25,25,24.31,24.31,201,0
20150827,25.25,25.25,24,24,1001,0
20150828,24,25.25,24,24.78,1526,0
20150901,23.81,23.9,23.81,23.9,363,0
20150902,21.6,24.2,21.6,24.2,998,0
20150907,23.68,23.82,23.68,23.77,74,0
20150908,24.35,24.44,24.27,24.27,661,0
20150910,24.33,24.33,24.33,24.33,1492,0
20150911,24.07,24.07,24.07,24.07,1492,0
20150916,24.8,24.8,24.8,24.8,500,0
20150917,24.71,24.71,24.71,24.71,2911,0
20150922,23.41,23.43,23.41,23.43,192,0
20150923,23.22,23.42,23.22,23.42,6088,0
20150924,22.95,22.95,22.95,22.95,10,0
20150925,23.43,23.8,23.43,23.8,2520,0
20150928,22.94,23.2,22.94,23.2,1374,0
20150929,23,23,23,23,311,0
20150930,23.24,23.67,23.24,23.67,1750,0
20151001,23.85,23.85,23.85,23.85,500,0
20151002,23.8,24.04,23.8,24.04,501,0
20151005,22.22,24.6,22.22,24.55,587,0
20151006,24.91,24.91,24.91,24.91,500,0
20151013,24.38,24.38,24.38,24.38,437,0
20151016,24.8,24.8,24.8,24.8,500,0
20151020,25,25.4,25,25.4,852,0
20151021,25.44,25.62,25.44,25.62,90,0
20151022,26.06,26.1,26.06,26.1,268,0
20151023,25.75,25.75,25.75,25.75,108,0
20151028,25.61,25.63,25.61,25.63,268,0
20151102,24.64,25.01,24.64,25.01,50,0
20151104,25.21,25.21,25.21,25.21,100,0
20151110,25,25.07,24.99,24.99,2711,0
20151112,24.24,24.28,23.82,23.82,483,0
20151116,23.34,23.36,23.33,23.33,610,0
20151117,23.42,23.79,23.42,23.78,600001,0
20151118,23.64,23.64,23.44,23.51,350222,0
20151119,23.85,23.85,23.65,23.65,4000,0
20151120,23,23,23,23,60,0
20151123,23.5,23.5,23.24,23.24,505,0
20151125,22.5,23.19,22.5,23.19,650,0
20151126,22.5,23.94,22.5,23.79,1491,0
20151130,23.5,23.78,23.5,23.78,2800,0
20151201,23.8,23.8,23.8,23.8,100,0
20151202,23.72,23.72,23.72,23.72,1430,0
20151203,23.18,23.18,23.18,23.18,112,0
20151204,22.69,23,22.69,23,5991,0
