20150609,17.901,18.659,17.901,18.375,17731,0
20150610,18.375,18.375,17.948,18.119,3483,0
20150611,18.639,18.706,18.469,18.611,30496,0
20150612,18.696,18.696,18.564,18.602,7497,0
20150615,18.564,18.564,18.137,18.564,5747,0
20150616,18.564,18.564,18.214,18.554,2458,0
20150617,18.545,18.545,17.806,18.535,16237,0
20150618,18.83,19.104,18.732,18.732,8819,0
20150619,18.634,18.918,18.584,18.781,1540,0
20150622,18.781,18.977,18.163,18.634,3734,0
20150623,19.065,19.065,18.634,18.967,1939,0
20150624,18.928,18.967,18.663,18.967,819,0
20150625,18.967,19.114,18.967,19.094,4026,0
20150626,19.026,19.065,18.83,19.026,653,0
20150629,18.535,18.535,18.31,18.526,2718,0
20150630,18.339,18.869,17.653,18.869,5715,0
20150701,18.928,19.016,18.634,19.016,1618,0
20150702,19.016,19.016,18.634,18.996,585,0
20150703,18.996,18.996,18.928,18.928,104,0
20150706,18.634,18.928,18.634,18.918,813,0
20150707,18.928,18.928,18.634,18.859,1086,0
20150708,18.192,18.83,18.192,18.634,2157,0
20150709,18.212,18.584,18.143,18.496,2939,0
20150710,18.143,18.143,17.408,17.506,6033,0
20150713,17.506,17.643,16.966,16.966,3205,0
20150714,16.937,17.162,16.201,17.162,7519,0
20150715,17.643,18.428,17.643,18.133,4229,0
20150716,18.29,18.634,17.947,18.634,6314,0
20150717,18.634,18.908,18.634,18.634,2857,0
20150720,18.732,18.732,18.535,18.732,2099,0
20150721,18.712,18.712,18.143,18.143,4563,0
20150722,18.143,18.624,18.143,18.143,1436,0
20150723,18.143,18.477,18.143,18.477,826,0
20150724,18.732,18.732,18.241,18.241,428,0
20150727,18.702,18.702,18.437,18.634,392,0
20150728,18.192,18.634,18.192,18.634,859,0
20150729,18.634,18.634,18.339,18.634,678,0
20150730,18.634,18.634,18.241,18.241,317,0
20150731,18.339,18.388,18.339,18.388,71,0
20150803,18.153,18.388,18.143,18.143,6202,0
20150804,18.143,18.634,18.143,18.143,1119,0
20150805,18.045,18.143,18.045,18.045,738,0
20150806,18.143,18.143,17.996,17.996,856,0
20150807,17.996,18.094,17.976,18.045,1199,0
20150810,18.045,18.045,17.359,17.8,2148,0
20150811,17.8,18.634,17.8,18.437,2665,0
20150812,18.634,18.634,18.486,18.486,1748,0
20150813,18.594,19.124,18.594,19.016,7825,0
20150814,18.967,19.016,18.83,19.006,2459,0
20150817,18.781,18.781,18.751,18.781,1906,0
20150818,18.634,18.634,18.447,18.634,2385,0
20150819,18.771,18.771,18.575,18.584,213,0
20150820,17.712,18.624,17.712,18.143,7244,0
20150821,17.653,17.947,17.31,17.947,8840,0
20150824,17.653,17.653,14.671,15.691,16048,0
20150825,15.888,18.535,15.691,16.77,13002,0
20150826,17.104,18.428,17.104,18.428,5929,0
20150827,17.672,18.437,17.653,18.408,14969,0
20150828,18.516,18.516,17.957,17.967,4167,0
20150831,17.653,17.653,17.486,17.555,1363,0
20150901,17.466,17.466,16.976,17.015,1251,0
20150902,16.966,17.015,16.652,16.652,4922,0
20150903,16.672,17.133,16.447,16.447,3134,0
20150904,16.672,17.104,15.682,16.417,5643,0
20150907,16.476,16.574,16.093,16.103,1453,0
20150908,15.691,15.937,15.397,15.397,9476,0
20150909,15.672,16.182,15.593,16.182,1965,0
20150910,16.574,16.574,16.182,16.231,816,0
20150911,15.691,16.476,15.691,16.476,10367,0
20150914,16.476,16.574,15.417,15.495,13456,0
20150915,15.691,15.691,14.76,14.907,11679,0
20150916,15.172,15.181,14.22,14.897,145418,0
20150917,15.593,16.368,14.936,16.182,7923,0
20150918,16.358,16.956,16.182,16.182,7840,0
20150921,17.055,17.064,16.182,16.182,6012,0
20150922,16.182,16.182,15.897,16.182,1710,0
20150923,16.182,16.182,15.838,15.888,1082,0
20150924,15.848,15.888,15.015,15.682,7498,0
20150925,15.868,16.035,15.642,16.035,817,0
20150928,15.74,16.152,15.691,16.152,4374,0
20150929,15.897,16.074,15.701,16.074,615,0
20150930,16.152,16.574,16.152,16.574,1828,0
20151001,16.574,16.849,16.378,16.849,688,0
20151002,16.819,16.839,16.388,16.829,947,0
20151005,16.829,16.829,16.672,16.76,150,0
20151006,16.839,16.839,16.672,16.829,417,0
20151007,16.672,16.672,16.201,16.201,3736,0
20151008,16.182,16.378,16.182,16.182,1473,0
20151009,16.182,16.182,16.035,16.035,5194,0
20151012,16.182,16.182,15.691,15.691,5225,0
20151013,15.691,16.378,15.691,16.27,328,0
20151014,16.6,16.7,16.6,16.6,1140,0
20151015,16.79,16.79,16.4,16.4,729,0
20151016,16.7,16.7,16.5,16.68,247,0
20151019,16.25,16.67,16.25,16.67,130,0
20151020,16.67,17,16.01,17,5317,0
20151021,16.5,16.98,16.5,16.6,2429,0
20151022,16.8,16.8,16.68,16.68,330,0
20151023,16.55,16.68,16.55,16.68,249,0
20151026,16.68,16.68,16.65,16.68,268,0
20151027,16.68,16.68,16.4,16.68,1143,0
20151028,16.65,16.79,16.65,16.68,4396,0
20151029,16.68,16.68,16.5,16.68,4604,0
20151030,16.68,16.68,16.67,16.67,1212,0
20151102,16.68,16.68,16.68,16.68,2115,0
20151103,16.55,16.68,16.5,16.5,495,0
20151104,16.68,16.68,16.6,16.6,475,0
20151105,16.6,16.6,16.6,16.6,612,0
20151106,16.51,16.51,16.4,16.4,927,0
20151109,16.5,16.5,16.5,16.5,130,0
20151110,16.49,16.49,16.04,16.4,975,0
20151112,16.45,16.45,16.45,16.45,1,0
20151113,16.4,16.4,16.02,16.39,276,0
20151116,16.4,16.43,16.1,16.1,417,0
20151117,16.2,16.2,16.2,16.2,68,0
20151118,16,16,15.02,15.8,4306,0
20151119,15.4,15.41,14.9,15,12062,0
20151120,15.08,15.85,15,15.85,2251,0
20151123,15.8,15.8,15.4,15.4,1656,0
20151124,15.11,15.78,15.11,15.59,963,0
20151125,15.58,15.58,15.5,15.5,683,0
20151126,15.5,15.5,15.19,15.48,202,0
20151127,15.4,15.4,15,15.05,1607,0
20151130,15.2,16.3,15.19,16.3,8434,0
20151201,16.3,16.3,16.28,16.28,229,0
20151202,16.28,16.28,15.51,16,541,0
20151203,16,16,15.55,15.88,189,0
20151204,15.8,15.8,15.79,15.79,747,0
20151207,16,16,15.21,15.68,8327,0
20151208,15.67,15.68,15.3,15.68,12205,0
20151209,15.68,15.68,15.11,15.3,301,0
20151210,15.3,15.3,15.1,15.2,170,0
20151211,15.15,15.19,14.85,14.92,2758,0
20151214,14.92,14.92,14.22,14.7,1571,0
20151215,14.7,14.7,14.5,14.5,415,0
20151216,14.4,14.4,13.32,13.67,9979,0
20151217,13.65,14.8,13.5,14.2,8062,0
20151218,14.2,14.49,14.2,14.2,229,0
20151221,14,14.4,13.8,14.4,4449,0
20151222,14.51,14.51,13.82,14.45,1837,0
20151223,14.5,14.8,14.36,14.8,1931,0
20151228,14.7,14.8,14,14.69,4573,0
20151229,14.69,14.69,14.68,14.68,205,0
20151230,14.5,14.8,14.5,14.8,2460,0
20160104,14.85,14.85,14.33,14.49,610,0
20160105,14.3,14.4,14.3,14.4,260,0
20160107,14.45,14.45,13.75,14,815,0
20160108,13.8,13.8,13.7,13.79,5588,0
20160111,13.75,13.75,13.7,13.7,6656,0
20160112,13.7,13.7,13.6,13.68,908,0
20160113,13.65,13.67,13.6,13.61,3257,0
20160114,13.61,14.07,13.61,14.05,1419,0
20160115,14.44,14.45,14.09,14.35,719,0
20160118,14.01,14.01,13.9,13.9,493,0
20160119,14,14.49,14,14.28,1205,0
20160120,14.39,14.39,13.8,13.95,1154,0
20160121,13.95,14.27,13.95,13.95,900,0
20160122,13.95,13.95,13.81,13.9,793,0
20160125,13.9,13.92,13.71,13.9,509,0
20160126,13.7,13.7,13.4,13.5,1882,0
20160127,13.5,13.5,13.1,13.23,6816,0
20160128,13.09,13.58,13.09,13.35,4877,0
20160129,13.34,13.6,13.22,13.6,9245,0
20160201,13.65,13.85,13.6,13.85,1432,0
20160202,13.85,13.92,13.75,13.9,1158,0
20160203,13.85,13.91,13.78,13.91,1058,0
20160204,13.91,14.21,13.91,14.21,1333,0
20160205,14.25,14.5,13.97,14.5,3719,0
20160208,14.5,14.5,14,14.15,2943,0
20160209,14.3,14.3,14.15,14.15,1003,0
20160210,14.02,14.25,14.02,14.25,820,0
20160211,14.25,14.25,14.19,14.2,595,0
20160212,14.24,14.6,14.24,14.6,582,0
20160215,14.6,15.39,14.6,15.27,4718,0
20160216,15.45,15.45,15.03,15.03,1191,0
20160217,15,15.25,14.85,15.25,3324,0
20160218,15.24,15.24,14.85,15,852,0
20160219,15,15,14.72,14.95,804,0
20160222,15,15,14.6,14.84,1433,0
20160223,14.6,14.6,14.1,14.59,3627,0
20160224,14.59,14.6,14.59,14.6,305,0
20160225,14.5,14.99,14.5,14.79,459,0
20160226,14.7,14.7,14.5,14.7,2657,0
20160229,14.6,14.6,14.16,14.2,2457,0
20160301,14.29,14.29,13.3,13.79,10087,0
20160302,13.8,14.1,13.8,13.89,2131,0
20160303,14.1,14.19,14.09,14.19,1452,0
20160304,14.19,14.19,14.01,14.01,376,0
20160307,14,14.18,13.9,14.18,3288,0
20160308,14.18,14.25,14.04,14.22,1844,0
20160309,14.28,14.34,14.28,14.31,520,0
20160310,14.31,14.31,14.2,14.2,1158,0
20160311,14.25,14.25,14,14.23,2268,0
20160314,14.2,14.24,13.85,13.9,3742,0
20160315,14,14.01,13.72,13.99,3863,0
20160316,14,14,13.76,14,3851,0
20160317,14,14,13.99,14,1512,0
20160318,14,14,13.9,14,1558,0
