20150217,2.44,2.44,2.3,2.41,102,0
20150218,2.44,2.44,2.44,2.44,1,0
20150219,2.44,2.44,2.31,2.44,20,0
20150220,2.31,2.44,2.31,2.44,102,0
20150223,2.31,2.34,2.31,2.34,170,0
20150224,2.34,2.34,2.33,2.34,65,0
20150225,2.34,2.41,2.34,2.34,251,0
20150226,2.34,2.34,2.31,2.31,3918,0
20150227,2.34,2.34,2.25,2.31,1196,0
20150302,2.3,2.31,2.26,2.31,432,0
20150303,2.26,2.37,2.26,2.37,266,0
20150304,2.37,2.37,2.26,2.37,313,0
20150305,2.37,2.37,2.26,2.36,190,0
20150306,2.26,2.37,2.26,2.37,115,0
20150309,2.26,2.37,2.26,2.37,107,0
20150310,2.35,2.37,2.26,2.37,723,0
20150311,2.37,2.37,2.25,2.33,2267,0
20150312,2.25,2.25,2.19,2.23,4977,0
20150313,2.2,2.2,2.13,2.13,1706,0
20150316,2.16,2.16,2.06,2.16,448,0
20150317,2.16,2.16,2.06,2.06,6045,0
20150318,2.16,2.16,2.16,2.16,38,0
20150319,2.15,2.15,2.07,2.15,108,0
20150320,2.15,2.15,2.06,2.06,1131,0
20150323,2.06,2.06,1.94,2.06,11217,0
20150324,2.15,2.15,1.94,2,2373,0
20150325,2,2.09,2,2.01,8970,0
20150326,2.01,2.01,2.01,2.01,226,0
20150327,2.01,2.08,2.01,2.08,192,0
20150330,2.04,2.07,2.04,2.07,824,0
20150331,2.07,2.1,2.07,2.1,1756,0
20150401,2.1,2.2,2.1,2.1,14570,0
20150402,2.1,2.1,2.05,2.05,2322,0
20150407,2.05,2.05,2.01,2.01,1766,0
20150408,2.02,2.08,2.02,2.08,1720,0
20150409,2.09,2.1,2.09,2.1,8681,0
20150410,2.02,2.02,2.02,2.02,9,0
20150413,2.02,2.1,2.02,2.1,643,0
20150414,2,2.01,2,2.01,265,0
20150415,2,2.03,2,2.03,184,0
20150416,2.02,2.1,2.02,2.1,5251,0
20150417,2.1,2.1,2.01,2.1,195,0
20150420,2,2.09,1.98,1.99,13203,0
20150421,2.06,2.06,2,2.03,1772,0
20150422,2,2.09,2,2.09,1714,0
20150423,2.09,2.09,2.09,2.09,1,0
20150424,2.02,2.09,2.02,2.09,4029,0
20150427,2.09,2.09,2.01,2.09,378,0
20150428,2.09,2.1,2.04,2.1,2701,0
20150429,2.1,2.1,2.09,2.09,2,0
20150430,2.09,2.1,2.09,2.1,2001,0
20150504,2.1,2.1,2.1,2.1,1,0
20150505,2.08,2.08,2,2,791,0
20150506,2,2,2,2,354,0
20150507,2,2.05,2,2.03,1092,0
20150508,2.02,2.07,2,2.05,576,0
20150511,2.04,2.04,1.96,2,5715,0
20150512,2,2.03,2,2.03,52,0
20150513,1.97,2.02,1.97,2.02,1755,0
20150514,2.03,2.03,2,2.02,143,0
20150515,2.02,2.02,1.97,2,177,0
20150518,2,2,2,2,1860,0
20150519,1.97,2,1.96,2,3334,0
20150520,1.96,2.04,1.96,2.02,32716,0
20150521,2.04,2.04,2.04,2.04,8347,0
20150522,2,2.04,2,2.04,2147,0
20150525,1.96,2.03,1.96,2.03,8030,0
20150527,2,2,2,2,1250,0
20150528,2,2,2,2,2,0
20150529,1.96,2.02,1.96,2.02,17,0
20150601,2.02,2.02,1.96,2,24,0
20150602,2,2,2,2,200,0
20150603,2,2.02,1.96,2.02,3241,0
20150605,1.97,2.02,1.97,2.02,505,0
20150609,2.02,2.02,2.02,2.02,10,0
20150610,2.02,2.04,1.97,2.04,9105,0
20150611,2.04,2.04,1.96,2.04,3669,0
20150612,2.04,2.04,2.04,2.04,551,0
20150615,2,2,2,2,6,0
20150616,2.04,2.04,1.96,2.04,496,0
20150617,2.04,2.05,1.96,2.05,418,0
20150618,2.06,2.06,1.96,1.96,2164,0
20150619,2.04,2.04,1.97,1.97,2901,0
20150622,1.97,2,1.97,2,2601,0
20150623,2.04,2.04,2.02,2.02,3,0
20150624,2.04,2.04,2.02,2.02,2,0
20150625,2.04,2.04,2,2.02,3033,0
20150626,2.04,2.04,1.9,1.9,9115,0
20150629,1.9,1.9,1.72,1.72,15080,0
20150630,1.7,1.7,1.7,1.7,104,0
20150701,1.7,1.7,1.7,1.7,289,0
20150702,1.75,1.75,1.7,1.7,6228,0
20150703,1.66,1.66,1.66,1.66,271,0
20150706,1.66,1.66,1.64,1.64,221,0
20150707,1.66,1.7,1.66,1.7,344,0
20150708,1.67,1.67,1.57,1.57,2472,0
20150709,1.57,1.57,1.5,1.5,401,0
20150710,1.5,1.5,1.5,1.5,448,0
20150713,1.5,1.5,1.5,1.5,4,0
20150714,1.51,1.66,1.51,1.66,2111,0
20150715,1.7,1.7,1.61,1.67,183,0
20150716,1.7,1.7,1.65,1.7,14579,0
20150717,1.7,1.7,1.65,1.7,12913,0
20150720,1.7,1.76,1.66,1.76,156,0
20150721,1.8,1.8,1.62,1.62,145,0
20150722,1.62,1.7,1.6,1.65,4461,0
20150723,1.64,1.64,1.55,1.55,30,0
20150724,1.55,1.65,1.55,1.65,1149,0
20150727,1.7,1.7,1.65,1.7,4852,0
20150728,1.7,1.7,1.7,1.7,1001,0
20150729,1.7,1.7,1.7,1.7,2,0
20150730,1.61,1.7,1.61,1.65,131,0
20150731,1.66,1.7,1.61,1.7,739,0
20150803,1.7,1.7,1.61,1.7,1344,0
20150804,1.7,1.7,1.65,1.7,154,0
20150805,1.71,1.71,1.6,1.6,36534,0
20150806,1.6,1.6,1.6,1.6,14746,0
20150807,1.6,1.6,1.59,1.6,4389,0
20150810,1.6,1.6,1.45,1.59,39052,0
20150811,1.6,1.6,1.52,1.59,2791,0
20150812,1.59,1.59,1.52,1.59,20209,0
20150813,1.59,1.59,1.52,1.52,11,0
20150814,1.59,1.59,1.5,1.51,16137,0
20150817,1.51,1.51,1.51,1.51,200,0
20150818,1.51,1.51,1.5,1.5,3000,0
20150819,1.5,1.5,1.49,1.49,101,0
20150820,1.5,1.5,1.4,1.4,18631,0
20150821,1.4,1.4,1.27,1.3,18376,0
20150824,1.2,1.28,1.18,1.2,6576,0
20150825,1.05,1.2,1.05,1.2,10325,0
20150826,1.3,1.3,1.24,1.24,1300,0
20150827,1.24,1.29,1.24,1.29,2100,0
20150828,1.29,1.29,1.22,1.29,680,0
20150831,1.29,1.3,1.22,1.25,17836,0
20150901,1.3,1.3,1.22,1.25,43032,0
20150902,1.25,1.25,1.22,1.22,671,0
20150903,1.22,1.22,1.16,1.2,6519,0
20150904,1.2,1.2,1.2,1.2,510,0
20150907,1.2,1.2,1.1,1.19,8499,0
20150908,1.1,1.1,1.1,1.1,9857,0
20150909,1.1,1.1,1.1,1.1,934,0
20150910,1.1,1.1,1.1,1.1,560,0
20150911,1.1,1.1,1.1,1.1,4000,0
20150914,1.1,1.1,1.03,1.08,34871,0
20150915,1.09,1.09,1,1.05,3502,0
20150916,1.04,1.05,0.98,1,29606,0
20150917,1,1,1,1,4931,0
20150918,1,1,1,1,3103,0
20150921,0.98,0.98,0.98,0.98,505,0
20150922,1,1,0.98,1,826,0
20150923,1,1,1,1,1603,0
20150924,1,1,0.98,1,5421,0
20150925,0.98,1,0.93,1,23290,0
20150928,1,1,1,1,2912,0
20150929,1,1,0.96,0.96,727,0
20150930,0.95,1,0.87,0.87,13303,0
20151001,0.95,1,0.91,0.93,23533,0
20151002,0.9,0.94,0.9,0.94,8073,0
20151005,0.94,1,0.94,1,185513,0
20151006,1.09,1.19,1.09,1.19,6313,0
20151007,1.2,1.31,1.16,1.16,4595,0
20151008,1.27,1.39,1.27,1.39,1051,0
20151009,1.52,1.69,1.5,1.65,17624,0
20151012,1.55,1.67,1.5,1.66,4065,0
20151013,1.6,1.66,1.58,1.66,970,0
20151014,1.66,1.71,1.65,1.71,22373,0
20151015,1.71,1.72,1.54,1.72,1712,0
20151016,1.71,1.71,1.6,1.7,2750,0
20151019,1.6,1.7,1.6,1.7,204,0
20151020,1.6,1.7,1.6,1.7,1582,0
20151021,1.53,1.68,1.52,1.67,582,0
20151022,1.51,1.68,1.42,1.68,3774,0
20151027,1.52,1.58,1.37,1.42,23125,0
20151028,1.42,1.42,1.42,1.42,700,0
20151029,1.31,1.37,1.3,1.37,920,0
20151030,1.31,1.37,1.31,1.37,1375,0
20151102,1.37,1.4,1.31,1.4,1588,0
20151103,1.4,1.58,1.4,1.55,29095,0
20151104,1.4,1.44,1.32,1.44,15155,0
20151105,1.34,1.44,1.34,1.44,3960,0
20151106,1.4,1.54,1.4,1.54,260,0
20151109,1.4,1.54,1.4,1.54,97,0
20151110,1.4,1.53,1.4,1.52,2262,0
20151112,1.38,1.58,1.38,1.57,2549,0
20151113,1.57,1.69,1.57,1.68,16022,0
20151116,1.6,1.7,1.6,1.7,1380,0
20151117,1.6,1.69,1.6,1.69,2114,0
20151118,1.57,1.59,1.45,1.45,6334,0
20151119,1.45,1.53,1.45,1.53,1500,0
20151123,1.43,1.52,1.43,1.51,150,0
20151124,1.43,1.68,1.42,1.68,10650,0
20151125,1.52,1.52,1.52,1.52,200,0
20151126,1.42,1.52,1.42,1.52,618,0
20151127,1.46,1.46,1.46,1.46,376,0
20151130,1.42,1.52,1.42,1.52,2181,0
20151201,1.43,1.52,1.42,1.52,5599,0
20151203,1.42,1.44,1.35,1.44,2680,0
20151204,1.34,1.36,1.34,1.36,12800,0
