20141203,1.21,1.25,1.21,1.25,210248,0
20141204,1.25,1.28,1.25,1.25,558309,0
20141205,1.25,1.27,1.23,1.25,573799,0
20141208,1.25,1.26,1.23,1.25,227746,0
20141209,1.24,1.25,1.22,1.23,49121,0
20141210,1.23,1.24,1.18,1.18,76029,0
20141211,1.16,1.21,1.09,1.13,239865,0
20141212,1.14,1.18,1.13,1.18,68970,0
20141215,1.16,1.17,1.14,1.14,17990,0
20141216,1.14,1.18,1.09,1.16,104086,0
20141217,1.13,1.14,1.13,1.14,1814,0
20141218,1.14,1.18,1.13,1.15,65442,0
20141219,1.22,1.3,1.16,1.25,4142753,0
20141222,1.28,1.28,1.2,1.24,241958,0
20141223,1.22,1.22,1.19,1.19,56868,0
20141229,1.18,1.18,1.12,1.15,182903,0
20141230,1.13,1.24,1.13,1.15,184186,0
20150102,1.12,1.23,1.12,1.21,152818,0
20150105,1.21,1.22,1.17,1.18,38673,0
20150107,1.18,1.18,1.12,1.18,60540,0
20150108,1.14,1.18,1.13,1.16,164140,0
20150109,1.14,1.22,1.14,1.19,104217,0
20150112,1.19,1.27,1.18,1.22,503390,0
20150113,1.2,1.24,1.17,1.18,204288,0
20150114,1.18,1.19,1.17,1.18,16025,0
20150115,1.18,1.22,1.13,1.15,243685,0
20150116,1.16,1.17,1.13,1.15,39524,0
20150119,1.15,1.15,1.13,1.14,26922,0
20150120,1.13,1.13,1.1,1.1,169557,0
20150121,1.1,1.16,1.1,1.14,15297,0
20150122,1.13,1.14,1.11,1.14,14109,0
20150123,1.14,1.15,1.1,1.12,81484,0
20150126,1.11,1.13,1.11,1.13,11953,0
20150127,1.13,1.13,1.11,1.11,8844,0
20150128,1.11,1.13,1.11,1.12,25807,0
20150129,1.13,1.13,1.11,1.12,5423,0
20150130,1.11,1.13,1.1,1.13,44100,0
20150202,1.12,1.13,1.11,1.13,5574,0
20150203,1.11,1.12,1.11,1.12,22042,0
20150204,1.11,1.13,1.05,1.09,69923,0
20150205,1.09,1.1,1.07,1.08,31247,0
20150206,1.06,1.09,1.06,1.08,21504,0
20150209,1.08,1.12,1.03,1.1,72295,0
20150210,1.11,1.11,1.07,1.08,32247,0
20150211,1.08,1.08,1.07,1.07,8359,0
20150212,1.06,1.08,1.06,1.08,10166,0
20150213,1.08,1.08,1.06,1.08,16004,0
20150216,1.08,1.08,1.05,1.05,29505,0
20150217,1.05,1.06,1.03,1.05,42505,0
20150218,1.04,1.08,1.04,1.06,61458,0
20150219,1.05,1.09,1.05,1.09,99695,0
20150220,1.07,1.09,1.05,1.08,37347,0
20150223,1.07,1.07,1.05,1.05,23272,0
20150224,1.04,1.07,1.04,1.05,31398,0
20150225,1.05,1.09,1.04,1.08,38167,0
20150226,1.07,1.08,1.01,1.03,180543,0
20150227,1.03,1.06,1.03,1.06,68251,0
20150302,1.06,1.06,1.04,1.06,46763,0
20150303,1.05,1.07,1.05,1.05,13819,0
20150304,1.05,1.08,1.05,1.07,105485,0
20150305,1.06,1.13,1.06,1.13,138015,0
20150306,1.15,1.15,1.13,1.14,138666,0
20150309,1.12,1.21,1.12,1.18,223376,0
20150310,1.18,1.18,1.15,1.18,66654,0
20150311,1.17,1.22,1.17,1.2,104598,0
20150312,1.2,1.2,1.16,1.16,73788,0
20150313,1.16,1.17,1.16,1.17,45305,0
20150316,1.17,1.17,1.16,1.16,36762,0
20150317,1.16,1.24,1.16,1.23,501904,0
20150318,1.2,1.28,1.2,1.25,698622,0
20150319,1.25,1.27,1.23,1.24,180411,0
20150320,1.23,1.24,1.22,1.23,125777,0
20150323,1.23,1.23,1.18,1.2,294502,0
20150324,1.17,1.19,1.14,1.17,410374,0
20150325,1.17,1.19,1.17,1.17,549691,0
20150326,1.16,1.18,1.15,1.16,8921,0
20150327,1.16,1.16,1.13,1.13,31628,0
20150330,1.14,1.14,1.12,1.13,112017,0
20150331,1.13,1.14,1.11,1.11,65308,0
20150401,1.11,1.14,1.09,1.14,214230,0
20150402,1.14,1.15,1.11,1.12,95217,0
20150407,1.14,1.14,1.09,1.11,173317,0
20150408,1.11,1.12,1.1,1.12,76240,0
20150409,1.11,1.13,1.11,1.11,120032,0
20150410,1.12,1.12,1.09,1.1,95130,0
20150413,1.12,1.12,1.08,1.12,1062894,0
20150414,1.12,1.14,1.11,1.14,439480,0
20150415,1.14,1.25,1.14,1.24,1621280,0
20150416,1.24,1.25,1.18,1.18,1074211,0
20150417,1.18,1.2,1.13,1.13,676076,0
20150420,1.14,1.16,1.11,1.12,439780,0
20150421,1.11,1.16,1.11,1.12,227408,0
20150422,1.12,1.16,1.12,1.14,185084,0
20150423,1.15,1.16,1.14,1.15,181412,0
20150424,1.17,1.21,1.17,1.2,242993,0
20150427,1.2,1.22,1.19,1.21,206421,0
20150428,1.2,1.2,1.17,1.18,261998,0
20150429,1.2,1.2,1.18,1.19,87830,0
20150430,1.18,1.23,1.17,1.23,673957,0
20150504,1.24,1.27,1.17,1.2,1323549,0
20150505,1.21,1.21,1.18,1.2,427846,0
20150506,1.19,1.21,1.18,1.18,377377,0
20150507,1.18,1.18,1.16,1.16,197671,0
20150508,1.17,1.18,1.16,1.17,274473,0
20150511,1.17,1.2,1.17,1.17,78872,0
20150512,1.18,1.19,1.15,1.17,144314,0
20150513,1.15,1.16,1.14,1.14,131222,0
20150514,1.14,1.16,1.12,1.16,74145,0
20150515,1.16,1.16,1.13,1.14,50008,0
20150518,1.12,1.13,1.04,1.06,1277850,0
20150519,1.08,1.08,1.04,1.05,299213,0
20150520,1.05,1.08,1.01,1.08,397940,0
20150521,1.08,1.09,1.07,1.08,17647,0
20150522,1.06,1.08,1.05,1.07,36440,0
20150525,1.07,1.07,1.05,1.05,23574,0
20150526,1.05,1.05,1.01,1.03,366196,0
20150527,1.03,1.03,1.01,1.02,77854,0
20150528,1.02,1.05,1.02,1.05,235176,0
20150529,1.05,1.07,1.04,1.06,283484,0
20150601,1.07,1.08,1.06,1.08,96592,0
20150602,1.08,1.08,1.07,1.07,68380,0
20150603,1.07,1.07,1.06,1.07,66148,0
20150605,1.07,1.07,1.05,1.07,23510,0
20150608,1.06,1.07,1.05,1.07,17480,0
20150609,1.06,1.06,1.02,1.04,152335,0
20150610,1.02,1.05,1.02,1.05,29029,0
20150611,1.03,1.05,1,1.01,164632,0
20150612,1.01,1.04,1,1.04,47392,0
20150615,1.04,1.04,1,1.04,66392,0
20150616,1.04,1.04,0.99,1.01,132070,0
20150617,1.02,1.02,0.95,1,261311,0
20150618,0.97,0.98,0.92,0.93,555148,0
20150619,0.92,0.93,0.92,0.93,228311,0
20150622,0.92,0.93,0.92,0.93,62642,0
20150623,0.92,0.93,0.9,0.9,409342,0
20150624,0.89,0.93,0.87,0.92,164376,0
20150625,0.91,0.94,0.9,0.92,105046,0
20150626,0.92,0.94,0.91,0.94,152653,0
20150629,0.91,0.93,0.89,0.92,118228,0
20150630,0.91,0.95,0.91,0.95,130872,0
20150701,0.95,0.96,0.93,0.96,127785,0
20150702,0.93,0.95,0.92,0.95,27613,0
20150703,0.93,0.94,0.93,0.93,22124,0
20150706,0.92,0.92,0.91,0.92,31479,0
20150707,0.92,0.93,0.91,0.92,47651,0
20150708,0.92,0.92,0.91,0.92,31889,0
20150709,0.92,0.92,0.9,0.9,30237,0
20150710,0.9,0.91,0.88,0.9,395664,0
20150713,0.9,0.92,0.89,0.92,383266,0
20150714,0.91,0.92,0.91,0.92,57102,0
20150715,0.91,0.94,0.91,0.93,16169,0
20150716,0.92,1,0.92,0.96,183108,0
20150717,0.96,0.98,0.95,0.98,41085,0
20150720,0.95,0.98,0.95,0.98,41297,0
20150721,0.96,0.99,0.96,0.99,10261,0
20150722,0.96,0.98,0.96,0.98,56569,0
20150723,0.97,0.98,0.96,0.97,10003,0
20150724,0.96,0.97,0.96,0.97,18040,0
20150727,0.97,0.99,0.97,0.99,31229,0
20150728,0.97,0.98,0.96,0.98,30707,0
20150729,0.97,0.98,0.97,0.98,10583,0
20150730,0.98,0.98,0.97,0.98,2554,0
20150731,0.97,0.97,0.97,0.97,14114,0
20150803,0.96,0.98,0.96,0.98,9975,0
20150804,0.97,0.98,0.95,0.98,38961,0
20150805,0.98,0.98,0.96,0.97,23878,0
20150806,0.96,0.97,0.95,0.96,86809,0
20150807,0.97,0.99,0.97,0.99,37190,0
20150810,0.99,0.99,0.97,0.97,24839,0
20150811,0.97,0.97,0.96,0.96,23624,0
20150812,0.96,0.96,0.96,0.96,24603,0
20150813,0.96,0.97,0.96,0.97,18532,0
20150814,0.96,0.98,0.96,0.98,12765,0
20150817,0.97,0.98,0.96,0.98,27280,0
20150818,0.97,0.97,0.97,0.97,7213,0
20150819,0.97,0.98,0.97,0.98,9490,0
20150820,0.97,0.97,0.97,0.97,3679,0
20150821,0.97,0.98,0.96,0.97,47750,0
20150824,0.96,0.96,0.9,0.93,306462,0
20150825,0.92,0.94,0.92,0.94,1103,0
20150826,0.94,0.94,0.91,0.94,21055,0
20150827,0.91,0.94,0.91,0.94,203,0
20150828,0.94,0.94,0.92,0.94,8265,0
20150831,0.93,0.93,0.9,0.92,32046,0
20150901,0.9,0.92,0.9,0.92,20738,0
20150902,0.92,0.92,0.88,0.9,25200,0
20150903,0.89,0.9,0.87,0.9,29397,0
20150904,0.9,0.9,0.87,0.89,6780,0
20150907,0.89,0.89,0.87,0.89,4690,0
20150908,0.86,0.88,0.86,0.87,16940,0
20150909,0.87,0.9,0.87,0.9,20087,0
20150910,0.88,0.9,0.87,0.87,14327,0
20150911,0.89,0.89,0.87,0.89,9721,0
20150914,0.88,0.91,0.88,0.91,6743,0
20150915,0.91,0.92,0.88,0.92,29580,0
20150916,0.9,0.92,0.89,0.91,62669,0
20150917,0.89,0.91,0.89,0.91,5107,0
20150918,0.9,0.92,0.9,0.92,43335,0
