20141003,3.1,3.1,3.1,3.1,10,0
20141007,3.1,3.1,3.1,3.1,5,0
20141008,3.1,3.1,3.1,3.1,5,0
20141009,3.1,3.1,3,3.1,3101,0
20141010,3.1,3.1,2.9,2.9,105,0
20141013,3.1,3.1,3.1,3.1,8,0
20141014,3.13,3.13,3.13,3.13,75,0
20141015,3.14,3.14,3.14,3.14,5,0
20141016,3.14,3.14,3,3.01,205,0
20141017,3.14,3.14,3.14,3.14,10,0
20141020,3.14,3.14,3.14,3.14,5,0
20141021,3.14,3.14,3.14,3.14,5,0
20141022,3.14,3.14,3.14,3.14,5,0
20141023,3.14,3.14,3.1,3.1,17,0
20141024,3.14,3.14,3,3,610,0
20141027,3.14,3.14,3.14,3.14,10,0
20141028,3.14,3.14,2.99,3.12,2530,0
20141029,3.12,3.12,3.07,3.1,570,0
20141030,3.1,3.1,3,3.1,224,0
20141031,3.1,3.1,3.1,3.1,5,0
20141103,3.1,3.1,3.1,3.1,5,0
20141104,3.1,3.1,2.91,3.08,826,0
20141105,2.92,3.05,2.81,2.81,6596,0
20141106,2.82,2.83,2.82,2.83,60,0
20141107,2.83,2.83,2.83,2.83,200,0
20141110,2.92,2.92,2.82,2.82,151,0
20141112,2.86,2.97,2.86,2.92,2010,0
20141113,2.97,3.09,2.97,3.09,6382,0
20141114,3,3,3,3,600,0
20141117,2.99,2.99,2.82,2.95,2150,0
20141118,2.95,3.05,2.82,3.05,585,0
20141119,3.06,3.06,3.06,3.06,10,0
20141120,3.04,3.1,3.04,3.1,2500,0
20141121,3.1,3.1,3.1,3.1,10,0
20141124,3.12,3.12,3.12,3.12,10,0
20141125,3.11,3.11,3,3,620,0
20141126,3,3,3,3,5,0
20141127,3,3,3,3,5,0
20141128,3,3,3,3,1,0
20141201,3,3,3,3,20,0
20141202,2.95,2.95,2.7,2.77,3408,0
20141203,2.75,2.75,2.75,2.75,90,0
20141205,2.9,2.9,2.9,2.9,10,0
20141208,3,3,3,3,5,0
20141209,2.99,2.99,2.99,2.99,5,0
20141210,2.99,2.99,2.8,2.8,266,0
20141211,2.99,2.99,2.99,2.99,10,0
20141212,2.76,2.76,2.62,2.74,3674,0
20141215,2.74,2.74,2.61,2.74,6600,0
20141216,2.74,2.74,2.74,2.74,10,0
20141217,2.7,2.7,2.7,2.7,310,0
20141218,2.74,2.74,2.74,2.74,10,0
20141219,2.61,2.74,2.61,2.74,4305,0
20141222,2.74,2.74,2.52,2.54,900,0
20141223,2.51,2.51,2.5,2.5,5830,0
20141229,2.6,2.6,2.6,2.6,50,0
20141230,2.74,2.74,2.74,2.74,10,0
20150102,2.69,2.71,2.6,2.71,330,0
20150105,2.71,2.71,2.71,2.71,520,0
20150107,2.6,2.6,2.6,2.6,10,0
20150108,2.65,2.65,2.65,2.65,30,0
20150115,2.65,2.65,2.6,2.6,3310,0
20150116,2.6,2.6,2.6,2.6,20,0
20150119,2.6,2.85,2.6,2.85,335,0
20150120,2.81,2.81,2.81,2.81,5,0
20150121,2.68,2.81,2.68,2.81,58,0
20150122,2.81,2.81,2.65,2.65,345,0
20150123,2.66,2.66,2.66,2.66,50,0
20150126,2.66,2.68,2.66,2.68,255,0
20150127,2.8,2.8,2.8,2.8,10,0
20150128,2.79,2.79,2.79,2.79,5,0
20150129,2.8,2.8,2.8,2.8,5,0
20150130,2.8,2.8,2.8,2.8,2285,0
20150202,2.81,2.81,2.81,2.81,500,0
20150204,2.71,2.71,2.71,2.71,860,0
20150205,2.84,2.84,2.84,2.84,20,0
20150209,2.85,2.85,2.85,2.85,20,0
20150211,2.82,2.82,2.82,2.82,515,0
20150216,2.82,2.82,2.82,2.82,30,0
20150218,2.83,2.98,2.82,2.95,6361,0
20150219,2.9,3,2.9,3,10844,0
20150220,2.92,2.93,2.92,2.93,270,0
20150223,3,3.1,3,3.07,7447,0
20150224,3.1,3.1,3.05,3.05,500,0
20150225,3.05,3.15,3.05,3.15,5405,0
20150226,3.1,3.1,3,3,575,0
20150227,3.01,3.01,3.01,3.01,20,0
20150302,3.25,3.25,3.07,3.15,6230,0
20150303,3.14,3.14,3.14,3.14,5,0
20150309,3.14,3.14,3.14,3.14,5,0
20150310,3.14,3.14,3.14,3.14,20,0
20150311,3.03,3.03,3.03,3.03,1043,0
20150312,2.97,2.97,2.97,2.97,500,0
20150313,3,3,3,3,325,0
20150316,2.92,2.92,2.92,2.92,1000,0
20150318,2.9,2.9,2.81,2.81,900,0
20150319,2.85,2.85,2.85,2.85,500,0
20150323,2.8,2.9,2.8,2.9,10000,0
20150331,2.83,2.83,2.83,2.83,572,0
20150401,2.86,2.86,2.86,2.86,540,0
20150402,2.8,2.8,2.76,2.8,265,0
20150407,2.8,2.8,2.8,2.8,1200,0
20150409,2.9,2.96,2.9,2.96,2218,0
20150413,2.96,2.96,2.9,2.9,2795,0
20150414,2.95,3.15,2.95,3.15,6201,0
20150415,3.14,3.14,3.13,3.13,200,0
20150416,3.12,3.12,3.12,3.12,50,0
20150417,3.1,3.1,3.1,3.1,310,0
20150421,3.1,3.1,3,3,216,0
20150422,2.93,2.93,2.93,2.93,200,0
20150423,2.94,2.94,2.94,2.94,238,0
20150428,2.96,2.96,2.96,2.96,202,0
20150429,2.97,2.97,2.97,2.97,195,0
20150430,2.97,2.97,2.97,2.97,500,0
20150504,3.03,3.21,3,3.21,8371,0
20150505,3.2,3.2,3.1,3.19,2757,0
20150506,3.08,3.08,3.03,3.03,2752,0
20150507,3,3,3,3,500,0
20150508,2.94,3,2.94,3,524,0
20150511,2.95,3,2.85,2.86,4404,0
20150513,2.91,2.91,2.91,2.91,100,0
20150514,2.91,2.91,2.81,2.81,8804,0
20150518,2.99,3.01,2.99,3,2809,0
20150519,3.01,3.15,3.01,3.15,3055,0
20150520,3.13,3.21,3.12,3.21,4270,0
20150521,3.21,3.3,3.21,3.22,7650,0
20150522,3.15,3.4,3.15,3.4,4564,0
20150525,3.4,3.4,3.31,3.31,3500,0
20150526,3.2,3.5,3.2,3.5,20169,0
20150527,3.55,3.55,3.4,3.41,471,0
20150528,3.31,3.48,3.31,3.48,1127,0
20150601,3.51,3.52,3.51,3.52,3040,0
20150602,3.49,3.49,3.49,3.49,50,0
20150603,3.52,3.52,3.52,3.52,5,0
20150605,3.4,3.4,3.25,3.27,1280,0
20150608,3.25,3.25,3.25,3.25,3300,0
20150609,3.35,3.4,3.3,3.4,1677,0
20150610,3.38,3.38,3.38,3.38,100,0
20150611,3.31,3.45,3.31,3.45,1600,0
20150615,3.31,3.31,3.31,3.31,400,0
20150616,3.3,3.3,3.3,3.3,2,0
20150617,3.3,3.3,3.3,3.3,200,0
20150618,3.25,3.25,3.15,3.15,2000,0
20150619,3.13,3.13,3.13,3.13,100,0
20150622,3.15,3.15,3.15,3.15,100,0
20150623,3.28,3.28,3.16,3.16,2400,0
20150625,3.16,3.16,3.16,3.16,1000,0
20150629,3.14,3.14,3.14,3.14,5,0
20150630,3.01,3.2,3.01,3.2,605,0
20150701,3,3,3,3,1,0
20150702,3.01,3.01,3,3,385,0
20150708,3,3,3,3,10,0
20150713,3,3.1,3,3.1,2686,0
20150715,3.25,3.25,3,3,3302,0
20150716,3,3,3,3,300,0
20150717,2.92,2.92,2.92,2.92,1202,0
20150721,2.95,2.95,2.92,2.92,654,0
20150722,2.92,2.92,2.92,2.92,20,0
20150723,3,3,3,3,708,0
20150724,3,3,3,3,999,0
20150727,3,3,3,3,70,0
20150728,3,3,3,3,150,0
20150729,3,3,3,3,5,0
20150730,3,3,3,3,5,0
20150731,3,3,3,3,1050,0
20150803,3,3.06,3,3.06,794,0
20150804,3.06,3.06,2.98,2.98,1864,0
20150805,3.06,3.06,3.06,3.06,399,0
20150806,2.96,2.96,2.96,2.96,1297,0
20150807,2.96,3.11,2.96,3.11,41,0
20150810,3.1,3.1,3.1,3.1,11,0
20150811,3.1,3.1,3.1,3.1,2,0
20150812,3.1,3.1,3.1,3.1,101,0
20150813,3.1,3.16,3,3.16,1994,0
20150814,3.16,3.16,3.16,3.16,15,0
20150817,3.16,3.16,3.16,3.16,13,0
20150818,3.16,3.16,3.16,3.16,23,0
20150819,3.16,3.16,3.16,3.16,99,0
20150821,3.16,3.16,3.08,3.13,560,0
20150824,3.1,3.1,2.89,2.89,3714,0
20150825,2.89,2.89,2.89,2.89,4194,0
20150826,2.75,2.89,2.75,2.89,1355,0
20150827,2.89,2.89,2.89,2.89,1,0
20150828,2.89,2.89,2.89,2.89,301,0
20150831,2.89,2.89,2.89,2.89,2711,0
20150901,2.89,2.89,2.75,2.75,5106,0
20150902,2.78,2.78,2.78,2.78,500,0
20150903,2.8,2.8,2.8,2.8,2,0
20150907,2.8,2.8,2.75,2.75,177,0
20150908,2.75,2.75,2.72,2.75,1128,0
20150909,2.8,3.06,2.8,3.06,5350,0
20150910,3.07,3.07,3.07,3.07,11,0
20150911,3.07,3.07,3.06,3.06,14,0
20150914,3.06,3.06,3.06,3.06,19,0
20150915,3.06,3.06,3.06,3.06,24,0
20150916,3.06,3.06,3.06,3.06,18,0
20150917,3.06,3.06,2.94,3.04,513,0
20150918,3.07,3.07,3.07,3.07,2,0
