20141104,44.8,46.6,44.8,45.1,362,0
20141105,45.1,45.21,44.86,45.2,390,0
20141106,46,48.1,45.7,47.05,511,0
20141107,47,51.47,47,48.12,1765,0
20141110,48.12,48.82,48.12,48.6,320,0
20141112,47.11,48.59,47.06,48.59,372,0
20141113,48.59,48.69,47.61,47.61,177,0
20141114,48.07,48.07,47.27,47.27,302,0
20141117,47,47,46.85,46.85,59,0
20141118,46.83,47,46.55,47,25,0
20141119,48.19,48.19,46.56,46.56,82,0
20141120,46.58,47,46.58,47,43,0
20141121,48.19,49,47.92,49,189,0
20141124,48.6,48.97,48.6,48.97,228,0
20141125,49.1,49.1,48.35,49.1,145,0
20141126,48.41,52.56,48.41,52.1,5666,0
20141127,52.3,52.4,50.8,50.8,974,0
20141128,51,51.99,50.81,50.83,467,0
20141201,50.81,50.82,50.64,50.65,538,0
20141202,50,50.11,50,50.11,832,0
20141203,51,51,50,50.01,100,0
20141204,50.01,51.45,50.01,51,346,0
20141205,51.7,53.6,51.7,53.6,3008,0
20141208,53.7,53.7,52.5,53,229,0
20141209,52.5,52.5,50.01,50.01,913,0
20141210,50,50.99,49.22,49.4,309,0
20141211,50.64,50.65,50.57,50.6,167,0
20141212,50.6,52,50.08,52,521,0
20141215,52,52,50.8,50.8,325,0
20141216,49.05,49.07,46.22,48.3,540,0
20141217,46.3,47.3,46.3,47.3,64,0
20141218,49.05,50.11,49.05,50.11,380,0
20141219,50,50,49.9,49.9,12,0
20141222,48.1,48.1,47.5,47.8,341,0
20141223,48,48,45,46.8,422,0
20141229,46.4,46.4,44.02,44.99,1044,0
20141230,44.2,46,44.2,45.5,281,0
20150102,46.31,46.31,46,46,161,0
20150105,46,46,44.5,44.5,352,0
20150107,44,45,43.5,45,120,0
20150108,44.95,45.8,44.95,45,385,0
20150109,45,45,44.27,44.27,205,0
20150112,43.58,44.2,43,43.21,317,0
20150113,44.2,44.2,44.2,44.2,175,0
20150114,43.5,43.5,43.5,43.5,47,0
20150115,45.8,45.8,43,44,458,0
20150116,44,44,44,44,1,0
20150119,45,45,45,45,2,0
20150120,45,45,42.96,43.01,71,0
20150121,43,43,43,43,76,0
20150122,43,43.8,43,43.59,984,0
20150123,43.58,43.58,43.58,43.58,120,0
20150126,43.5,43.5,43.5,43.5,84,0
20150127,43.5,43.5,42.85,42.85,12,0
20150128,42.83,42.83,42.7,42.7,60,0
20150130,42.7,42.7,42,42.13,532,0
20150202,42.08,42.08,42,42,62,0
20150203,42.39,45,42.39,45,605,0
20150204,45.45,45.45,44.11,45,23,0
20150205,45,45,45,45,17,0
20150209,44.92,44.92,44.11,44.11,20,0
20150210,44.2,44.21,44.2,44.2,99,0
20150211,44.2,44.2,43.13,43.16,231,0
20150212,43.16,43.21,43.16,43.2,63,0
20150213,44.09,44.09,44.09,44.09,1,0
20150216,44.99,44.99,43,44.2,211,0
20150217,44,44,43.01,43.01,55,0
20150218,43,43.51,43,43.51,291,0
20150219,45,45,43.95,44.1,164,0
20150220,44.4,44.4,43.01,43.01,168,0
20150223,43.01,43.01,42.95,42.95,135,0
20150224,42.8,42.8,42.8,42.8,93,0
20150225,42.8,43,42.6,42.6,329,0
20150226,43.9,44.77,43.9,44.5,1102,0
20150227,44.5,44.5,44.5,44.5,47,0
20150302,44.29,44.3,44.2,44.3,154,0
20150303,44.3,47.22,44.3,47.22,1454,0
20150304,47.99,47.99,46.5,46.5,166,0
20150306,47,47,45.35,45.35,693,0
20150309,46.69,46.69,46.56,46.56,4,0
20150310,44,45,44,45,363,0
20150311,46.29,46.99,46.29,46.33,86,0
20150312,46.18,47.3,46.14,47.3,623,0
20150313,47.9,51,47.9,49.6,3544,0
20150316,49.8,54.78,49.8,54.78,4110,0
20150317,55,55,51.71,52.31,2996,0
20150318,53,53.4,52.29,53.4,793,0
20150319,53,53.13,51,52,1555,0
20150320,51.06,53,49,52.2,1398,0
20150323,53,57.3,53,56.2,3012,0
20150324,56.2,56.49,55.5,56,724,0
20150325,55.9,56.45,55.9,56.45,465,0
20150326,56.39,61.84,54.11,61.84,4406,0
20150327,62,62,58.03,58.89,700,0
20150330,59.26,59.26,58.1,58.1,1087,0
20150331,58.31,58.31,58.31,58.31,150,0
20150401,58.32,64,58.32,64,1143,0
20150402,64,72,64,69.52,4336,0
20150407,70.62,73.96,70,72.8,2869,0
20150408,75.9,75.9,66.46,66.46,2609,0
20150409,72,72,65,71.95,1509,0
20150410,71,71.33,68.71,70.4,662,0
20150413,70.4,70.42,69.1,70.42,544,0
20150414,68.42,68.42,68,68.04,278,0
20150415,68.04,69.99,68,68,444,0
20150416,67.01,68.98,64.21,68.98,654,0
20150417,68.92,68.92,65.8,65.8,239,0
20150420,67,68.98,66.34,66.64,522,0
20150421,66,68.29,66,66.02,1581,0
20150422,67.9,69.48,66.56,68.49,283,0
20150423,67,68.79,66,68.79,2211,0
20150424,68.78,68.78,68.11,68.11,221,0
20150427,68.5,68.9,67.15,67.2,758,0
20150428,68,71.5,68,71.5,1382,0
20150429,70,72,70,71.5,418,0
20150430,70.3,73.3,70.3,71.17,1521,0
20150504,72.05,72.35,71.19,72.32,431,0
20150527,66.2,86.44,66.2,85.5,9021,0
20150528,87.9,87.9,82.35,84.39,976,0
20150529,88,88,80,81.97,2072,0
20150601,82.5,83.49,81.78,81.85,306,0
20150602,81.9,82.01,80.9,80.9,266,0
20150603,79.8,84.6,79.8,84.14,269,0
20150605,84.69,84.69,82.2,82.21,238,0
20150608,82.21,82.83,81.46,81.46,399,0
20150609,83,83,70.98,70.98,939,0
20150610,71.61,71.61,69.45,69.45,312,0
20150611,70,70,68.5,68.9,297,0
20150612,68,68.04,64,65,2088,0
20150615,62.5,67.55,60.7,67.55,2328,0
20150616,67.55,71.7,65.72,71.7,159,0
20150617,72.2,72.2,68.22,69.1,202,0
20150618,69.1,69.1,68.8,68.8,162,0
20150619,68.8,69.5,68,68,1132,0
20150622,68.5,70,68.5,70,482,0
20150623,70,73,70,73,731,0
20150624,73.56,73.56,71.6,71.7,809,0
20150625,73,73,72.4,72.41,576,0
20150626,72.41,79.2,72.41,79,800,0
20150629,78.2,78.5,76.41,78,678,0
20150630,71.7,84,71.7,82.96,1716,0
20150701,82.96,85.61,82.96,85.5,849,0
20150702,85.3,85.4,82.3,82.3,415,0
20150703,81,81,79,80.01,962,0
20150706,85,85,79,80.04,465,0
20150707,82,82.42,81.08,82,927,0
20150708,82,82,82,82,1,0
20150709,82,82,80.56,80.56,56,0
20150710,80.6,80.6,80.5,80.55,227,0
20150713,80.55,83.4,78,83.29,2493,0
20150714,83.4,83.4,81.51,81.51,160,0
20150715,81.51,83.47,81.51,83.47,12,0
20150716,83.47,85,83.47,85,2363,0
20150717,85,85,84.62,84.62,80,0
20150720,85,85,81.95,81.95,1521,0
20150721,82.06,82.1,81.95,81.95,677,0
20150722,81.95,85.01,80.6,83.96,2209,0
20150723,83.33,85.2,81.5,84.02,1305,0
20150724,85,85,85,85,54,0
20150727,85.5,85.5,85,85,50,0
20150728,84,84,82,83.01,188,0
20150729,84.9,84.9,82.33,84.77,183,0
20150730,85,85,85,85,1,0
20150731,85,85,84.96,84.98,1206,0
20150803,84.5,89,82,88.4,1043,0
20150804,88.4,88.4,86.25,88,187,0
20150805,86.2,88,86,88,250,0
20150806,88,90.2,88,89.85,1098,0
20150807,91.5,91.5,87,87,426,0
20150810,87,87,82.65,83.3,485,0
20150811,83.3,86.09,83.3,86.09,316,0
20150812,88,88,82,82,747,0
20150813,82,82,80.7,80.95,57,0
20150814,80.95,80.95,80,80,104,0
20150817,80,80,78.8,80,109,0
20150818,81.16,81.16,78.55,79,101,0
20150819,79,81.2,79,81.2,157,0
20150820,78.1,78.1,78.1,78.1,50,0
20150821,77,77.08,75.82,77.08,100,0
20150824,74,74,68.31,70.02,1157,0
20150825,68.3,74.1,68.3,74.1,378,0
20150826,75,75.94,72.12,75.94,652,0
20150827,78.4,78.4,74.02,77,288,0
20150828,79,79,78,78,11,0
20150901,75.5,75.5,74.01,74.31,146,0
20150902,74,74,74,74,102,0
20150903,74.37,74.37,73.49,74,517,0
20150904,74.53,74.53,74.53,74.53,10,0
20150907,72.3,72.3,68.3,70.99,161,0
20150908,68,71.37,68,71.37,179,0
20150909,72,72,71.37,71.5,334,0
20150910,69.5,69.81,68.35,69.2,224,0
20150911,68.52,68.52,67.8,68.22,518,0
20150914,68.01,70.72,68.01,70.5,322,0
20150915,72.42,72.43,72.02,72.02,190,0
20150916,72.43,73.94,72.43,73.94,199,0
20150917,74.01,81,74.01,80.8,1372,0
20150918,75.11,82,75.11,82,866,0
