20141201,91.749,91.749,91.259,91.72,288,0
20141202,91.355,92.681,89.156,92.681,2455,0
20141203,92.691,95.102,91.355,91.355,3039,0
20141204,91.355,91.355,89.242,89.242,3325,0
20141205,89.194,89.338,87.417,88.377,3216,0
20141208,89.338,89.338,86.024,86.456,6086,0
20141209,86.456,86.456,85.121,85.496,3293,0
20141210,86.447,89.338,83.67,84.535,3649,0
20141211,84.247,86.168,83.574,83.574,3752,0
20141212,83.67,84.842,82.181,82.614,10049,0
20141215,84.151,84.151,80.942,84.151,13070,0
20141216,82.883,84.199,81.653,81.874,5856,0
20141217,82.133,84.045,81.653,81.653,9108,0
20141218,82.614,83.19,82.143,82.143,3356,0
20141219,82.614,84.535,82.614,84.535,3046,0
20141222,85.976,85.976,83.93,84.016,2975,0
20141223,84.535,86.456,84.535,84.535,4506,0
20141229,86.437,87.897,84.535,84.535,6395,0
20141230,82.133,86.427,81.701,85.496,64907,0
20150102,87.542,88.377,85.496,86.437,674,0
20150105,85.64,86.408,84.631,84.631,254,0
20150107,85.015,87.897,81.759,87.897,2786,0
20150108,85.793,87.417,85.784,86.245,672,0
20150109,87.311,87.993,86.581,87.897,2068,0
20150112,88.185,88.387,87.417,87.417,405,0
20150113,87.225,88.368,87.225,88.185,72,0
20150114,87.417,88.185,87.417,87.993,917,0
20150115,87.033,87.417,84.535,85.976,1087,0
20150116,86.072,86.235,84.525,85.496,1369,0
20150119,85.496,86.255,85.496,85.976,152,0
20150120,85.774,85.774,84.535,84.535,6,0
20150121,85.496,86.216,84.593,86.216,19,0
20150122,86.264,86.264,86.168,86.168,2213,0
20150123,87.888,87.888,86.168,87.321,196,0
20150126,87.321,87.321,86.456,86.456,28395,0
20150127,86.456,86.456,86.437,86.456,408,0
20150128,86.456,86.456,85.976,86.447,181,0
20150129,86.351,86.351,85.601,85.601,436,0
20150130,85.601,86.351,85.496,86.351,857,0
20150202,86.456,86.456,85.207,85.207,645,0
20150203,85.496,86.216,85.227,85.496,875,0
20150204,85.592,86.562,85.496,86.562,108,0
20150205,87.129,87.129,84.727,86.447,930,0
20150206,86.456,86.456,84.823,84.823,1192,0
20150209,86.744,86.744,85.496,85.496,207,0
20150210,85.688,86.456,85.688,85.736,385,0
20150211,85.976,86.639,85.496,86.178,455,0
20150212,85.496,86.533,85.063,86.168,309,0
20150213,85.505,86.399,85.496,86.139,387,0
20150216,86.197,86.197,86.13,86.13,451,0
20150217,86.13,86.264,84.919,84.919,1572,0
20150218,85.015,86.399,85.015,85.121,719,0
20150219,85.496,85.928,84.631,84.631,1809,0
20150220,84.631,84.65,84.151,84.151,859,0
20150223,85.4,85.4,84.247,84.247,101,0
20150224,85.111,85.111,84.151,84.439,393,0
20150225,84.525,84.525,84.151,84.151,299,0
20150226,84.151,84.151,83.238,83.238,729,0
20150227,84.42,84.429,82.133,82.614,3897,0
20150302,80.212,80.692,73.007,75.409,23307,0
20150303,75.409,75.601,73.968,74.208,13520,0
20150304,74.218,75.351,74.016,75.265,873,0
20150305,75.265,75.409,73.459,73.459,7977,0
20150306,73.497,74.621,73.027,73.027,3327,0
20150309,73.036,73.747,73.007,73.113,500,0
20150310,74.016,74.641,73.401,73.968,1563,0
20150311,73.968,74.439,73.584,73.959,897,0
20150312,74.343,74.343,73.824,73.824,431,0
20150313,73.968,73.968,73.536,73.536,1646,0
20150316,73.536,74.189,73.536,73.92,1742,0
20150317,73.344,73.344,72.047,72.162,3426,0
20150318,72.729,73.728,71.951,73.056,9748,0
20150319,73.007,73.007,71.759,71.759,2748,0
20150320,71.768,72.623,71.768,72.623,747,0
20150323,72.719,73.007,72.537,73.007,1403,0
20150324,73.017,73.017,71.788,71.855,23537,0
20150325,72.037,73.536,71.912,73.536,23254,0
20150326,73.536,73.536,72.719,73.488,418,0
20150327,73.478,73.661,72.633,73.007,261,0
20150330,73.478,73.478,72.431,72.787,738,0
20150331,72.815,73.632,72.815,73.632,1474,0
20150401,73.469,73.469,72.835,73.44,202,0
20150402,73.007,73.44,73.007,73.007,85,0
20150407,73.104,73.968,72.633,73.296,888,0
20150408,73.296,73.67,72.633,73.651,232,0
20150409,73.651,73.968,72.911,72.911,2069,0
20150410,73.007,73.017,72.095,72.277,22940,0
20150413,72.277,73.382,71.951,72.345,105671,0
20150414,73.007,73.488,72.335,72.815,52968,0
20150415,72.815,73.421,72.066,73.421,52029,0
20150416,72.979,72.998,72.441,72.998,716,0
20150417,73.007,73.488,72.364,72.383,544,0
20150420,72.979,72.988,72.076,72.22,414,0
20150421,72.94,75.409,72.249,75.313,3610,0
20150422,75.313,75.313,73.536,75.207,1965,0
20150423,75.15,75.198,73.69,74.823,528,0
20150424,75.063,75.063,74.91,75.015,1011,0
20150427,75.399,75.399,74.544,75.015,669,0
20150428,75.015,75.015,74.544,74.544,767,0
20150429,74.544,74.929,73.968,74.929,2008,0
20150430,74.823,74.929,74.823,74.929,870,0
20150504,74.929,74.929,74.477,74.929,1185,0
20150505,74.737,74.737,73.968,73.978,522,0
20150506,74.641,74.641,73.968,73.978,364,0
20150507,73.968,74.4,73.968,74.4,480,0
20150508,74.429,74.833,74.429,74.737,734,0
20150511,74.929,74.929,74.641,74.833,314,0
20150512,74.496,74.929,73.968,74.929,360,0
20150513,74.919,74.919,74.448,74.91,158,0
20150514,74.929,76.081,74.929,75.409,1709,0
20150515,76.072,76.072,74.929,76.072,45,0
20150518,74.929,75.966,74.929,75.774,232,0
20150519,75.774,78.003,75.505,76.37,6676,0
20150520,76.571,77.321,76.322,77.321,404,0
20150521,77.378,78.022,77.378,77.993,685,0
20150522,77.811,78.003,77.618,78.003,454,0
20150525,78.003,78.003,76.85,77.33,616,0
20150526,77.609,77.609,76.85,77.57,68,0
20150527,76.85,77.513,75.073,77.494,728,0
20150528,76.85,77.811,74.093,77.695,2683,0
20150529,77.695,77.695,77.609,77.609,256,0
20150601,77.609,77.609,75.889,77.205,330,0
20150602,76.85,76.85,75.419,76.37,217,0
20150603,76.37,76.37,74.929,76.331,155,0
20150605,76.821,76.821,76.648,76.648,12,0
20150608,76.456,76.456,74.016,76.35,1042,0
20150609,76.312,76.312,74.458,74.583,479,0
20150610,75.409,75.889,74.458,74.929,870,0
20150611,74.929,75.332,74.458,75.332,243,0
20150612,74.477,74.496,74.477,74.496,139,0
20150615,74.496,74.833,74.468,74.833,290,0
20150616,74.487,74.833,74.055,74.055,261,0
20150617,74.064,74.064,72.056,73.007,492,0
20150618,73.017,73.017,72.047,72.431,365,0
20150619,72.441,73.478,72.431,73.469,329,0
20150622,73.478,73.488,72.153,73.488,92,0
20150623,73.401,74.544,73.401,73.584,296,0
20150624,73.776,74.544,73.392,74.448,310,0
20150625,74.525,74.929,73.075,74.881,1014,0
20150626,75.303,75.313,74.919,74.919,146,0
20150629,73.007,74.91,70.433,74.91,1095,0
20150630,74.737,74.737,73.488,74.737,1302,0
20150701,74.929,74.929,72.047,74.919,525,0
20150702,74.823,74.929,74.823,74.929,890,0
20150703,73.968,74.929,73.968,74.929,78,0
20150706,73.142,74.852,70.539,73.007,490,0
20150707,74.737,74.804,72.959,74.804,40,0
20150708,73.007,74.621,72.047,72.047,231,0
20150709,72.527,72.527,72.527,72.527,5,0
20150710,72.066,72.998,71.086,72.988,322,0
20150713,74.698,74.698,72.124,74.669,304,0
20150714,73.959,74.689,73.959,74.256,875,0
20150716,74.256,74.698,74.256,74.641,882,0
20150717,74.448,74.689,74.074,74.689,477,0
20150720,74.727,74.737,74.727,74.737,138,0
20150721,74.929,75.121,74.823,74.833,1150,0
20150722,74.833,74.833,74.093,74.737,141,0
20150723,74.112,74.448,74.103,74.103,760,0
20150724,74.458,74.458,73.968,74.064,790,0
20150727,74.352,74.823,74.16,74.352,687,0
20150728,74.737,74.929,74.544,74.833,240,0
20150729,74.458,74.641,74.448,74.641,112,0
20150730,74.929,74.929,74.737,74.737,42,0
20150731,74.458,74.833,73.18,73.228,3007,0
20150803,73.248,73.248,73.007,73.007,274,0
20150804,74.42,74.929,73.968,73.968,911,0
20150805,75.121,76.312,75.121,76.312,653,0
20150806,76.37,76.86,75.889,76.86,1551,0
20150807,76.86,78.771,76.86,78.531,442,0
20150810,78.771,80.126,78.685,80.126,651,0
20150811,80.203,80.203,80.126,80.126,589,0
20150812,79.972,79.972,76.975,78.762,763,0
20150813,78.762,78.762,78.387,78.435,283,0
20150814,77.955,78.291,77.052,77.811,206,0
20150817,78.281,78.281,76.975,76.975,3414,0
20150818,76.86,76.984,76.84,76.984,348,0
20150819,76.888,76.888,76.888,76.888,21,0
20150820,76.37,76.946,76.043,76.946,135,0
20150821,77.33,77.33,76.946,76.946,225,0
20150824,76.85,77.811,75.889,77.042,7386,0
20150825,75.889,76.821,75.889,76.821,2841,0
20150826,76.84,76.84,75.889,76.418,925,0
20150827,76.84,77.801,76.466,76.85,27610,0
20150828,76.99,76.99,76.5,76.85,677,0
20150831,77,79,76.11,79,1558,0
20150901,77.12,79,77.12,79,239,0
20150902,78.02,78.98,78,78.9,218,0
20150903,78.2,78.2,78.2,78.2,34,0
20150904,78.2,78.2,77.65,78.15,410,0
20150907,78.15,78.15,77,77,131,0
20150908,76.16,76.99,76.1,76.38,485,0
20150909,76.15,77,75.5,76.76,445,0
20150910,77,77.5,75.98,77.5,504,0
20150911,77.1,77.85,76.47,77.85,921,0
20150914,77.84,77.85,77.84,77.85,50,0
20150916,76.13,77.89,76.13,77.89,637,0
20150917,76.11,77.78,76.11,77.77,305,0
20150918,76.22,76.99,76,76.49,1301,0
