20141113,24.32,24.32,24.32,24.32,63,0
20141117,24.98,26,23.99,23.99,1002,0
20141118,25.5,25.5,24,24,748,0
20141119,25.5,25.5,23.75,23.75,1765,0
20141120,25.49,25.49,25.49,25.49,50,0
20141121,25.49,25.49,25.49,25.49,1,0
20141124,25.49,25.49,25.49,25.49,1,0
20141125,25.4,25.4,25.4,25.4,1,0
20141126,25.4,25.4,25.4,25.4,1,0
20141127,24.47,24.47,24.42,24.47,324,0
20141128,24.46,24.46,24.45,24.45,2,0
20141201,25.48,25.48,24.45,24.45,6,0
20141202,25.48,25.48,25.48,25.48,1,0
20141203,24,24,23.7,23.7,491,0
20141204,23.9,23.9,23.72,23.9,67,0
20141205,23.7,23.7,23.7,23.7,201,0
20141208,23.7,23.7,23.6,23.7,67,0
20141209,23.7,23.7,23.7,23.7,1,0
20141210,21.9,22,21,21,547,0
20141211,22.6,22.6,19.5,20.49,880,0
20141212,20.49,20.49,18.2,18.2,2156,0
20141215,19,19,18,18,1602,0
20141216,19,19,18.69,18.87,114,0
20141217,19,19,17.61,19,63,0
20141218,22.8,22.8,18.5,20,1701,0
20141219,22.49,22.49,19.5,19.5,401,0
20141222,21,21,18.2,19,1117,0
20141223,19,19,18.5,19,992,0
20141229,19,19,18.5,18.5,1721,0
20141230,19,24,18.8,24,1904,0
20150102,23.99,23.99,21,23.97,20,0
20150105,23.39,23.39,22.42,22.42,76,0
20150107,26.9,26.9,22.12,22.12,216,0
20150108,23.3,23.5,23.3,23.5,51,0
20150109,23.5,23.5,20.19,23.5,178,0
20150112,23.5,23.5,23.5,23.5,1,0
20150113,23.5,23.5,20.64,23.5,75,0
20150114,23.5,23.5,20.5,20.5,285,0
20150115,22,22,22,22,1,0
20150116,21.49,21.49,18.03,21.49,12,0
20150119,21.49,21.49,21.49,21.49,1,0
20150120,21.5,21.5,21.49,21.5,111,0
20150121,21.5,21.5,20,20,215,0
20150122,21.5,21.5,21.5,21.5,1,0
20150123,21.5,21.5,21.5,21.5,1,0
20150126,21.5,21.5,21.5,21.5,2,0
20150127,21.5,21.5,21.5,21.5,1,0
20150128,21.5,21.5,21.5,21.5,2,0
20150129,21.5,21.5,21.5,21.5,1,0
20150130,21.5,21.5,21.5,21.5,2,0
20150202,25,25,25,25,1,0
20150203,21.9,21.9,21.41,21.9,111,0
20150204,21.9,21.9,21.9,21.9,1,0
20150205,21.9,21.9,21.9,21.9,1,0
20150206,21.9,25,21.9,24.2,2235,0
20150209,24.2,24.2,21.96,21.96,119,0
20150210,24.2,24.2,22.9,24.2,68,0
20150211,24.2,24.2,24.2,24.2,1,0
20150212,24.2,24.2,24.2,24.2,1,0
20150213,24,24,24,24,1,0
20150216,24.2,24.2,22.63,24.2,137,0
20150217,24.2,24.2,24.2,24.2,1,0
20150218,24.2,24.2,24.2,24.2,1,0
20150219,24.2,24.2,23.8,24.1,107,0
20150220,24.2,24.2,24.2,24.2,3,0
20150223,24.2,24.2,24.2,24.2,22,0
20150224,24.2,24.2,24.2,24.2,1,0
20150225,24.2,27.5,24.2,26,696,0
20150226,26.9,26.9,25,25,572,0
20150227,26.9,26.9,25.68,26,160,0
20150302,26.49,26.49,26.49,26.49,37,0
20150303,26.25,26.5,26.25,26.5,303,0
20150304,26.5,26.5,26.5,26.5,184,0
20150305,26.5,26.5,26.5,26.5,15,0
20150306,26.5,26.5,26.5,26.5,244,0
20150309,26.8,31.7,26.5,26.5,3032,0
20150310,26.6,26.6,26.6,26.6,1,0
20150311,26.5,26.5,26.5,26.5,52,0
20150312,25.5,26.5,25.5,26.45,897,0
20150313,26.44,26.44,26.44,26.44,140,0
20150316,26.44,26.44,25.2,25.2,48,0
20150317,26.3,26.3,26.3,26.3,1,0
20150318,26.3,26.3,26.3,26.3,1,0
20150319,26.3,26.44,26.3,26.44,201,0
20150320,26.55,28.98,26.2,28.98,2264,0
20150323,30.99,30.99,27.1,29.13,350,0
20150324,29,29,29,29,542,0
20150325,28.5,28.5,28.5,28.5,264,0
20150326,28.5,28.5,28.5,28.5,3,0
20150327,28.4,28.5,28.4,28.5,401,0
20150330,28.5,29,28.45,29,369,0
20150331,29,29,29,29,282,0
20150401,29,29,27.41,29,28744,0
20150402,30.99,31,28,31,60823,0
20150407,31,31,29.29,29.54,316,0
20150408,31,31,29.1,29.1,1551,0
20150409,31,36.76,29.33,34.92,4995,0
20150410,34.98,35.25,33,34.5,4016,0
20150413,36.4,36.4,34.5,34.5,5911,0
20150414,35.5,37.5,33.12,35,4236,0
20150415,37.97,37.97,37.97,37.97,30,0
20150416,37.97,37.97,35.98,35.98,3,0
20150417,37.97,37.97,37.82,37.85,18,0
20150420,37,37,35.74,35.74,95,0
20150421,37,37,36,36,549,0
20150422,36,36,35,35,37,0
20150423,36,36,35,35,1008,0
20150424,36,36,35,35.2,1179,0
20150427,36,36.7,35.68,35.68,2464,0
20150428,37,37,37,37,4,0
20150429,37,37,37,37,3,0
20150430,37,37,35.43,37,621,0
20150504,37,37,34.7,34.7,55,0
20150505,36.9,36.9,36.51,36.7,1221,0
20150506,37,37,37,37,1,0
20150507,37,37,37,37,1,0
20150508,37,39.5,36.7,36.7,1550,0
20150511,37.5,40,36.01,38.75,2957,0
20150513,38,38.05,38,38,1650,0
20150514,38.98,38.98,38.98,38.98,2,0
20150515,36.13,38,36.13,38,504,0
20150518,38,38,36.5,37,2728,0
20150519,37.5,37.5,37.5,37.5,7,0
20150520,37.54,37.99,36.5,37.99,10,0
20150521,37.5,37.5,37.5,37.5,1300,0
20150522,37.99,37.99,37.99,37.99,119,0
20150525,37.5,37.99,37.5,37.99,255,0
20150526,37.99,37.99,37.5,37.5,240,0
20150527,37.5,37.99,37.5,37.8,2194,0
20150528,37.98,37.98,37.8,37.8,187,0
20150529,37.8,37.8,37.8,37.8,818,0
20150601,37.95,37.95,37.6,37.6,48,0
20150602,37.5,37.95,37.5,37.9,479,0
20150603,37.5,37.89,37.5,37.89,132,0
20150605,37.89,37.89,37.8,37.8,483,0
20150608,37.8,37.8,37.5,37.5,52,0
20150609,37.8,37.8,37.79,37.79,166,0
20150610,37.79,38.64,37.77,38.64,3275,0
20150611,39.89,39.89,39,39.89,512,0
20150612,39.98,43,39.78,43,3314,0
20150615,43,43,39.99,40,5106,0
20150616,40,40,39.06,40,3064,0
20150617,39.99,39.99,39.3,39.99,314,0
20150618,39.99,39.99,39.3,39.99,294,0
20150623,39.37,39.99,37.63,39.99,153,0
20150624,39.99,44.99,37.02,40,20863,0
20150625,39.8,41.75,39,41.14,21757,0
20150626,41,41,41,41,100,0
20150629,40,40,40,40,136,0
20150630,39.99,41,38.4,41,3703,0
20150701,40,41,40,40.5,1984,0
20150702,39.99,43.88,38.6,41.6,1138,0
20150703,44.92,44.95,42.14,44.89,157,0
20150706,44.88,44.88,43.93,44.42,4,0
20150707,44.4,44.4,41.8,42.8,976,0
20150708,44.32,44.32,40.01,41.9,457,0
20150709,42.1,42.1,40.05,40.05,479,0
20150710,40.05,41,40.05,40.07,11,0
20150713,41,41,40.2,41,991,0
20150714,41,41,40.75,41,2937,0
20150715,41,41,40.51,41,477,0
20150716,41.2,41.2,39,39.87,2076,0
20150717,40.9,40.9,39.76,39.76,190,0
20150720,39.5,39.5,39,39,908,0
20150721,39,39,39,39,30,0
20150722,37.8,39.95,37.8,39.95,4,0
20150723,39.9,39.9,38,38,14,0
20150724,39.95,39.95,37.8,37.8,2,0
20150727,38,39,38,39,51,0
20150728,38.5,39.95,38.5,39.95,65,0
20150729,38.6,40,38.6,38.61,254,0
20150730,38.65,39.9,38.65,39.9,124,0
20150803,39.9,39.9,38.71,39,565,0
20150804,38.75,38.75,38.5,38.5,26203,0
20150805,38.2,38.2,36.55,36.55,70,0
20150806,36.61,36.61,36.61,36.61,100,0
20150807,36.42,36.42,36.42,36.42,1,0
20150810,36.51,36.7,36.51,36.6,151,0
20150811,36.51,38.2,36.51,38.2,106,0
20150813,36.6,38.2,36.6,38.2,13,0
20150814,36.7,38,36.04,38,351,0
20150817,36.1,38,36.1,38,51,0
20150819,40,40,40,40,5,0
20150821,39,39,35.1,35.31,1613,0
20150824,35.11,35.3,34.01,34.01,550,0
20150825,34.15,35.99,34.15,35.99,104,0
20150827,34.9,35.8,34.9,35.8,101,0
20150828,35.9,35.9,35.88,35.89,160,0
20150831,35.98,39,35.98,39,470,0
20150901,38.3,38.3,38.3,38.3,194,0
20150904,34.5,37.85,34.5,37.85,189,0
20150907,37.85,37.85,37.85,37.85,12,0
20150909,37.8,37.8,37.8,37.8,140,0
20150910,36,37.8,36,37.8,215,0
20150911,37.5,37.5,37.5,37.5,280,0
20150914,37.5,37.5,37.5,37.5,20,0
20150916,33.5,35.99,33.5,35.99,218,0
20150917,33.79,36.37,33.79,36.37,249,0
