20131205,1.72,1.82,1.72,1.82,925,0
20131210,1.72,1.79,1.72,1.79,1619,0
20131212,1.72,1.79,1.7,1.75,3824,0
20131213,1.67,1.74,1.67,1.74,898,0
20131216,1.74,1.75,1.74,1.75,2226,0
20131217,1.75,1.75,1.65,1.7,10721,0
20131218,1.74,1.74,1.74,1.74,10,0
20131220,1.62,1.74,1.61,1.74,2938,0
20131223,1.75,1.75,1.75,1.75,314,0
20140102,1.89,1.89,1.85,1.85,857,0
20140103,1.85,1.88,1.85,1.88,1550,0
20140114,1.79,1.85,1.79,1.85,105,0
20140115,1.67,1.81,1.67,1.81,800,0
20140116,1.66,1.77,1.66,1.77,41,0
20140124,1.66,1.74,1.66,1.74,5852,0
20140127,1.65,1.74,1.65,1.74,1432,0
20140130,1.7,1.74,1.7,1.74,641,0
20140203,1.74,1.74,1.74,1.74,597,0
20140204,1.74,1.74,1.74,1.74,301,0
20140205,1.7,1.75,1.59,1.75,2409,0
20140206,1.72,1.77,1.72,1.77,2799,0
20140212,1.67,1.77,1.61,1.77,125,0
20140213,1.77,1.77,1.77,1.77,1905,0
20140217,1.73,1.76,1.7,1.76,888,0
20140218,1.77,1.77,1.7,1.75,7031,0
20140219,1.7,1.74,1.7,1.74,621,0
20140220,1.69,1.74,1.67,1.74,2010,0
20140226,1.74,1.74,1.7,1.7,538,0
20140227,1.7,1.7,1.7,1.7,1158,0
20140228,1.77,1.99,1.76,1.98,15462,0
20140303,2,2,1.68,1.7,4617,0
20140304,1.7,1.87,1.7,1.87,1260,0
20140305,2,2,2,2,150,0
20140306,1.85,1.97,1.84,1.97,1511,0
20140311,1.9,1.9,1.9,1.9,28,0
20140312,1.71,1.88,1.71,1.71,2758,0
20140314,1.7,1.82,1.68,1.68,1540,0
20140317,1.79,1.8,1.79,1.8,413,0
20140321,1.95,1.95,1.67,1.79,1014,0
20140402,1.77,1.77,1.77,1.77,728,0
20140403,1.71,1.71,1.71,1.71,1085,0
20140407,1.71,1.85,1.71,1.85,303,0
20140410,1.72,1.72,1.72,1.72,60,0
20140411,1.84,1.85,1.73,1.73,1554,0
20140416,1.73,1.73,1.73,1.73,585,0
20140417,1.84,1.84,1.84,1.84,51,0
20140424,1.81,1.81,1.81,1.81,445,0
20140429,1.72,1.72,1.71,1.71,500,0
20140430,1.81,1.81,1.81,1.81,50,0
20140515,1.75,1.92,1.75,1.91,13933,0
20140516,1.8,1.91,1.8,1.91,1333,0
20140519,1.91,1.91,1.82,1.82,1068,0
20140520,1.82,1.91,1.82,1.91,1713,0
20140521,1.83,1.83,1.83,1.83,2500,0
20140523,1.89,1.89,1.89,1.89,1001,0
20140526,1.9,1.9,1.9,1.9,390,0
20140527,1.9,1.9,1.9,1.9,1252,0
20140529,1.84,1.84,1.84,1.84,5,0
20140530,1.85,1.88,1.85,1.88,1186,0
20140602,1.85,1.85,1.85,1.85,65,0
20140603,1.85,1.86,1.85,1.86,1450,0
20140604,1.86,1.89,1.86,1.89,1025,0
20140605,1.78,1.89,1.78,1.89,48,0
20140606,1.89,1.89,1.89,1.89,500,0
20140609,1.82,1.88,1.78,1.88,503,0
20140610,1.79,1.88,1.78,1.88,1110,0
20140611,1.88,1.88,1.88,1.88,58,0
20140613,1.8,1.8,1.8,1.8,546,0
20140616,1.89,1.89,1.89,1.89,100,0
20140623,1.89,1.89,1.89,1.89,700,0
20140624,1.75,1.9,1.75,1.9,717,0
20140627,1.89,1.89,1.89,1.89,249,0
20140701,1.87,1.87,1.87,1.87,300,0
20140702,1.89,1.89,1.89,1.89,40,0
20140704,1.75,1.85,1.75,1.85,662,0
20140710,1.8,1.84,1.74,1.84,959,0
20140716,1.84,1.84,1.84,1.84,310,0
20140724,1.67,1.82,1.67,1.82,85,0
20140728,1.67,1.82,1.67,1.82,77,0
20140730,1.8,1.81,1.8,1.81,285,0
20140806,1.67,1.82,1.67,1.82,310,0
20140808,1.66,1.81,1.66,1.81,720,0
20140822,1.8,1.8,1.8,1.8,1219,0
20140827,1.75,1.75,1.75,1.75,982,0
20140829,1.68,1.8,1.68,1.8,4242,0
20140903,1.7,1.79,1.7,1.79,1005,0
20140905,1.72,1.79,1.68,1.78,1335,0
20140909,1.79,1.79,1.79,1.79,2,0
20140915,1.7,1.78,1.68,1.78,593,0
20140918,1.68,1.72,1.66,1.72,1490,0
20140919,1.77,1.77,1.77,1.77,100,0
20140922,1.66,1.76,1.66,1.76,555,0
20140923,1.68,1.73,1.66,1.73,1050,0
20140926,1.65,1.65,1.65,1.65,201,0
20140929,1.63,1.71,1.61,1.71,1750,0
20141001,1.73,1.73,1.73,1.73,180,0
20141002,1.62,1.76,1.6,1.76,3100,0
20141006,1.75,1.75,1.75,1.75,1000,0
20141021,1.62,1.74,1.62,1.74,170,0
20141023,1.6,1.74,1.59,1.74,7630,0
20141024,1.6,1.7,1.6,1.7,1096,0
20141027,1.62,1.7,1.61,1.7,11300,0
20141028,1.61,1.67,1.53,1.67,4637,0
20141104,1.56,1.57,1.56,1.57,1655,0
20141105,1.64,1.64,1.64,1.64,200,0
20141106,1.57,1.57,1.56,1.56,1565,0
20141107,1.56,1.56,1.56,1.56,1545,0
20141110,1.56,1.64,1.56,1.64,80,0
20141113,1.65,1.66,1.65,1.65,5803,0
20141114,1.6,1.6,1.6,1.6,600,0
20141117,1.6,1.6,1.55,1.55,4176,0
20141118,1.41,1.49,1.4,1.44,8580,0
20141119,1.54,1.6,1.39,1.41,4547,0
20141120,1.39,1.41,1.31,1.41,1920,0
20141124,1.41,1.49,1.41,1.49,1550,0
20141125,1.37,1.5,1.37,1.49,5013,0
20141127,1.43,1.44,1.42,1.44,710,0
20141201,1.5,1.5,1.36,1.36,390,0
20141202,1.44,1.58,1.35,1.58,71720,0
20141203,1.57,1.57,1.57,1.57,90,0
20141204,1.55,1.55,1.55,1.55,1000,0
20141205,1.5,1.5,1.37,1.5,3489,0
20141208,1.4,1.46,1.4,1.46,452,0
20141211,1.41,1.41,1.41,1.41,2793,0
20141212,1.29,1.4,1.29,1.39,605,0
20141217,1.35,1.4,1.35,1.4,4055,0
20141218,1.26,1.35,1.26,1.35,4505,0
20141219,1.34,1.34,1.34,1.34,2000,0
20141223,1.31,1.34,1.3,1.32,45645,0
20141230,1.19,1.44,1.19,1.32,7443,0
20150102,1.39,1.39,1.39,1.39,410,0
20150105,1.44,1.44,1.44,1.44,100,0
20150107,1.44,1.46,1.44,1.46,640,0
20150123,1.39,1.39,1.39,1.39,1600,0
20150130,1.39,1.39,1.39,1.39,100,0
20150210,1.38,1.38,1.38,1.38,496,0
20150220,1.38,1.38,1.38,1.38,2000,0
20150223,1.38,1.38,1.38,1.38,3550,0
20150224,1.38,1.44,1.32,1.43,2352,0
20150225,1.33,1.44,1.21,1.44,9364,0
20150226,1.43,1.44,1.43,1.44,1907,0
20150227,1.44,1.64,1.44,1.63,16999,0
20150302,1.64,1.64,1.5,1.62,3876,0
20150303,1.63,1.63,1.63,1.63,6200,0
20150306,1.63,1.63,1.41,1.47,3216,0
20150309,1.47,1.54,1.33,1.54,5855,0
20150310,1.4,1.54,1.4,1.54,1501,0
20150311,1.63,1.63,1.63,1.63,99,0
20150313,1.63,1.63,1.63,1.63,1100,0
20150318,1.52,1.61,1.51,1.52,8709,0
20150319,1.43,1.43,1.43,1.43,4951,0
20150320,1.56,1.56,1.41,1.56,553,0
20150326,1.56,1.56,1.56,1.56,4500,0
20150330,1.59,1.59,1.59,1.59,500,0
20150407,1.59,1.6,1.59,1.6,100,0
20150409,1.6,1.6,1.6,1.6,50,0
20150410,1.6,1.74,1.59,1.74,12096,0
20150413,1.57,1.69,1.57,1.69,757,0
20150414,1.74,1.74,1.74,1.74,1,0
20150417,1.6,1.66,1.6,1.66,210,0
20150420,1.6,1.65,1.5,1.65,1810,0
20150421,1.65,1.65,1.65,1.65,20,0
20150506,1.51,1.6,1.51,1.51,899,0
20150507,1.51,1.59,1.51,1.59,693,0
20150508,1.68,1.68,1.68,1.68,2550,0
20150511,1.68,1.68,1.68,1.68,2000,0
20150512,1.52,1.68,1.52,1.68,1100,0
20150514,1.68,1.7,1.68,1.7,2350,0
20150515,1.67,1.67,1.53,1.53,1400,0
20150518,1.53,1.66,1.53,1.59,2222,0
20150519,1.59,1.6,1.44,1.6,3864,0
20150521,1.68,1.68,1.68,1.68,26,0
20150602,1.69,1.69,1.69,1.69,1168,0
20150616,1.45,1.59,1.45,1.59,1174,0
20150617,1.65,1.65,1.45,1.45,1094,0
20150622,1.63,1.63,1.63,1.63,30,0
20150626,1.45,1.63,1.45,1.63,24,0
20150629,1.63,1.63,1.63,1.63,3,0
20150708,1.45,1.45,1.45,1.45,50,0
20150709,1.59,1.65,1.5,1.63,1164,0
20150710,1.47,1.6,1.47,1.6,346,0
20150713,1.44,1.56,1.44,1.55,629,0
20150714,1.46,1.55,1.46,1.55,260,0
20150804,1.46,1.53,1.45,1.53,4122,0
20150806,1.5,1.5,1.5,1.5,690,0
20150810,1.38,1.44,1.35,1.44,1959,0
20150811,1.44,1.54,1.44,1.54,200,0
20150820,1.4,1.46,1.4,1.4,1499,0
20150824,1.4,1.45,1.4,1.45,1140,0
20150826,1.39,1.39,1.39,1.39,190,0
20150827,1.31,1.41,1.31,1.41,1093,0
20150828,1.41,1.41,1.41,1.41,237,0
20150831,1.39,1.39,1.39,1.39,70,0
20150907,1.28,1.28,1.28,1.28,2000,0
20150914,1.33,1.33,1.33,1.33,300,0
20150915,1.19,1.3,1.19,1.3,510,0
20150916,1.17,1.29,1.17,1.17,2220,0
20150917,1.3,1.3,1.3,1.3,200,0
