20141128,4.34,4.42,4.34,4.42,2111,0
20141201,4.42,4.42,4.32,4.32,355,0
20141202,4.42,4.44,4.34,4.36,22574,0
20141203,4.44,4.45,4.41,4.41,2255,0
20141204,4.45,4.45,4.4,4.4,295,0
20141205,4.4,4.5,4.4,4.5,7315,0
20141208,4.47,4.5,4.45,4.5,3515,0
20141209,4.5,4.55,4.39,4.55,5205,0
20141210,4.55,4.55,4.5,4.55,36171,0
20141211,4.55,4.55,4.4,4.4,2274,0
20141212,4.55,4.55,4.3,4.3,4248,0
20141215,4.3,4.35,4.22,4.23,7505,0
20141216,4.36,4.36,4,4.11,30558,0
20141217,4.2,4.2,4.07,4.1,11534,0
20141218,4.2,4.21,4.11,4.2,5231,0
20141219,4.2,4.25,4.2,4.21,37812,0
20141222,4.21,4.27,4.2,4.22,43150,0
20141223,4.21,4.27,4.21,4.21,16131,0
20141229,4.25,4.3,4.25,4.3,1080,0
20141230,4.3,4.35,4.28,4.35,2087,0
20150102,4,4.38,4,4.38,9713,0
20150105,4.38,4.38,4.35,4.35,871,0
20150107,4.37,4.37,4.3,4.35,14357,0
20150108,4.39,4.39,4.3,4.34,2593,0
20150109,4.39,4.47,4.38,4.43,15739,0
20150112,4.48,4.48,4.35,4.36,3913,0
20150113,4.36,4.38,4.36,4.38,2556,0
20150114,4.37,4.4,4.34,4.4,2599,0
20150115,4.4,4.4,4.26,4.26,18260,0
20150116,4.27,4.38,4.27,4.38,539,0
20150119,4.39,4.39,4.25,4.25,1867,0
20150120,4.4,4.4,4.27,4.27,2031,0
20150121,4.4,4.44,4.38,4.44,510,0
20150122,4.34,4.4,4.34,4.4,6588,0
20150123,4.4,4.4,4.4,4.4,2,0
20150126,4.4,4.4,4.4,4.4,1401,0
20150127,4.4,4.4,4.3,4.37,3660,0
20150128,4.45,4.45,4.4,4.45,18355,0
20150129,4.45,4.48,4.36,4.45,1229,0
20150130,4.49,4.49,4.41,4.49,561,0
20150202,4.49,4.49,4.41,4.49,8900,0
20150203,4.45,4.49,4.4,4.46,20479,0
20150204,4.46,4.46,4.41,4.41,3542,0
20150205,4.41,4.46,4.41,4.46,12245,0
20150206,4.4,4.46,4.4,4.46,3569,0
20150209,4.39,4.49,4.39,4.49,17880,0
20150210,4.49,4.49,4.4,4.49,1793,0
20150211,4.48,4.49,4.43,4.49,1650,0
20150212,4.48,4.49,4.48,4.49,1311,0
20150213,4.49,4.49,4.43,4.48,7433,0
20150216,4.49,4.55,4.45,4.55,13612,0
20150217,4.56,4.83,4.56,4.83,7106,0
20150218,4.83,4.83,4.6,4.68,1454,0
20150219,4.69,4.69,4.69,4.69,26,0
20150220,4.6,4.64,4.52,4.52,5637,0
20150223,4.51,4.58,4.43,4.57,9591,0
20150224,4.61,4.66,4.61,4.66,3068,0
20150225,4.69,4.76,4.69,4.76,1145,0
20150226,4.77,4.78,4.7,4.78,5909,0
20150227,4.78,4.9,4.78,4.9,18395,0
20150302,5,5.4,5,5.35,99846,0
20150303,5.4,5.45,5.31,5.31,566575,0
20150304,5.35,5.39,5.35,5.39,14715,0
20150305,5.37,5.56,5.37,5.56,54883,0
20150306,5.55,5.75,5.55,5.67,62115,0
20150309,5.78,5.85,5.7,5.74,86976,0
20150310,5.73,5.79,5.7,5.7,13975,0
20150311,5.71,5.75,5.66,5.75,70930,0
20150312,5.75,5.75,5.75,5.75,1025,0
20150313,5.8,5.83,5.7,5.7,6746,0
20150316,5.6,5.8,5.56,5.72,12922,0
20150317,5.71,5.8,5.7,5.75,61308,0
20150318,5.85,5.86,5.83,5.86,8911,0
20150319,5.98,5.98,5.75,5.95,4818,0
20150320,5.97,5.97,5.85,5.85,1122,0
20150323,5.97,5.98,5.8,5.85,7162,0
20150324,5.8,5.94,5.8,5.94,45762,0
20150325,5.9,5.9,5.8,5.9,63380,0
20150326,5.94,5.94,5.85,5.9,7670,0
20150327,5.9,5.9,5.86,5.9,1539,0
20150330,5.9,5.9,5.85,5.9,5418,0
20150331,5.94,5.94,5.88,5.88,10154,0
20150401,5.89,5.9,5.86,5.86,27253,0
20150402,5.9,5.95,5.86,5.95,9307,0
20150407,5.99,6.41,5.98,6.29,143920,0
20150408,6.13,6.3,6.07,6.29,81144,0
20150409,6.2,6.39,6.2,6.3,207146,0
20150410,6.3,6.39,6.3,6.39,16745,0
20150413,6.39,6.46,6.3,6.42,69412,0
20150414,6.49,6.49,6.32,6.42,6969,0
20150415,6.3,6.45,6.3,6.3,34727,0
20150416,6.3,6.35,6.24,6.35,6089,0
20150417,6.45,6.45,6.3,6.3,2001,0
20150420,6.3,6.35,6.3,6.3,4042,0
20150421,6.3,6.41,6.27,6.4,4228,0
20150422,6.43,6.43,6.35,6.42,11092,0
20150423,6.42,6.42,6.3,6.39,67767,0
20150424,6.37,6.39,6.3,6.39,16876,0
20150427,6.31,6.35,6.3,6.35,2363,0
20150428,6.3,6.4,6.3,6.4,2293,0
20150429,6.43,6.48,6.35,6.39,112046,0
20150430,6.48,6.48,6.3,6.4,3880,0
20150504,6.4,6.45,6.4,6.4,7340,0
20150505,6.4,6.4,6.26,6.26,5011,0
20150506,6.3,6.3,6.13,6.26,7688,0
20150507,6.14,6.38,6.13,6.3,12077,0
20150508,6.38,6.38,6.1,6.11,50334,0
20150511,6.11,6.11,5.97,5.97,16364,0
20150512,5.97,6.28,5.89,6.28,5722,0
20150513,6.28,6.28,6,6.12,25560,0
20150514,6.12,6.12,5.99,6.1,3187,0
20150515,6.1,6.1,6.09,6.1,1002,0
20150518,5.9,6.04,5.75,6.04,16315,0
20150519,5.91,6,5.9,6,16550,0
20150520,6,6.05,6,6.05,2520,0
20150521,5.85,6.01,5.85,6.01,1574,0
20150522,6.1,6.2,6.01,6.2,5729,0
20150526,6.08,6.1,5.77,6.1,6582,0
20150527,6.1,6.1,6.1,6.1,1,0
20150528,6.05,6.09,6,6.05,3956,0
20150529,6.05,6.19,6.05,6.19,7148,0
20150601,6.19,6.19,6,6,2817,0
20150602,6.1,6.1,6,6.1,16741,0
20150603,5.86,6.15,5.86,6.14,5099,0
20150605,6.13,6.13,6.13,6.13,1,0
20150608,6.14,6.14,6.14,6.14,80,0
20150609,6.1,6.1,6.1,6.1,1,0
20150610,6.09,6.14,5.86,6.14,3360,0
20150611,6.13,6.13,5.87,6.05,4377,0
20150612,6.1,6.14,6,6,37526,0
20150615,5.92,6,5.92,6,301,0
20150616,6,6,6,6,1,0
20150617,6,6,5.87,5.87,2623,0
20150618,5.9,5.9,5.81,5.81,5383,0
20150619,5.8,5.81,5.8,5.8,3923,0
20150622,5.8,5.8,5.8,5.8,1264,0
20150623,5.81,5.81,5.81,5.81,500,0
20150624,5.81,5.81,5.75,5.75,4760,0
20150625,5.75,5.75,5.66,5.68,6404,0
20150626,5.73,5.74,5.73,5.74,1031,0
20150629,5.66,5.66,5.66,5.66,10776,0
20150630,5.56,5.75,5.56,5.75,3147,0
20150702,5.7,5.76,5.7,5.75,4622,0
20150703,5.94,5.94,5.8,5.8,1895,0
20150706,5.78,5.78,5.66,5.77,2010,0
20150707,5.76,5.8,5.71,5.75,9620,0
20150708,5.74,5.74,5.69,5.74,454,0
20150709,5.8,5.8,5.32,5.42,32246,0
20150710,5.38,5.69,5.28,5.69,10370,0
20150713,5.69,5.69,5.66,5.66,201,0
20150714,5.66,6.04,5.66,5.67,7734,0
20150715,5.67,5.7,5.67,5.7,15934,0
20150716,5.66,6.01,5.66,6.01,10517,0
20150717,6.04,6.09,6,6,3250,0
20150720,6.08,6.08,6.08,6.08,1,0
20150721,6.08,6.1,5.9,6,4794,0
20150722,6,6,5.66,5.86,15704,0
20150723,5.72,5.72,5.72,5.72,900,0
20150724,5.95,5.95,5.95,5.95,1,0
20150727,5.95,5.95,5.9,5.9,4011,0
20150728,6.11,6.11,6.06,6.06,161,0
20150729,6.06,6.06,6.06,6.06,239,0
20150730,5.8,6.02,5.8,5.9,78475,0
20150731,5.94,5.94,5.94,5.94,20000,0
20150803,6.03,6.06,6.03,6.04,2700,0
20150804,6.1,6.1,6.1,6.1,450,0
20150805,5.94,6,5.94,6,5738,0
20150806,5.9,5.9,5.9,5.9,1070,0
20150807,6.09,6.11,6,6,26800,0
20150810,5.9,6.05,5.84,6,6890,0
20150811,6.05,6.05,5.95,6.05,2098,0
20150812,6.03,6.04,6.03,6.04,3190,0
20150813,6.04,6.04,6.04,6.04,1,0
20150814,6.04,6.05,6.03,6.05,3001,0
20150818,6,6,6,6,128,0
20150819,6,6,6,6,1,0
20150820,5.99,5.99,5.99,5.99,20,0
20150821,5.97,5.97,5.95,5.95,20251,0
20150824,5.82,5.82,5.62,5.62,12300,0
20150825,5.69,5.7,5.51,5.51,12000,0
20150826,5.5,5.65,5.43,5.44,4331,0
20150827,5.45,5.45,5.05,5.4,13748,0
20150828,5.3,5.4,5.3,5.4,7490,0
20150831,5.3,5.3,5.17,5.22,4366,0
20150901,5.25,5.25,5.11,5.11,714,0
20150902,5.09,5.09,5.09,5.09,1471,0
20150903,5.08,5.1,5.08,5.1,260,0
20150904,5.24,5.24,5.05,5.05,3803,0
20150907,5.22,5.22,5,5,2524,0
20150908,5.13,5.15,5.11,5.11,27887,0
20150909,5.14,5.19,5.14,5.19,1849,0
20150910,5.19,5.25,5.19,5.2,6867,0
20150911,5.24,5.64,5.24,5.38,13933,0
20150914,5.38,5.38,5.38,5.38,408,0
20150915,5.58,5.68,5.58,5.68,1137,0
20150916,5.88,5.88,5.67,5.82,3668,0
20150917,5.81,5.81,5.8,5.81,29782,0
20150918,5.8,5.93,5.8,5.85,39665,0
