20141202,3,3,2.93,2.93,82424,0
20141203,2.95,2.98,2.9,2.9,10659,0
20141204,2.85,3,2.76,2.82,32149,0
20141205,2.91,2.95,2.91,2.95,7620,0
20141208,2.95,2.95,2.85,2.94,11301,0
20141209,2.97,2.97,2.9,2.91,12681,0
20141210,2.94,2.94,2.89,2.91,5704,0
20141211,2.88,2.9,2.88,2.9,9802,0
20141212,2.88,2.92,2.87,2.92,40333,0
20141215,2.89,2.89,2.88,2.88,1000,0
20141216,2.88,2.9,2.86,2.88,8604,0
20141217,2.86,2.9,2.86,2.88,4407,0
20141218,2.86,2.86,2.74,2.84,5037,0
20141219,2.73,2.86,2.73,2.77,2411,0
20141222,2.83,2.83,2.56,2.56,46789,0
20141223,2.58,2.62,2.34,2.39,51007,0
20141229,2.4,2.48,2.28,2.45,13741,0
20141230,2.45,2.59,2.44,2.59,4792,0
20150102,2.5,2.59,2.31,2.5,128533,0
20150105,2.5,2.53,2.5,2.53,4301,0
20150107,2.45,2.55,2.45,2.55,16611,0
20150108,2.74,2.74,2.46,2.5,11723,0
20150109,2.55,2.55,2.45,2.45,2514,0
20150112,2.54,2.54,2.54,2.54,1710,0
20150114,2.56,2.56,2.56,2.56,10,0
20150115,2.34,2.45,2.32,2.37,56283,0
20150116,2.5,2.5,2.34,2.34,2045,0
20150119,2.36,2.36,2.31,2.31,11808,0
20150120,2.26,2.39,2.17,2.17,1809,0
20150121,2.26,2.27,2.18,2.18,24179,0
20150122,2.27,2.27,2.17,2.17,6478,0
20150123,2.24,2.43,2.02,2.35,1256206,0
20150126,2.36,2.36,2.13,2.28,596858,0
20150127,2.21,2.25,2.15,2.24,7848,0
20150128,2.22,2.23,2.13,2.23,109964,0
20150129,2.28,2.45,2.15,2.44,137544,0
20150130,2.45,2.62,2.39,2.45,133505,0
20150202,2.54,2.54,2.18,2.21,83063,0
20150203,2.21,2.25,2.21,2.22,2933,0
20150204,2.2,2.31,2.14,2.22,112611,0
20150205,2.26,2.26,2.19,2.22,10488,0
20150206,2.2,2.21,2.18,2.21,5305,0
20150209,2.27,2.27,2.17,2.19,16692,0
20150210,2.31,2.31,2.18,2.19,14397,0
20150211,2.21,2.21,2.19,2.19,3637,0
20150212,2.25,2.25,2.18,2.23,2069,0
20150213,2.23,2.24,2.2,2.2,4253,0
20150216,2.19,2.27,2.18,2.2,125950,0
20150217,2.23,2.23,2.2,2.22,7817,0
20150218,2.27,2.44,2.27,2.39,431002,0
20150219,2.41,2.64,2.41,2.52,290670,0
20150220,2.5,2.65,2.49,2.54,74342,0
20150223,2.64,2.65,2.51,2.56,116967,0
20150224,2.55,2.74,2.55,2.7,253199,0
20150225,2.71,2.8,2.69,2.79,70533,0
20150226,2.77,2.77,2.65,2.75,26215,0
20150227,2.69,2.69,2.61,2.65,28453,0
20150302,2.62,2.72,2.62,2.67,20015,0
20150303,2.67,2.67,2.46,2.52,35022,0
20150304,2.5,2.74,2.5,2.74,351596,0
20150305,2.74,2.79,2.66,2.67,82722,0
20150306,2.78,2.9,2.76,2.83,80605,0
20150309,2.97,2.98,2.87,2.93,28485,0
20150310,2.96,2.96,2.75,2.8,14862,0
20150311,2.77,2.8,2.7,2.72,11434,0
20150312,2.72,2.78,2.61,2.62,17256,0
20150313,2.61,2.68,2.57,2.64,9530,0
20150316,2.58,2.77,2.57,2.75,168229,0
20150317,2.76,2.8,2.7,2.8,39476,0
20150318,2.71,2.86,2.7,2.84,62153,0
20150319,2.89,2.89,2.76,2.78,47267,0
20150320,2.75,2.83,2.74,2.83,118016,0
20150323,2.82,2.87,2.81,2.87,52527,0
20150324,2.85,2.95,2.85,2.87,40885,0
20150325,2.87,2.87,2.8,2.81,6565,0
20150326,2.8,2.81,2.61,2.65,42896,0
20150327,2.73,2.73,2.65,2.71,2000,0
20150330,2.7,2.84,2.7,2.8,23894,0
20150331,2.74,2.83,2.73,2.8,4067,0
20150401,2.75,2.76,2.71,2.76,12184,0
20150402,2.77,2.77,2.71,2.77,2284,0
20150407,2.78,2.78,2.68,2.68,32536,0
20150408,2.73,2.73,2.65,2.7,4509,0
20150409,2.7,2.7,2.65,2.65,4043,0
20150410,2.63,2.7,2.63,2.64,125888,0
20150413,2.64,2.67,2.62,2.67,3519,0
20150414,2.68,2.68,2.55,2.56,9477,0
20150415,2.6,2.64,2.54,2.6,15133,0
20150416,2.63,2.76,2.63,2.71,71431,0
20150417,2.72,2.75,2.69,2.69,23788,0
20150420,2.7,2.7,2.64,2.64,9803,0
20150421,2.72,2.72,2.65,2.65,239,0
20150422,2.62,2.63,2.61,2.63,10976,0
20150423,2.6,2.69,2.59,2.69,8565,0
20150424,2.65,2.74,2.65,2.74,9139,0
20150427,2.7,2.76,2.7,2.71,398591,0
20150428,2.69,2.73,2.67,2.67,2000,0
20150429,2.66,2.66,2.62,2.64,113812,0
20150430,2.6,2.64,2.56,2.61,26845,0
20150504,2.54,2.58,2.34,2.45,48001,0
20150505,2.5,2.55,2.47,2.5,31171,0
20150506,2.52,2.59,2.52,2.56,22825,0
20150507,2.53,2.55,2.48,2.55,6600,0
20150508,2.5,2.52,2.49,2.52,17522,0
20150511,2.5,2.5,2.49,2.49,1000,0
20150512,2.52,2.59,2.46,2.5,92140,0
20150513,2.5,2.5,2.41,2.47,98178,0
20150514,2.42,2.48,2.41,2.48,26073,0
20150515,2.53,2.53,2.47,2.49,27756,0
20150518,2.47,2.48,2.47,2.47,7824,0
20150519,2.45,2.48,2.45,2.47,68100,0
20150520,2.46,2.5,2.45,2.5,15386,0
20150521,2.46,2.5,2.44,2.47,4052,0
20150522,2.52,2.73,2.51,2.7,95080,0
20150525,2.79,2.79,2.63,2.76,26895,0
20150526,2.76,2.79,2.71,2.71,14993,0
20150527,2.71,2.94,2.7,2.81,70008,0
20150528,2.86,2.99,2.86,2.97,71752,0
20150529,2.97,3.04,2.9,2.93,26901,0
20150601,2.93,2.94,2.92,2.92,2502,0
20150602,2.92,2.92,2.9,2.9,2535,0
20150603,2.87,2.87,2.87,2.87,2000,0
20150605,2.87,2.88,2.76,2.76,7788,0
20150608,2.75,2.83,2.71,2.71,4507,0
20150609,2.71,2.75,2.63,2.63,65330,0
20150610,2.66,2.69,2.66,2.69,12678,0
20150611,2.61,2.68,2.6,2.61,2567,0
20150612,2.61,2.61,2.57,2.57,22057,0
20150615,2.6,2.63,2.6,2.63,4900,0
20150616,2.63,2.63,2.52,2.63,8122,0
20150617,2.54,2.58,2.52,2.56,25651,0
20150618,2.59,2.6,2.59,2.6,2019,0
20150619,2.53,2.57,2.53,2.57,320,0
20150622,2.58,2.59,2.51,2.58,4894,0
20150623,2.52,2.63,2.43,2.6,43839,0
20150624,2.61,2.8,2.6,2.8,93813,0
20150625,2.8,3.13,2.8,3.11,78325,0
20150626,3.1,3.23,3.04,3.05,48754,0
20150629,2.98,3.16,2.83,3.01,17978,0
20150630,3.02,3.13,3,3.11,37634,0
20150701,3.16,3.28,3.11,3.28,33159,0
20150702,3.29,3.46,3.29,3.37,55187,0
20150703,3.4,3.4,3.21,3.21,20896,0
20150706,3.2,3.2,3.03,3.13,35863,0
20150707,3.14,3.14,3,3.05,11618,0
20150708,3.06,3.06,3,3,1079,0
20150709,2.95,2.95,2.8,2.83,58531,0
20150710,2.78,2.93,2.76,2.82,56828,0
20150713,2.81,2.96,2.76,2.96,21576,0
20150714,2.87,2.97,2.87,2.96,2301,0
20150715,2.96,2.97,2.92,2.97,1880,0
20150716,2.98,3.19,2.98,3.17,33581,0
20150717,3.2,3.25,3.17,3.17,40165,0
20150720,3.17,3.17,3.05,3.08,7152,0
20150721,3.23,3.23,3.05,3.07,8250,0
20150722,3.08,3.35,3.08,3.27,41301,0
20150723,3.29,3.47,3.1,3.44,160896,0
20150724,3.45,3.45,3.28,3.34,5164,0
20150727,3.29,3.29,3.16,3.16,11735,0
20150728,3.14,3.14,2.84,2.97,50705,0
20150729,2.93,3.16,2.9,2.9,24213,0
20150730,2.85,2.94,2.78,2.94,23945,0
20150731,2.85,2.98,2.85,2.94,52835,0
20150803,2.81,2.9,2.8,2.89,4525,0
20150804,2.9,2.97,2.9,2.97,2706,0
20150805,2.96,3.05,2.96,3.05,20965,0
20150806,2.97,2.97,2.91,2.95,11617,0
20150807,2.93,2.93,2.93,2.93,500,0
20150810,2.93,2.95,2.93,2.95,9323,0
20150811,2.86,2.93,2.82,2.89,11855,0
20150812,2.82,2.82,2.73,2.81,17216,0
20150813,2.74,2.81,2.73,2.81,6101,0
20150814,2.77,2.77,2.69,2.74,16520,0
20150817,2.74,2.74,2.7,2.7,5542,0
20150818,2.7,2.7,2.7,2.7,1580,0
20150819,2.71,2.71,2.68,2.71,19061,0
20150820,2.78,2.78,2.78,2.78,307,0
20150821,2.78,2.78,2.78,2.78,3000,0
20150824,2.68,2.7,2.26,2.4,43592,0
20150825,2.4,2.53,2.31,2.53,10246,0
20150826,2.6,2.6,2.35,2.45,14618,0
20150827,2.48,2.54,2.45,2.49,18516,0
20150828,2.45,2.45,2.37,2.45,4278,0
20150831,2.36,2.36,2.21,2.21,9818,0
20150901,2.2,2.25,2.08,2.25,37458,0
20150902,2.25,2.25,2.1,2.1,2983,0
20150903,2.2,2.2,2.11,2.11,5839,0
20150904,2.09,2.09,1.85,2.02,330558,0
20150907,1.9,1.91,1.8,1.8,47773,0
20150908,1.81,1.81,1.76,1.78,46478,0
20150909,1.8,1.94,1.79,1.88,72623,0
20150910,1.89,2.06,1.88,1.88,32044,0
20150911,1.82,1.88,1.8,1.81,375079,0
20150914,1.81,1.85,1.79,1.79,60251,0
20150915,1.8,1.84,1.8,1.82,61910,0
20150916,1.8,1.88,1.76,1.76,91756,0
20150917,1.72,1.88,1.63,1.87,116289,0
20150918,1.86,1.86,1.75,1.81,45028,0
