20141104,1.08,1.14,1.08,1.14,929,0
20141106,1.14,1.2,1.14,1.2,6667,0
20141110,1.14,1.14,1.14,1.14,1603,0
20141112,1.14,1.14,1.08,1.08,230,0
20141113,1.08,1.08,1.08,1.08,850,0
20141114,1.08,1.14,1.08,1.14,1465,0
20141117,1.08,1.08,1.08,1.08,667,0
20141118,1.08,1.08,1.08,1.08,88,0
20141119,1.08,1.08,1.08,1.08,3500,0
20141120,1.08,1.08,1.08,1.08,288,0
20141121,1.08,1.08,1.08,1.08,4785,0
20141124,1.08,1.08,1.08,1.08,2670,0
20141125,1.08,1.08,1.08,1.08,1275,0
20141126,1.14,1.14,1.14,1.14,152,0
20141127,1.14,1.14,1.14,1.14,11624,0
20141128,1.14,1.2,1.14,1.2,2232,0
20141201,1.08,1.08,1.08,1.08,163,0
20141202,1.08,1.08,1.08,1.08,50,0
20141203,1.14,1.14,1.14,1.14,10287,0
20141204,1.08,1.08,1.08,1.08,276,0
20141205,1.14,1.14,1.14,1.14,2020,0
20141208,1.14,1.14,1.14,1.14,1434,0
20141209,1.14,1.14,1.14,1.14,708,0
20141210,1.14,1.14,1.14,1.14,658,0
20141211,1.14,1.14,1.14,1.14,4044,0
20141212,1.08,1.08,1.08,1.08,95,0
20141215,1.08,1.08,1.08,1.08,1647,0
20141216,1.08,1.08,1.08,1.08,194,0
20141217,1.14,1.14,1.14,1.14,7627,0
20141218,1.08,1.08,1.08,1.08,624,0
20141219,1.14,1.14,1.08,1.08,2608,0
20141222,1.08,1.08,1.08,1.08,2193,0
20141223,1.08,1.08,1.08,1.08,3680,0
20141229,1.08,1.08,1.08,1.08,3477,0
20141230,1.14,1.14,1.08,1.08,15338,0
20150102,1.14,1.14,1.14,1.14,20854,0
20150105,1.14,1.14,1.14,1.14,1667,0
20150107,1.14,1.14,1.14,1.14,1983,0
20150108,1.14,1.14,1.14,1.14,514,0
20150109,1.2,1.2,1.2,1.2,8,0
20150112,1.2,1.2,1.2,1.2,833,0
20150113,1.2,1.2,1.14,1.14,25,0
20150114,1.14,1.2,1.14,1.2,1033,0
20150115,1.2,1.2,1.2,1.2,5687,0
20150116,1.2,1.26,1.2,1.26,6367,0
20150119,1.2,1.2,1.2,1.2,833,0
20150120,1.2,1.2,1.2,1.2,2500,0
20150121,1.14,1.14,1.14,1.14,606,0
20150122,1.2,1.26,1.2,1.26,4917,0
20150123,1.2,1.26,1.2,1.26,2482,0
20150126,1.2,1.2,1.2,1.2,3070,0
20150127,1.2,1.2,1.2,1.2,1422,0
20150128,1.26,1.26,1.26,1.26,1333,0
20150129,1.26,1.26,1.26,1.26,1333,0
20150130,1.26,1.26,1.26,1.26,1333,0
20150202,1.26,1.26,1.26,1.26,1333,0
20150203,1.26,1.26,1.26,1.26,1667,0
20150204,1.26,1.26,1.26,1.26,2833,0
20150205,1.32,1.32,1.32,1.32,16936,0
20150206,1.32,1.32,1.32,1.32,3333,0
20150209,1.32,1.32,1.32,1.32,1083,0
20150210,1.32,1.32,1.32,1.32,1417,0
20150211,1.32,1.32,1.32,1.32,7425,0
20150212,1.32,1.32,1.32,1.32,3096,0
20150213,1.32,1.32,1.32,1.32,4083,0
20150216,1.32,1.32,1.26,1.26,2355,0
20150217,1.32,1.32,1.32,1.32,833,0
20150218,1.32,1.32,1.32,1.32,4333,0
20150219,1.32,1.32,1.32,1.32,8857,0
20150220,1.26,1.32,1.26,1.32,512,0
20150223,1.32,1.32,1.26,1.26,5388,0
20150224,1.32,1.38,1.32,1.38,6373,0
20150225,1.38,1.38,1.32,1.32,1476,0
20150226,1.32,1.32,1.32,1.32,4693,0
20150227,1.32,1.38,1.32,1.38,1774,0
20150302,1.38,1.38,1.32,1.32,1371,0
20150303,1.32,1.32,1.32,1.32,894,0
20150304,1.32,1.32,1.32,1.32,2417,0
20150305,1.32,1.32,1.26,1.26,1634,0
20150306,1.2,1.26,1.2,1.26,3083,0
20150309,1.26,1.32,1.26,1.32,3586,0
20150310,1.32,1.32,1.32,1.32,6911,0
20150311,1.32,1.38,1.32,1.38,2320,0
20150326,1.4,1.4,1.4,1.4,6800,0
20150327,1.39,1.39,1.38,1.38,3400,0
20150330,1.35,1.35,1.35,1.35,2300,0
20150331,1.32,1.32,1.2,1.2,1519,0
20150401,1.28,1.28,1.28,1.28,13071,0
20150402,1.29,1.33,1.29,1.33,11500,0
20150407,1.32,1.32,1.31,1.31,2333,0
20150408,1.34,1.34,1.33,1.33,6000,0
20150409,1.33,1.33,1.24,1.24,11356,0
20150410,1.33,1.33,1.33,1.33,4596,0
20150413,1.32,1.32,1.3,1.3,5166,0
20150414,1.3,1.3,1.3,1.3,1447,0
20150415,1.3,1.3,1.3,1.3,1277,0
20150416,1.3,1.3,1.3,1.3,2000,0
20150417,1.3,1.3,1.3,1.3,1221,0
20150420,1.23,1.31,1.23,1.31,8431,0
20150421,1.32,1.32,1.32,1.32,5000,0
20150422,1.3,1.3,1.3,1.3,4556,0
20150423,1.3,1.3,1.27,1.27,2022,0
20150424,1.27,1.3,1.27,1.3,2795,0
20150427,1.29,1.29,1.29,1.29,500,0
20150428,1.25,1.29,1.25,1.29,1939,0
20150429,1.29,1.29,1.29,1.29,2233,0
20150430,1.29,1.3,1.29,1.3,1700,0
20150504,1.3,1.3,1.27,1.27,1871,0
20150505,1.27,1.32,1.27,1.32,10597,0
20150506,1.33,1.33,1.33,1.33,5000,0
20150507,1.32,1.32,1.32,1.32,1500,0
20150508,1.31,1.31,1.31,1.31,7750,0
20150511,1.3,1.31,1.3,1.31,1500,0
20150512,1.31,1.31,1.31,1.31,3000,0
20150513,1.3,1.3,1.26,1.26,4759,0
20150514,1.24,1.24,1.22,1.22,5208,0
20150515,1.28,1.28,1.28,1.28,4200,0
20150519,1.28,1.28,1.28,1.28,2600,0
20150520,1.23,1.27,1.23,1.27,1817,0
20150521,1.28,1.28,1.28,1.28,9725,0
20150522,1.28,1.28,1.28,1.28,14050,0
20150525,1.28,1.28,1.22,1.22,5242,0
20150526,1.22,1.22,1.22,1.22,2500,0
20150527,1.22,1.27,1.22,1.27,11196,0
20150528,1.28,1.28,1.28,1.28,2800,0
20150529,1.21,1.21,1.21,1.21,178,0
20150601,1.26,1.26,1.26,1.26,4250,0
20150602,1.22,1.22,1.22,1.22,2830,0
20150603,1.2,1.2,1.2,1.2,500,0
20150605,1.22,1.22,1.22,1.22,3850,0
20150609,1.2,1.22,1.2,1.22,2616,0
20150610,1.2,1.2,1.19,1.19,8451,0
20150611,1.2,1.2,1.2,1.2,1500,0
20150612,1.21,1.21,1.21,1.21,10760,0
20150615,1.21,1.21,1.14,1.14,5234,0
20150616,1.19,1.19,1.19,1.19,10216,0
20150617,1.19,1.2,1.19,1.2,11950,0
20150618,1.21,1.22,1.21,1.22,12952,0
20150619,1.22,1.22,1.22,1.22,1000,0
20150622,1.22,1.22,1.22,1.22,2700,0
20150623,1.2,1.2,1.19,1.19,2350,0
20150626,1.16,1.19,1.16,1.19,456,0
20150629,1.15,1.15,1.15,1.15,1373,0
20150630,1.18,1.18,1.18,1.18,2550,0
20150701,1.18,1.18,1.18,1.18,1000,0
20150702,1.14,1.19,1.14,1.19,3517,0
20150706,1.19,1.19,1.19,1.19,33,0
20150707,1.1,1.15,1.1,1.15,3344,0
20150708,1.14,1.14,1.14,1.14,1250,0
20150709,1.14,1.14,1.05,1.05,552,0
20150710,1.14,1.14,1.14,1.14,250,0
20150713,1.14,1.14,1.14,1.14,200,0
20150714,1.14,1.14,1.13,1.13,400,0
20150715,1.1,1.1,1.1,1.1,400,0
20150717,1.1,1.1,1.1,1.1,1833,0
20150720,1.1,1.1,1.1,1.1,250,0
20150721,1.1,1.1,1.04,1.04,2720,0
20150722,1.06,1.06,1.06,1.06,2900,0
20150723,1,1,0.98,0.98,3988,0
20150724,0.98,0.99,0.98,0.99,1535,0
20150727,0.99,0.99,0.99,0.99,250,0
20150728,1,1.01,1,1.01,17867,0
20150729,1.01,1.01,1.01,1.01,3500,0
20150730,1.01,1.01,1.01,1.01,5500,0
20150731,1.01,1.01,1.01,1.01,6300,0
20150803,1.01,1.01,1.01,1.01,3750,0
20150804,1.01,1.01,1.01,1.01,500,0
20150805,1,1,1,1,1000,0
20150807,1,1,1,1,2500,0
20150810,0.97,0.97,0.97,0.97,1766,0
20150811,0.95,0.95,0.95,0.95,84,0
20150812,0.9,0.9,0.88,0.88,3696,0
20150813,0.86,0.87,0.86,0.87,4520,0
20150814,0.87,0.87,0.87,0.87,1200,0
20150817,0.87,0.87,0.85,0.85,6750,0
20150818,0.85,0.85,0.85,0.85,1010,0
20150819,0.84,0.84,0.84,0.84,450,0
20150820,0.8,0.8,0.8,0.8,2846,0
20150821,0.8,0.8,0.8,0.8,4000,0
20150824,0.78,0.78,0.78,0.78,500,0
20150825,0.78,0.78,0.78,0.78,326,0
20150826,0.79,0.79,0.79,0.79,1800,0
20150827,0.79,0.79,0.79,0.79,907,0
20150828,0.83,0.85,0.83,0.85,30830,0
20150831,0.87,0.87,0.87,0.87,5918,0
20150901,0.86,0.86,0.84,0.84,6200,0
20150902,0.85,0.85,0.8,0.8,28877,0
20150903,0.8,0.8,0.8,0.8,1500,0
20150904,0.81,0.83,0.81,0.83,13500,0
20150907,0.85,0.87,0.85,0.87,13568,0
20150908,0.87,0.87,0.87,0.87,2015,0
20150909,0.87,0.87,0.87,0.87,1000,0
20150910,0.82,0.86,0.82,0.86,3579,0
20150914,0.84,0.84,0.84,0.84,1450,0
20150915,0.81,0.84,0.81,0.84,4889,0
20150916,0.84,0.84,0.84,0.84,250,0
20150917,0.83,0.83,0.82,0.82,4805,0
20150918,0.82,0.82,0.82,0.82,1500,0
