20141028,11.75,11.75,11.4,11.4,503,0
20141029,11.75,11.75,11.75,11.75,5,0
20141030,11.6,11.6,11.59,11.59,6,0
20141031,11.75,11.75,11.1,11.6,273,0
20141103,11.6,11.8,11.6,11.76,4036,0
20141104,11.89,11.89,11.6,11.77,963,0
20141105,11.89,11.89,11.5,11.5,5005,0
20141106,11.88,11.89,11.8,11.89,15,0
20141107,11.89,11.89,11,11,5161,0
20141110,11,11,11,11,3,0
20141112,11.4,11.48,10.83,10.83,3047,0
20141113,11,11.35,11,11.01,5607,0
20141114,11.29,11.29,10.84,10.84,5010,0
20141117,11.11,11.2,11.03,11.03,220,0
20141118,11.19,11.19,11,11,1103,0
20141119,11.19,11.19,10.94,10.95,416,0
20141120,11,11.17,10.7,11.01,16337,0
20141121,11.3,11.39,11.2,11.26,27867,0
20141124,11.33,11.38,11.3,11.38,4086,0
20141125,11.4,11.59,11.3,11.38,36179,0
20141126,11.8,11.8,11.39,11.68,6710,0
20141127,11.68,11.69,11.4,11.49,3703,0
20141128,11.89,11.89,11.4,11.65,3440,0
20141201,11.7,12.79,11.7,12.7,8730,0
20141202,13.48,14.39,13.45,14.01,17491,0
20141203,14.3,14.6,13.42,13.6,14823,0
20141204,14,14.1,13.51,13.99,2409,0
20141205,13.99,14.1,13.82,13.82,1948,0
20141208,13.99,13.99,13.7,13.7,956,0
20141209,13.95,13.95,13.6,13.6,383,0
20141210,13.93,13.93,13.8,13.8,246,0
20141211,13.8,13.8,12.52,13.25,3102,0
20141212,13.25,13.4,13.25,13.3,944,0
20141215,13.3,13.3,12.95,13.01,2803,0
20141216,12.87,12.87,12.21,12.64,859,0
20141217,12.8,12.8,12.61,12.63,811,0
20141218,12.7,12.85,12.63,12.63,61,0
20141219,12.65,13.2,12.65,13.2,343,0
20141222,13.7,13.7,13.2,13.65,273,0
20141223,13.69,13.69,13.69,13.69,35,0
20141229,13.79,13.8,13.56,13.75,410,0
20141230,13.69,14.1,13.69,14.1,2535,0
20150102,14,14,13.71,13.85,605,0
20150105,14,14,13.8,13.99,510,0
20150107,14,14,13.99,13.99,110,0
20150108,13.81,13.81,13.81,13.81,400,0
20150109,13.98,13.98,13.19,13.2,245,0
20150112,13.2,13.32,13.2,13.3,1145,0
20150113,13.69,13.69,13.2,13.2,1198,0
20150114,13.2,13.55,13.2,13.55,493,0
20150115,13.55,13.55,13.01,13.01,724,0
20150116,13.25,13.25,12.9,12.9,140,0
20150119,12.92,13,12.5,13,3176,0
20150120,13,13.1,13,13.1,567,0
20150121,13.3,13.3,13.2,13.3,1937,0
20150122,13.67,13.67,13.3,13.3,115,0
20150123,13.3,13.3,12.8,13.3,379,0
20150126,13.3,13.3,12.76,12.81,507,0
20150127,12.81,13.2,12.81,13.1,3027,0
20150128,13.08,13.7,13.08,13.7,2560,0
20150129,13.5,13.8,13.49,13.8,767,0
20150130,13.95,13.95,13.7,13.75,445,0
20150202,13.88,13.88,13.75,13.88,2626,0
20150203,13.87,13.87,13.75,13.85,805,0
20150204,13.85,13.85,13.75,13.75,1030,0
20150205,13.84,13.84,13.75,13.75,1290,0
20150206,13.85,13.85,12.5,13.29,395,0
20150209,13,13.4,13,13.4,344,0
20150210,13.11,13.11,13.11,13.11,1,0
20150211,13,13.4,12.79,13.4,329,0
20150212,12.7,13,12.5,13,2541,0
20150213,13,13.01,13,13.01,1366,0
20150216,12.66,13.01,12.66,13.01,816,0
20150217,12.98,12.98,12.65,12.65,151,0
20150218,12.7,12.7,12.61,12.61,377,0
20150219,12.61,12.61,12.61,12.61,5,0
20150220,12.59,12.59,12.5,12.5,1341,0
20150223,12.69,12.69,12.69,12.69,5,0
20150225,12.65,12.65,12.49,12.49,160,0
20150226,12.49,12.49,12.49,12.49,108,0
20150227,12.64,12.7,12.64,12.7,275,0
20150302,13.5,13.5,12.65,12.75,334,0
20150303,12.5,12.5,12.3,12.3,1117,0
20150304,12.3,12.3,12.15,12.15,413,0
20150305,12.15,12.15,12.15,12.15,11,0
20150306,12.15,12.15,12.15,12.15,6,0
20150309,12.15,12.15,12,12,15,0
20150310,12,12,12,12,6,0
20150311,12,12,12,12,10,0
20150312,12,12,11.42,11.5,929,0
20150313,11.52,11.52,11.5,11.5,1039,0
20150316,11.5,11.5,11.5,11.5,374,0
20150317,11.5,11.5,11.5,11.5,32,0
20150318,11.85,11.85,11.85,11.85,150,0
20150319,12,12,12,12,400,0
20150320,12,12,11.7,12,676,0
20150323,12,12,12,12,10,0
20150325,12,12,12,12,10,0
20150326,12,12,12,12,10,0
20150327,11.65,11.65,11.52,11.52,1035,0
20150330,11.5,11.55,11.5,11.55,208,0
20150401,11.5,11.5,11.11,11.11,457,0
20150402,11.44,11.44,11.44,11.44,50,0
20150407,11.45,11.46,11.45,11.46,210,0
20150408,11.48,11.49,11.48,11.49,952,0
20150414,11.51,11.51,11.16,11.16,83,0
20150415,11.2,11.2,11.16,11.18,365,0
20150416,11.35,12.4,11.35,12.4,600,0
20150417,12.4,13.45,12.12,12.12,1544,0
20150420,12.12,12.12,12.12,12.12,10,0
20150421,12,12,12,12,26,0
20150422,12.1,12.1,12.1,12.1,15,0
20150423,12.3,12.3,12.3,12.3,10,0
20150427,11.6,11.69,11.54,11.69,438,0
20150428,11.65,11.65,11.65,11.65,3,0
20150430,11.55,11.55,11.31,11.55,585,0
20150504,11.31,11.31,11.3,11.3,150,0
20150505,11.31,11.41,11.31,11.41,60,0
20150506,11.41,11.41,11.4,11.4,570,0
20150507,11.4,11.4,11.4,11.4,10,0
20150508,11.4,11.69,11.4,11.69,320,0
20150511,11.31,11.35,11.3,11.3,714,0
20150512,11.35,11.35,11.35,11.35,5,0
20150513,11.35,11.35,11.35,11.35,95,0
20150514,11.65,11.68,11.35,11.35,205,0
20150515,11.35,11.35,11.35,11.35,50,0
20150518,11.3,11.3,11.3,11.3,107,0
20150519,11.35,11.35,11.35,11.35,15,0
20150520,11.3,11.3,11.3,11.3,213,0
20150521,11.27,11.27,11.27,11.27,100,0
20150525,11.2,11.2,10.65,10.71,1585,0
20150526,10.71,10.85,10,10.74,2280,0
20150528,10.7,10.85,10.7,10.85,680,0
20150608,10.25,10.45,10.25,10.25,1170,0
20150609,10.34,10.39,10.34,10.39,94,0
20150611,10.64,11,10.5,10.5,664,0
20150616,10.52,10.52,10.52,10.52,6,0
20150617,10.5,10.5,10.5,10.5,10,0
20150618,10.52,10.52,10.5,10.5,834,0
20150619,10.72,10.72,10.5,10.5,760,0
20150622,10.32,10.32,10.32,10.32,500,0
20150624,10.8,10.8,10.8,10.8,500,0
20150625,10.9,10.9,10.8,10.8,800,0
20150626,10.8,10.8,10.8,10.8,500,0
20150630,10.3,10.78,10.1,10.78,854,0
20150701,10.8,10.8,10.8,10.8,5,0
20150702,10.8,10.8,10.78,10.78,20,0
20150703,10.8,10.8,10.8,10.8,5,0
20150706,10.8,10.8,10.8,10.8,4,0
20150709,10.8,10.8,10.8,10.8,10,0
20150710,10.8,10.8,10.8,10.8,5,0
20150713,10.8,10.8,10.8,10.8,5,0
20150714,10.66,10.66,10.66,10.66,90,0
20150715,10.67,10.67,10.67,10.67,70,0
20150716,10.8,10.8,10.2,10.2,749,0
20150717,9.52,10.5,9.52,10.5,6060,0
20150720,10.66,11,10.66,11,1849,0
20150721,11.69,11.69,11,11.35,1070,0
20150722,11.34,12.25,11,11.75,2180,0
20150723,11.7,11.7,11.7,11.7,10,0
20150724,11.7,11.7,11.7,11.7,5,0
20150727,11.7,11.7,11.7,11.7,5,0
20150728,11.7,11.7,11.7,11.7,2,0
20150729,11.7,11.7,11.7,11.7,5,0
20150730,11.7,11.7,11.3,11.3,11,0
20150731,11.7,11.7,11.7,11.7,5,0
20150803,11.7,11.7,11.4,11.4,223,0
20150804,11.6,11.6,11.6,11.6,402,0
20150805,11.6,11.6,11.1,11.1,101,0
20150806,11,11,10.5,11,776,0
20150807,10.39,10.9,10.39,10.74,623,0
20150810,10.74,10.74,10.74,10.74,1,0
20150811,10.74,10.74,10.74,10.74,2,0
20150812,10.74,10.74,10.74,10.74,1,0
20150813,10.74,10.74,10.39,10.39,234,0
20150814,10.24,10.24,9.89,10,3201,0
20150817,10.1,10.1,10.1,10.1,1,0
20150818,10.1,10.1,10.1,10.1,51,0
20150820,10.25,10.25,10.1,10.1,12,0
20150821,10.1,10.1,10.1,10.1,11,0
20150824,10.1,10.1,9.8,9.8,352,0
20150826,9.8,9.8,9.8,9.8,2,0
20150828,9.8,9.8,9.8,9.8,2,0
20150831,9.8,10.6,9.8,10.6,2001,0
20150901,10.6,10.6,10.6,10.6,6,0
20150902,10.6,10.6,10.6,10.6,6,0
20150903,10.6,10.6,10.2,10.24,106,0
20150904,10.29,10.6,10.29,10.59,1986,0
20150907,10.59,10.59,10.59,10.59,1,0
20150908,10.47,10.51,10.47,10.5,2561,0
20150909,10.52,10.52,10.5,10.5,506,0
20150910,10.61,10.61,10.5,10.58,900,0
20150911,10.66,10.66,10.66,10.66,1,0
20150914,10.71,10.71,10.71,10.71,81,0
20150915,10.8,10.8,10.8,10.8,550,0
20150916,10.79,10.79,10.79,10.79,696,0
20150917,10.79,11.23,10.79,11.23,706,0
20150918,10.7,11.43,10.7,11.43,1408,0
