20141202,4.3982,4.4862,4.3005,4.3005,17344,0
20141203,4.32,4.3689,4.1832,4.3005,65784,0
20141204,4.3298,4.5643,4.2516,4.5643,22208,0
20141205,4.535,4.6719,4.535,4.6034,33919,0
20141208,4.5448,4.6523,4.4862,4.4959,13662,0
20141209,4.4959,4.5057,4.2027,4.408,54077,0
20141210,4.2907,4.3493,4.2907,4.3493,4615,0
20141211,4.3395,4.3395,4.2027,4.2907,29719,0
20141212,4.2516,4.3493,4.2125,4.2223,33921,0
20141215,4.3591,4.3591,4.105,4.1343,65872,0
20141216,4.105,4.1636,3.9193,3.9486,42785,0
20141217,3.929,4.017,3.929,4.017,11573,0
20141218,4.0659,4.1343,4.017,4.017,14941,0
20141219,4.017,4.1148,4.017,4.0268,21307,0
20141222,4.0854,4.1148,3.9388,3.9388,17476,0
20141223,3.9584,4.1636,3.929,4.1636,18008,0
20141229,4.1636,4.1636,4.1441,4.1441,1025,0
20141230,4.1245,4.1929,3.9681,4.1929,19804,0
20150102,4.1538,4.1538,4.105,4.105,2575,0
20150105,4.105,4.105,4.105,4.105,957,0
20150107,4.105,4.2809,4.105,4.2516,12422,0
20150108,4.2809,4.535,4.2711,4.535,33724,0
20150109,4.4862,4.535,4.4471,4.5057,6226,0
20150112,4.4862,4.4862,4.4862,4.4862,334,0
20150113,4.4666,4.5057,4.3884,4.5057,1703,0
20150114,4.4373,4.4373,4.3005,4.3005,6931,0
20150115,4.3005,4.3005,4.1148,4.2027,21136,0
20150116,4.2125,4.2125,4.1343,4.1441,4968,0
20150119,4.1734,4.1734,4.0561,4.0659,7541,0
20150120,4.0659,4.0659,4.017,4.017,3475,0
20150121,4.017,4.1929,4.017,4.1929,4967,0
20150122,4.1929,4.2614,4.1538,4.2027,6900,0
20150123,4.2516,4.2516,4.2516,4.2516,5,0
20150126,4.2516,4.2516,4.1734,4.1734,19641,0
20150127,4.2027,4.3102,4.2027,4.3102,7111,0
20150128,4.3102,4.3591,4.2809,4.3591,11631,0
20150129,4.3591,4.4373,4.3591,4.4275,10142,0
20150130,4.4373,4.5448,4.4373,4.5448,16170,0
20150202,4.5448,4.6328,4.5448,4.6328,19000,0
20150203,4.6328,4.6328,4.5546,4.6328,3515,0
20150204,4.623,4.623,4.4666,4.4666,119781,0
20150205,4.4959,4.4959,4.3102,4.3102,19357,0
20150206,4.3298,4.3591,4.2614,4.2711,20633,0
20150209,4.3005,4.3005,4.3005,4.3005,3103,0
20150210,4.3005,4.3395,4.3005,4.3005,1536,0
20150211,4.3395,4.4568,4.3395,4.3982,9859,0
20150212,4.4471,4.5057,4.4471,4.5057,4317,0
20150213,4.5057,4.6719,4.5057,4.6425,22964,0
20150216,4.6425,4.6719,4.5057,4.5448,9592,0
20150217,4.5155,4.5937,4.4568,4.5937,3508,0
20150218,4.5937,4.7403,4.5937,4.6914,25111,0
20150219,4.6719,4.8185,4.6523,4.6914,30114,0
20150220,4.6914,4.6914,4.5937,4.5937,14110,0
20150223,4.5937,4.711,4.5937,4.711,6305,0
20150224,4.711,4.7891,4.6425,4.6425,17202,0
20150225,4.7012,4.8087,4.6621,4.6914,10891,0
20150226,4.8185,4.8282,4.7012,4.7891,647,0
20150227,4.7794,4.8185,4.6914,4.7305,13231,0
20150302,4.6914,4.6914,4.3395,4.535,38236,0
20150303,4.4764,4.4764,4.3982,4.4373,24236,0
20150304,4.408,4.4373,4.3884,4.4373,13214,0
20150305,4.4373,4.4373,4.3005,4.3395,22766,0
20150306,4.3493,4.3493,4.2809,4.2907,15403,0
20150309,4.32,4.4373,4.32,4.4373,13874,0
20150310,4.4373,4.5252,4.3982,4.3982,14815,0
20150311,4.3982,4.3982,4.3395,4.3493,8112,0
20150312,4.3298,4.3493,4.1441,4.3493,30985,0
20150313,4.3005,4.3005,4.2125,4.2125,4665,0
20150316,4.2125,4.3102,4.1734,4.232,2518,0
20150317,4.232,4.3005,4.1538,4.1636,21112,0
20150318,4.2027,4.3005,4.1636,4.3005,8838,0
20150319,4.2516,4.3005,4.1929,4.2907,8069,0
20150320,4.2907,4.3005,4.2711,4.2809,3960,0
20150323,4.2516,4.2516,4.1929,4.2223,8520,0
20150324,4.2711,4.2711,4.1929,4.1929,394,0
20150325,4.2711,4.3005,4.2711,4.2711,11775,0
20150326,4.2711,4.2907,4.1441,4.2907,4252,0
20150327,4.1636,4.2516,4.1441,4.2516,5766,0
20150330,4.2418,4.2516,4.2125,4.2223,1659,0
20150331,4.2125,4.2516,4.2027,4.2125,1156,0
20150401,4.2125,4.2125,4.2125,4.2125,307,0
20150402,4.2027,4.2516,4.2027,4.2516,1244,0
20150407,4.2516,4.2711,4.2027,4.2711,40315,0
20150408,4.2614,4.2711,4.232,4.2711,30319,0
20150409,4.2711,4.3884,4.2711,4.3689,89989,0
20150410,4.3884,4.3884,4.3786,4.3884,11930,0
20150413,4.3884,4.4764,4.3395,4.4764,41336,0
20150414,4.4764,4.5937,4.4764,4.5839,31285,0
20150415,4.5937,4.6425,4.4568,4.5546,15726,0
20150416,4.4959,4.4959,4.3982,4.4764,6879,0
20150417,4.4568,4.4568,4.3493,4.3982,6937,0
20150420,4.3102,4.4471,4.2809,4.2809,10505,0
20150421,4.2907,4.3591,4.1245,4.3298,22111,0
20150422,4.3102,4.3102,4.1929,4.2516,15146,0
20150423,4.2516,4.2614,4.1929,4.2027,9435,0
20150424,4.2711,4.3005,4.2418,4.3005,1744,0
20150427,4.3005,4.3884,4.2418,4.3884,3061,0
20150428,4.3102,4.3102,4.1929,4.2027,3332,0
20150429,4.2125,4.3493,4.2125,4.3493,1432,0
20150430,4.3298,4.3298,4.2125,4.3298,5465,0
20150504,4.232,4.2711,4.2125,4.2711,1312,0
20150505,4.2711,4.3884,4.2516,4.3884,19721,0
20150506,4.3786,4.3982,4.3102,4.3982,10357,0
20150507,4.3982,4.5839,4.3982,4.5546,40844,0
20150508,4.5546,4.5839,4.4959,4.4959,8877,0
20150511,4.535,4.5741,4.5057,4.5448,3564,0
20150512,4.5252,4.5252,4.2516,4.3689,10429,0
20150513,4.3298,4.3884,4.3298,4.3884,2650,0
20150514,4.3786,4.4666,4.3786,4.4666,2356,0
20150515,4.3689,4.4471,4.1636,4.2418,35667,0
20150518,4.2516,4.2614,4.1441,4.2516,34119,0
20150519,4.1929,4.2027,4.1636,4.1929,11732,0
20150520,4.2516,4.2516,4.1734,4.2418,6828,0
20150521,4.232,4.4666,4.232,4.4666,43222,0
20150522,4.4177,4.4177,4.3884,4.3884,5883,0
20150525,4.3884,4.4471,4.3884,4.4471,2962,0
20150526,4.4373,4.623,4.4373,4.5741,58205,0
20150527,4.5448,4.7989,4.5057,4.75,33872,0
20150528,4.7598,4.7598,4.6621,4.7403,7553,0
20150529,4.7403,4.838,4.6914,4.8087,50224,0
20150601,4.838,4.9846,4.838,4.926,83986,0
20150602,4.9846,5.053,4.838,4.838,34828,0
20150603,4.7891,4.8771,4.5937,4.838,21536,0
20150605,4.7012,4.8282,4.6719,4.8185,1611,0
20150608,4.8185,4.8185,4.5448,4.6132,9342,0
20150609,4.6816,4.8478,4.535,4.6523,20865,0
20150610,4.838,4.8771,4.7012,4.7012,29231,0
20150611,4.7891,4.7891,4.7012,4.7794,2537,0
20150612,4.7794,4.7794,4.6425,4.75,3913,0
20150615,4.75,4.7794,4.6034,4.7012,4235,0
20150616,4.6816,4.6816,4.3298,4.4275,7677,0
20150617,4.4275,4.4275,4.3395,4.4177,12760,0
20150618,4.4177,4.4177,4.2614,4.3884,5579,0
20150619,4.3298,4.3884,4.3298,4.3884,6479,0
20150622,4.3005,4.3786,4.2614,4.2809,28234,0
20150623,4.408,4.408,4.3102,4.3102,4607,0
20150624,4.2711,4.3689,4.1636,4.3395,18880,0
20150625,4.3298,4.3884,4.3298,4.3395,1904,0
20150626,4.3884,4.3884,4.2516,4.3005,3806,0
20150629,4.2027,4.2711,4.1636,4.2711,10032,0
20150630,4.2027,4.2027,4.1832,4.2027,8232,0
20150701,4.2418,4.5546,4.2418,4.4275,31801,0
20150702,4.4373,4.4764,4.3298,4.3786,5156,0
20150703,4.3982,4.3982,4.2809,4.32,6062,0
20150706,4.68,4.68,4.3,4.49,5986,0
20150707,4.49,4.49,4.49,4.49,59,0
20150708,4.4,4.4,4.3,4.39,2790,0
20150709,4.33,4.33,4.26,4.28,11529,0
20150710,4.33,4.49,4.25,4.36,16999,0
20150713,4.43,4.43,4.38,4.4,3417,0
20150714,4.4,4.43,4.38,4.43,1207,0
20150715,4.35,4.39,4.3,4.39,2415,0
20150716,4.39,4.49,4.39,4.49,8725,0
20150717,4.49,4.49,4.39,4.45,6230,0
20150720,4.36,4.39,4.33,4.39,1569,0
20150721,4.35,4.4,4.33,4.33,9529,0
20150722,4.35,4.35,4.28,4.28,7885,0
20150723,4.34,4.34,4.29,4.3,4416,0
20150724,4.31,4.36,4.28,4.36,6344,0
20150727,4.36,4.36,4.35,4.35,2888,0
20150728,4.26,4.3,4.19,4.3,48836,0
20150729,4.3,4.34,4.22,4.33,4576,0
20150731,4.32,4.33,4.2,4.32,7532,0
20150803,4.31,4.31,4.3,4.31,4062,0
20150804,4.31,4.31,4.31,4.31,754,0
20150805,4.36,4.36,4.28,4.31,6110,0
20150806,4.32,4.32,4.23,4.23,5767,0
20150807,4.34,4.34,4.34,4.34,250,0
20150810,4.24,4.27,4.2,4.25,5783,0
20150811,4.22,4.22,4.2,4.2,10451,0
20150812,4.2,4.24,3.8,3.82,35708,0
20150813,3.8,4.18,3.55,4.03,34540,0
20150814,4.1,4.21,4.1,4.21,8700,0
20150817,4.08,4.3,4.08,4.12,6387,0
20150818,4.12,4.12,4.12,4.12,352,0
20150819,4.24,4.24,4.12,4.13,6968,0
20150820,4.11,4.19,4.11,4.19,8830,0
20150821,4.19,4.19,4.11,4.11,6390,0
20150824,4.1,4.1,3.79,3.95,30873,0
20150825,3.95,3.98,3.95,3.96,7697,0
20150826,3.95,3.95,3.95,3.95,2030,0
20150827,3.95,4.06,3.95,4.02,4427,0
20150828,3.99,4.07,3.99,4.07,2540,0
20150831,4.07,4.07,4,4.06,2984,0
20150901,4.36,4.59,4.29,4.5,80473,0
20150902,4.53,4.88,4.4,4.85,129602,0
20150903,4.88,4.92,4.81,4.81,39025,0
20150904,4.86,4.86,4.67,4.68,20303,0
20150907,4.7,4.81,4.7,4.78,9175,0
20150908,4.81,4.84,4.78,4.78,9165,0
20150909,4.8,4.82,4.73,4.73,7676,0
20150910,4.73,4.77,4.6,4.69,22859,0
20150911,4.72,4.72,4.62,4.63,6721,0
20150914,4.65,4.65,4.55,4.6,9765,0
20150915,4.68,4.68,4.46,4.46,9562,0
20150916,4.56,4.63,4.56,4.62,2570,0
20150917,4.62,4.68,4.62,4.67,5383,0
20150918,4.62,4.64,4.57,4.64,1324,0
