20141203,29.5,29.5,28.61,28.62,7875,0
20141204,28.63,28.63,26.63,26.8,583501,0
20141205,26.8,28.15,26.8,27.6,1612029,0
20141208,27,27.35,26.71,26.71,649141,0
20141209,26.73,27.12,26.23,27.12,31783,0
20141210,27.38,27.5,26.3,26.35,115161,0
20141211,26.38,26.94,26.12,26.9,15897,0
20141212,26.97,26.97,26.06,26.77,18211,0
20141215,26.95,26.95,25.22,25.8,107907,0
20141216,25.66,25.7,24.99,25.4,249735,0
20141217,25.4,26.24,25.4,26,126162,0
20141218,26.5,27,26.15,27,11054,0
20141219,27.6,27.6,26.85,27.2,91259,0
20141222,27.27,27.27,26.9,27,20793,0
20141223,27.4,27.4,25.39,25.39,150028,0
20141229,25.6,25.6,24.83,25.1,310352,0
20141230,25.05,26.3,25.05,26.3,52044,0
20150102,26.3,26.38,26,26.38,31245,0
20150105,26.37,26.47,26.1,26.2,6615,0
20150107,26.3,26.51,26.1,26.46,18918,0
20150108,26.68,26.7,26.1,26.33,77470,0
20150109,26.76,26.76,25.27,25.27,65502,0
20150112,25.85,25.85,24.11,24.7,51676,0
20150113,25.07,25.07,24.5,24.8,126918,0
20150114,24.8,24.8,24.22,24.22,7647,0
20150115,24.62,24.69,24.01,24.05,4958,0
20150116,24.6,24.69,24.01,24.01,6458,0
20150119,24.05,24.11,23.42,23.44,24515,0
20150120,23.44,23.44,22.7,22.8,37273,0
20150121,22.6,23.3,22.6,23.28,61806,0
20150122,23.6,24.5,23.51,24.1,19331,0
20150123,24.15,24.8,24.15,24.62,15094,0
20150126,24.49,24.49,23.88,24,5530,0
20150127,24.01,25.35,24.01,25.35,57525,0
20150128,25.35,27,25.17,27,170106,0
20150129,27,28.1,27,27.69,536291,0
20150130,27.55,27.6,27.02,27.6,18355,0
20150202,27.01,27.9,26.13,26.13,25807,0
20150203,26.25,26.38,26.13,26.2,7646,0
20150204,26.25,26.25,25.5,25.81,10707,0
20150205,25.89,26.45,25.89,26.01,928,0
20150206,26.08,26.39,26.08,26.16,3434,0
20150209,26.23,26.6,25.9,26.3,5794,0
20150210,26.8,26.8,26.16,26.55,7563,0
20150211,26.55,26.77,26.25,26.74,5281,0
20150212,26.12,26.8,26.12,26.25,8323,0
20150213,26.26,26.74,26.26,26.52,5585,0
20150216,26.53,26.74,26.52,26.7,4702,0
20150217,26.7,27.65,26.31,27.56,4683,0
20150218,27.56,27.56,27.01,27.3,2038,0
20150219,27.6,27.6,25.72,26.96,3495,0
20150220,26.46,27.55,26.46,27.36,5680,0
20150223,27.36,27.69,27,27,20958,0
20150224,27,27.5,26.8,27,9556,0
20150225,26.7,26.85,25.51,26.6,9115,0
20150226,26.21,26.64,26.1,26.1,7518,0
20150227,26.07,26.7,25.2,25.2,31314,0
20150302,25.83,25.83,25,25.2,49054,0
20150303,25.42,25.42,25,25.01,10009,0
20150304,25.39,25.39,25.04,25.04,9911,0
20150305,25.48,25.48,25.09,25.09,31808,0
20150306,25.48,25.49,25.04,25.06,57089,0
20150309,25.08,25.16,24.13,24.55,10672,0
20150310,24.55,24.87,24.55,24.87,25777,0
20150311,24.9,25,24.58,24.75,11344,0
20150312,24.75,24.75,23.5,23.76,74293,0
20150313,23.9,24.4,23.6,23.99,23418,0
20150316,24.01,24.4,23.75,23.8,30435,0
20150317,24.15,24.15,23.6,23.81,10968,0
20150318,24.19,24.19,23.8,24,5478,0
20150319,23.95,24,23.81,24,21952,0
20150320,24,24,23.7,23.9,15862,0
20150323,23.81,24.39,23.54,23.77,29999,0
20150324,23.77,24,22.4,22.58,136948,0
20150325,22.62,23.55,22.21,23.16,128911,0
20150326,23.5,23.5,23.06,23.4,22500,0
20150327,23.4,23.99,23.4,23.75,12051,0
20150330,23.98,24.44,23.89,24.43,17338,0
20150331,24.5,24.7,24.11,24.6,35162,0
20150401,24.5,24.5,24.16,24.2,5857,0
20150402,24.19,24.25,24.12,24.12,4170,0
20150407,24.15,24.19,23.78,23.85,12078,0
20150408,23.91,24.06,23.49,23.56,19685,0
20150409,23.36,23.98,23.35,23.75,90571,0
20150410,23.82,23.9,23.6,23.6,11728,0
20150413,23.6,23.78,23.4,23.57,31940,0
20150414,23.57,23.9,23.51,23.51,12505,0
20150415,23.52,23.89,23.52,23.8,4666,0
20150416,23.9,24.1,23.9,24,12291,0
20150417,24.05,24.49,23.8,24.19,22566,0
20150420,24.4,24.98,24.29,24.5,26407,0
20150421,24.49,24.8,24,24.2,18526,0
20150422,24.42,24.42,23.97,24,8724,0
20150423,24.29,24.3,23.66,23.7,501648,0
20150424,23.99,23.99,23.68,23.75,120872,0
20150427,23.75,24.28,23.75,23.8,4101,0
20150428,23.85,24.1,23.85,23.95,10196,0
20150429,23.9,24.3,23.7,24.3,132967,0
20150430,24.29,24.55,23.9,24.3,16690,0
20150504,24.1,24.1,23.77,23.81,10074,0
20150505,23.83,24.01,23.46,23.51,22398,0
20150506,23.55,23.69,23.43,23.63,9102,0
20150507,23.5,23.97,23.48,23.88,5004,0
20150508,23.94,23.99,23.71,23.87,10217,0
20150511,23.94,23.99,23.8,23.96,4402,0
20150512,23.97,23.97,23.69,23.84,6556,0
20150513,23.84,23.84,23.62,23.7,7947,0
20150514,23.7,23.7,22.98,23.2,27517,0
20150515,23.2,23.65,23.12,23.49,40509,0
20150518,23.65,23.9,23.59,23.85,6046,0
20150519,23.9,23.9,23.31,23.4,157891,0
20150520,23.51,23.51,23.1,23.25,11175,0
20150521,23.39,23.4,23.19,23.3,35689,0
20150522,23.31,23.31,23.16,23.3,3293,0
20150525,23.1,23.3,23.1,23.11,5275,0
20150526,23.1,23.1,23.05,23.1,13386,0
20150527,23.07,23.23,23.05,23.05,10134,0
20150528,23.33,23.33,23.03,23.04,5258,0
20150529,23.03,23.82,23.01,23.82,8550,0
20150601,23.75,23.75,23.2,23.2,17364,0
20150602,23.64,23.64,23.25,23.3,49555,0
20150603,23.1,23.3,23,23.1,10619,0
20150605,23,23.29,22.86,22.92,3420,0
20150608,23.15,23.15,22.88,22.91,3664,0
20150609,22.93,23.07,22.8,23,31559,0
20150610,22.82,22.86,22.4,22.43,18666,0
20150611,22.65,22.7,22.2,22.25,13348,0
20150612,22.31,22.64,22.31,22.49,7691,0
20150615,22.5,22.5,22.27,22.3,1017,0
20150616,22.3,22.51,22.3,22.42,11994,0
20150617,22.42,22.58,22.35,22.57,59712,0
20150618,22.77,22.77,22.38,22.42,2015,0
20150619,22.42,22.5,22.3,22.31,12748,0
20150622,22.5,22.5,21.9,22.3,46875,0
20150623,22.5,22.5,22.4,22.49,2821,0
20150624,22.45,22.48,22.4,22.48,1052,0
20150625,22.48,22.51,22.37,22.5,6502,0
20150626,22.5,22.77,22.37,22.77,2645,0
20150629,22.5,22.5,21.82,22.02,6837,0
20150630,21.9,22.29,21.3,21.3,50920,0
20150701,21.3,21.58,21.3,21.33,6447,0
20150702,21.31,21.49,21.1,21.29,10165,0
20150703,21.3,21.3,20.1,20.84,11125,0
20150706,20,20.47,20,20.07,12692,0
20150707,20.25,20.35,19.7,19.71,16556,0
20150708,19.89,19.9,19.12,19.2,25085,0
20150709,19.19,19.58,19.19,19.31,6639,0
20150710,19.4,19.73,19.34,19.34,19314,0
20150713,19.37,19.65,19.35,19.49,12049,0
20150714,19.49,19.49,19.25,19.25,13615,0
20150715,19.4,19.4,18.95,19,14123,0
20150716,19.14,19.19,18.95,19.19,9620,0
20150717,19.2,19.45,19.19,19.3,6644,0
20150720,19.3,19.3,19.19,19.22,4661,0
20150721,19.11,19.18,18.88,18.88,5502,0
20150722,18.88,18.9,18,18.2,14732,0
20150723,18.24,18.29,18,18.2,32394,0
20150724,18.22,18.22,18.02,18.09,11106,0
20150727,18.1,18.33,18,18.06,4529,0
20150728,18.3,18.83,18.3,18.31,9598,0
20150729,18.31,19,18.31,18.65,5111,0
20150730,18.78,18.86,18.75,18.77,3437,0
20150731,18.99,19.5,18.99,19.32,5092,0
20150803,19.41,19.68,19.3,19.31,7329,0
20150804,19.38,19.5,18.42,18.54,25385,0
20150805,18.85,18.85,18.44,18.5,9559,0
20150806,18.51,18.56,18.51,18.51,9703,0
20150807,18.51,18.8,18.51,18.74,5916,0
20150810,18.75,18.86,18.75,18.77,2380,0
20150811,19.08,19.53,19.08,19.12,77170,0
20150812,19.2,19.2,18.9,18.91,15263,0
20150813,19.18,19.28,18.95,19.15,26106,0
20150814,19.2,19.2,18.75,18.75,12219,0
20150817,18.75,18.75,18.33,18.5,10875,0
20150818,18.5,18.8,18.19,18.19,12832,0
20150819,18.49,18.51,18.37,18.37,5686,0
20150820,18.4,18.5,18.4,18.4,4230,0
20150821,18.34,18.89,18.2,18.2,9919,0
20150824,18.2,18.34,16.82,16.9,24779,0
20150825,16.9,17.5,16.9,17.2,6872,0
20150826,17.2,17.2,16.51,16.7,37925,0
20150827,16.76,17.06,16.21,16.4,15574,0
20150828,16.97,17.19,16.6,16.6,11830,0
20150831,16.95,17.19,16.8,17.08,15991,0
20150901,16.79,17,16.51,16.65,23210,0
20150902,16.31,16.65,16.26,16.39,77694,0
20150903,16.69,16.69,16.25,16.32,40612,0
20150904,16.88,16.88,15.83,16.01,44238,0
20150907,16.28,16.28,16.19,16.26,12501,0
20150908,16.27,16.34,16,16.19,54910,0
20150909,16.3,16.38,16.07,16.11,32521,0
20150910,16.25,16.69,16.25,16.5,11324,0
20150911,16.51,16.9,16.5,16.55,23056,0
20150914,16.55,16.7,16.33,16.5,14871,0
20150915,16.6,16.7,16.2,16.3,12249,0
20150916,16.41,16.41,16.02,16.1,35388,0
20150917,16.1,16.22,15.99,16,70972,0
20150918,16.19,16.19,15.9,15.95,24624,0
