2016-03-30,09:05:00,8.1974,8.1974,8.1974,8.1974,1,0
2016-03-30,09:10:00,8.3847,8.3847,8.3847,8.3847,211,0
2016-03-30,10:15:00,8.1974,8.1974,8.1974,8.1974,256,0
2016-03-30,10:20:00,8.2754,8.3379,8.2754,8.3379,821,0
2016-03-30,11:00:00,8.1974,8.1974,8.1974,8.1974,371,0
2016-03-30,11:45:00,8.3691,8.3691,8.3691,8.3691,13,0
2016-03-30,11:50:00,8.1974,8.3691,8.1974,8.3691,25631,0
2016-03-30,12:35:00,8.2052,8.2052,8.1974,8.1974,28382,0
2016-03-30,13:20:00,8.1974,8.1974,8.1974,8.1974,32,0
2016-03-30,13:55:00,8.1974,8.1974,8.1974,8.1974,25618,0
2016-03-30,14:05:00,8.3223,8.3223,8.3223,8.3223,1281,0
2016-03-30,14:10:00,8.2052,8.2052,8.1974,8.1974,25618,0
2016-03-30,14:15:00,8.1974,8.1974,8.1974,8.1974,128,0
2016-03-30,14:50:00,8.1974,8.1974,8.1974,8.1974,1973,0
2016-03-30,15:05:00,8.1974,8.1974,8.1974,8.1974,1354,0
2016-03-30,16:10:00,8.1193,8.1193,8.1193,8.1193,719,0
2016-03-30,16:15:00,8.1193,8.1193,8.1193,8.1193,1152,0
2016-03-30,16:50:00,8.1974,8.1974,8.1974,8.1974,27,0
2016-03-31,09:05:00,8.2676,8.2676,8.2676,8.2676,1,0
2016-03-31,09:25:00,8.2676,8.2676,8.2676,8.2676,876,0
2016-03-31,10:50:00,8.2754,8.2754,8.2754,8.2754,200,0
2016-03-31,10:55:00,8.3535,8.3535,8.3535,8.3535,384,0
2016-03-31,11:25:00,8.2754,8.2754,8.2754,8.2754,256,0
2016-03-31,12:00:00,8.2832,8.2832,8.2832,8.2832,163,0
2016-03-31,12:35:00,8.2052,8.2052,8.2052,8.2052,141,0
2016-03-31,13:15:00,8.2052,8.2052,8.2052,8.2052,798,0
2016-03-31,13:35:00,8.1974,8.1974,8.1974,8.1974,697,0
2016-03-31,14:35:00,8.1974,8.1974,8.1974,8.1974,51180,0
2016-03-31,14:55:00,8.1193,8.1193,8.1193,8.1193,118,0
2016-03-31,15:10:00,8.1193,8.1193,8.1193,8.1193,2850,0
2016-03-31,15:25:00,8.1974,8.1974,8.1974,8.1974,76854,0
2016-03-31,15:30:00,8.1974,8.1974,8.1974,8.1974,138719,0
2016-03-31,15:45:00,8.1974,8.1974,8.1974,8.1974,384,0
2016-03-31,15:55:00,8.3067,8.4784,8.3067,8.4784,14655,0
2016-03-31,16:00:00,8.4784,8.7439,8.4784,8.5799,27138,0
2016-03-31,16:05:00,8.5096,8.5096,8.5096,8.5096,13,0
2016-03-31,16:10:00,8.3691,8.5877,8.3691,8.5877,35085,0
2016-03-31,16:15:00,8.5877,8.9312,8.5877,8.7985,82457,0
2016-03-31,16:20:00,8.7985,8.8922,8.7439,8.7829,17716,0
2016-03-31,16:25:00,8.7829,8.8219,8.7829,8.8219,13065,0
2016-03-31,16:30:00,8.8141,8.939,8.8141,8.939,6027,0
2016-03-31,16:35:00,8.9312,8.939,8.8844,8.8844,1846,0
2016-03-31,16:40:00,8.8844,8.939,8.8219,8.8922,3830,0
2016-03-31,16:45:00,8.8219,8.8688,8.8219,8.8688,1633,0
2016-03-31,16:50:00,8.8219,8.8454,8.6268,8.6268,22504,0
2016-04-01,09:05:00,8.939,8.939,8.7907,8.8766,49024,0
2016-04-01,09:10:00,8.8219,8.8766,8.8141,8.861,15021,0
2016-04-01,09:15:00,8.8532,8.8532,8.7439,8.8219,8273,0
2016-04-01,09:20:00,8.8141,8.8141,8.7439,8.7829,1720,0
2016-04-01,09:25:00,8.7829,8.861,8.7829,8.8454,3850,0
2016-04-01,09:30:00,8.8454,8.8454,8.8297,8.8297,1447,0
2016-04-01,09:35:00,8.8375,8.9234,8.8297,8.9234,10234,0
2016-04-01,09:40:00,8.9234,8.9703,8.9234,8.9703,32490,0
2016-04-01,09:45:00,8.9703,8.9781,8.939,8.9546,9435,0
2016-04-01,09:50:00,8.9312,8.9312,8.9312,8.9312,4841,0
2016-04-01,09:55:00,8.8688,8.9,8.861,8.861,1053,0
2016-04-01,10:00:00,8.7829,8.7829,8.5955,8.6658,15103,0
2016-04-01,10:05:00,8.658,8.658,8.658,8.658,1966,0
2016-04-01,10:10:00,8.658,8.658,8.658,8.658,5031,0
2016-04-01,10:15:00,8.658,8.658,8.4004,8.4004,3310,0
2016-04-01,10:20:00,8.4082,8.5331,8.049,8.0725,23674,0
2016-04-01,10:25:00,8.2989,8.3301,8.1193,8.1193,9348,0
2016-04-01,10:30:00,8.2364,8.3223,8.2364,8.3067,6097,0
2016-04-01,10:35:00,8.213,8.3613,8.213,8.3613,2818,0
2016-04-01,10:40:00,8.3613,8.3925,8.3613,8.3847,5174,0
2016-04-01,10:45:00,8.3847,8.3847,8.3535,8.3535,651,0
2016-04-01,10:50:00,8.3535,8.3847,8.3145,8.3535,4285,0
2016-04-01,10:55:00,8.3301,8.3535,8.3145,8.3145,2549,0
2016-04-01,11:00:00,8.3379,8.3379,8.3379,8.3379,1342,0
2016-04-01,11:05:00,8.3379,8.3379,8.3379,8.3379,277,0
2016-04-01,11:10:00,8.2754,8.2754,8.2754,8.2754,1281,0
2016-04-01,11:15:00,8.2832,8.2832,8.2832,8.2832,256,0
2016-04-01,11:25:00,8.2989,8.2989,8.1974,8.1974,22773,0
2016-04-01,11:30:00,8.2598,8.2598,8.2364,8.2598,1647,0
2016-04-01,11:35:00,8.2598,8.2598,8.2598,8.2598,1250,0
2016-04-01,11:40:00,8.2598,8.2598,8.2052,8.2052,3809,0
2016-04-01,11:45:00,8.1974,8.1974,8.1818,8.1818,769,0
2016-04-01,11:50:00,8.1974,8.1974,8.1818,8.1974,2289,0
2016-04-01,11:55:00,8.1974,8.1974,8.1974,8.1974,954,0
2016-04-01,12:05:00,8.1974,8.1974,8.1974,8.1974,72,0
2016-04-01,12:10:00,8.1974,8.1974,8.1974,8.1974,2171,0
2016-04-01,12:15:00,8.1974,8.2598,8.1974,8.1974,4247,0
2016-04-01,12:20:00,8.2052,8.252,8.1974,8.252,1734,0
2016-04-01,12:25:00,8.2442,8.2442,8.2442,8.2442,359,0
2016-04-01,12:30:00,8.2442,8.2442,8.2442,8.2442,1563,0
2016-04-01,12:35:00,8.2442,8.2442,8.1193,8.1193,7529,0
2016-04-01,12:40:00,8.1974,8.1974,8.1974,8.1974,129,0
2016-04-01,12:45:00,8.1974,8.1974,8.1974,8.1974,224,0
2016-04-01,12:50:00,8.1974,8.1974,8.1974,8.1974,608,0
2016-04-01,12:55:00,8.1974,8.1974,8.1974,8.1974,128,0
2016-04-01,13:00:00,8.1974,8.1974,8.1974,8.1974,1713,0
2016-04-01,13:05:00,8.1427,8.1427,8.1427,8.1427,77,0
2016-04-01,13:20:00,8.1974,8.1974,8.1974,8.1974,1281,0
2016-04-01,13:25:00,8.1974,8.1974,8.1974,8.1974,256,0
2016-04-01,13:30:00,8.1896,8.1896,8.1193,8.1193,2404,0
2016-04-01,13:35:00,8.1193,8.1896,8.1193,8.1896,2777,0
2016-04-01,13:45:00,8.1896,8.1896,8.1583,8.1583,218,0
2016-04-01,13:55:00,8.1583,8.1896,8.1583,8.1896,672,0
2016-04-01,14:05:00,8.1896,8.4238,8.1896,8.416,13154,0
2016-04-01,14:10:00,8.416,8.416,8.3535,8.3535,240,0
2016-04-01,14:15:00,8.3457,8.3457,8.2754,8.2754,178,0
2016-04-01,14:20:00,8.2676,8.3457,8.2364,8.3457,19996,0
2016-04-01,14:25:00,8.2754,8.3457,8.2754,8.3457,7805,0
2016-04-01,14:30:00,8.2754,8.2754,8.2754,8.2754,256,0
2016-04-01,14:35:00,8.2676,8.2676,8.2364,8.2364,8825,0
2016-04-01,14:40:00,8.2676,8.2676,8.2676,8.2676,231,0
2016-04-01,14:45:00,8.2676,8.2754,8.2676,8.2754,5045,0
2016-04-01,14:50:00,8.3457,8.3457,8.3457,8.3457,256,0
2016-04-01,15:00:00,8.4238,8.4316,8.4238,8.4316,388,0
2016-04-01,15:15:00,8.4238,8.4394,8.4238,8.4394,18992,0
2016-04-01,15:20:00,8.4316,8.455,8.4316,8.455,289,0
2016-04-01,15:25:00,8.2754,8.2754,8.2754,8.2754,12809,0
2016-04-01,15:35:00,8.2832,8.4316,8.2754,8.3613,32846,0
2016-04-01,15:40:00,8.3613,8.4316,8.3145,8.4316,19465,0
2016-04-01,15:45:00,8.4316,8.455,8.4316,8.455,6689,0
2016-04-01,15:50:00,8.4316,8.4316,8.4316,8.4316,6404,0
2016-04-01,16:00:00,8.3613,8.4316,8.3613,8.4316,13300,0
2016-04-01,16:10:00,8.4316,8.5877,8.4316,8.5877,47772,0
2016-04-01,16:15:00,8.5643,8.5643,8.5096,8.5643,5768,0
2016-04-01,16:20:00,8.5799,8.5877,8.5409,8.5799,22089,0
2016-04-01,16:25:00,8.5487,8.5643,8.4316,8.4316,2249,0
2016-04-01,16:30:00,8.5018,8.5096,8.5018,8.5096,3297,0
2016-04-01,16:40:00,8.5018,8.5253,8.5018,8.5253,7651,0
2016-04-01,16:45:00,8.5175,8.5877,8.5175,8.5877,23134,0
2016-04-01,16:50:00,8.5643,8.5877,8.5643,8.5877,35492,0
2016-04-04,09:05:00,8.5877,8.5877,8.5877,8.5877,5574,0
2016-04-04,09:10:00,8.5877,8.5877,8.5877,8.5877,424,0
2016-04-04,09:15:00,8.5877,8.5877,8.5877,8.5877,128,0
2016-04-04,09:30:00,8.5877,8.7439,8.5877,8.7361,14565,0
2016-04-04,09:35:00,8.6268,8.6268,8.3535,8.5877,11144,0
2016-04-04,09:40:00,8.5877,8.5877,8.5877,8.5877,3169,0
2016-04-04,09:55:00,8.7126,8.7126,8.7126,8.7126,15,0
2016-04-04,10:00:00,8.6736,8.6736,8.6736,8.6736,380,0
2016-04-04,10:10:00,8.5955,8.5955,8.5877,8.5877,1281,0
2016-04-04,10:25:00,8.658,8.658,8.658,8.658,128,0
2016-04-04,10:30:00,8.658,8.658,8.658,8.658,32,0
2016-04-04,10:40:00,8.658,8.7126,8.658,8.7126,614,0
2016-04-04,10:50:00,8.7048,8.7048,8.7048,8.7048,91,0
2016-04-04,11:10:00,8.6502,8.6502,8.6502,8.6502,425,0
2016-04-04,11:15:00,8.6814,8.9,8.6814,8.7439,49427,0
2016-04-04,11:20:00,8.8219,8.8219,8.8219,8.8219,13065,0
2016-04-04,11:25:00,8.8219,8.8219,8.8219,8.8219,383,0
2016-04-04,11:30:00,8.8063,8.8063,8.8063,8.8063,20,0
2016-04-04,11:40:00,8.8063,8.8063,8.8063,8.8063,33804,0
2016-04-04,11:45:00,8.7985,8.7985,8.7985,8.7985,17,0
2016-04-04,11:55:00,8.8219,8.8219,8.8219,8.8219,15,0
2016-04-04,12:00:00,8.8141,8.8219,8.8141,8.8219,1127,0
2016-04-04,12:05:00,8.8219,8.8219,8.7985,8.7985,361,0
2016-04-04,12:30:00,8.8141,8.8141,8.8141,8.8141,1577,0
2016-04-04,12:35:00,8.8141,8.8141,8.8141,8.8141,2984,0
2016-04-04,12:55:00,8.8141,8.8141,8.8141,8.8141,602,0
2016-04-04,13:00:00,8.8141,8.8141,8.8141,8.8141,257,0
2016-04-04,13:05:00,8.7439,8.7439,8.6268,8.6268,6206,0
2016-04-04,13:35:00,8.7829,8.7985,8.7829,8.7985,25733,0
2016-04-04,13:45:00,8.6658,8.7829,8.6658,8.7751,2569,0
2016-04-04,13:50:00,8.6658,8.6736,8.6658,8.6736,3,0
2016-04-04,14:00:00,8.7673,8.7673,8.6736,8.6736,191,0
2016-04-04,14:15:00,8.7517,8.7517,8.7517,8.7517,1153,0
2016-04-04,14:30:00,8.7517,8.7517,8.7517,8.7517,1281,0
2016-04-04,14:40:00,8.7439,8.7439,8.7439,8.7439,141,0
2016-04-04,14:45:00,8.7439,8.7439,8.7439,8.7439,18,0
2016-04-04,15:05:00,8.7439,8.7439,8.6892,8.6892,46,0
2016-04-04,15:30:00,8.7439,8.7439,8.7439,8.7439,282,0
2016-04-04,15:50:00,8.7439,8.8922,8.7439,8.8922,50859,0
2016-04-04,15:55:00,8.8922,8.9,8.8922,8.8922,384,0
2016-04-04,16:00:00,8.8922,8.9,8.8297,8.9,87,0
2016-04-04,16:05:00,8.861,8.9,8.861,8.9,1127,0
2016-04-04,16:10:00,8.8922,8.8922,8.8688,8.8688,282,0
2016-04-04,16:15:00,8.8922,8.8922,8.8844,8.8844,282,0
2016-04-04,16:20:00,8.9,8.9,8.9,8.9,4148,0
2016-04-04,16:30:00,8.9,8.9,8.9,8.9,241,0
2016-04-04,16:35:00,8.9,8.9,8.8922,8.8922,448,0
2016-04-04,16:40:00,8.9,8.9156,8.8766,8.9156,2304,0
2016-04-04,16:45:00,8.9078,8.9078,8.9,8.9,1417,0
2016-04-04,16:50:00,8.9,8.9,8.9,8.9,5362,0
2016-04-05,09:05:00,8.8766,8.9,8.8766,8.9,1296,0
2016-04-05,09:10:00,8.8532,8.8532,8.8532,8.8532,256,0
2016-04-05,09:20:00,8.8219,8.8219,8.8219,8.8219,295,0
2016-04-05,09:25:00,8.7439,8.939,8.7361,8.939,1281,0
2016-04-05,09:35:00,8.8532,8.8532,8.8532,8.8532,56,0
2016-04-05,09:45:00,8.7829,8.939,8.7829,8.9312,2660,0
2016-04-05,09:50:00,8.9234,8.9234,8.9234,8.9234,4,0
2016-04-05,09:55:00,8.9234,8.9234,8.9234,8.9234,1405,0
2016-04-05,10:00:00,8.9234,8.9234,8.9234,8.9234,49,0
2016-04-05,10:05:00,8.9156,8.9156,8.9156,8.9156,6,0
2016-04-05,10:15:00,8.9234,8.9234,8.9234,8.9234,161,0
2016-04-05,10:35:00,8.9078,8.9078,8.9078,8.9078,4,0
2016-04-05,10:45:00,8.8844,8.9078,8.8297,8.9078,265,0
2016-04-05,10:55:00,8.8297,8.8297,8.8219,8.8219,436,0
2016-04-05,11:05:00,8.9,8.9,8.8219,8.9,223,0
2016-04-05,12:25:00,8.8219,8.8219,8.8219,8.8219,897,0
2016-04-05,13:20:00,8.8219,8.8766,8.8219,8.8766,224,0
2016-04-05,13:50:00,8.8219,8.8219,8.8219,8.8219,256,0
2016-04-05,14:40:00,8.8219,8.8219,8.8219,8.8219,498,0
2016-04-05,14:45:00,8.8141,8.8141,8.8141,8.8141,204,0
2016-04-05,14:55:00,8.8141,8.8141,8.8141,8.8141,128,0
2016-04-05,15:00:00,8.8375,8.8375,8.8375,8.8375,26,0
2016-04-05,15:05:00,8.7907,8.7985,8.7907,8.7985,143,0
2016-04-05,15:20:00,8.7985,8.861,8.7439,8.861,2955,0
2016-04-05,16:15:00,8.861,8.9234,8.861,8.9078,1427,0
2016-04-05,16:30:00,8.8844,8.8844,8.8766,8.8766,128,0
2016-04-05,16:50:00,8.8844,8.9078,8.7751,8.7751,7744,0
2016-04-06,09:05:00,8.9,9.1186,8.7829,9.0483,5646,0
2016-04-06,09:10:00,9.0483,9.0483,9.0483,9.0483,128,0
2016-04-06,09:15:00,9.0327,9.0561,8.8219,8.8219,3731,0
2016-04-06,09:20:00,8.8219,8.939,8.7829,8.939,2129,0
2016-04-06,09:45:00,8.8219,8.8219,8.8219,8.8219,256,0
2016-04-06,10:45:00,8.8297,8.8297,8.8297,8.8297,256,0
2016-04-06,10:50:00,8.7907,8.7907,8.7907,8.7907,158,0
2016-04-06,11:05:00,8.8219,8.8219,8.8219,8.8219,128,0
2016-04-06,11:20:00,8.8375,8.8375,8.8375,8.8375,961,0
2016-04-06,11:25:00,8.861,8.861,8.861,8.861,225,0
2016-04-06,11:35:00,8.861,8.861,8.861,8.861,64,0
2016-04-06,12:10:00,8.8375,8.8375,8.8219,8.8219,1089,0
2016-04-06,12:20:00,8.8219,8.8219,8.7829,8.7829,278,0
2016-04-06,12:35:00,8.7829,8.7829,8.7829,8.7829,128,0
2016-04-06,13:15:00,8.8219,8.8219,8.8219,8.8219,146,0
2016-04-06,13:45:00,8.7751,8.8219,8.7439,8.8219,1025,0
2016-04-06,14:00:00,8.8219,8.8219,8.8219,8.8219,64,0
2016-04-06,14:15:00,8.8219,8.8219,8.8219,8.8219,359,0
2016-04-06,15:00:00,8.8219,8.8219,8.8219,8.8219,149,0
2016-04-06,16:00:00,8.8844,8.8844,8.8844,8.8844,1,0
2016-04-06,16:35:00,8.8219,8.8219,8.8219,8.8219,1309,0
2016-04-06,16:45:00,8.8844,8.8844,8.8844,8.8844,74,0
2016-04-06,16:50:00,8.7829,8.7829,8.7829,8.7829,485,0
2016-04-07,09:05:00,8.9312,8.9312,8.9312,8.9312,1,0
2016-04-07,09:15:00,8.9,8.9,8.9,8.9,69,0
2016-04-07,10:10:00,8.8844,8.8844,8.8844,8.8844,269,0
2016-04-07,11:05:00,8.8844,8.8844,8.8844,8.8844,128,0
2016-04-07,11:15:00,8.8219,8.8219,8.8219,8.8219,128,0
2016-04-07,11:20:00,8.8219,8.8219,8.8219,8.8219,122,0
2016-04-07,11:25:00,8.7829,8.7829,8.7829,8.7829,250,0
2016-04-07,12:50:00,8.7907,8.7907,8.7907,8.7907,320,0
2016-04-07,13:00:00,8.7829,8.7829,8.7751,8.7751,199,0
2016-04-07,13:10:00,8.7751,8.8454,8.7751,8.8454,1281,0
2016-04-07,14:15:00,8.7829,8.7829,8.7829,8.7829,320,0
2016-04-07,14:50:00,8.8063,8.8063,8.8063,8.8063,69,0
2016-04-07,14:55:00,8.8063,8.8063,8.8063,8.8063,215,0
2016-04-07,15:30:00,8.7439,8.7439,8.7439,8.7439,1025,0
2016-04-07,15:40:00,8.7439,8.7439,8.7361,8.7361,1447,0
2016-04-07,15:55:00,8.7282,8.7282,8.7048,8.7048,1409,0
2016-04-07,16:05:00,8.7048,8.7048,8.6658,8.6658,461,0
2016-04-07,16:10:00,8.6658,8.6658,8.6658,8.6658,51,0
2016-04-07,16:15:00,8.6658,8.6658,8.6658,8.6658,128,0
2016-04-07,16:20:00,8.6111,8.6111,8.6111,8.6111,77,0
2016-04-07,16:50:00,8.7361,8.7361,8.7361,8.7361,13,0
2016-04-08,09:05:00,8.7361,8.7361,8.7361,8.7361,364,0
2016-04-08,09:10:00,8.6268,8.6268,8.6268,8.6268,47,0
2016-04-08,09:15:00,8.6268,8.6268,8.6268,8.6268,23,0
2016-04-08,09:30:00,8.6268,8.6268,8.5955,8.5955,615,0
2016-04-08,09:35:00,8.6189,8.7361,8.6189,8.7361,4,0
2016-04-08,10:40:00,8.6268,8.6268,8.6268,8.6268,128,0
2016-04-08,11:45:00,8.6658,8.6658,8.5877,8.5877,2075,0
2016-04-08,11:50:00,8.5877,8.5877,8.5877,8.5877,256,0
2016-04-08,11:55:00,8.5877,8.5877,8.5877,8.5877,90,0
2016-04-08,12:50:00,8.6033,8.6033,8.5877,8.5877,304,0
2016-04-08,13:40:00,8.6033,8.6033,8.5877,8.5877,1212,0
2016-04-08,13:45:00,8.5877,8.7361,8.5877,8.7361,4,0
2016-04-08,13:55:00,8.7361,8.7361,8.7361,8.7361,18,0
2016-04-08,15:45:00,8.5955,8.5955,8.5877,8.5877,932,0
2016-04-08,15:50:00,8.5721,8.5721,8.5175,8.5175,574,0
2016-04-08,16:00:00,8.5877,8.5877,8.5877,8.5877,1,0
2016-04-08,16:10:00,8.5253,8.5253,8.3925,8.3925,3394,0
2016-04-08,16:15:00,8.3925,8.3925,8.3925,8.3925,514,0
2016-04-08,16:20:00,8.3925,8.3925,8.3925,8.3925,126,0
2016-04-08,16:25:00,8.4316,8.4316,8.4316,8.4316,115,0
2016-04-08,16:30:00,8.3925,8.3925,8.3925,8.3925,26,0
2016-04-08,16:50:00,8.4316,8.4316,8.4316,8.4316,1877,0
2016-04-11,09:05:00,8.4238,8.4238,8.4238,8.4238,962,0
2016-04-11,09:15:00,8.4238,8.4316,8.4238,8.4316,1537,0
2016-04-11,09:20:00,8.3925,8.5799,8.3925,8.5799,3,0
2016-04-11,09:30:00,8.4004,8.4004,8.4004,8.4004,218,0
2016-04-11,09:35:00,8.4004,8.4004,8.4004,8.4004,79,0
2016-04-11,09:40:00,8.4004,8.5409,8.4004,8.5409,3,0
2016-04-11,09:55:00,8.5018,8.5018,8.5018,8.5018,384,0
2016-04-11,10:00:00,8.4082,8.4082,8.4082,8.4082,152,0
2016-04-11,10:05:00,8.4082,8.4082,8.4082,8.4082,387,0
2016-04-11,10:10:00,8.4004,8.5409,8.3925,8.5409,976,0
2016-04-11,10:30:00,8.5018,8.5018,8.5018,8.5018,12,0
2016-04-11,10:35:00,8.5409,8.5409,8.5409,8.5409,90,0
2016-04-11,11:20:00,8.5018,8.5409,8.4316,8.5409,1025,0
2016-04-11,11:35:00,8.5253,8.5253,8.5253,8.5253,179,0
2016-04-11,11:40:00,8.5253,8.5253,8.5253,8.5253,167,0
2016-04-11,11:50:00,8.5253,8.5253,8.5253,8.5253,384,0
2016-04-11,12:20:00,8.5253,8.5253,8.5253,8.5253,512,0
2016-04-11,12:55:00,8.5253,8.5253,8.5096,8.5175,6191,0
2016-04-11,13:00:00,8.5175,8.6268,8.5175,8.6268,2626,0
2016-04-11,13:05:00,8.6268,8.6268,8.6268,8.6268,256,0
2016-04-11,13:25:00,8.6189,8.6189,8.6189,8.6189,179,0
2016-04-11,13:55:00,8.6189,8.6189,8.6189,8.6189,128,0
2016-04-11,15:15:00,8.5877,8.6189,8.5877,8.6189,2183,0
2016-04-11,15:20:00,8.6268,8.6268,8.6268,8.6268,511,0
2016-04-11,15:30:00,8.6189,8.6189,8.6189,8.6189,384,0
2016-04-11,16:00:00,8.6189,8.6189,8.6189,8.6189,1,0
2016-04-11,16:10:00,8.6189,8.6189,8.6189,8.6189,384,0
2016-04-11,16:20:00,8.6189,8.6189,8.6189,8.6189,346,0
2016-04-11,16:25:00,8.6111,8.6111,8.5877,8.5877,309,0
2016-04-11,16:45:00,8.6189,8.6189,8.6189,8.6189,92,0
2016-04-12,09:05:00,8.658,8.6736,8.6189,8.6736,1340,0
2016-04-12,09:15:00,8.6424,8.6424,8.6424,8.6424,256,0
2016-04-12,09:25:00,8.6268,8.6268,8.6268,8.6268,256,0
2016-04-12,09:30:00,8.6189,8.6189,8.5877,8.5877,64,0
2016-04-12,09:40:00,8.5877,8.6268,8.5877,8.6268,501,0
2016-04-12,10:10:00,8.5877,8.5877,8.5877,8.5877,192,0
2016-04-12,12:05:00,8.5877,8.5877,8.5877,8.5877,218,0
2016-04-12,12:20:00,8.5877,8.5877,8.5877,8.5877,512,0
2016-04-12,12:40:00,8.5877,8.5877,8.5877,8.5877,384,0
2016-04-12,12:55:00,8.5877,8.5955,8.5877,8.5955,192,0
2016-04-12,13:30:00,8.5799,8.5799,8.5799,8.5799,512,0
2016-04-12,14:40:00,8.5799,8.5877,8.5487,8.5877,5767,0
2016-04-12,14:45:00,8.5565,8.5565,8.5565,8.5565,1281,0
2016-04-12,15:50:00,8.5643,8.5643,8.5096,8.5096,512,0
2016-04-12,16:10:00,8.4862,8.4862,8.4862,8.4862,256,0
2016-04-12,16:25:00,8.4862,8.4862,8.4862,8.4862,83,0
2016-04-12,16:50:00,8.5643,8.5799,8.5643,8.5799,740,0
2016-04-13,09:05:00,8.6111,8.6111,8.6111,8.6111,1,0
2016-04-13,09:10:00,8.5175,8.6033,8.494,8.6033,156,0
2016-04-13,09:20:00,8.5799,8.5799,8.5799,8.5799,256,0
2016-04-13,09:30:00,8.5799,8.5799,8.5799,8.5799,174,0
2016-04-13,09:40:00,8.5799,8.5877,8.5799,8.5877,1691,0
2016-04-13,09:50:00,8.5877,8.5877,8.5877,8.5877,228,0
2016-04-13,09:55:00,8.5877,8.5877,8.5877,8.5877,256,0
2016-04-13,10:05:00,8.5877,8.5877,8.5877,8.5877,320,0
2016-04-13,10:10:00,8.5877,8.5877,8.5877,8.5877,256,0
2016-04-13,10:30:00,8.5877,8.5877,8.5877,8.5877,797,0
2016-04-13,11:00:00,8.5877,8.5877,8.5877,8.5877,256,0
2016-04-13,11:10:00,8.5877,8.5877,8.5877,8.5877,26,0
2016-04-13,11:35:00,8.5877,8.5877,8.5877,8.5877,320,0
2016-04-13,11:40:00,8.5877,8.5877,8.5877,8.5877,64,0
2016-04-13,11:55:00,8.5877,8.5877,8.5877,8.5877,474,0
2016-04-13,12:10:00,8.5877,8.5877,8.5877,8.5877,128,0
2016-04-13,12:15:00,8.5877,8.5877,8.5877,8.5877,1382,0
2016-04-13,12:30:00,8.5487,8.5877,8.5018,8.5877,3849,0
2016-04-13,13:30:00,8.5799,8.5799,8.5799,8.5799,333,0
2016-04-13,13:40:00,8.5018,8.5018,8.5018,8.5018,384,0
2016-04-13,14:45:00,8.5018,8.5799,8.4394,8.5799,1969,0
2016-04-13,16:20:00,8.4628,8.4628,8.4472,8.4472,4482,0
2016-04-13,16:50:00,8.5643,8.5643,8.5643,8.5643,243,0
2016-04-14,09:05:00,8.4706,8.5799,8.4316,8.5799,1924,0
2016-04-14,09:35:00,8.5409,8.5409,8.5409,8.5409,374,0
2016-04-14,09:40:00,8.5409,8.5409,8.5409,8.5409,374,0
2016-04-14,09:45:00,8.4394,8.5409,8.4394,8.5409,26,0
2016-04-14,10:15:00,8.5565,8.5721,8.5565,8.5721,2717,0
2016-04-14,11:10:00,8.5643,8.5643,8.5643,8.5643,64,0
2016-04-14,11:15:00,8.5643,8.5643,8.5643,8.5643,256,0
2016-04-14,11:45:00,8.5643,8.5643,8.5643,8.5643,256,0
2016-04-14,11:55:00,8.4706,8.4706,8.4628,8.4628,897,0
2016-04-14,12:00:00,8.4628,8.5565,8.4316,8.5565,2180,0
2016-04-14,12:20:00,8.4316,8.4316,8.4316,8.4316,1332,0
2016-04-14,12:35:00,8.4394,8.4394,8.4394,8.4394,961,0
2016-04-14,12:55:00,8.4394,8.4394,8.4316,8.4316,704,0
2016-04-14,13:05:00,8.4316,8.5018,8.2754,8.5018,2288,0
2016-04-14,13:20:00,8.4238,8.4394,8.4238,8.4394,670,0
2016-04-14,13:25:00,8.4394,8.4784,8.4394,8.4784,1294,0
2016-04-14,13:35:00,8.4706,8.4706,8.4706,8.4706,192,0
2016-04-14,13:40:00,8.494,8.494,8.494,8.494,256,0
2016-04-14,13:45:00,8.3535,8.494,8.3535,8.494,28,0
2016-04-14,15:25:00,8.494,8.494,8.494,8.494,261,0
2016-04-14,15:55:00,8.4316,8.4316,8.4316,8.4316,192,0
2016-04-14,16:00:00,8.494,8.494,8.494,8.494,192,0
2016-04-14,16:35:00,8.4706,8.4706,8.4706,8.4706,328,0
2016-04-14,16:45:00,8.4316,8.4316,8.4316,8.4316,1281,0
2016-04-14,16:50:00,8.4316,8.4316,8.4316,8.4316,384,0
2016-04-15,09:05:00,8.4316,8.4316,8.4316,8.4316,1627,0
2016-04-15,09:15:00,8.4316,8.5096,8.4316,8.5096,512,0
2016-04-15,09:50:00,8.4394,8.4394,8.3535,8.3535,2306,0
2016-04-15,09:55:00,8.3535,8.4316,8.3535,8.4316,1102,0
2016-04-15,10:15:00,8.3535,8.3535,8.3535,8.3535,77,0
2016-04-15,11:05:00,8.4316,8.4316,8.4316,8.4316,192,0
2016-04-15,11:40:00,8.3613,8.4238,8.2442,8.4238,2782,0
2016-04-15,12:50:00,8.2754,8.2911,8.2754,8.2911,67,0
2016-04-15,14:00:00,8.3535,8.4238,8.3535,8.4238,26,0
2016-04-15,14:05:00,8.4238,8.4238,8.4238,8.4238,38,0
2016-04-15,14:20:00,8.2911,8.2911,8.2911,8.2911,117,0
2016-04-15,14:40:00,8.2754,8.2754,8.2754,8.2754,1114,0
2016-04-15,14:50:00,8.2832,8.2832,8.2832,8.2832,833,0
2016-04-15,15:05:00,8.2832,8.3535,8.2832,8.3535,8,0
2016-04-15,15:25:00,8.3145,8.4238,8.3145,8.4238,644,0
2016-04-15,15:40:00,8.4238,8.4238,8.4238,8.4238,118,0
2016-04-15,16:10:00,8.4238,8.4316,8.4238,8.4316,2562,0
2016-04-15,16:15:00,8.2911,8.4784,8.2911,8.4784,26,0
2016-04-15,16:50:00,8.3535,8.4316,8.3535,8.4316,384,0
2016-04-18,09:05:00,8.4316,8.4316,8.4316,8.4316,236,0
2016-04-18,09:40:00,8.4238,8.4238,8.4238,8.4238,83,0
2016-04-18,09:50:00,8.4238,8.4238,8.4238,8.4238,256,0
2016-04-18,09:55:00,8.4238,8.4238,8.4238,8.4238,301,0
2016-04-18,10:00:00,8.3535,8.5409,8.3535,8.5409,3,0
2016-04-18,12:20:00,8.3535,8.3535,8.3535,8.3535,332,0
2016-04-18,12:30:00,8.3223,8.3223,8.3145,8.3145,1960,0
2016-04-18,14:20:00,8.3535,8.3535,8.3535,8.3535,53,0
2016-04-18,14:25:00,8.3535,8.4238,8.3535,8.4238,474,0
2016-04-18,14:30:00,8.3535,8.4784,8.3223,8.4784,179,0
2016-04-18,14:50:00,8.3223,8.4784,8.3223,8.4784,206,0
2016-04-18,15:15:00,8.4628,8.4628,8.4628,8.4628,79,0
2016-04-18,16:50:00,8.3535,8.3535,8.3301,8.3301,988,0
2016-04-19,09:05:00,8.3301,8.3301,8.3301,8.3301,1,0
2016-04-19,09:10:00,8.3301,8.455,8.3301,8.455,269,0
2016-04-19,09:15:00,8.455,8.455,8.455,8.455,256,0
2016-04-19,09:20:00,8.455,8.455,8.455,8.455,122,0
2016-04-19,09:50:00,8.4238,8.4238,8.4238,8.4238,237,0
2016-04-19,10:35:00,8.4238,8.4238,8.4238,8.4238,32,0
2016-04-19,10:45:00,8.4238,8.4238,8.4238,8.4238,128,0
2016-04-19,10:55:00,8.4238,8.4238,8.2364,8.2364,5181,0
2016-04-19,11:00:00,8.2442,8.2442,7.8929,7.8929,7641,0
2016-04-19,11:05:00,8.1193,8.3379,7.9788,7.9788,4738,0
2016-04-19,11:20:00,8.049,8.049,8.0412,8.0412,640,0
2016-04-19,11:45:00,8.0803,8.1193,8.0803,8.1193,1743,0
2016-04-19,12:20:00,8.1896,8.1896,8.1896,8.1896,397,0
2016-04-19,12:40:00,8.1505,8.1505,8.1505,8.1505,85,0
2016-04-19,13:05:00,8.1271,8.1271,8.1271,8.1271,192,0
2016-04-19,13:10:00,8.1896,8.1896,8.1896,8.1896,126,0
2016-04-19,13:35:00,8.1896,8.1896,8.1896,8.1896,131,0
2016-04-19,14:25:00,8.1896,8.1896,8.1896,8.1896,83,0
2016-04-19,15:05:00,8.1896,8.1896,8.1896,8.1896,111,0
2016-04-19,15:10:00,8.1896,8.1896,8.1896,8.1896,9,0
2016-04-19,15:20:00,8.1896,8.1974,8.1896,8.1974,745,0
2016-04-19,15:25:00,8.2286,8.2911,8.2286,8.2911,179,0
2016-04-19,15:50:00,8.2052,8.2052,8.2052,8.2052,192,0
2016-04-19,16:25:00,8.213,8.213,8.1974,8.1974,775,0
2016-04-19,16:30:00,8.1974,8.1974,8.1974,8.1974,529,0
2016-04-19,16:35:00,8.1583,8.1583,8.1583,8.1583,111,0
2016-04-19,16:40:00,8.2911,8.2911,8.2911,8.2911,85,0
2016-04-19,16:50:00,8.2911,8.2911,8.2911,8.2911,181,0
2016-04-20,09:05:00,8.2754,8.2754,8.2754,8.2754,769,0
2016-04-20,09:25:00,8.2754,8.2754,8.2754,8.2754,307,0
2016-04-20,09:30:00,8.2754,8.2754,8.2754,8.2754,273,0
2016-04-20,09:35:00,8.2754,8.2754,8.2754,8.2754,384,0
2016-04-20,09:45:00,8.2754,8.2754,8.2754,8.2754,128,0
2016-04-20,09:50:00,8.2754,8.2754,8.2754,8.2754,47,0
2016-04-20,09:55:00,8.2754,8.416,8.2754,8.416,218,0
2016-04-20,10:05:00,8.416,8.416,8.416,8.416,128,0
2016-04-20,10:10:00,8.416,8.416,8.416,8.416,205,0
2016-04-20,10:25:00,8.3925,8.3925,8.3535,8.3925,1171,0
2016-04-20,10:40:00,8.3925,8.3925,8.3925,8.3925,38,0
2016-04-20,10:45:00,8.3925,8.3925,8.3925,8.3925,512,0
2016-04-20,10:50:00,8.3925,8.416,8.3925,8.416,888,0
2016-04-20,10:55:00,8.3613,8.3613,8.3613,8.3613,256,0
2016-04-20,11:05:00,8.3613,8.3613,8.3535,8.3535,260,0
2016-04-20,11:10:00,8.4004,8.4004,8.4004,8.4004,1053,0
2016-04-20,12:45:00,8.3925,8.3925,8.3925,8.3925,640,0
2016-04-20,13:45:00,8.3925,8.3925,8.3925,8.3925,384,0
2016-04-20,13:55:00,8.3535,8.3535,8.3535,8.3535,322,0
2016-04-20,14:05:00,8.3691,8.3691,8.3691,8.3691,2562,0
2016-04-20,14:10:00,8.3925,8.3925,8.3925,8.3925,27,0
2016-04-20,15:10:00,8.3535,8.3535,8.3535,8.3535,1344,0
2016-04-20,15:15:00,8.3925,8.4316,8.3925,8.4316,320,0
2016-04-20,15:30:00,8.4238,8.4238,8.4238,8.4238,128,0
2016-04-20,16:00:00,8.4082,8.4238,8.4082,8.4238,60,0
2016-04-20,16:15:00,8.4316,8.4316,8.4316,8.4316,256,0
2016-04-20,16:20:00,8.4316,8.4316,8.4316,8.4316,117,0
2016-04-20,16:25:00,8.4316,8.4706,8.4316,8.4706,619,0
2016-04-20,16:35:00,8.4706,8.4706,8.4706,8.4706,32,0
2016-04-20,16:40:00,8.4238,8.5018,8.4238,8.5018,114,0
2016-04-21,09:05:00,8.5096,8.5096,8.5096,8.5096,141,0
2016-04-21,09:15:00,8.494,8.494,8.494,8.494,83,0
2016-04-21,09:20:00,8.5096,8.5799,8.5096,8.5799,2306,0
2016-04-21,09:25:00,8.5721,8.5721,8.5721,8.5721,155,0
2016-04-21,10:20:00,8.5096,8.5096,8.5096,8.5096,51,0
2016-04-21,10:35:00,8.5487,8.5487,8.5487,8.5487,8,0
2016-04-21,10:55:00,8.5487,8.5487,8.4706,8.4706,2198,0
2016-04-21,11:00:00,8.4238,8.4238,8.4238,8.4238,95,0
2016-04-21,11:05:00,8.4238,8.4238,8.4238,8.4238,59,0
2016-04-21,11:20:00,8.4706,8.4706,8.4706,8.4706,115,0
2016-04-21,11:35:00,8.4706,8.4706,8.4706,8.4706,384,0
2016-04-21,12:40:00,8.4706,8.4706,8.4706,8.4706,256,0
2016-04-21,13:00:00,8.4316,8.4316,8.4316,8.4316,154,0
2016-04-21,13:05:00,8.3925,8.3925,8.3925,8.3925,243,0
2016-04-21,14:35:00,8.3925,8.3925,8.3925,8.3925,256,0
2016-04-21,14:40:00,8.4316,8.4316,8.4316,8.4316,1281,0
2016-04-21,15:05:00,8.4628,8.4706,8.4628,8.4706,961,0
2016-04-21,15:30:00,8.4706,8.4706,8.4004,8.4004,8177,0
2016-04-21,16:15:00,8.4004,8.4004,8.3691,8.3691,175,0
2016-04-21,16:50:00,8.4706,8.4706,8.4706,8.4706,626,0
2016-04-22,09:05:00,8.5096,8.5096,8.5096,8.5096,698,0
2016-04-22,09:10:00,8.4862,8.4862,8.4862,8.4862,72,0
2016-04-22,09:35:00,8.4706,8.4706,8.4706,8.4706,1114,0
2016-04-22,09:55:00,8.4706,8.4706,8.4706,8.4706,167,0
2016-04-22,10:10:00,8.4706,8.4706,8.4706,8.4706,384,0
2016-04-22,11:05:00,8.4706,8.4706,8.4706,8.4706,175,0
2016-04-22,11:10:00,8.4706,8.4706,8.4706,8.4706,188,0
2016-04-22,11:35:00,8.4316,8.4394,8.4316,8.4394,769,0
2016-04-22,11:50:00,8.4394,8.4394,8.4394,8.4394,640,0
2016-04-22,11:55:00,8.455,8.455,8.455,8.455,174,0
2016-04-22,12:00:00,8.4316,8.4316,8.4316,8.4316,128,0
2016-04-22,12:10:00,8.455,8.455,8.455,8.455,54,0
2016-04-22,12:35:00,8.4706,8.4706,8.4706,8.4706,192,0
2016-04-22,12:40:00,8.4706,8.4706,8.4706,8.4706,375,0
2016-04-22,13:05:00,8.4706,8.4706,8.4706,8.4706,473,0
2016-04-22,13:20:00,8.416,8.416,8.416,8.416,192,0
2016-04-22,14:50:00,8.4628,8.4628,8.4628,8.4628,38,0
2016-04-22,14:55:00,8.4628,8.4628,8.4628,8.4628,36,0
2016-04-22,15:25:00,8.4628,8.4628,8.4628,8.4628,32,0
2016-04-22,15:35:00,8.4628,8.4628,8.4628,8.4628,23,0
2016-04-22,15:50:00,8.4628,8.4628,8.4628,8.4628,325,0
2016-04-22,16:25:00,8.4706,8.4706,8.4706,8.4706,72,0
2016-04-22,16:30:00,8.4316,8.4316,8.4316,8.4316,640,0
2016-04-22,16:35:00,8.4706,8.4706,8.4706,8.4706,19,0
2016-04-22,16:40:00,8.4706,8.4706,8.4706,8.4706,769,0
2016-04-22,16:45:00,8.4316,8.4706,8.4316,8.4706,1390,0
2016-04-22,16:50:00,8.4316,8.4316,8.3925,8.3925,4345,0
2016-04-25,09:05:00,8.4238,8.4238,8.3535,8.3535,1622,0
2016-04-25,09:20:00,8.5018,8.5018,8.5018,8.5018,18,0
2016-04-25,09:45:00,8.4628,8.4628,8.4628,8.4628,192,0
2016-04-25,09:50:00,8.4628,8.4706,8.4628,8.4706,1601,0
2016-04-25,09:55:00,8.3925,8.5018,8.3925,8.5018,26,0
2016-04-25,10:10:00,8.494,8.494,8.4706,8.4706,1390,0
2016-04-25,10:20:00,8.494,8.494,8.494,8.494,248,0
2016-04-25,11:40:00,8.4706,8.4706,8.4706,8.4706,154,0
2016-04-25,12:20:00,8.494,8.494,8.494,8.494,175,0
2016-04-25,12:30:00,8.4862,8.4862,8.4862,8.4862,256,0
2016-04-25,12:35:00,8.4706,8.4706,8.4706,8.4706,192,0
2016-04-25,12:40:00,8.4706,8.4706,8.4706,8.4706,120,0
2016-04-25,13:05:00,8.455,8.455,8.455,8.455,45,0
2016-04-25,13:20:00,8.455,8.455,8.455,8.455,58,0
2016-04-25,13:25:00,8.4394,8.4394,8.3925,8.3925,772,0
2016-04-25,13:50:00,8.3925,8.3925,8.3925,8.3925,111,0
2016-04-25,14:20:00,8.3691,8.4316,8.3535,8.3535,940,0
2016-04-25,15:10:00,8.3925,8.3925,8.3925,8.3925,897,0
2016-04-25,15:35:00,8.3925,8.3925,8.3925,8.3925,1281,0
2016-04-25,15:45:00,8.3535,8.3535,8.3535,8.3535,237,0
2016-04-25,16:25:00,8.3613,8.3613,8.3613,8.3613,192,0
2016-04-25,16:50:00,8.3613,8.3613,8.3613,8.3613,1025,0
2016-04-26,09:05:00,8.4316,8.4316,8.4316,8.4316,352,0
2016-04-26,09:15:00,8.3925,8.3925,8.3613,8.3613,512,0
2016-04-26,09:40:00,8.3925,8.3925,8.3925,8.3925,640,0
2016-04-26,10:05:00,8.416,8.4238,8.416,8.4238,320,0
2016-04-26,10:10:00,8.4238,8.4238,8.4238,8.4238,658,0
2016-04-26,10:25:00,8.4238,8.4238,8.3925,8.3925,1290,0
2016-04-26,10:30:00,8.3925,8.3925,8.3925,8.3925,1451,0
2016-04-26,10:35:00,8.4316,8.4316,8.4316,8.4316,2408,0
2016-04-26,10:50:00,8.455,8.455,8.455,8.455,102,0
2016-04-26,11:10:00,8.455,8.455,8.455,8.455,96,0
2016-04-26,12:25:00,8.4316,8.4316,8.4316,8.4316,845,0
2016-04-26,13:10:00,8.4316,8.4316,8.4316,8.4316,49,0
2016-04-26,14:00:00,8.3925,8.3925,8.3925,8.3925,173,0
2016-04-26,14:10:00,8.3691,8.3691,8.3691,8.3691,886,0
2016-04-26,14:15:00,8.3691,8.3691,8.3535,8.3535,640,0
2016-04-26,15:20:00,8.3925,8.3925,8.3925,8.3925,1921,0
2016-04-26,15:50:00,8.3925,8.4316,8.3925,8.4316,2613,0
2016-04-26,16:30:00,8.4316,8.4316,8.4316,8.4316,128,0
2016-04-26,16:40:00,8.4316,8.4316,8.4316,8.4316,160,0
2016-04-26,16:45:00,8.4316,8.4316,8.4316,8.4316,77,0
2016-04-26,16:50:00,8.3769,8.3769,8.2832,8.2832,3124,0
2016-04-27,09:05:00,8.5799,8.5799,8.5799,8.5799,2690,0
2016-04-27,10:15:00,8.5487,8.5487,8.5487,8.5487,474,0
2016-04-27,10:35:00,8.5096,8.5096,8.5096,8.5096,128,0
2016-04-27,10:45:00,8.5721,8.5721,8.5565,8.5565,487,0
2016-04-27,10:55:00,8.5565,8.5565,8.5565,8.5565,77,0
2016-04-27,11:10:00,8.5565,8.5565,8.5565,8.5565,77,0
2016-04-27,11:30:00,8.5565,8.5565,8.5565,8.5565,323,0
2016-04-27,12:15:00,8.4316,8.4316,8.4316,8.4316,51,0
2016-04-27,13:35:00,8.4706,8.4706,8.4706,8.4706,1076,0
2016-04-27,13:55:00,8.4706,8.5487,8.4706,8.5487,503,0
2016-04-27,14:00:00,8.5487,8.5487,8.5487,8.5487,208,0
2016-04-27,14:05:00,8.5487,8.5487,8.4706,8.4706,291,0
2016-04-27,14:10:00,8.4706,8.4706,8.4706,8.4706,2165,0
2016-04-27,14:20:00,8.5487,8.5487,8.5487,8.5487,512,0
2016-04-27,14:45:00,8.5331,8.5331,8.5331,8.5331,1281,0
2016-04-27,15:05:00,8.5175,8.5175,8.5175,8.5175,128,0
2016-04-27,15:40:00,8.5096,8.5096,8.5096,8.5096,1281,0
2016-04-27,16:00:00,8.5175,8.5175,8.5175,8.5175,1281,0
2016-04-27,16:10:00,8.4706,8.4706,8.4706,8.4706,3998,0
2016-04-27,16:50:00,8.5018,8.5018,8.5018,8.5018,327,0
2016-04-28,09:05:00,8.5799,8.6814,8.5799,8.6658,14212,0
2016-04-28,09:10:00,8.5955,8.5955,8.5721,8.5721,2792,0
2016-04-28,09:15:00,8.6268,8.6268,8.5877,8.5877,1547,0
2016-04-28,09:20:00,8.5877,8.5877,8.5877,8.5877,640,0
2016-04-28,09:25:00,8.5877,8.5877,8.5877,8.5877,77,0
2016-04-28,09:30:00,8.5877,8.5877,8.5877,8.5877,2988,0
2016-04-28,09:35:00,8.5799,8.5799,8.5409,8.5721,5572,0
2016-04-28,09:40:00,8.5721,8.5721,8.5487,8.5487,2614,0
2016-04-28,09:45:00,8.5721,8.5721,8.5643,8.5643,2690,0
2016-04-28,09:55:00,8.5487,8.5487,8.5487,8.5487,565,0
2016-04-28,10:00:00,8.5409,8.5409,8.5096,8.5096,1504,0
2016-04-28,10:05:00,8.5331,8.5331,8.5331,8.5331,164,0
2016-04-28,10:10:00,8.5331,8.5331,8.5175,8.5175,802,0
2016-04-28,10:25:00,8.5331,8.5331,8.5331,8.5331,256,0
2016-04-28,10:35:00,8.5331,8.5409,8.5331,8.5409,640,0
2016-04-28,10:45:00,8.5409,8.5409,8.5409,8.5409,315,0
2016-04-28,10:55:00,8.5409,8.5643,8.5175,8.5643,1291,0
2016-04-28,11:20:00,8.5643,8.5643,8.5643,8.5643,307,0
2016-04-28,11:45:00,8.5487,8.5877,8.5487,8.5877,6478,0
2016-04-28,11:50:00,8.5877,8.5877,8.5877,8.5877,278,0
2016-04-28,11:55:00,8.5799,8.5799,8.5799,8.5799,83,0
2016-04-28,12:05:00,8.5799,8.5799,8.5721,8.5721,365,0
2016-04-28,12:10:00,8.5721,8.5721,8.5721,8.5721,336,0
2016-04-28,12:15:00,8.5721,8.5721,8.5721,8.5721,101,0
2016-04-28,12:25:00,8.5721,8.5721,8.5721,8.5721,364,0
2016-04-28,12:30:00,8.5877,8.5877,8.5877,8.5877,118,0
2016-04-28,12:50:00,8.5877,8.5877,8.5877,8.5877,1153,0
2016-04-28,13:10:00,8.5799,8.5799,8.5799,8.5799,429,0
2016-04-28,13:20:00,8.5799,8.5799,8.5799,8.5799,388,0
2016-04-28,13:25:00,8.5877,8.5877,8.5877,8.5877,90,0
2016-04-28,13:35:00,8.5877,8.5877,8.5877,8.5877,724,0
2016-04-28,13:45:00,8.5877,8.5877,8.5877,8.5877,679,0
2016-04-28,13:50:00,8.5877,8.5877,8.5877,8.5877,897,0
2016-04-28,13:55:00,8.5877,8.5877,8.5877,8.5877,1857,0
2016-04-28,14:00:00,8.5877,8.5877,8.5877,8.5877,320,0
2016-04-28,14:10:00,8.5877,8.5877,8.5877,8.5877,128,0
2016-04-28,14:20:00,8.5799,8.5799,8.5721,8.5721,361,0
2016-04-28,14:30:00,8.5721,8.5721,8.5721,8.5721,128,0
2016-04-28,14:45:00,8.5721,8.5721,8.5721,8.5721,87,0
2016-04-28,14:55:00,8.5877,8.5877,8.5877,8.5877,241,0
2016-04-28,15:00:00,8.5877,8.5877,8.5877,8.5877,1166,0
2016-04-28,15:05:00,8.5877,8.5877,8.5643,8.5643,630,0
2016-04-28,15:10:00,8.5643,8.5643,8.5643,8.5643,13,0
2016-04-28,15:20:00,8.5643,8.5799,8.5643,8.5799,512,0
2016-04-28,15:30:00,8.5799,8.5799,8.5799,8.5799,159,0
2016-04-28,15:45:00,8.5799,8.5799,8.5799,8.5799,231,0
2016-04-28,15:50:00,8.5799,8.5799,8.5799,8.5799,1947,0
2016-04-28,15:55:00,8.5799,8.5877,8.5799,8.5877,1988,0
2016-04-28,16:00:00,8.6189,8.7282,8.6189,8.7282,4187,0
2016-04-28,16:05:00,8.7204,8.7204,8.5877,8.5877,268,0
2016-04-28,16:10:00,8.7204,8.7204,8.7048,8.7048,1345,0
2016-04-28,16:15:00,8.7126,8.7126,8.5877,8.5877,2777,0
2016-04-28,16:35:00,8.5877,8.5877,8.5877,8.5877,102,0
2016-04-28,16:50:00,8.7126,8.7126,8.5877,8.5877,1907,0
2016-04-29,09:05:00,8.7439,8.7751,8.7439,8.7439,1558,0
2016-04-29,09:10:00,8.7439,8.7439,8.7439,8.7439,13,0
2016-04-29,09:20:00,8.7439,8.7439,8.7439,8.7439,1822,0
2016-04-29,09:25:00,8.7439,8.7439,8.7439,8.7439,6133,0
2016-04-29,09:30:00,8.7673,8.7673,8.7673,8.7673,128,0
2016-04-29,09:35:00,8.7673,8.7673,8.7673,8.7673,105,0
2016-04-29,10:00:00,8.7439,8.7439,8.7439,8.7439,1281,0
2016-04-29,10:05:00,8.7595,8.7595,8.7595,8.7595,580,0
2016-04-29,10:10:00,8.7439,8.7439,8.7439,8.7439,898,0
2016-04-29,10:35:00,8.7439,8.7439,8.7439,8.7439,128,0
2016-04-29,10:50:00,8.7439,8.7439,8.7439,8.7439,1239,0
2016-04-29,11:05:00,8.7673,8.7673,8.7673,8.7673,256,0
2016-04-29,11:15:00,8.7673,8.7673,8.7673,8.7673,166,0
2016-04-29,11:20:00,8.7673,8.7673,8.7673,8.7673,2178,0
2016-04-29,11:25:00,8.7673,8.7673,8.7673,8.7673,167,0
2016-04-29,11:30:00,8.7673,8.7673,8.7673,8.7673,128,0
2016-04-29,11:35:00,8.7673,8.7673,8.7673,8.7673,136,0
2016-04-29,11:40:00,8.7517,8.7517,8.7517,8.7517,368,0
2016-04-29,12:05:00,8.7517,8.7517,8.7517,8.7517,206,0
2016-04-29,12:20:00,8.7595,8.7595,8.7595,8.7595,28,0
2016-04-29,12:25:00,8.7595,8.7595,8.7595,8.7595,661,0
2016-04-29,12:50:00,8.7517,8.7517,8.7517,8.7517,545,0
2016-04-29,12:55:00,8.7673,8.7673,8.7673,8.7673,576,0
2016-04-29,13:05:00,8.7751,8.7751,8.7751,8.7751,186,0
2016-04-29,13:35:00,8.7517,8.7517,8.7439,8.7439,1158,0
2016-04-29,14:30:00,8.7439,8.7439,8.7439,8.7439,256,0
2016-04-29,14:35:00,8.6658,8.6658,8.6658,8.6658,128,0
2016-04-29,14:55:00,8.7439,8.7439,8.7439,8.7439,1281,0
2016-04-29,15:25:00,8.7439,8.7439,8.7439,8.7439,128,0
2016-04-29,15:30:00,8.7282,8.7282,8.7282,8.7282,128,0
2016-04-29,15:35:00,8.7439,8.7595,8.7439,8.7595,3842,0
2016-04-29,15:45:00,8.7595,8.7595,8.7595,8.7595,128,0
2016-04-29,15:50:00,8.7595,8.7595,8.7595,8.7595,510,0
2016-04-29,15:55:00,8.7595,8.7595,8.7595,8.7595,31,0
2016-04-29,16:00:00,8.7595,8.7595,8.7595,8.7595,1253,0
2016-04-29,16:05:00,8.7595,8.7595,8.7595,8.7595,2718,0
2016-04-29,16:15:00,8.7751,8.7751,8.7751,8.7751,531,0
2016-04-29,16:45:00,8.7673,8.7673,8.7595,8.7595,1542,0
2016-04-29,16:50:00,8.7751,8.7829,8.7751,8.7829,1785,0
2016-05-02,09:05:00,8.939,8.939,8.9312,8.9312,3287,0
2016-05-02,09:10:00,8.9312,8.9312,8.9,8.9312,877,0
2016-05-02,09:30:00,8.9,8.9,8.9,8.9,128,0
2016-05-02,09:40:00,8.9,8.9312,8.9,8.9312,2598,0
2016-05-02,10:05:00,8.9312,8.9312,8.9312,8.9312,256,0
2016-05-02,10:20:00,8.9312,8.9312,8.9312,8.9312,256,0
2016-05-02,10:25:00,8.9312,8.9312,8.9312,8.9312,1831,0
2016-05-02,10:35:00,8.9312,8.9312,8.9312,8.9312,113,0
2016-05-02,10:40:00,8.939,8.939,8.939,8.939,1281,0
2016-05-02,10:45:00,8.939,8.939,8.939,8.939,1040,0
2016-05-02,11:00:00,8.939,8.939,8.939,8.939,269,0
2016-05-02,11:05:00,8.939,8.939,8.9312,8.9312,326,0
2016-05-02,11:10:00,8.9312,8.9312,8.9312,8.9312,573,0
2016-05-02,11:25:00,8.9312,8.9312,8.9312,8.9312,178,0
2016-05-02,11:30:00,8.9,8.9,8.9,8.9,896,0
2016-05-02,11:35:00,8.9,8.9,8.9,8.9,1088,0
2016-05-02,11:45:00,8.9312,8.939,8.9312,8.939,1985,0
2016-05-02,11:50:00,8.939,8.939,8.939,8.939,576,0
2016-05-02,11:55:00,8.939,8.939,8.939,8.939,333,0
2016-05-02,12:00:00,8.939,8.939,8.939,8.939,631,0
2016-05-02,12:20:00,8.939,8.939,8.939,8.939,1281,0
2016-05-02,12:25:00,8.939,8.939,8.939,8.939,128,0
2016-05-02,12:55:00,8.9234,8.939,8.9234,8.939,1446,0
2016-05-02,13:25:00,8.939,8.939,8.939,8.939,948,0
2016-05-02,13:30:00,8.9234,8.9625,8.9234,8.9625,2315,0
2016-05-02,13:35:00,8.9625,8.9625,8.9625,8.9625,563,0
2016-05-02,13:45:00,8.9625,8.9625,8.9625,8.9625,364,0
2016-05-02,13:50:00,8.9625,8.9625,8.9625,8.9625,628,0
2016-05-02,13:55:00,8.9625,8.9625,8.9625,8.9625,551,0
2016-05-02,14:00:00,8.9625,8.9625,8.9625,8.9625,2817,0
2016-05-02,14:05:00,8.9625,8.9625,8.9625,8.9625,2939,0
2016-05-02,14:10:00,8.9625,9.0952,8.9625,9.0952,4785,0
2016-05-02,14:15:00,9.0952,9.2123,9.0952,9.2123,1082,0
2016-05-02,14:20:00,9.2123,9.2591,9.2123,9.2357,376,0
2016-05-02,14:30:00,9.2123,9.2123,9.2123,9.2123,1204,0
2016-05-02,14:35:00,9.2123,9.2123,9.2123,9.2123,128,0
2016-05-02,14:40:00,9.2123,9.2123,9.2123,9.2123,385,0
2016-05-02,14:45:00,9.2123,9.2123,9.2123,9.2123,726,0
2016-05-02,14:50:00,9.2123,9.2123,9.2123,9.2123,13,0
2016-05-02,14:55:00,9.1342,9.1342,9.1342,9.1342,902,0
2016-05-02,15:20:00,9.1576,9.1576,9.1342,9.1342,2562,0
2016-05-02,15:50:00,9.1889,9.1889,9.1889,9.1889,256,0
2016-05-02,16:05:00,9.1889,9.1889,9.1342,9.1342,288,0
2016-05-02,16:25:00,9.2045,9.2045,9.2045,9.2045,892,0
2016-05-02,16:35:00,9.2123,9.2123,9.2123,9.2123,239,0
2016-05-02,16:40:00,9.2513,9.2513,9.2513,9.2513,256,0
2016-05-02,16:50:00,9.2904,9.3294,9.2904,9.2904,2196,0
2016-05-04,09:05:00,9.4231,9.4777,9.4231,9.4777,8779,0
2016-05-04,09:10:00,9.4777,9.4777,9.4153,9.4465,1558,0
2016-05-04,09:15:00,9.4621,9.4777,9.4621,9.4777,3045,0
2016-05-04,09:20:00,9.4777,9.4777,9.4621,9.4621,212,0
2016-05-04,09:25:00,9.4387,9.4543,9.2904,9.2904,6881,0
2016-05-04,09:30:00,9.3684,9.4543,9.3684,9.3684,661,0
2016-05-04,09:35:00,9.4075,9.4543,9.4075,9.4543,3729,0
2016-05-04,09:40:00,9.4543,9.4543,9.4465,9.4465,512,0
2016-05-04,09:45:00,9.4465,9.4855,9.4465,9.4855,5854,0
2016-05-04,09:50:00,9.4855,9.4855,9.4855,9.4855,461,0
2016-05-04,09:55:00,9.4855,9.4855,9.4855,9.4855,1301,0
2016-05-04,10:00:00,9.4855,9.4855,9.4855,9.4855,1345,0
2016-05-04,10:05:00,9.4855,9.4855,9.4855,9.4855,1946,0
2016-05-04,10:15:00,9.517,9.517,9.4933,9.517,1191,0
2016-05-04,10:20:00,9.517,9.517,9.517,9.517,2944,0
2016-05-04,10:25:00,9.509,9.509,9.509,9.509,181,0
2016-05-04,10:35:00,9.509,9.517,9.4465,9.517,2428,0
2016-05-04,10:45:00,9.517,9.517,9.517,9.517,128,0
2016-05-04,10:50:00,9.517,9.517,9.517,9.517,557,0
2016-05-04,10:55:00,9.4855,9.4855,9.4855,9.4855,307,0
2016-05-04,11:00:00,9.4855,9.4855,9.4855,9.4855,525,0
2016-05-04,11:05:00,9.4855,9.4855,9.4855,9.4855,2160,0
2016-05-04,11:15:00,9.517,9.517,9.517,9.517,36,0
2016-05-04,11:25:00,9.4855,9.4855,9.4855,9.4855,628,0
2016-05-04,11:30:00,9.4543,9.517,9.4543,9.517,1560,0
2016-05-04,11:40:00,9.4855,9.4855,9.4855,9.4855,1665,0
2016-05-04,11:45:00,9.4621,9.4621,9.4621,9.4621,72,0
2016-05-04,12:05:00,9.4621,9.4621,9.4543,9.4543,256,0
2016-05-04,12:10:00,9.4543,9.4543,9.4543,9.4543,256,0
2016-05-04,12:20:00,9.4855,9.4855,9.4855,9.4855,27,0
2016-05-04,12:30:00,9.4855,9.4855,9.4855,9.4855,192,0
2016-05-04,12:35:00,9.4855,9.4855,9.4855,9.4855,1112,0
2016-05-04,12:40:00,9.517,9.517,9.517,9.517,1538,0
2016-05-04,12:45:00,9.4777,9.4777,9.4777,9.4777,1921,0
2016-05-04,12:50:00,9.4621,9.4621,9.4621,9.4621,55,0
2016-05-04,13:15:00,9.4855,9.4855,9.4855,9.4855,128,0
2016-05-04,13:40:00,9.4855,9.4855,9.4855,9.4855,153,0
2016-05-04,13:50:00,9.4855,9.4855,9.4855,9.4855,153,0
2016-05-04,14:05:00,9.4855,9.4855,9.4855,9.4855,705,0
2016-05-04,14:15:00,9.4543,9.4543,9.4543,9.4543,90,0
2016-05-04,14:30:00,9.4699,9.4699,9.4699,9.4699,256,0
2016-05-04,14:35:00,9.4855,9.4855,9.4855,9.4855,1497,0
2016-05-04,14:50:00,9.4699,9.4699,9.4465,9.4465,2094,0
2016-05-04,14:55:00,9.4465,9.4465,9.4465,9.4465,64,0
2016-05-04,15:10:00,9.4699,9.4699,9.4621,9.4621,3843,0
2016-05-04,15:20:00,9.4465,9.4465,9.4465,9.4465,79,0
2016-05-04,15:55:00,9.4855,9.4855,9.4621,9.4621,2344,0
2016-05-04,16:10:00,9.4621,9.4621,9.4465,9.4465,1024,0
2016-05-04,16:15:00,9.4855,9.4855,9.4855,9.4855,218,0
2016-05-04,16:20:00,9.4855,9.4855,9.4855,9.4855,1486,0
2016-05-04,16:30:00,9.4855,9.4855,9.4465,9.4465,935,0
2016-05-04,16:35:00,9.4465,9.4855,9.4465,9.4855,1312,0
2016-05-04,16:40:00,9.4231,9.4231,9.4231,9.4231,82,0
2016-05-04,16:45:00,9.4465,9.4465,9.4465,9.4465,10,0
2016-05-04,16:50:00,9.4231,9.4855,9.3762,9.4465,3841,0
2016-05-05,09:05:00,9.4855,9.4855,9.4621,9.4855,2642,0
2016-05-05,09:10:00,9.4855,9.4855,9.4465,9.4465,512,0
2016-05-05,09:15:00,9.4465,9.4465,9.4465,9.4465,31,0
2016-05-05,09:20:00,9.4465,9.4465,9.4465,9.4465,282,0
2016-05-05,09:25:00,9.4777,9.4777,9.4777,9.4777,13,0
2016-05-05,09:35:00,9.4621,9.4621,9.4621,9.4621,214,0
2016-05-05,09:40:00,9.4621,9.4621,9.4621,9.4621,596,0
2016-05-05,09:50:00,9.4465,9.4465,9.4465,9.4465,94,0
2016-05-05,09:55:00,9.4465,9.4465,9.3762,9.4465,2888,0
2016-05-05,10:00:00,9.3762,9.4387,9.3684,9.4387,7085,0
2016-05-05,10:10:00,9.3684,9.3684,9.3684,9.3684,961,0
2016-05-05,10:15:00,9.3684,9.4309,9.3684,9.4309,3154,0
2016-05-05,10:25:00,9.4231,9.4309,9.4231,9.4309,209,0
2016-05-05,10:30:00,9.4309,9.4309,9.4309,9.4309,848,0
2016-05-05,10:40:00,9.4309,9.4309,9.4309,9.4309,161,0
2016-05-05,10:45:00,9.4309,9.4309,9.4231,9.4231,120,0
2016-05-05,10:50:00,9.4075,9.4231,9.4075,9.4231,330,0
2016-05-05,10:55:00,9.4153,9.4153,9.4153,9.4153,256,0
2016-05-05,11:05:00,9.4153,9.4153,9.4153,9.4153,1716,0
2016-05-05,11:10:00,9.4075,9.4075,9.4075,9.4075,551,0
2016-05-05,11:40:00,9.4153,9.4309,9.4153,9.4309,845,0
2016-05-05,12:05:00,9.4231,9.4231,9.4231,9.4231,118,0
2016-05-05,12:10:00,9.4153,9.4153,9.4153,9.4153,128,0
2016-05-05,12:15:00,9.4309,9.4309,9.4309,9.4309,29,0
2016-05-05,12:25:00,9.4309,9.4309,9.4309,9.4309,1494,0
2016-05-05,12:30:00,9.4231,9.4231,9.4231,9.4231,374,0
2016-05-05,12:40:00,9.4231,9.4231,9.4231,9.4231,365,0
2016-05-05,12:45:00,9.4153,9.4231,9.4075,9.4075,574,0
2016-05-05,12:50:00,9.4075,9.4075,9.3684,9.3684,1431,0
2016-05-05,12:55:00,9.3996,9.3996,9.3684,9.3684,170,0
2016-05-05,13:00:00,9.3762,9.3762,9.3684,9.3684,307,0
2016-05-05,13:15:00,9.3684,9.3684,9.3684,9.3684,318,0
2016-05-05,13:20:00,9.3606,9.3606,9.3294,9.3294,640,0
2016-05-05,13:25:00,9.3684,9.3684,9.3684,9.3684,223,0
2016-05-05,13:30:00,9.3684,9.3762,9.3684,9.3684,228,0
2016-05-05,14:15:00,9.4075,9.4075,9.3918,9.4075,1032,0
2016-05-05,14:20:00,9.3918,9.3918,9.3684,9.3684,448,0
2016-05-05,14:25:00,9.3684,9.4075,9.3684,9.4075,979,0
2016-05-05,14:30:00,9.4075,9.4075,9.4075,9.4075,218,0
2016-05-05,14:35:00,9.4075,9.4075,9.4075,9.4075,558,0
2016-05-05,14:45:00,9.4075,9.4075,9.4075,9.4075,373,0
2016-05-05,14:55:00,9.4075,9.4075,9.4075,9.4075,90,0
2016-05-05,15:10:00,9.4231,9.4465,9.4231,9.4465,3437,0
2016-05-05,15:15:00,9.4075,9.4075,9.4075,9.4075,160,0
2016-05-05,15:35:00,9.4075,9.4075,9.4075,9.4075,155,0
2016-05-05,15:40:00,9.4075,9.4075,9.2123,9.2669,4402,0
2016-05-05,15:45:00,9.4465,9.4465,9.4465,9.4465,64,0
2016-05-05,15:55:00,9.4387,9.4465,9.4387,9.4465,1472,0
2016-05-05,16:10:00,9.4465,9.4465,9.4465,9.4465,1632,0
2016-05-05,16:20:00,9.4387,9.4465,9.3684,9.4465,2204,0
2016-05-05,16:35:00,9.3294,9.3294,9.3294,9.3294,384,0
2016-05-05,16:40:00,9.3294,9.3684,9.3294,9.3684,357,0
2016-05-05,16:50:00,9.2982,9.2982,9.2982,9.2982,557,0
2016-05-06,09:05:00,9.2904,9.2904,9.2747,9.2747,2122,0
2016-05-06,09:10:00,9.2669,9.2669,9.2669,9.2669,257,0
2016-05-06,09:20:00,9.2123,9.2435,9.2123,9.2435,251,0
2016-05-06,09:25:00,9.2123,9.2123,9.0171,9.0171,2574,0
2016-05-06,09:30:00,9.0015,9.1342,8.9937,9.1342,779,0
2016-05-06,09:35:00,9.1264,9.1342,9.1264,9.1342,2133,0
2016-05-06,09:40:00,9.1342,9.1342,9.1342,9.1342,67,0
2016-05-06,09:50:00,9.0171,9.0171,9.0171,9.0171,64,0
2016-05-06,09:55:00,9.0171,9.0171,9.0171,9.0171,284,0
2016-05-06,10:05:00,9.0015,9.0015,9.0015,9.0015,161,0
2016-05-06,10:10:00,8.9937,8.9937,8.9781,8.9781,127,0
2016-05-06,10:15:00,8.9781,8.9937,8.9781,8.9781,530,0
2016-05-06,10:20:00,8.9937,8.9937,8.9937,8.9937,384,0
2016-05-06,10:30:00,9.0015,9.0561,8.9781,9.0561,3593,0
2016-05-06,10:35:00,8.9781,9.0405,8.9,8.9,2340,0
2016-05-06,10:40:00,8.9,8.9,8.9,8.9,26,0
2016-05-06,10:55:00,8.9625,8.9625,8.9625,8.9625,29,0
2016-05-06,11:00:00,8.9,8.9,8.9,8.9,94,0
2016-05-06,11:05:00,8.9,8.9625,8.9,8.9625,769,0
2016-05-06,11:10:00,8.9,8.9,8.9,8.9,161,0
2016-05-06,11:20:00,8.9,8.9,8.9,8.9,300,0
2016-05-06,11:25:00,8.861,8.861,8.861,8.861,256,0
2016-05-06,11:30:00,8.8454,8.8454,8.8375,8.8375,269,0
2016-05-06,11:35:00,8.8297,8.8375,8.8297,8.8375,236,0
2016-05-06,11:40:00,8.8297,8.8297,8.8219,8.8219,1350,0
2016-05-06,11:50:00,8.8141,8.8219,8.8141,8.8219,1523,0
2016-05-06,11:55:00,8.8219,8.8375,8.8219,8.8375,1395,0
2016-05-06,12:00:00,8.7829,8.7829,8.7048,8.7048,1202,0
2016-05-06,12:10:00,8.8219,8.8219,8.8219,8.8219,204,0
2016-05-06,12:15:00,8.8219,8.8219,8.8219,8.8219,192,0
2016-05-06,12:20:00,8.8219,8.8219,8.8219,8.8219,199,0
2016-05-06,12:25:00,8.8219,8.8375,8.8219,8.8375,445,0
2016-05-06,12:45:00,8.8375,8.8375,8.8219,8.8219,351,0
2016-05-06,12:50:00,8.8375,8.8375,8.8375,8.8375,115,0
2016-05-06,12:55:00,8.8375,8.8375,8.8375,8.8375,555,0
2016-05-06,13:00:00,8.8375,8.8375,8.8375,8.8375,3,0
2016-05-06,13:20:00,8.8454,8.8454,8.8454,8.8454,147,0
2016-05-06,13:35:00,8.8454,8.8454,8.8454,8.8454,548,0
2016-05-06,13:40:00,8.8454,8.861,8.8454,8.861,749,0
2016-05-06,13:45:00,8.861,8.861,8.861,8.861,325,0
2016-05-06,13:50:00,8.861,8.861,8.861,8.861,1182,0
2016-05-06,14:00:00,8.8688,8.8688,8.8688,8.8688,77,0
2016-05-06,14:25:00,8.9468,8.9468,8.9468,8.9468,666,0
2016-05-06,14:30:00,8.9,8.9,8.9,8.9,256,0
2016-05-06,14:35:00,8.8766,8.9312,8.8688,8.9312,1678,0
2016-05-06,14:45:00,8.9,8.9312,8.9,8.9312,411,0
2016-05-06,14:55:00,8.9312,8.9312,8.9312,8.9312,1280,0
2016-05-06,15:05:00,8.9156,8.9234,8.9156,8.9234,513,0
2016-05-06,15:10:00,8.9,8.9,8.9,8.9,256,0
2016-05-06,15:15:00,8.9234,8.9234,8.9234,8.9234,3,0
2016-05-06,15:20:00,8.9234,8.9234,8.9234,8.9234,515,0
2016-05-06,15:25:00,8.9234,8.939,8.9234,8.939,2548,0
2016-05-06,15:30:00,8.9546,8.9546,8.9546,8.9546,299,0
2016-05-06,15:35:00,8.9625,8.9625,8.9625,8.9625,565,0
2016-05-06,15:40:00,8.9625,8.9781,8.9625,8.9781,481,0
2016-05-06,15:50:00,8.9703,9.0171,8.9703,9.0171,3038,0
2016-05-06,16:00:00,9.0171,9.0171,9.0171,9.0171,256,0
2016-05-06,16:05:00,8.9859,9.0093,8.9,8.9,6088,0
2016-05-06,16:10:00,8.8688,9.0171,8.8688,9.0171,3778,0
2016-05-06,16:15:00,8.9781,9.0015,8.9781,9.0015,578,0
2016-05-06,16:20:00,9.0093,9.0249,9.0093,9.0249,4918,0
2016-05-06,16:25:00,9.0249,9.0249,8.9781,8.9781,768,0
2016-05-06,16:30:00,8.9781,8.9781,8.9781,8.9781,256,0
2016-05-06,16:35:00,8.9781,8.9781,8.9781,8.9781,1198,0
2016-05-06,16:45:00,8.9312,8.939,8.8844,8.939,1955,0
2016-05-06,16:50:00,8.939,8.939,8.9,8.9,5712,0
2016-05-09,09:05:00,8.6,8.6,8.22,8.22,4636,0
2016-05-09,09:10:00,8.25,8.25,8.15,8.17,5646,0
2016-05-09,09:20:00,8.25,8.25,8.2,8.2,1445,0
2016-05-09,09:30:00,8.37,8.4,8.26,8.26,4412,0
2016-05-09,09:40:00,8.26,8.26,8.26,8.26,132,0
2016-05-09,09:45:00,8.26,8.26,8.26,8.26,100,0
2016-05-09,10:00:00,8.37,8.37,8.37,8.37,1,0
2016-05-09,10:05:00,8.37,8.38,8.37,8.38,397,0
2016-05-09,10:10:00,8.29,8.29,8.29,8.29,211,0
2016-05-09,10:15:00,8.37,8.38,8.37,8.38,241,0
2016-05-09,10:20:00,8.29,8.29,8.2,8.2,3366,0
2016-05-09,10:25:00,8.2,8.2,8.2,8.2,2377,0
2016-05-09,10:30:00,8.28,8.28,8.26,8.26,360,0
2016-05-09,10:50:00,8.26,8.26,8.26,8.26,130,0
2016-05-09,11:00:00,8.25,8.25,8.2,8.2,1133,0
2016-05-09,11:05:00,8.2,8.2,8.2,8.2,302,0
2016-05-09,11:10:00,8.19,8.19,8.19,8.19,440,0
2016-05-09,11:15:00,8.17,8.2,8.17,8.2,260,0
2016-05-09,11:25:00,8.19,8.19,8.17,8.17,150,0
2016-05-09,11:30:00,8.2,8.2,8.1,8.1,1606,0
2016-05-09,11:35:00,8.15,8.15,8.15,8.15,111,0
2016-05-09,11:55:00,8.15,8.15,8.15,8.15,389,0
2016-05-09,12:00:00,8.15,8.15,8.15,8.15,50,0
2016-05-09,12:05:00,8.15,8.15,8.15,8.15,10,0
2016-05-09,12:10:00,8.15,8.15,8.15,8.15,300,0
2016-05-09,12:15:00,8.15,8.18,8.15,8.18,661,0
2016-05-09,12:20:00,8.19,8.19,8.19,8.19,1750,0
2016-05-09,12:25:00,8.24,8.26,8.24,8.26,500,0
2016-05-09,12:35:00,8.18,8.18,8.18,8.18,39,0
2016-05-09,12:40:00,8.1,8.18,8.1,8.18,156,0
2016-05-09,12:55:00,8.26,8.34,8.26,8.34,850,0
2016-05-09,13:00:00,8.34,8.34,8.34,8.34,250,0
2016-05-09,13:40:00,8.32,8.32,8.32,8.32,280,0
2016-05-09,13:50:00,8.32,8.33,8.32,8.33,242,0
2016-05-09,14:00:00,8.34,8.34,8.34,8.34,189,0
2016-05-09,14:10:00,8.34,8.34,8.34,8.34,726,0
2016-05-09,14:15:00,8.34,8.34,8.34,8.34,211,0
2016-05-09,14:20:00,8.37,8.38,8.37,8.38,420,0
2016-05-09,14:25:00,8.38,8.38,8.38,8.38,305,0
2016-05-09,14:35:00,8.34,8.34,8.34,8.34,26,0
2016-05-09,14:40:00,8.34,8.37,8.34,8.37,766,0
2016-05-09,14:50:00,8.37,8.37,8.37,8.37,40,0
2016-05-09,15:05:00,8.35,8.35,8.32,8.32,500,0
2016-05-09,15:30:00,8.32,8.32,8.32,8.32,99,0
2016-05-09,15:35:00,8.29,8.36,8.29,8.36,712,0
2016-05-09,16:10:00,8.33,8.33,8.33,8.33,47,0
2016-05-09,16:15:00,8.36,8.36,8.36,8.36,300,0
2016-05-09,16:25:00,8.33,8.33,8.33,8.33,639,0
2016-05-09,16:50:00,8.33,8.34,8.33,8.34,533,0
2016-05-10,09:05:00,8.48,8.48,8.3,8.48,525,0
2016-05-10,09:10:00,8.48,8.48,8.48,8.48,100,0
2016-05-10,09:25:00,8.48,8.48,8.48,8.48,100,0
2016-05-10,09:30:00,8.48,8.48,8.48,8.48,70,0
2016-05-10,09:45:00,8.46,8.46,8.46,8.46,200,0
2016-05-10,10:20:00,8.44,8.44,8.44,8.44,100,0
2016-05-10,10:35:00,8.3,8.3,8.3,8.3,810,0
2016-05-10,10:45:00,8.3,8.3,8.3,8.3,3,0
2016-05-10,11:10:00,8.21,8.21,8.21,8.21,190,0
2016-05-10,11:20:00,8.21,8.21,8.21,8.21,10,0
2016-05-10,11:25:00,8.21,8.21,8.21,8.21,60,0
2016-05-10,12:05:00,8.25,8.25,8.25,8.25,379,0
2016-05-10,12:10:00,8.3,8.3,8.3,8.3,100,0
2016-05-10,12:20:00,8.3,8.3,8.3,8.3,87,0
2016-05-10,12:45:00,8.3,8.3,8.3,8.3,161,0
2016-05-10,12:55:00,8.3,8.3,8.3,8.3,116,0
2016-05-10,13:15:00,8.3,8.3,8.2,8.2,2090,0
2016-05-10,13:20:00,8.4,8.45,8.4,8.45,2000,0
2016-05-10,14:45:00,8.42,8.52,8.42,8.52,1900,0
2016-05-10,16:40:00,8.52,8.52,8.52,8.52,29,0
2016-05-10,16:50:00,8.45,8.45,8.45,8.45,2,0
2016-05-11,09:05:00,8.35,8.35,8.1,8.1,3000,0
2016-05-11,09:15:00,8.4,8.4,8.4,8.4,1,0
2016-05-11,09:45:00,8.17,8.17,8.17,8.17,131,0
2016-05-11,11:10:00,8.17,8.17,8.16,8.16,250,0
2016-05-11,12:45:00,8.2,8.2,8.2,8.2,500,0
2016-05-11,13:05:00,8.16,8.16,8.16,8.16,280,0
2016-05-11,14:15:00,8.15,8.15,8.15,8.15,54,0
2016-05-11,16:50:00,8.16,8.16,8.11,8.11,1041,0
2016-05-12,09:05:00,8.1,8.15,8.1,8.15,515,0
2016-05-12,10:15:00,8.14,8.14,8.13,8.13,252,0
2016-05-12,10:35:00,8.18,8.18,8.18,8.18,255,0
2016-05-12,10:50:00,8.18,8.18,8.18,8.18,94,0
2016-05-12,11:30:00,8.13,8.13,8.13,8.13,74,0
2016-05-12,11:35:00,8.13,8.13,8.13,8.13,341,0
2016-05-12,11:40:00,8.12,8.12,8.12,8.12,82,0
2016-05-12,12:10:00,8.17,8.18,8.17,8.18,200,0
2016-05-12,14:40:00,8.18,8.18,8.18,8.18,581,0
2016-05-12,16:35:00,8.14,8.14,7.98,7.98,1456,0
2016-05-12,16:45:00,8,8,8,8,1042,0
2016-05-12,16:50:00,7.83,8.01,7.83,8.01,160,0
2016-05-13,09:05:00,8.02,8.19,8.02,8.19,378,0
2016-05-13,09:15:00,8.18,8.18,8.18,8.18,40,0
2016-05-13,09:25:00,8.02,8.02,8,8,710,0
2016-05-13,09:30:00,8.15,8.2,8.15,8.2,1822,0
2016-05-13,09:35:00,7.98,8.3,7.98,8.29,142,0
2016-05-13,09:45:00,8.29,8.29,8.29,8.29,200,0
2016-05-13,10:50:00,8.04,8.04,8.01,8.01,1001,0
2016-05-13,11:00:00,8.2,8.2,8.2,8.2,1,0
2016-05-13,14:05:00,8.02,8.02,7.95,7.95,1800,0
2016-05-13,14:15:00,8,8,8,8,239,0
2016-05-13,14:55:00,8,8,8,8,1343,0
2016-05-13,15:05:00,8,8.18,8,8.18,4,0
