2016-03-07,09:05:00,6.42,6.42,6.42,6.42,445,0
2016-03-07,09:10:00,6.37,6.37,6.37,6.37,1100,0
2016-03-07,09:15:00,6.37,6.37,6.37,6.37,60,0
2016-03-07,09:20:00,6.25,6.41,6.25,6.29,3202,0
2016-03-07,10:25:00,6.24,6.24,6.24,6.24,200,0
2016-03-07,10:40:00,6.19,6.24,6.18,6.24,1191,0
2016-03-07,10:50:00,6.23,6.23,6.23,6.23,580,0
2016-03-07,11:00:00,6.23,6.23,6.15,6.16,1000,0
2016-03-07,11:05:00,6.24,6.24,6.24,6.24,100,0
2016-03-07,11:15:00,6.07,6.21,6.07,6.21,102,0
2016-03-07,11:45:00,6.23,6.23,6.15,6.15,539,0
2016-03-07,12:00:00,6.15,6.15,6.14,6.14,1000,0
2016-03-07,12:05:00,6.23,6.23,6.23,6.23,100,0
2016-03-07,12:30:00,6.23,6.23,6.23,6.23,200,0
2016-03-07,12:40:00,6.16,6.16,6.16,6.16,209,0
2016-03-07,14:45:00,6.23,6.23,6.23,6.23,100,0
2016-03-07,14:55:00,6.19,6.19,6.19,6.19,88,0
2016-03-07,16:05:00,6.2,6.2,6.18,6.18,559,0
2016-03-07,16:35:00,6.2,6.2,6.2,6.2,160,0
2016-03-07,16:50:00,6.16,6.16,6.16,6.16,1229,0
2016-03-08,09:05:00,6.22,6.22,6.22,6.22,200,0
2016-03-08,09:10:00,6.38,6.38,6.22,6.38,301,0
2016-03-08,09:15:00,6.24,6.38,6.24,6.38,10,0
2016-03-08,09:20:00,6.29,6.29,6.29,6.29,131,0
2016-03-08,09:35:00,6.37,6.37,6.37,6.37,57,0
2016-03-08,11:20:00,6.3,6.3,6.3,6.3,110,0
2016-03-08,11:30:00,6.3,6.3,6.3,6.3,150,0
2016-03-08,11:35:00,6.3,6.3,6.28,6.28,830,0
2016-03-08,13:30:00,6.29,6.29,6.29,6.29,370,0
2016-03-08,13:40:00,6.3,6.3,6.3,6.3,234,0
2016-03-08,13:45:00,6.22,6.22,6.22,6.22,10,0
2016-03-08,13:50:00,6.3,6.3,6.29,6.29,439,0
2016-03-08,14:00:00,6.29,6.29,6.29,6.29,3225,0
2016-03-08,14:20:00,6.3,6.3,6.3,6.3,81,0
2016-03-08,14:40:00,6.34,6.34,6.34,6.34,161,0
2016-03-08,15:05:00,6.34,6.35,6.34,6.35,2139,0
2016-03-08,15:10:00,6.35,6.35,6.35,6.35,612,0
2016-03-08,15:20:00,6.36,6.36,6.36,6.36,200,0
2016-03-08,15:25:00,6.37,6.37,6.37,6.37,1350,0
2016-03-08,15:35:00,6.37,6.37,6.36,6.36,746,0
2016-03-08,16:45:00,6.36,6.36,6.36,6.36,24,0
2016-03-08,16:50:00,6.37,6.37,6.37,6.37,422,0
2016-03-09,09:05:00,6.37,6.37,6.37,6.37,2108,0
2016-03-09,11:30:00,6.26,6.26,6.26,6.26,276,0
2016-03-09,11:45:00,6.36,6.37,6.36,6.37,2473,0
2016-03-09,12:05:00,6.37,6.38,6.37,6.38,1184,0
2016-03-09,12:20:00,6.38,6.38,6.38,6.38,120,0
2016-03-09,13:25:00,6.37,6.37,6.37,6.37,188,0
2016-03-09,13:30:00,6.37,6.37,6.37,6.37,32,0
2016-03-09,13:40:00,6.37,6.37,6.37,6.37,93,0
2016-03-09,13:45:00,6.39,6.39,6.39,6.39,200,0
2016-03-09,13:50:00,6.37,6.37,6.37,6.37,737,0
2016-03-09,14:10:00,6.39,6.4,6.39,6.4,500,0
2016-03-09,14:15:00,6.4,6.4,6.4,6.4,516,0
2016-03-09,14:45:00,6.39,6.39,6.38,6.38,2095,0
2016-03-09,14:50:00,6.41,6.42,6.38,6.38,1439,0
2016-03-09,15:15:00,6.38,6.38,6.38,6.38,1,0
2016-03-09,15:50:00,6.39,6.45,6.39,6.45,229,0
2016-03-09,15:55:00,6.4,6.4,6.4,6.4,1,0
2016-03-09,16:05:00,6.41,6.41,6.41,6.41,2,0
2016-03-09,16:10:00,6.42,6.48,6.42,6.48,4365,0
2016-03-09,16:30:00,6.48,6.48,6.48,6.48,700,0
2016-03-09,16:35:00,6.49,6.51,6.49,6.51,4642,0
2016-03-09,16:45:00,6.5,6.5,6.5,6.5,760,0
2016-03-09,16:50:00,6.5,6.51,6.5,6.51,2000,0
2016-03-10,09:05:00,6.32,6.52,6.32,6.51,235,0
2016-03-10,09:15:00,6.51,6.59,6.51,6.59,1146,0
2016-03-10,09:50:00,6.55,6.55,6.55,6.55,1000,0
2016-03-10,10:00:00,6.58,6.58,6.58,6.58,28,0
2016-03-10,10:05:00,6.5,6.58,6.5,6.58,1100,0
2016-03-10,11:50:00,6.58,6.58,6.58,6.58,42,0
2016-03-10,11:55:00,6.58,6.58,6.58,6.58,48,0
2016-03-10,12:30:00,6.59,6.59,6.59,6.59,1522,0
2016-03-10,14:10:00,6.58,6.58,6.58,6.58,436,0
2016-03-10,16:15:00,6.58,6.58,6.58,6.58,750,0
2016-03-10,16:45:00,6.51,6.51,6.51,6.51,1330,0
2016-03-10,16:50:00,6.47,6.47,6.47,6.47,70,0
2016-03-11,09:05:00,6.57,6.57,6.57,6.57,151,0
2016-03-11,09:10:00,6.48,6.48,6.48,6.48,1700,0
2016-03-11,09:25:00,6.4,6.4,6.4,6.4,1,0
2016-03-11,09:50:00,6.41,6.52,6.41,6.52,10355,0
2016-03-11,09:55:00,6.57,6.57,6.57,6.57,129,0
2016-03-11,10:00:00,6.57,6.57,6.57,6.57,216,0
2016-03-11,10:10:00,6.57,6.57,6.57,6.57,232,0
2016-03-11,10:25:00,6.55,6.55,6.55,6.55,5,0
2016-03-11,10:35:00,6.55,6.55,6.55,6.55,142,0
2016-03-11,10:40:00,6.52,6.52,6.52,6.52,295,0
2016-03-11,10:55:00,6.58,6.58,6.52,6.52,658,0
2016-03-11,11:45:00,6.52,6.52,6.52,6.52,300,0
2016-03-11,12:30:00,6.52,6.52,6.52,6.52,585,0
2016-03-11,13:10:00,6.53,6.53,6.53,6.53,200,0
2016-03-11,13:25:00,6.53,6.53,6.53,6.53,200,0
2016-03-11,14:30:00,6.56,6.56,6.56,6.56,200,0
2016-03-11,14:40:00,6.55,6.55,6.53,6.53,825,0
2016-03-11,14:45:00,6.57,6.57,6.57,6.57,101,0
2016-03-11,15:10:00,6.53,6.53,6.53,6.53,1,0
2016-03-11,15:55:00,6.54,6.57,6.54,6.57,518,0
2016-03-11,16:00:00,6.57,6.57,6.57,6.57,209,0
2016-03-11,16:40:00,6.57,6.57,6.57,6.57,209,0
2016-03-11,16:45:00,6.57,6.57,6.57,6.57,627,0
2016-03-11,16:50:00,6.57,6.57,6.57,6.57,2149,0
2016-03-14,09:05:00,6.57,6.57,6.57,6.57,248,0
2016-03-14,09:15:00,6.57,6.57,6.54,6.54,1317,0
2016-03-14,09:20:00,6.57,6.57,6.57,6.57,200,0
2016-03-14,09:25:00,6.57,6.57,6.57,6.57,1000,0
2016-03-14,11:00:00,6.53,6.53,6.51,6.51,2719,0
2016-03-14,12:20:00,6.53,6.53,6.53,6.53,350,0
2016-03-14,13:20:00,6.57,6.57,6.57,6.57,400,0
2016-03-14,13:45:00,6.51,6.51,6.51,6.51,100,0
2016-03-14,15:05:00,6.51,6.51,6.51,6.51,100,0
2016-03-14,16:40:00,6.57,6.57,6.57,6.57,2423,0
2016-03-14,16:50:00,6.52,6.57,6.52,6.57,337,0
2016-03-15,10:15:00,6.57,6.57,6.57,6.57,600,0
2016-03-15,10:20:00,6.58,6.58,6.58,6.58,5000,0
2016-03-15,10:35:00,6.57,6.57,6.57,6.57,2900,0
2016-03-15,11:15:00,6.57,6.57,6.57,6.57,1109,0
2016-03-15,11:25:00,6.57,6.57,6.57,6.57,470,0
2016-03-15,11:35:00,6.52,6.52,6.51,6.51,1045,0
2016-03-15,11:40:00,6.51,6.51,6.51,6.51,627,0
2016-03-15,11:45:00,6.51,6.51,6.51,6.51,209,0
2016-03-15,13:00:00,6.58,6.58,6.58,6.58,1510,0
2016-03-15,13:15:00,6.57,6.57,6.57,6.57,153,0
2016-03-15,13:45:00,6.57,6.57,6.57,6.57,713,0
2016-03-15,13:50:00,6.57,6.57,6.57,6.57,500,0
2016-03-15,13:55:00,6.52,6.57,6.52,6.57,1209,0
2016-03-15,14:05:00,6.57,6.57,6.57,6.57,1000,0
2016-03-15,14:10:00,6.57,6.57,6.57,6.57,1000,0
2016-03-15,15:35:00,6.57,6.57,6.57,6.57,307,0
2016-03-15,15:40:00,6.57,6.57,6.57,6.57,294,0
2016-03-15,15:50:00,6.57,6.57,6.57,6.57,170,0
2016-03-15,16:35:00,6.58,6.58,6.58,6.58,550,0
2016-03-16,09:05:00,6.6,6.6,6.6,6.6,2939,0
2016-03-16,09:30:00,6.6,6.6,6.6,6.6,2000,0
2016-03-16,10:50:00,6.54,6.54,6.54,6.54,863,0
2016-03-16,11:25:00,6.54,6.54,6.54,6.54,209,0
2016-03-16,11:55:00,6.54,6.56,6.54,6.56,776,0
2016-03-16,13:15:00,6.57,6.57,6.52,6.52,689,0
2016-03-16,13:20:00,6.57,6.57,6.57,6.57,600,0
2016-03-16,13:25:00,6.57,6.57,6.57,6.57,1000,0
2016-03-16,13:35:00,6.52,6.52,6.52,6.52,120,0
2016-03-16,15:40:00,6.52,6.52,6.51,6.51,1882,0
2016-03-16,16:50:00,6.57,6.57,6.57,6.57,2332,0
2016-03-17,09:05:00,6.4,6.62,6.4,6.62,168,0
2016-03-17,09:10:00,6.62,6.62,6.62,6.62,998,0
2016-03-17,09:15:00,6.64,6.64,6.64,6.64,2,0
2016-03-17,09:40:00,6.62,6.62,6.62,6.62,4601,0
2016-03-17,09:55:00,6.51,6.51,6.51,6.51,5041,0
2016-03-17,10:00:00,6.6,6.6,6.51,6.51,2866,0
2016-03-17,10:20:00,6.6,6.6,6.6,6.6,110,0
2016-03-17,10:40:00,6.51,6.62,6.51,6.62,1201,0
2016-03-17,12:00:00,6.52,6.52,6.52,6.52,75,0
2016-03-17,12:10:00,6.63,6.63,6.63,6.63,418,0
2016-03-17,13:00:00,6.63,6.63,6.63,6.63,627,0
2016-03-17,13:05:00,6.63,6.63,6.63,6.63,209,0
2016-03-17,13:15:00,6.63,6.63,6.63,6.63,209,0
2016-03-17,13:30:00,6.52,6.62,6.52,6.62,375,0
2016-03-17,14:45:00,6.63,6.63,6.63,6.63,3428,0
2016-03-17,14:50:00,6.65,6.7,6.65,6.7,800000,0
2016-03-17,14:55:00,6.7,6.7,6.7,6.7,250,0
2016-03-17,15:00:00,6.7,6.7,6.7,6.7,206364,0
2016-03-17,15:35:00,6.7,6.73,6.7,6.73,2025,0
2016-03-17,15:55:00,6.78,6.78,6.78,6.78,500,0
2016-03-17,16:00:00,6.78,6.79,6.78,6.79,2000,0
2016-03-17,16:05:00,6.79,6.79,6.79,6.79,1040,0
2016-03-17,16:50:00,6.71,6.73,6.71,6.73,597,0
2016-03-18,09:20:00,6.67,6.7,6.52,6.7,6337,0
2016-03-18,10:10:00,6.79,6.79,6.7,6.7,2937,0
2016-03-18,10:15:00,6.79,6.79,6.79,6.79,418,0
2016-03-18,11:10:00,6.79,6.79,6.79,6.79,290,0
2016-03-18,11:30:00,6.77,6.77,6.77,6.77,276,0
2016-03-18,12:20:00,6.77,6.77,6.77,6.77,277,0
2016-03-18,12:25:00,6.77,6.79,6.7,6.7,568,0
2016-03-18,13:05:00,6.79,6.79,6.79,6.79,276,0
2016-03-18,13:10:00,6.79,6.79,6.79,6.79,385,0
2016-03-18,13:25:00,6.79,6.79,6.79,6.79,92,0
2016-03-18,13:45:00,6.78,6.78,6.78,6.78,277,0
2016-03-18,13:50:00,6.78,6.78,6.78,6.78,100,0
2016-03-18,14:35:00,6.78,6.78,6.78,6.78,461,0
2016-03-18,14:40:00,6.78,6.8,6.78,6.8,276,0
2016-03-18,14:45:00,6.8,6.85,6.8,6.85,1199,0
2016-03-18,14:50:00,6.85,6.85,6.85,6.85,276,0
2016-03-18,15:10:00,6.84,6.84,6.84,6.84,369,0
2016-03-18,15:25:00,6.71,6.71,6.71,6.71,1,0
2016-03-18,15:30:00,6.84,6.84,6.84,6.84,144,0
2016-03-18,15:40:00,6.71,6.71,6.71,6.71,593,0
2016-03-18,15:45:00,6.83,6.83,6.83,6.83,695,0
2016-03-18,15:50:00,6.84,6.84,6.84,6.84,2141,0
2016-03-18,15:55:00,6.85,6.85,6.71,6.75,713,0
2016-03-18,16:00:00,6.71,6.71,6.71,6.71,504,0
2016-03-18,16:05:00,6.71,6.71,6.71,6.71,461,0
2016-03-18,16:10:00,6.7,6.7,6.7,6.7,461,0
2016-03-18,16:15:00,6.7,6.7,6.7,6.7,461,0
2016-03-18,16:20:00,6.7,6.7,6.7,6.7,276,0
2016-03-18,16:25:00,6.7,6.7,6.7,6.7,553,0
2016-03-18,16:30:00,6.7,6.7,6.7,6.7,369,0
2016-03-18,16:35:00,6.7,6.71,6.7,6.71,461,0
2016-03-18,16:40:00,6.71,6.71,6.7,6.71,553,0
2016-03-18,16:45:00,6.71,6.71,6.7,6.7,461,0
2016-03-18,16:50:00,6.7,6.7,6.7,6.7,4842,0
2016-03-21,09:05:00,6.75,6.75,6.75,6.75,83,0
2016-03-21,09:20:00,6.75,6.75,6.75,6.75,313,0
2016-03-21,09:45:00,6.74,6.74,6.74,6.74,101,0
2016-03-21,11:35:00,6.73,6.73,6.7,6.7,2065,0
2016-03-21,13:40:00,6.7,6.7,6.7,6.7,364,0
2016-03-21,15:05:00,6.7,6.7,6.7,6.7,500,0
2016-03-21,15:10:00,6.73,6.73,6.73,6.73,250,0
2016-03-21,16:50:00,6.7,6.7,6.7,6.7,800,0
2016-03-22,09:05:00,6.76,6.89,6.76,6.89,3206,0
2016-03-22,09:10:00,6.89,6.89,6.89,6.89,91,0
2016-03-22,09:25:00,6.89,6.89,6.89,6.89,100,0
2016-03-22,10:05:00,6.85,6.85,6.85,6.85,300,0
2016-03-22,10:30:00,6.85,6.85,6.85,6.85,1200,0
2016-03-22,10:35:00,6.88,6.88,6.88,6.88,50,0
2016-03-22,10:40:00,6.83,6.83,6.81,6.81,1406,0
2016-03-22,11:30:00,6.81,6.81,6.81,6.81,15,0
2016-03-22,11:45:00,6.75,6.75,6.75,6.75,500,0
2016-03-22,12:10:00,6.71,6.71,6.71,6.71,9,0
2016-03-22,13:05:00,6.75,6.75,6.75,6.75,50,0
2016-03-22,14:40:00,6.75,6.75,6.75,6.75,400,0
2016-03-22,14:50:00,6.75,6.75,6.75,6.75,35,0
2016-03-22,15:45:00,6.75,6.79,6.75,6.79,265,0
2016-03-22,15:50:00,6.71,6.71,6.71,6.71,592,0
2016-03-22,15:55:00,6.71,6.71,6.7,6.7,1694,0
2016-03-22,16:00:00,6.72,6.72,6.72,6.72,740,0
2016-03-22,16:05:00,6.72,6.72,6.72,6.72,260,0
2016-03-22,16:10:00,6.7,6.7,6.7,6.7,778,0
2016-03-22,16:15:00,6.7,6.7,6.7,6.7,853,0
2016-03-22,16:20:00,6.7,6.7,6.7,6.7,853,0
2016-03-22,16:25:00,6.7,6.7,6.7,6.7,853,0
2016-03-22,16:30:00,6.7,6.7,6.7,6.7,853,0
2016-03-22,16:35:00,6.71,6.71,6.71,6.71,716,0
2016-03-22,16:40:00,6.7,6.7,6.7,6.7,853,0
2016-03-22,16:45:00,6.7,6.79,6.7,6.79,1110,0
2016-03-22,16:50:00,6.79,6.79,6.79,6.79,600,0
2016-03-23,09:05:00,6.72,6.72,6.72,6.72,126,0
2016-03-23,09:10:00,6.72,6.72,6.72,6.72,125,0
2016-03-23,09:15:00,6.7,6.7,6.7,6.7,1325,0
2016-03-23,09:40:00,6.7,6.7,6.7,6.7,2780,0
2016-03-23,09:45:00,6.7,6.7,6.7,6.7,301,0
2016-03-23,10:40:00,6.72,6.72,6.72,6.72,170,0
2016-03-23,10:45:00,6.72,6.72,6.72,6.72,100,0
2016-03-23,11:00:00,6.72,6.72,6.72,6.72,120,0
2016-03-23,11:30:00,6.72,6.72,6.72,6.72,39,0
2016-03-23,11:35:00,6.72,6.72,6.72,6.72,151,0
2016-03-23,12:10:00,6.72,6.72,6.72,6.72,170,0
2016-03-23,12:50:00,6.72,6.72,6.72,6.72,170,0
2016-03-23,12:55:00,6.72,6.72,6.72,6.72,118,0
2016-03-23,13:35:00,6.84,6.84,6.84,6.84,102,0
2016-03-23,13:55:00,6.84,6.84,6.84,6.84,70,0
2016-03-23,14:05:00,6.86,6.86,6.86,6.86,64,0
2016-03-23,14:15:00,6.86,6.86,6.86,6.86,53,0
2016-03-23,14:35:00,6.84,6.84,6.84,6.84,43,0
2016-03-23,14:40:00,6.84,6.84,6.84,6.84,60,0
2016-03-23,14:45:00,6.83,6.83,6.83,6.83,46,0
2016-03-23,15:00:00,6.84,6.84,6.84,6.84,29,0
2016-03-23,15:05:00,6.84,6.84,6.84,6.84,27,0
2016-03-23,15:10:00,6.84,6.84,6.84,6.84,27,0
2016-03-23,15:15:00,6.84,6.84,6.84,6.84,24,0
2016-03-23,15:20:00,6.84,6.84,6.84,6.84,46,0
2016-03-23,15:25:00,6.84,6.84,6.84,6.84,22,0
2016-03-23,15:30:00,6.78,6.8,6.78,6.8,300,0
2016-03-23,15:40:00,6.77,6.77,6.75,6.75,273,0
2016-03-23,16:00:00,6.73,6.73,6.73,6.73,273,0
2016-03-23,16:25:00,6.83,6.83,6.81,6.81,96,0
2016-03-23,16:35:00,6.81,6.81,6.81,6.81,48,0
2016-03-23,16:40:00,6.79,6.79,6.79,6.79,49,0
2016-03-23,16:45:00,6.79,6.79,6.79,6.79,48,0
2016-03-23,16:50:00,6.79,6.79,6.72,6.72,755,0
2016-03-24,11:20:00,6.75,6.75,6.75,6.75,91,0
2016-03-24,11:25:00,6.75,6.75,6.75,6.75,159,0
2016-03-24,11:55:00,6.72,6.72,6.72,6.72,70,0
2016-03-24,12:05:00,6.71,6.71,6.71,6.71,846,0
2016-03-24,12:20:00,6.7,6.7,6.7,6.7,600,0
2016-03-24,13:20:00,6.7,6.7,6.7,6.7,200,0
2016-03-24,15:05:00,6.71,6.71,6.71,6.71,400,0
2016-03-29,09:05:00,6.73,6.73,6.73,6.73,1600,0
2016-03-29,09:10:00,6.73,6.73,6.73,6.73,503,0
2016-03-29,09:15:00,6.73,6.73,6.73,6.73,431,0
2016-03-29,09:20:00,6.73,6.73,6.73,6.73,400,0
2016-03-29,09:45:00,6.71,6.71,6.71,6.71,300,0
2016-03-29,09:55:00,6.72,6.72,6.71,6.71,2500,0
2016-03-29,10:00:00,6.71,6.71,6.7,6.7,500,0
2016-03-29,10:05:00,6.73,6.73,6.73,6.73,1513,0
2016-03-29,10:10:00,6.73,6.75,6.61,6.75,56810,0
2016-03-29,10:15:00,6.75,6.75,6.75,6.75,2168,0
2016-03-29,10:20:00,6.69,6.69,6.68,6.68,2839,0
2016-03-29,10:25:00,6.68,6.68,6.65,6.65,16170,0
2016-03-29,10:30:00,6.73,6.73,6.73,6.73,80,0
2016-03-29,10:35:00,6.73,6.73,6.67,6.67,25370,0
2016-03-29,10:55:00,6.68,6.73,6.67,6.73,4698,0
2016-03-29,11:05:00,6.67,6.67,6.66,6.66,26085,0
2016-03-29,11:10:00,6.67,6.74,6.66,6.74,25572,0
2016-03-29,11:20:00,6.74,6.74,6.74,6.74,433,0
2016-03-29,11:25:00,6.66,6.66,6.66,6.66,1391,0
2016-03-29,12:15:00,6.67,6.67,6.66,6.66,778,0
2016-03-29,12:20:00,6.71,6.71,6.71,6.71,520,0
2016-03-29,12:45:00,6.62,6.62,6.6,6.6,10400,0
2016-03-29,13:30:00,6.61,6.61,6.6,6.6,11450,0
2016-03-29,13:45:00,6.6,6.6,6.6,6.6,220,0
2016-03-29,14:35:00,6.6,6.6,6.6,6.6,458,0
2016-03-29,14:50:00,6.68,6.68,6.68,6.68,444,0
2016-03-29,14:55:00,6.6,6.6,6.6,6.6,200,0
2016-03-29,15:15:00,6.69,6.69,6.69,6.69,65,0
2016-03-29,15:20:00,6.58,6.58,6.55,6.55,15470,0
2016-03-29,15:25:00,6.69,6.69,6.57,6.67,1610,0
2016-03-29,15:55:00,6.54,6.54,6.46,6.46,10771,0
2016-03-29,16:05:00,6.5,6.5,6.5,6.5,1000,0
2016-03-29,16:10:00,6.55,6.59,6.55,6.58,9,0
2016-03-29,16:15:00,6.57,6.58,6.57,6.58,4,0
2016-03-29,16:25:00,6.59,6.59,6.55,6.55,604,0
2016-03-29,16:30:00,6.55,6.59,6.55,6.56,747,0
2016-03-29,16:35:00,6.56,6.56,6.56,6.56,58,0
2016-03-29,16:40:00,6.55,6.55,6.49,6.49,902,0
2016-03-29,16:45:00,6.49,6.49,6.48,6.48,365,0
2016-03-29,16:50:00,6.57,6.57,6.57,6.57,43976,0
2016-03-30,09:05:00,6.57,6.74,6.57,6.74,770,0
2016-03-30,09:10:00,6.7,6.7,6.7,6.7,1900,0
2016-03-30,09:15:00,6.69,6.69,6.69,6.69,2,0
2016-03-30,09:20:00,6.69,6.69,6.69,6.69,2,0
2016-03-30,09:40:00,6.69,6.69,6.69,6.69,500,0
2016-03-30,09:45:00,6.68,6.68,6.68,6.68,3,0
2016-03-30,10:20:00,6.57,6.57,6.41,6.41,3351,0
2016-03-30,10:25:00,6.42,6.42,6.42,6.42,2,0
2016-03-30,10:45:00,6.43,6.43,6.43,6.43,1,0
2016-03-30,10:55:00,6.45,6.51,6.45,6.51,5,0
2016-03-30,11:20:00,6.47,6.47,6.47,6.47,190,0
2016-03-30,11:40:00,6.53,6.53,6.53,6.53,200000,0
2016-03-30,11:50:00,6.48,6.48,6.48,6.48,500,0
2016-03-30,12:50:00,6.52,6.52,6.52,6.52,450,0
2016-03-30,12:55:00,6.51,6.58,6.51,6.58,1502,0
2016-03-30,14:10:00,6.51,6.51,6.51,6.51,500,0
2016-03-30,15:35:00,6.58,6.58,6.58,6.58,262,0
2016-03-30,15:50:00,6.58,6.58,6.58,6.58,273,0
2016-03-30,16:00:00,6.55,6.55,6.49,6.49,2492,0
2016-03-30,16:05:00,6.47,6.56,6.45,6.56,1190,0
2016-03-31,09:05:00,6.57,6.57,6.56,6.56,849,0
2016-03-31,09:10:00,6.56,6.56,6.56,6.56,150,0
2016-03-31,09:35:00,6.56,6.56,6.43,6.43,6582,0
2016-03-31,09:45:00,6.42,6.42,6.3,6.36,5876,0
2016-03-31,10:00:00,6.36,6.36,6.36,6.36,447,0
2016-03-31,10:05:00,6.4,6.4,6.4,6.4,500,0
2016-03-31,10:10:00,6.4,6.4,6.4,6.4,20000,0
2016-03-31,10:15:00,6.4,6.4,6.4,6.4,1200,0
2016-03-31,10:25:00,6.4,6.4,6.4,6.4,750,0
2016-03-31,10:45:00,6.41,6.42,6.4,6.42,3509,0
2016-03-31,11:05:00,6.42,6.42,6.4,6.4,17878,0
2016-03-31,12:45:00,6.46,6.46,6.46,6.46,20,0
2016-03-31,13:10:00,6.46,6.47,6.46,6.47,1500,0
2016-03-31,13:20:00,6.41,6.41,6.4,6.4,1970,0
2016-03-31,13:50:00,6.41,6.41,6.41,6.41,500,0
2016-03-31,13:55:00,6.41,6.41,6.41,6.41,450,0
2016-03-31,14:00:00,6.47,6.47,6.47,6.47,60,0
2016-03-31,14:10:00,6.4,6.4,6.4,6.4,1000,0
2016-03-31,14:35:00,6.41,6.41,6.41,6.41,700,0
2016-03-31,14:50:00,6.44,6.44,6.44,6.44,254,0
2016-03-31,15:00:00,6.42,6.42,6.42,6.42,450,0
2016-03-31,15:35:00,6.43,6.43,6.43,6.43,200,0
2016-03-31,16:15:00,6.43,6.45,6.4,6.4,1592,0
2016-03-31,16:20:00,6.4,6.4,6.4,6.4,37044,0
2016-03-31,16:30:00,6.38,6.38,6.38,6.38,190,0
2016-03-31,16:35:00,6.4,6.4,6.4,6.4,6800,0
2016-03-31,16:40:00,6.4,6.4,6.4,6.4,700,0
2016-03-31,16:45:00,6.4,6.4,6.4,6.4,16321,0
2016-03-31,16:50:00,6.39,6.4,6.39,6.4,5111,0
2016-04-01,09:05:00,6.44,6.44,6.44,6.44,59,0
2016-04-01,09:35:00,6.44,6.44,6.42,6.42,964,0
2016-04-01,09:50:00,6.33,6.33,6.33,6.33,321,0
2016-04-01,10:15:00,6.33,6.33,6.3,6.3,3575,0
2016-04-01,10:20:00,6.26,6.26,6.25,6.25,7816,0
2016-04-01,10:25:00,6.21,6.21,6.2,6.2,1026,0
2016-04-01,10:30:00,6.16,6.16,6.16,6.16,3,0
2016-04-01,10:35:00,6.17,6.23,6.17,6.23,300,0
2016-04-01,10:40:00,6.26,6.26,6.16,6.2,305,0
2016-04-01,10:45:00,6.2,6.2,6.16,6.16,2399,0
2016-04-01,10:50:00,6.19,6.19,6.19,6.19,101,0
2016-04-01,11:05:00,6.2,6.2,6.18,6.18,1449,0
2016-04-01,11:10:00,6.25,6.25,6.25,6.25,2530,0
2016-04-01,11:35:00,6.18,6.18,6.18,6.18,278,0
2016-04-01,11:55:00,6.23,6.23,6.18,6.18,1265,0
2016-04-01,12:00:00,6.23,6.23,6.23,6.23,1,0
2016-04-01,12:10:00,6.18,6.18,6.18,6.18,1417,0
2016-04-01,12:35:00,6.23,6.23,6.23,6.23,2388,0
2016-04-01,12:40:00,6.23,6.23,6.23,6.23,299,0
2016-04-01,12:45:00,6.23,6.23,6.23,6.23,298,0
2016-04-01,13:00:00,6.23,6.23,6.18,6.18,2105,0
2016-04-01,13:10:00,6.18,6.18,6.18,6.18,1791,0
2016-04-01,13:30:00,6.2,6.2,6.2,6.2,79,0
2016-04-01,13:35:00,6.2,6.2,6.19,6.19,390,0
2016-04-01,13:40:00,6.19,6.19,6.19,6.19,182,0
2016-04-01,13:45:00,6.19,6.19,6.19,6.19,292,0
2016-04-01,14:30:00,6.17,6.17,6.15,6.15,4129,0
2016-04-01,14:45:00,6.15,6.15,6.14,6.14,290,0
2016-04-01,15:15:00,6.16,6.16,6.15,6.15,2008,0
2016-04-01,15:25:00,6.14,6.14,6.11,6.11,11627,0
2016-04-01,15:30:00,6.19,6.19,6.19,6.19,987,0
2016-04-01,15:35:00,6.19,6.19,6.19,6.19,19253,0
2016-04-01,16:20:00,6.18,6.18,6.18,6.18,150,0
2016-04-01,16:25:00,6.18,6.18,6.18,6.18,50,0
2016-04-01,16:45:00,6.18,6.18,6.16,6.16,850,0
2016-04-01,16:50:00,6.24,6.24,6.24,6.24,2972,0
2016-04-04,09:05:00,6.29,6.29,6.29,6.29,180,0
2016-04-04,09:20:00,6.31,6.31,6.31,6.31,182,0
2016-04-04,09:25:00,6.31,6.31,6.31,6.31,91,0
2016-04-04,09:45:00,6.34,6.34,6.34,6.34,100,0
2016-04-04,10:05:00,6.34,6.34,6.34,6.34,32,0
2016-04-04,10:10:00,6.34,6.34,6.31,6.31,4172,0
2016-04-04,10:30:00,6.29,6.29,6.28,6.28,2193,0
2016-04-04,10:40:00,6.28,6.28,6.28,6.28,16,0
2016-04-04,11:10:00,6.28,6.28,6.28,6.28,1600,0
2016-04-04,11:35:00,6.28,6.28,6.24,6.24,6473,0
2016-04-04,12:25:00,6.23,6.23,6.23,6.23,125,0
2016-04-04,12:30:00,6.18,6.18,6.18,6.18,2876,0
2016-04-04,13:30:00,6.22,6.22,6.22,6.22,956,0
2016-04-04,13:35:00,6.22,6.27,6.22,6.27,4201,0
2016-04-04,13:50:00,6.21,6.26,6.21,6.26,2789,0
2016-04-04,13:55:00,6.26,6.26,6.26,6.26,470,0
2016-04-04,15:00:00,6.21,6.21,6.17,6.17,6928,0
2016-04-04,15:15:00,6.16,6.16,6.15,6.15,1700,0
2016-04-04,15:20:00,6.17,6.17,6.17,6.17,897,0
2016-04-04,15:55:00,6.17,6.17,6.15,6.15,3394,0
2016-04-04,16:50:00,6.15,6.21,6.12,6.21,4765,0
2016-04-05,09:05:00,6.25,6.25,6.25,6.25,570,0
2016-04-05,09:10:00,6.35,6.35,6.35,6.35,200,0
2016-04-05,09:35:00,6.25,6.25,6.24,6.24,2868,0
2016-04-05,09:45:00,6.2,6.2,6.2,6.2,51000,0
2016-04-05,10:00:00,6.12,6.12,6.12,6.12,157,0
2016-04-05,11:20:00,6.14,6.14,6.14,6.14,17,0
2016-04-05,12:00:00,6.14,6.14,6.14,6.14,334,0
2016-04-05,13:20:00,6.2,6.2,6.2,6.2,311,0
2016-04-05,14:10:00,6.2,6.2,6.2,6.2,4000,0
2016-04-05,14:50:00,6.2,6.2,6.2,6.2,273,0
2016-04-05,14:55:00,6.2,6.2,6.2,6.2,273,0
2016-04-05,15:05:00,6.24,6.25,6.24,6.25,2139,0
2016-04-05,15:10:00,6.24,6.24,6.24,6.24,11,0
2016-04-05,15:15:00,6.22,6.22,6.22,6.22,189,0
2016-04-05,15:30:00,6.21,6.21,6.2,6.2,273,0
2016-04-05,15:40:00,6.2,6.2,6.2,6.2,182,0
2016-04-05,16:00:00,6.3,6.35,6.3,6.35,1539,0
2016-04-05,16:05:00,6.35,6.35,6.34,6.34,1140,0
2016-04-05,16:10:00,6.34,6.34,6.34,6.34,256,0
2016-04-05,16:15:00,6.35,6.4,6.35,6.4,2074,0
2016-04-05,16:25:00,6.4,6.4,6.4,6.4,81,0
2016-04-05,16:30:00,6.45,6.51,6.45,6.51,3452,0
2016-04-05,16:40:00,6.51,6.51,6.51,6.51,200,0
2016-04-05,16:45:00,6.51,6.51,6.5,6.5,2247,0
2016-04-05,16:50:00,6.48,6.52,6.46,6.52,7443,0
2016-04-06,09:05:00,6.5,6.5,6.4,6.4,530,0
2016-04-06,09:15:00,6.4,6.4,6.4,6.4,200,0
2016-04-06,09:20:00,6.4,6.4,6.4,6.4,553,0
2016-04-06,09:45:00,6.36,6.36,6.36,6.36,50,0
2016-04-06,09:55:00,6.37,6.39,6.37,6.39,250,0
2016-04-06,10:00:00,6.4,6.4,6.4,6.4,1641,0
2016-04-06,10:35:00,6.35,6.35,6.35,6.35,161,0
2016-04-06,10:45:00,6.4,6.4,6.4,6.4,377,0
2016-04-06,10:50:00,6.4,6.4,6.36,6.36,800,0
2016-04-06,11:15:00,6.36,6.36,6.25,6.29,767,0
2016-04-06,11:20:00,6.3,6.3,6.3,6.3,2,0
2016-04-06,11:30:00,6.31,6.31,6.25,6.31,311,0
2016-04-06,11:55:00,6.31,6.32,6.31,6.32,6,0
2016-04-06,12:05:00,6.33,6.33,6.3,6.3,395,0
2016-04-06,12:10:00,6.3,6.3,6.3,6.3,4,0
2016-04-06,12:30:00,6.33,6.33,6.33,6.33,270,0
2016-04-06,16:00:00,6.45,6.45,6.45,6.45,1,0
2016-04-06,16:15:00,6.4,6.49,6.2,6.4,18596,0
2016-04-06,16:20:00,6.45,6.49,6.45,6.49,1429,0
2016-04-06,16:25:00,6.47,6.5,6.47,6.5,703,0
2016-04-06,16:30:00,6.45,6.45,6.45,6.45,200,0
2016-04-06,16:35:00,6.43,6.43,6.43,6.43,200,0
2016-04-06,16:50:00,6.4,6.4,6.4,6.4,15640,0
2016-04-07,09:05:00,6.51,6.51,6.51,6.51,155,0
2016-04-07,10:30:00,6.4,6.4,6.34,6.34,430,0
2016-04-07,10:55:00,6.36,6.36,6.36,6.36,130,0
2016-04-07,11:50:00,6.4,6.4,6.4,6.4,150,0
2016-04-07,12:30:00,6.4,6.4,6.4,6.4,117,0
2016-04-07,12:35:00,6.4,6.4,6.4,6.4,105,0
2016-04-07,12:50:00,6.4,6.4,6.4,6.4,160,0
2016-04-07,13:15:00,6.4,6.4,6.4,6.4,80,0
2016-04-07,13:55:00,6.4,6.4,6.4,6.4,240,0
2016-04-07,14:55:00,6.37,6.37,6.35,6.35,605,0
2016-04-07,16:20:00,6.4,6.4,6.4,6.4,553,0
2016-04-07,16:25:00,6.4,6.4,6.4,6.4,237,0
2016-04-07,16:30:00,6.4,6.4,6.4,6.4,210,0
2016-04-07,16:40:00,6.4,6.4,6.4,6.4,1159,0
2016-04-07,16:45:00,6.4,6.4,6.4,6.4,341,0
2016-04-07,16:50:00,6.5,6.5,6.5,6.5,4117,0
2016-04-08,09:05:00,6.49,6.49,6.49,6.49,100,0
2016-04-08,10:10:00,6.45,6.49,6.45,6.49,1229,0
2016-04-08,10:35:00,6.48,6.48,6.48,6.48,230,0
2016-04-08,11:00:00,6.49,6.49,6.49,6.49,671,0
2016-04-08,11:05:00,6.49,6.49,6.41,6.41,655,0
2016-04-08,11:55:00,6.45,6.45,6.45,6.45,100,0
2016-04-08,12:00:00,6.49,6.51,6.49,6.51,858,0
2016-04-08,12:55:00,6.5,6.51,6.5,6.51,859,0
2016-04-08,13:45:00,6.5,6.5,6.5,6.5,914,0
2016-04-08,13:55:00,6.43,6.43,6.43,6.43,1575,0
2016-04-08,14:40:00,6.43,6.48,6.43,6.48,1111,0
2016-04-08,15:25:00,6.48,6.48,6.47,6.47,191,0
2016-04-08,15:35:00,6.48,6.48,6.48,6.48,101,0
2016-04-08,15:40:00,6.49,6.5,6.49,6.5,1218,0
2016-04-08,16:20:00,6.48,6.48,6.48,6.48,698,0
2016-04-08,16:25:00,6.49,6.49,6.49,6.49,260,0
2016-04-08,16:30:00,6.49,6.49,6.49,6.49,460,0
2016-04-08,16:35:00,6.5,6.5,6.5,6.5,742,0
2016-04-08,16:50:00,6.5,6.5,6.5,6.5,235,0
2016-04-11,09:20:00,6.51,6.51,6.51,6.51,500,0
2016-04-11,09:40:00,6.5,6.5,6.5,6.5,250,0
2016-04-11,09:50:00,6.5,6.5,6.5,6.5,99,0
2016-04-11,10:05:00,6.5,6.51,6.5,6.51,1282,0
2016-04-11,10:50:00,6.5,6.5,6.5,6.5,472,0
2016-04-11,10:55:00,6.51,6.53,6.51,6.53,690,0
2016-04-11,11:15:00,6.52,6.52,6.52,6.52,200,0
2016-04-11,11:40:00,6.53,6.53,6.53,6.53,780,0
2016-04-11,11:45:00,6.54,6.55,6.54,6.55,848,0
2016-04-11,11:50:00,6.54,6.54,6.54,6.54,255,0
2016-04-11,12:25:00,6.55,6.55,6.55,6.55,958,0
2016-04-11,12:35:00,6.55,6.55,6.55,6.55,250,0
2016-04-11,12:45:00,6.55,6.55,6.55,6.55,733,0
2016-04-11,12:55:00,6.55,6.55,6.55,6.55,250,0
2016-04-11,13:15:00,6.55,6.55,6.55,6.55,19,0
2016-04-11,13:25:00,6.57,6.57,6.57,6.57,855,0
2016-04-11,14:00:00,6.56,6.56,6.56,6.56,500,0
2016-04-11,14:10:00,6.57,6.57,6.57,6.57,905,0
2016-04-11,15:00:00,6.59,6.6,6.59,6.6,1162,0
2016-04-11,15:20:00,6.6,6.6,6.6,6.6,16,0
2016-04-11,15:40:00,6.6,6.6,6.6,6.6,1479,0
2016-04-11,16:30:00,6.6,6.6,6.6,6.6,181,0
2016-04-11,16:35:00,6.63,6.65,6.63,6.65,1777,0
2016-04-11,16:45:00,6.64,6.65,6.64,6.65,451,0
2016-04-11,16:50:00,6.65,6.69,6.65,6.69,768,0
2016-04-12,09:05:00,6.68,6.68,6.68,6.68,150,0
2016-04-12,09:45:00,6.62,6.62,6.62,6.62,754,0
2016-04-12,10:30:00,6.6,6.6,6.6,6.6,60,0
2016-04-12,11:00:00,6.59,6.59,6.59,6.59,1,0
2016-04-12,11:25:00,6.59,6.59,6.59,6.59,400,0
2016-04-12,14:55:00,6.6,6.6,6.6,6.6,200,0
2016-04-12,15:05:00,6.6,6.6,6.6,6.6,250,0
2016-04-12,15:50:00,6.59,6.59,6.59,6.59,53,0
2016-04-12,16:50:00,6.59,6.59,6.59,6.59,1317,0
2016-04-13,09:05:00,6.59,6.59,6.59,6.59,166,0
2016-04-13,09:45:00,6.58,6.67,6.58,6.67,546,0
2016-04-13,09:50:00,6.67,6.67,6.67,6.67,91,0
2016-04-13,09:55:00,6.59,6.65,6.59,6.65,273,0
2016-04-13,11:10:00,6.64,6.64,6.64,6.64,17,0
2016-04-13,12:00:00,6.63,6.63,6.63,6.63,100,0
2016-04-13,12:55:00,6.64,6.64,6.64,6.64,341,0
2016-04-13,13:00:00,6.64,6.64,6.64,6.64,182,0
2016-04-13,15:20:00,6.6,6.6,6.6,6.6,70,0
2016-04-13,15:50:00,6.64,6.64,6.64,6.64,273,0
2016-04-13,16:40:00,6.6,6.6,6.6,6.6,170,0
2016-04-14,09:05:00,6.6,6.6,6.59,6.59,313,0
2016-04-14,09:45:00,6.59,6.59,6.59,6.59,1448,0
2016-04-14,10:15:00,6.59,6.59,6.48,6.48,3645,0
2016-04-14,10:20:00,6.47,6.53,6.35,6.43,5736,0
2016-04-14,10:25:00,6.5,6.5,6.36,6.4,122,0
2016-04-14,10:30:00,6.5,6.5,6.43,6.43,603,0
2016-04-14,10:35:00,6.54,6.6,6.54,6.59,45,0
2016-04-14,10:40:00,6.58,6.58,6.44,6.44,12,0
2016-04-14,10:50:00,6.54,6.54,6.46,6.46,6,0
2016-04-14,11:00:00,6.54,6.54,6.5,6.5,48,0
2016-04-14,12:40:00,6.48,6.48,6.46,6.46,2882,0
2016-04-14,12:45:00,6.59,6.59,6.59,6.59,1,0
2016-04-14,13:15:00,6.59,6.6,6.59,6.6,8480,0
2016-04-14,13:35:00,6.6,6.6,6.6,6.6,3106,0
2016-04-14,13:50:00,6.68,6.68,6.68,6.68,500,0
2016-04-14,14:15:00,6.68,6.68,6.68,6.68,1,0
2016-04-14,14:30:00,6.68,6.68,6.68,6.68,5025,0
2016-04-14,14:35:00,6.68,6.68,6.68,6.68,53,0
2016-04-14,14:55:00,6.68,6.68,6.68,6.68,1440,0
2016-04-14,15:15:00,6.67,6.67,6.65,6.65,7,0
2016-04-14,15:25:00,6.6,6.6,6.6,6.6,8,0
2016-04-14,16:50:00,6.7,6.7,6.7,6.7,89,0
2016-04-15,12:45:00,6.67,6.67,6.67,6.67,1000,0
2016-04-15,14:45:00,6.68,6.71,6.63,6.63,3828,0
2016-04-15,16:50:00,6.71,6.71,6.71,6.71,1860,0
2016-04-18,09:05:00,6.7,6.7,6.6,6.6,542,0
2016-04-18,09:10:00,6.6,6.6,6.6,6.6,182,0
2016-04-18,09:25:00,6.6,6.6,6.6,6.6,400,0
2016-04-18,14:20:00,6.66,6.66,6.65,6.65,656,0
2016-04-18,15:55:00,6.65,6.65,6.65,6.65,1344,0
2016-04-18,16:50:00,6.68,6.68,6.68,6.68,590,0
2016-04-19,09:05:00,6.6,6.6,6.6,6.6,144,0
2016-04-19,09:25:00,6.64,6.64,6.64,6.64,273,0
2016-04-19,09:50:00,6.61,6.61,6.61,6.61,510,0
2016-04-19,10:15:00,6.61,6.61,6.6,6.6,1528,0
2016-04-19,10:30:00,6.6,6.6,6.6,6.6,1490,0
2016-04-19,12:30:00,6.61,6.61,6.6,6.6,240,0
2016-04-19,14:10:00,6.6,6.6,6.6,6.6,94,0
2016-04-19,14:25:00,6.6,6.6,6.6,6.6,600,0
2016-04-19,15:50:00,6.62,6.63,6.62,6.63,200,0
2016-04-19,16:35:00,6.6,6.6,6.6,6.6,236,0
2016-04-19,16:40:00,6.6,6.6,6.6,6.6,34,0
2016-04-19,16:50:00,6.62,6.62,6.62,6.62,273,0
2016-04-20,09:05:00,6.6,6.6,6.6,6.6,400,0
2016-04-20,09:25:00,6.6,6.6,6.6,6.6,3000,0
2016-04-20,13:25:00,6.63,6.63,6.63,6.63,273,0
2016-04-20,13:35:00,6.63,6.63,6.63,6.63,182,0
2016-04-20,13:40:00,6.63,6.63,6.63,6.63,66,0
2016-04-20,13:50:00,6.67,6.67,6.67,6.67,91,0
2016-04-20,16:25:00,6.6,6.6,6.6,6.6,220,0
2016-04-20,16:50:00,6.6,6.6,6.6,6.6,160,0
2016-04-21,09:45:00,6.6,6.6,6.6,6.6,43,0
2016-04-21,09:50:00,6.6,6.6,6.6,6.6,97,0
2016-04-21,10:20:00,6.58,6.58,6.58,6.58,100,0
2016-04-21,10:30:00,6.57,6.57,6.57,6.57,120,0
2016-04-21,10:35:00,6.55,6.55,6.55,6.55,230,0
2016-04-21,13:15:00,6.59,6.59,6.59,6.59,300,0
2016-04-21,13:25:00,6.62,6.62,6.62,6.62,50,0
2016-04-21,13:30:00,6.62,6.63,6.62,6.63,363,0
2016-04-21,16:05:00,6.59,6.59,6.59,6.59,91,0
2016-04-21,16:20:00,6.59,6.59,6.59,6.59,182,0
2016-04-21,16:50:00,6.59,6.59,6.59,6.59,2079,0
2016-04-22,09:40:00,6.56,6.56,6.55,6.55,273,0
2016-04-22,09:45:00,6.62,6.62,6.62,6.62,40,0
2016-04-22,10:50:00,6.55,6.55,6.55,6.55,273,0
2016-04-22,11:10:00,6.55,6.55,6.55,6.55,273,0
2016-04-22,11:20:00,6.56,6.62,6.56,6.62,400,0
2016-04-22,13:30:00,6.61,6.61,6.61,6.61,42,0
2016-04-22,14:30:00,6.55,6.55,6.55,6.55,126,0
2016-04-22,14:35:00,6.55,6.55,6.55,6.55,64,0
2016-04-22,15:45:00,6.56,6.56,6.56,6.56,145,0
2016-04-22,16:40:00,6.59,6.59,6.59,6.59,30,0
2016-04-25,09:55:00,6.57,6.57,6.57,6.57,500,0
2016-04-25,10:25:00,6.58,6.58,6.58,6.58,55,0
2016-04-25,10:50:00,6.59,6.6,6.59,6.6,787,0
2016-04-25,11:00:00,6.61,6.61,6.61,6.61,287,0
2016-04-25,11:15:00,6.62,6.62,6.62,6.62,500,0
2016-04-25,11:50:00,6.62,6.62,6.62,6.62,1335,0
2016-04-25,12:05:00,6.64,6.64,6.64,6.64,1232,0
2016-04-25,12:10:00,6.64,6.64,6.64,6.64,1643,0
2016-04-25,14:00:00,6.65,6.65,6.65,6.65,527,0
2016-04-25,14:35:00,6.68,6.68,6.68,6.68,1400,0
2016-04-25,14:45:00,6.69,6.69,6.69,6.69,1313,0
2016-04-25,15:00:00,6.69,6.69,6.69,6.69,223,0
2016-04-25,16:05:00,6.68,6.7,6.68,6.7,2327,0
2016-04-25,16:10:00,6.69,6.69,6.69,6.69,167,0
2016-04-25,16:20:00,6.7,6.7,6.7,6.7,1104,0
2016-04-25,16:25:00,6.7,6.7,6.7,6.7,444,0
2016-04-25,16:45:00,6.7,6.7,6.7,6.7,300,0
2016-04-25,16:50:00,6.7,6.7,6.7,6.7,150,0
2016-04-26,09:05:00,6.69,6.7,6.69,6.7,1725,0
2016-04-26,09:20:00,6.7,6.7,6.7,6.7,38,0
2016-04-26,09:35:00,6.7,6.7,6.7,6.7,87,0
2016-04-26,09:40:00,6.7,6.7,6.7,6.7,1025,0
2016-04-26,09:45:00,6.7,6.7,6.7,6.7,1883,0
2016-04-26,10:00:00,6.7,6.72,6.7,6.72,1164,0
2016-04-26,10:35:00,6.7,6.7,6.7,6.7,240,0
2016-04-26,10:45:00,6.7,6.7,6.7,6.7,760,0
2016-04-26,10:50:00,6.69,6.69,6.69,6.69,750,0
2016-04-26,10:55:00,6.7,6.7,6.7,6.7,9,0
2016-04-26,11:00:00,6.68,6.68,6.68,6.68,52,0
2016-04-26,11:05:00,6.68,6.68,6.68,6.68,30,0
2016-04-26,15:10:00,6.7,6.7,6.7,6.7,930,0
2016-04-26,15:20:00,6.71,6.71,6.71,6.71,675,0
2016-04-26,16:05:00,6.71,6.72,6.71,6.72,3371,0
2016-04-26,16:10:00,6.73,6.73,6.72,6.73,1542,0
2016-04-26,16:15:00,6.73,6.74,6.73,6.74,1473,0
2016-04-26,16:20:00,6.74,6.75,6.74,6.75,1753,0
2016-04-26,16:25:00,6.79,6.8,6.79,6.8,2492,0
2016-04-26,16:40:00,6.82,6.89,6.82,6.88,19877,0
2016-04-26,16:45:00,6.89,7.14,6.88,6.88,23619,0
2016-04-26,16:50:00,6.89,7.34,6.88,7.33,14813,0
2016-04-27,09:05:00,7.23,7.23,7.01,7.01,1161,0
2016-04-27,09:10:00,7,7.13,7,7.13,1537,0
2016-04-27,09:15:00,7.13,7.14,7.13,7.14,299,0
2016-04-27,09:20:00,7.16,7.16,7.16,7.16,500,0
2016-04-27,09:45:00,7.15,7.15,7.15,7.15,61,0
2016-04-27,09:55:00,7.15,7.15,7.15,7.15,400,0
2016-04-27,10:10:00,7.15,7.15,7.15,7.15,534,0
2016-04-27,10:15:00,7.15,7.15,7.15,7.15,603,0
2016-04-27,10:30:00,7.14,7.14,7.14,7.14,150,0
2016-04-27,10:40:00,7.14,7.14,7.14,7.14,1125,0
2016-04-27,11:05:00,7.15,7.15,7.15,7.15,190,0
2016-04-27,11:35:00,7.08,7.08,7.08,7.08,633,0
2016-04-27,11:40:00,7.07,7.07,7.06,7.06,700,0
2016-04-27,11:55:00,7.07,7.07,7.02,7.02,2035,0
2016-04-27,12:30:00,7.07,7.07,7.05,7.05,23873,0
2016-04-27,12:40:00,7.05,7.05,7.05,7.05,2347,0
2016-04-27,13:40:00,7.07,7.07,7.07,7.07,1089,0
2016-04-27,13:50:00,7.08,7.08,7.08,7.08,1450,0
2016-04-27,14:00:00,7.13,7.13,7.13,7.13,6500,0
2016-04-27,14:15:00,7.06,7.06,7.06,7.06,500,0
2016-04-27,14:40:00,7.11,7.11,7.11,7.11,1314,0
2016-04-27,15:05:00,7.1,7.12,7.1,7.12,1708,0
2016-04-27,15:20:00,7.1,7.1,7.1,7.1,471,0
2016-04-27,15:35:00,7.05,7.05,7.01,7.01,1300,0
2016-04-27,15:50:00,7.09,7.09,7.09,7.09,300,0
2016-04-27,16:40:00,7.1,7.1,7.1,7.1,2763,0
2016-04-27,16:50:00,7.09,7.09,7.01,7.01,4335,0
2016-04-28,09:20:00,7.01,7.01,7.01,7.01,88,0
2016-04-28,11:10:00,6.95,6.95,6.93,6.93,550,0
2016-04-28,12:35:00,6.95,6.95,6.95,6.95,200,0
2016-04-28,12:40:00,6.94,6.94,6.94,6.94,500,0
2016-04-28,13:45:00,6.99,6.99,6.99,6.99,100,0
2016-04-28,14:35:00,6.99,6.99,6.99,6.99,740,0
2016-04-28,14:45:00,7,7,7,7,273,0
2016-04-28,15:05:00,7,7,7,7,182,0
2016-04-28,15:35:00,6.99,6.99,6.99,6.99,103,0
2016-04-28,15:55:00,6.99,6.99,6.99,6.99,125,0
2016-04-28,16:50:00,7,7,7,7,32,0
2016-04-29,09:10:00,7,7,7,7,412,0
2016-04-29,10:25:00,7,7,7,7,88,0
2016-04-29,11:40:00,7,7,7,7,200,0
2016-04-29,11:45:00,7.04,7.05,7.04,7.05,3644,0
2016-04-29,11:50:00,6.96,6.96,6.95,6.95,1780,0
2016-04-29,11:55:00,6.96,6.96,6.94,6.94,1700,0
2016-04-29,12:25:00,6.95,6.95,6.95,6.95,500,0
2016-04-29,12:30:00,6.95,6.95,6.95,6.95,500,0
2016-04-29,13:20:00,6.95,6.95,6.94,6.94,1984,0
2016-04-29,14:45:00,6.94,6.94,6.94,6.94,997,0
2016-04-29,15:55:00,6.96,6.96,6.96,6.96,250,0
2016-04-29,16:50:00,7,7,6.95,6.95,1248,0
2016-05-02,15:45:00,7.01,7.01,7.01,7.01,5,0
2016-05-04,09:05:00,7.1,7.1,7.1,7.1,59,0
2016-05-04,10:20:00,7.09,7.09,7.09,7.09,6,0
2016-05-04,11:10:00,6.97,6.97,6.97,6.97,200,0
2016-05-04,11:50:00,6.97,6.97,6.97,6.97,813,0
2016-05-04,12:05:00,6.97,6.97,6.97,6.97,797,0
2016-05-04,14:15:00,6.97,6.97,6.97,6.97,600,0
2016-05-04,16:10:00,6.97,6.97,6.97,6.97,1927,0
2016-05-04,16:20:00,7.06,7.06,7.06,7.06,475,0
2016-05-05,09:55:00,6.96,6.96,6.95,6.95,156,0
2016-05-05,12:10:00,6.91,6.91,6.89,6.89,1954,0
2016-05-05,12:15:00,6.92,6.92,6.92,6.92,4,0
2016-05-05,12:35:00,6.87,6.87,6.81,6.81,1570,0
2016-05-05,12:45:00,6.82,6.82,6.8,6.8,682,0
2016-05-05,12:55:00,6.75,6.75,6.75,6.75,23,0
2016-05-05,13:05:00,6.85,6.85,6.85,6.85,2222,0
2016-05-05,13:35:00,6.92,6.92,6.92,6.92,562,0
2016-05-05,13:45:00,6.99,6.99,6.99,6.99,23,0
2016-05-05,13:50:00,7,7.06,7,7.06,258,0
2016-05-05,13:55:00,7.06,7.06,7.06,7.06,1,0
2016-05-05,14:00:00,7.05,7.05,7.05,7.05,2,0
2016-05-05,14:15:00,6.96,6.96,6.96,6.96,3,0
2016-05-05,14:30:00,7,7,7,7,43,0
2016-05-05,14:50:00,7,7,7,7,24,0
2016-05-05,15:10:00,7,7,7,7,1324,0
2016-05-05,16:10:00,6.97,6.97,6.97,6.97,1000,0
2016-05-05,16:20:00,7,7.04,7,7.04,1603,0
2016-05-05,16:35:00,7,7,7,7,141,0
2016-05-05,16:50:00,7.04,7.04,7.04,7.04,3303,0
2016-05-06,09:40:00,6.94,6.94,6.77,6.9,20432,0
2016-05-06,10:20:00,6.77,6.77,6.77,6.77,1826,0
2016-05-06,10:25:00,6.75,6.75,6.75,6.75,250,0
2016-05-06,11:25:00,6.83,6.83,6.83,6.83,100,0
2016-05-06,11:30:00,6.83,6.83,6.83,6.83,1126,0
2016-05-06,12:40:00,6.83,6.89,6.83,6.89,347,0
2016-05-06,12:45:00,6.89,6.89,6.89,6.89,613,0
2016-05-06,14:05:00,6.89,6.89,6.89,6.89,419,0
2016-05-06,15:45:00,6.88,6.88,6.88,6.88,273,0
2016-05-06,15:55:00,6.8,6.8,6.8,6.8,330,0
2016-05-06,16:00:00,6.76,6.76,6.71,6.71,135,0
2016-05-06,16:05:00,6.72,6.72,6.72,6.72,430,0
2016-05-06,16:20:00,6.83,6.83,6.83,6.83,448,0
2016-05-06,16:50:00,6.74,6.74,6.74,6.74,4095,0
2016-05-09,09:25:00,6.99,6.99,6.84,6.84,605,0
2016-05-09,09:55:00,6.8,6.8,6.67,6.67,1693,0
2016-05-09,10:00:00,6.68,7.05,6.68,6.83,6185,0
2016-05-09,10:25:00,7,7,7,7,900,0
2016-05-09,10:45:00,6.99,6.99,6.85,6.85,2689,0
2016-05-09,11:05:00,6.89,6.89,6.83,6.83,218,0
2016-05-09,11:10:00,6.82,7.01,6.82,6.91,2645,0
2016-05-09,11:25:00,6.85,7.01,6.78,6.94,303,0
2016-05-09,11:30:00,6.85,6.89,6.85,6.89,102,0
2016-05-09,11:45:00,6.8,7.01,6.78,7.01,474,0
2016-05-09,12:15:00,6.89,6.89,6.89,6.89,1497,0
2016-05-09,12:25:00,6.92,6.92,6.92,6.92,63,0
2016-05-09,12:55:00,6.99,6.99,6.99,6.99,65,0
2016-05-09,14:15:00,6.93,6.93,6.93,6.93,715,0
2016-05-09,14:25:00,6.8,6.82,6.8,6.82,5,0
2016-05-09,15:10:00,6.84,6.85,6.84,6.85,4,0
2016-05-09,16:20:00,6.99,6.99,6.99,6.99,280,0
2016-05-09,16:25:00,6.8,6.85,6.8,6.85,8,0
2016-05-09,16:50:00,7,7,7,7,1619,0
2016-05-10,10:45:00,6.84,6.84,6.83,6.83,150,0
2016-05-10,11:15:00,6.95,6.95,6.95,6.95,100,0
2016-05-10,14:20:00,6.83,6.83,6.83,6.83,850,0
2016-05-10,15:10:00,6.9,6.9,6.9,6.9,348,0
2016-05-10,15:35:00,6.8,6.8,6.8,6.8,100,0
2016-05-10,16:35:00,6.8,6.8,6.8,6.8,136,0
2016-05-10,16:50:00,6.81,6.81,6.81,6.81,100,0
2016-05-11,10:15:00,6.89,6.91,6.89,6.91,293,0
2016-05-11,11:00:00,6.9,6.9,6.9,6.9,14,0
2016-05-11,12:45:00,6.81,6.81,6.8,6.8,501,0
2016-05-11,14:10:00,6.9,6.9,6.9,6.9,250,0
2016-05-11,14:20:00,6.83,6.83,6.8,6.8,600,0
2016-05-11,15:20:00,6.89,6.89,6.89,6.89,210,0
2016-05-11,15:40:00,6.89,6.89,6.89,6.89,241,0
2016-05-11,15:55:00,6.87,6.87,6.87,6.87,200,0
2016-05-11,16:45:00,6.89,6.9,6.89,6.9,574,0
2016-05-11,16:50:00,6.9,6.93,6.9,6.93,4125,0
2016-05-12,11:25:00,6.99,6.99,6.99,6.99,5,0
2016-05-12,13:50:00,6.98,6.98,6.98,6.98,1000,0
2016-05-13,11:05:00,6.96,6.96,6.96,6.96,11,0
2016-05-13,12:05:00,6.9,6.9,6.9,6.9,145,0
2016-05-13,14:05:00,6.85,6.85,6.85,6.85,300,0
2016-05-13,14:10:00,6.85,6.85,6.85,6.85,450,0
2016-05-13,14:15:00,6.85,6.85,6.85,6.85,177,0
2016-05-13,14:20:00,6.85,6.9,6.85,6.9,484,0
2016-05-13,14:35:00,6.85,6.85,6.85,6.85,75,0
2016-05-13,14:50:00,6.83,6.83,6.83,6.83,225,0
2016-05-13,15:00:00,6.83,6.83,6.83,6.83,275,0
2016-05-13,15:05:00,6.82,6.82,6.78,6.79,2000,0
2016-05-13,15:50:00,6.79,6.79,6.79,6.79,450,0
2016-05-13,16:25:00,6.83,6.85,6.83,6.85,684,0
2016-05-13,16:50:00,6.85,6.85,6.85,6.85,75,0
