2016-03-07,09:05:00,17.2,17.2,17.2,17.2,50,0
2016-03-07,09:15:00,17.18,17.18,17.18,17.18,60,0
2016-03-07,09:20:00,17.16,17.16,17,17,225,0
2016-03-07,09:25:00,17,17,16.92,17,162,0
2016-03-07,09:45:00,16.92,16.92,16.92,16.92,437,0
2016-03-07,09:55:00,16.92,16.92,16.9,16.9,40,0
2016-03-07,10:05:00,16.9,16.9,16.9,16.9,113,0
2016-03-07,10:30:00,16.85,16.85,16.85,16.85,119,0
2016-03-07,10:55:00,16.84,16.84,16.84,16.84,50,0
2016-03-07,11:15:00,16.85,16.85,16.85,16.85,69,0
2016-03-07,11:20:00,16.85,16.85,16.85,16.85,83,0
2016-03-07,11:30:00,16.75,16.85,16.75,16.85,261,0
2016-03-07,11:45:00,16.85,16.85,16.85,16.85,29,0
2016-03-07,11:55:00,16.83,16.83,16.83,16.83,14,0
2016-03-07,12:50:00,16.83,16.83,16.83,16.83,300,0
2016-03-07,13:05:00,16.8,16.84,16.8,16.84,50,0
2016-03-07,13:40:00,16.84,16.84,16.84,16.84,40,0
2016-03-07,15:00:00,16.84,16.85,16.84,16.85,100,0
2016-03-07,15:10:00,16.85,16.85,16.85,16.85,50,0
2016-03-07,16:50:00,16.79,16.85,16.79,16.85,143,0
2016-03-08,09:05:00,16.78,16.78,16.78,16.78,125,0
2016-03-08,09:10:00,16.8,16.8,16.8,16.8,150,0
2016-03-08,09:35:00,16.85,16.85,16.85,16.85,25,0
2016-03-08,10:00:00,16.89,16.89,16.78,16.78,253,0
2016-03-08,10:15:00,16.78,16.78,16.78,16.78,142,0
2016-03-08,11:10:00,16.77,16.77,16.76,16.76,255,0
2016-03-09,09:20:00,16.79,16.79,16.79,16.79,50,0
2016-03-09,09:40:00,16.76,16.76,16.76,16.76,100,0
2016-03-09,09:45:00,16.76,16.76,16.76,16.76,7,0
2016-03-09,11:25:00,16.71,16.71,16.71,16.71,50,0
2016-03-09,11:35:00,16.52,16.52,15.55,16.07,1824,0
2016-03-09,12:00:00,16.4,16.4,16.4,16.4,329,0
2016-03-09,12:40:00,16.1,16.1,16.1,16.1,75,0
2016-03-09,13:00:00,16.1,16.1,16.1,16.1,320,0
2016-03-09,13:10:00,16.2,16.2,16.2,16.2,75,0
2016-03-09,13:50:00,16.2,16.2,16.2,16.2,78,0
2016-03-09,14:20:00,16.18,16.19,16.18,16.19,218,0
2016-03-09,16:35:00,16.19,16.25,16.19,16.25,96,0
2016-03-09,16:50:00,16.19,16.19,16.19,16.19,144,0
2016-03-10,09:05:00,16.18,16.18,16.18,16.18,100,0
2016-03-10,09:55:00,16.18,16.18,16.18,16.18,120,0
2016-03-10,11:00:00,16.29,16.39,16.29,16.39,250,0
2016-03-10,11:30:00,16.76,16.98,16.76,16.98,825,0
2016-03-10,11:35:00,16.98,16.98,16.98,16.98,68,0
2016-03-10,11:45:00,16.98,16.98,16.98,16.98,208,0
2016-03-10,12:20:00,16.98,16.98,16.98,16.98,78,0
2016-03-10,13:05:00,16.98,16.98,16.98,16.98,300,0
2016-03-10,13:40:00,17.12,17.12,17.12,17.12,370,0
2016-03-10,13:45:00,17.12,17.12,17.12,17.12,68,0
2016-03-10,13:55:00,17.12,17.12,17.12,17.12,68,0
2016-03-10,14:05:00,17.11,17.11,17.11,17.11,68,0
2016-03-10,14:10:00,17.11,17.11,17.11,17.11,68,0
2016-03-10,14:15:00,17.11,17.11,17.11,17.11,29,0
2016-03-10,14:20:00,17.11,17.11,17.11,17.11,68,0
2016-03-10,14:30:00,17.12,17.12,17.12,17.12,618,0
2016-03-10,14:35:00,17.16,17.16,17.16,17.16,86,0
2016-03-10,14:40:00,17.16,17.16,17.16,17.16,68,0
2016-03-10,14:50:00,17.16,17.16,17.16,17.16,68,0
2016-03-10,15:00:00,17.16,17.16,17.16,17.16,68,0
2016-03-10,15:15:00,17.16,17.16,17.16,17.16,63,0
2016-03-10,15:25:00,17.17,17.17,17.17,17.17,73,0
2016-03-10,15:35:00,17.17,17.17,17.17,17.17,75,0
2016-03-10,15:45:00,17.17,17.17,17.17,17.17,79,0
2016-03-10,15:55:00,17.17,17.25,17.17,17.25,87,0
2016-03-10,16:05:00,17.25,17.48,17.25,17.48,208,0
2016-03-10,16:15:00,17.48,17.48,17.48,17.48,77,0
2016-03-10,16:25:00,17.48,17.48,17.48,17.48,252,0
2016-03-10,16:35:00,17.47,17.47,17.47,17.47,77,0
2016-03-10,16:50:00,17.45,17.45,17.43,17.43,779,0
2016-03-11,09:05:00,17.47,17.47,17.47,17.47,213,0
2016-03-11,09:15:00,17.47,17.47,17.47,17.47,50,0
2016-03-11,09:20:00,17.46,17.47,17.46,17.47,50,0
2016-03-11,09:25:00,17.47,17.47,17.47,17.47,25,0
2016-03-11,09:35:00,17.43,17.43,17.15,17.15,160,0
2016-03-11,11:35:00,17.45,17.45,17.45,17.45,100,0
2016-03-11,11:50:00,17.45,17.45,17.45,17.45,40,0
2016-03-11,12:05:00,17.45,17.45,17.45,17.45,57,0
2016-03-11,12:40:00,17.44,17.44,17.44,17.44,40,0
2016-03-11,12:55:00,17.44,17.44,17.44,17.44,200,0
2016-03-11,15:35:00,17.27,17.27,17.27,17.27,30,0
2016-03-11,16:35:00,17.29,17.3,17.29,17.3,129,0
2016-03-11,16:45:00,17.17,17.17,17.17,17.17,1,0
2016-03-11,16:50:00,17.41,17.41,17.41,17.41,50,0
2016-03-14,09:05:00,17.17,17.42,17.17,17.42,43,0
2016-03-14,09:20:00,17.17,17.17,17.17,17.17,11,0
2016-03-14,09:50:00,17.17,17.17,17.17,17.17,26,0
2016-03-14,10:20:00,17.16,17.16,17.16,17.16,35,0
2016-03-14,11:55:00,17.2,17.42,17.2,17.42,85,0
2016-03-14,12:30:00,17.42,17.45,17.42,17.45,357,0
2016-03-14,14:35:00,17.2,17.2,17.02,17.02,500,0
2016-03-14,16:30:00,17.43,17.43,17.43,17.43,50,0
2016-03-14,16:50:00,17.44,17.44,17.44,17.44,7,0
2016-03-15,09:10:00,17.41,17.41,17.41,17.41,2,0
2016-03-15,09:35:00,17.2,17.2,17.01,17.01,85,0
2016-03-15,10:15:00,17.41,17.41,17.41,17.41,29,0
2016-03-15,10:50:00,17.41,17.41,17.41,17.41,200,0
2016-03-15,12:50:00,17.4,17.4,17.1,17.1,100,0
2016-03-15,14:15:00,17.11,17.11,17.11,17.11,15,0
2016-03-15,15:00:00,17.14,17.14,17.14,17.14,62,0
2016-03-15,15:35:00,17.12,17.12,17.05,17.05,255,0
2016-03-15,16:50:00,17.05,17.05,17.05,17.05,145,0
2016-03-16,09:05:00,17.02,17.02,17.02,17.02,100,0
2016-03-16,09:15:00,17.01,17.01,17.01,17.01,25,0
2016-03-16,10:40:00,17.3,17.3,17.3,17.3,60,0
2016-03-16,15:50:00,17.29,17.29,17.29,17.29,100,0
2016-03-17,09:15:00,17.3,17.3,17.3,17.3,113,0
2016-03-17,10:35:00,17.4,17.4,17.4,17.4,25,0
2016-03-17,10:40:00,17.41,17.5,17.41,17.49,1663,0
2016-03-17,10:45:00,17.74,17.74,17.74,17.74,10,0
2016-03-17,10:50:00,17.74,17.74,17.74,17.74,3,0
2016-03-17,11:00:00,17.6,17.6,17.6,17.6,140,0
2016-03-17,11:05:00,17.6,17.6,17.6,17.6,50,0
2016-03-17,11:20:00,17.5,17.5,17.5,17.5,19,0
2016-03-17,12:00:00,17.5,17.5,17.5,17.5,460,0
2016-03-17,12:30:00,17.58,17.58,17.58,17.58,285,0
2016-03-17,12:40:00,17.58,17.58,17.58,17.58,285,0
2016-03-17,13:00:00,17.58,17.58,17.5,17.5,285,0
2016-03-17,13:20:00,17.58,17.58,17.58,17.58,115,0
2016-03-17,13:30:00,17.45,17.45,17.45,17.45,60,0
2016-03-17,13:35:00,17.45,17.45,17.45,17.45,140,0
2016-03-17,14:05:00,17.42,17.42,17.4,17.4,415,0
2016-03-17,16:15:00,17.49,17.5,17.49,17.5,285,0
2016-03-17,16:30:00,17.49,17.5,17.49,17.5,650,0
2016-03-17,16:50:00,17.35,17.35,17.35,17.35,111,0
2016-03-18,09:50:00,17.4,17.4,17.4,17.4,36,0
2016-03-18,11:00:00,17.68,17.68,17.68,17.68,73,0
2016-03-18,11:05:00,17.45,17.45,17.45,17.45,230,0
2016-03-18,12:00:00,17.45,17.45,17.45,17.45,5,0
2016-03-18,14:35:00,17.45,17.45,17.42,17.45,710,0
2016-03-18,15:50:00,17.44,17.45,17.44,17.45,300,0
2016-03-18,15:55:00,17.45,17.45,17.45,17.45,2,0
2016-03-18,16:05:00,17.45,17.45,17.45,17.45,314,0
2016-03-18,16:25:00,17.45,17.45,17.45,17.45,79,0
2016-03-21,09:05:00,17.44,17.44,17.44,17.44,150,0
2016-03-21,09:40:00,17.44,17.44,17.44,17.44,34,0
2016-03-21,09:45:00,17.42,17.42,17.4,17.4,200,0
2016-03-21,09:55:00,17.4,17.4,17.33,17.33,289,0
2016-03-21,10:20:00,17.33,17.33,17.25,17.25,490,0
2016-03-21,11:10:00,17.3,17.3,17.25,17.25,88,0
2016-03-21,11:15:00,17.25,17.25,17.25,17.25,100,0
2016-03-21,15:50:00,17.25,17.25,17.25,17.25,18,0
2016-03-22,09:05:00,17.2,17.2,17,17,332,0
2016-03-22,09:10:00,16.81,16.81,16.41,16.49,163,0
2016-03-22,09:25:00,16.61,16.61,16.55,16.55,300,0
2016-03-22,09:35:00,16.55,16.55,16.5,16.5,83,0
2016-03-22,09:45:00,16.6,16.6,16.6,16.6,70,0
2016-03-22,10:05:00,16.61,16.61,16.61,16.61,25,0
2016-03-22,10:10:00,16.54,16.54,16.52,16.52,207,0
2016-03-22,10:30:00,16.53,16.53,16.52,16.52,170,0
2016-03-22,11:00:00,16.58,16.58,16.58,16.58,365,0
2016-03-22,11:25:00,16.76,16.76,16.76,16.76,100,0
2016-03-22,11:30:00,16.76,16.8,16.76,16.8,112,0
2016-03-22,11:35:00,16.79,16.8,16.79,16.8,115,0
2016-03-22,12:00:00,16.79,16.79,16.79,16.79,40,0
2016-03-22,12:10:00,16.79,16.79,16.79,16.79,100,0
2016-03-22,12:15:00,16.79,16.8,16.79,16.8,487,0
2016-03-22,12:25:00,16.8,16.8,16.8,16.8,16,0
2016-03-22,13:45:00,16.8,16.8,16.8,16.8,5,0
2016-03-22,14:30:00,16.78,16.78,16.78,16.78,200,0
2016-03-22,14:40:00,16.72,16.72,16.53,16.53,1361,0
2016-03-22,16:35:00,16.6,16.6,16.6,16.6,61,0
2016-03-22,16:50:00,16.7,16.7,16.7,16.7,145,0
2016-03-23,09:05:00,16.9,17.29,16.9,17.29,110,0
2016-03-23,09:50:00,17,17,17,17,29,0
2016-03-23,10:00:00,17.01,17.01,16.9,16.9,116,0
2016-03-23,10:05:00,17.25,17.25,17.25,17.25,60,0
2016-03-23,11:50:00,17.24,17.24,17.24,17.24,31,0
2016-03-23,12:15:00,17.24,17.24,17.24,17.24,69,0
2016-03-23,13:30:00,17.1,17.1,17.1,17.1,100,0
2016-03-23,15:35:00,17.1,17.1,17.1,17.1,125,0
2016-03-23,16:10:00,17,17,16.9,16.9,754,0
2016-03-23,16:30:00,16.9,16.9,16.9,16.9,476,0
2016-03-23,16:45:00,16.9,17.1,16.9,17.1,200,0
2016-03-24,09:05:00,17.24,17.24,17.24,17.24,130,0
2016-03-24,09:35:00,17.23,17.23,17.23,17.23,70,0
2016-03-24,10:15:00,17.2,17.2,17.2,17.2,85,0
2016-03-24,10:20:00,17.23,17.24,17.23,17.24,150,0
2016-03-24,10:40:00,17.24,17.24,17.24,17.24,1408,0
2016-03-24,10:55:00,17.24,17.24,17.24,17.24,6,0
2016-03-24,11:55:00,17.29,17.29,17.24,17.24,109,0
2016-03-24,12:50:00,17.11,17.11,17.11,17.11,25,0
2016-03-24,13:40:00,17.12,17.12,17.12,17.12,50,0
2016-03-24,14:45:00,17.19,17.19,17.19,17.19,100,0
2016-03-29,09:05:00,17.2,17.2,17.2,17.2,3,0
2016-03-29,11:20:00,17.18,17.18,17.18,17.18,20,0
2016-03-29,11:55:00,17.2,17.2,17.2,17.2,300,0
2016-03-29,12:05:00,17.2,17.2,17.2,17.2,1100,0
2016-03-29,14:05:00,17.18,17.18,17.18,17.18,30,0
2016-03-29,14:45:00,17.11,17.11,17.11,17.11,35,0
2016-03-29,15:15:00,17.11,17.11,17,17,129,0
2016-03-29,16:50:00,17.02,17.02,17.02,17.02,7,0
2016-03-30,09:05:00,17,17,17,17,15,0
2016-03-30,09:35:00,17.01,17.01,17,17,319,0
2016-03-30,16:40:00,17.05,17.05,17,17,175,0
2016-03-31,09:05:00,16.89,16.89,16.89,16.89,380,0
2016-03-31,10:05:00,16.89,16.89,16.89,16.89,79,0
2016-03-31,11:20:00,16.88,16.88,16.88,16.88,38,0
2016-03-31,11:30:00,16.88,16.88,16.88,16.88,5,0
2016-03-31,11:40:00,16.88,16.88,16.88,16.88,90,0
2016-03-31,12:15:00,16.88,16.88,16.88,16.88,7,0
2016-03-31,12:30:00,16.88,16.88,16.88,16.88,70,0
2016-03-31,13:45:00,16.8,16.88,16.8,16.88,118,0
2016-03-31,14:00:00,16.88,16.88,16.88,16.88,82,0
2016-03-31,16:00:00,16.85,16.85,16.85,16.85,10,0
2016-04-01,09:05:00,16.65,16.65,16.65,16.65,75,0
2016-04-01,09:15:00,16.83,16.83,16.83,16.83,200,0
2016-04-01,09:30:00,16.84,16.84,16.84,16.84,23,0
2016-04-01,10:00:00,16.65,16.65,16.65,16.65,84,0
2016-04-01,10:15:00,16.54,16.54,16.5,16.5,1300,0
2016-04-01,10:40:00,16.5,16.5,16.5,16.5,15,0
2016-04-01,10:50:00,16.65,16.65,16.65,16.65,16,0
2016-04-01,13:00:00,16.74,16.74,16.74,16.74,40,0
2016-04-01,16:40:00,16.65,16.65,16.5,16.5,139,0
2016-04-01,16:50:00,16.5,16.5,16.5,16.5,150,0
2016-04-04,09:05:00,16.85,16.85,16.85,16.85,110,0
2016-04-04,11:20:00,16.66,16.66,16.66,16.66,10,0
2016-04-04,14:35:00,16.85,16.85,16.85,16.85,25,0
2016-04-04,14:40:00,16.9,16.9,16.9,16.9,51,0
2016-04-05,09:05:00,16.92,16.92,16.92,16.92,335,0
2016-04-05,10:30:00,16.9,16.9,16.9,16.9,10,0
2016-04-05,10:50:00,16.89,16.89,16.89,16.89,45,0
2016-04-05,11:15:00,16.77,16.77,16.77,16.77,25,0
2016-04-05,14:30:00,16.74,16.74,16.74,16.74,2,0
2016-04-05,15:10:00,16.74,16.74,16.74,16.74,70,0
2016-04-05,16:15:00,16.7,16.7,16.7,16.7,90,0
2016-04-06,09:05:00,17,17.1,17,17.1,370,0
2016-04-06,10:05:00,17,17,17,17,11,0
2016-04-06,11:00:00,17,17,17,17,200,0
2016-04-06,12:55:00,17,17,17,17,15,0
2016-04-06,14:40:00,17,17,17,17,55,0
2016-04-06,16:50:00,17,17,17,17,23,0
2016-04-07,09:05:00,16.8,16.8,16.8,16.8,8,0
2016-04-07,10:15:00,17,17,17,17,15,0
2016-04-07,12:50:00,16.8,16.8,16.7,16.7,422,0
2016-04-07,15:50:00,16.7,16.7,16.7,16.7,500,0
2016-04-08,10:00:00,16.7,16.7,16.7,16.7,300,0
2016-04-08,11:05:00,16.7,16.7,16.7,16.7,25,0
2016-04-08,13:00:00,16.71,16.71,16.71,16.71,8,0
2016-04-08,15:45:00,16.71,16.71,16.5,16.5,577,0
2016-04-08,16:15:00,16.89,16.89,16.89,16.89,30,0
2016-04-11,09:05:00,16.52,16.52,16.52,16.52,38,0
2016-04-11,10:40:00,16.52,16.52,16.52,16.52,20,0
2016-04-11,11:50:00,16.54,16.54,16.54,16.54,60,0
2016-04-11,11:55:00,16.54,16.6,16.54,16.6,135,0
2016-04-11,12:25:00,16.7,16.7,16.7,16.7,23,0
2016-04-11,13:20:00,16.6,16.6,16.6,16.6,373,0
2016-04-11,13:50:00,16.55,16.55,16.54,16.54,200,0
2016-04-12,09:15:00,16.54,16.54,16.54,16.54,34,0
2016-04-12,09:20:00,16.54,16.54,16.54,16.54,61,0
2016-04-12,09:50:00,16.53,16.53,16.5,16.5,200,0
2016-04-12,10:10:00,16.54,16.54,16.54,16.54,210,0
2016-04-12,10:40:00,16.54,16.54,16.54,16.54,20,0
2016-04-12,12:55:00,16.53,16.54,16.53,16.54,250,0
2016-04-12,13:00:00,16.54,16.54,16.53,16.54,325,0
2016-04-12,14:50:00,16.52,16.52,16.52,16.52,60,0
2016-04-13,09:30:00,16.51,16.51,16.5,16.5,145,0
2016-04-13,09:35:00,16.5,16.5,16.5,16.5,10,0
2016-04-13,10:50:00,16.37,16.37,16.37,16.37,134,0
2016-04-13,10:55:00,16.4,16.47,16.4,16.47,90,0
2016-04-13,11:45:00,16.47,16.52,16.47,16.5,293,0
2016-04-13,12:10:00,16.46,16.5,16.46,16.5,383,0
2016-04-13,12:15:00,16.52,16.52,16.52,16.52,75,0
2016-04-13,12:40:00,16.4,16.4,16.38,16.38,2251,0
2016-04-13,14:00:00,16.4,16.4,16.4,16.4,2,0
2016-04-13,15:10:00,16.4,16.4,16.4,16.4,93,0
2016-04-13,15:15:00,16.4,16.4,16.4,16.4,45,0
2016-04-13,15:40:00,16.4,16.4,16.4,16.4,121,0
2016-04-13,15:45:00,16.4,16.4,16.4,16.4,141,0
2016-04-13,15:55:00,16.5,16.5,16.5,16.5,50,0
2016-04-14,09:10:00,16.49,16.49,16.49,16.49,110,0
2016-04-14,11:25:00,16.55,16.55,16.55,16.55,12,0
2016-04-14,12:30:00,16.69,16.69,16.69,16.69,36,0
2016-04-14,13:30:00,16.69,16.8,16.69,16.8,9758,0
2016-04-14,13:40:00,16.7,16.7,16.7,16.7,25,0
2016-04-14,14:10:00,16.75,16.75,16.75,16.75,30,0
2016-04-14,15:20:00,16.75,16.75,16.75,16.75,40,0
2016-04-14,15:35:00,16.75,16.8,16.75,16.8,60,0
2016-04-14,15:40:00,16.89,16.99,16.89,16.99,340,0
2016-04-14,16:50:00,16.75,16.8,16.75,16.8,300,0
2016-04-15,11:00:00,16.8,16.8,16.8,16.8,2,0
2016-04-15,13:00:00,16.8,17,16.8,17,485,0
2016-04-15,13:05:00,17.07,17.21,17.07,17.21,600,0
2016-04-15,13:45:00,17.2,17.21,17.2,17.21,412,0
2016-04-15,14:05:00,17.21,17.4,17,17.4,353,0
2016-04-18,09:05:00,17.4,17.4,17.4,17.4,774,0
2016-04-18,09:10:00,17.4,17.4,17.4,17.4,644,0
2016-04-18,09:15:00,17.4,17.4,17.4,17.4,1886,0
2016-04-18,09:25:00,17.4,17.45,17.4,17.45,278,0
2016-04-18,09:40:00,17.4,17.4,17.4,17.4,39,0
2016-04-18,10:00:00,17.4,17.4,17.4,17.4,140,0
2016-04-18,10:05:00,17.4,17.4,17.4,17.4,209,0
2016-04-18,10:20:00,17.4,17.4,17.4,17.4,70,0
2016-04-18,10:30:00,17.4,17.4,17.4,17.4,455,0
2016-04-18,10:40:00,17.44,17.44,17.44,17.44,23,0
2016-04-18,10:45:00,17.4,17.4,17.4,17.4,314,0
2016-04-18,10:50:00,17.44,17.45,17.44,17.45,30,0
2016-04-18,11:30:00,17.4,17.4,17.4,17.4,45,0
2016-04-18,11:35:00,17.4,17.4,17.39,17.39,100,0
2016-04-18,12:05:00,17.4,17.4,17.4,17.4,5,0
2016-04-18,12:25:00,17.44,17.44,17.4,17.4,125,0
2016-04-18,13:30:00,17.4,17.4,17.4,17.4,124,0
2016-04-18,13:55:00,17.3,17.3,17.3,17.3,30,0
2016-04-18,14:45:00,17.3,17.3,17.3,17.3,170,0
2016-04-18,15:15:00,17.3,17.3,17.3,17.3,830,0
2016-04-18,15:55:00,17.25,17.25,17.25,17.25,6,0
2016-04-19,09:05:00,17.12,17.12,17.12,17.12,150,0
2016-04-19,09:35:00,17.12,17.12,17.1,17.1,150,0
2016-04-19,13:00:00,17.4,17.4,17.4,17.4,5,0
2016-04-19,14:45:00,17.25,17.25,17.25,17.25,20,0
2016-04-19,15:00:00,17.25,17.25,17.25,17.25,250,0
2016-04-19,15:30:00,17.25,17.25,17.25,17.25,78,0
2016-04-19,16:50:00,17.37,17.85,17.37,17.85,3532,0
2016-04-20,09:45:00,17.8,17.8,17.8,17.8,23,0
2016-04-20,09:55:00,17.5,17.5,17.46,17.46,37,0
2016-04-20,10:05:00,17.8,17.8,17.8,17.8,210,0
2016-04-20,10:10:00,17.8,17.8,17.8,17.8,25,0
2016-04-20,10:30:00,17.79,17.85,17.79,17.85,1000,0
2016-04-20,10:40:00,17.85,18.2,17.8,18.2,1401,0
2016-04-20,11:25:00,18.2,18.3,18.2,18.3,1311,0
2016-04-20,12:05:00,18.3,18.3,18.3,18.3,100,0
2016-04-20,13:20:00,18.15,18.15,18.15,18.15,506,0
2016-04-20,13:35:00,18.16,18.16,18.16,18.16,75,0
2016-04-20,14:35:00,18.18,18.18,18.18,18.18,50,0
2016-04-20,14:45:00,18.18,18.18,18.18,18.18,14,0
2016-04-20,15:25:00,18.29,18.3,18.29,18.3,111,0
2016-04-20,15:40:00,18.3,18.4,18.3,18.4,220,0
2016-04-20,15:50:00,18.2,18.2,18.2,18.2,50,0
2016-04-20,16:10:00,18.17,18.17,18.16,18.16,130,0
2016-04-20,16:15:00,18.4,18.4,18.4,18.4,25,0
2016-04-20,16:45:00,18.4,18.4,18.4,18.4,37,0
2016-04-20,16:50:00,18.4,18.5,18.4,18.5,11473,0
2016-04-21,09:05:00,18.6,18.95,18.6,18.95,213,0
2016-04-21,09:10:00,18.95,19.48,18.95,19.48,176,0
2016-04-21,09:20:00,19.44,19.44,19.11,19.44,280,0
2016-04-21,09:35:00,19.43,19.44,19.43,19.44,23,0
2016-04-21,09:45:00,19.11,19.11,18.96,18.96,560,0
2016-04-21,10:15:00,18.95,18.95,18.95,18.95,50,0
2016-04-21,10:20:00,18.96,18.96,18.96,18.96,100,0
2016-04-21,10:30:00,18.96,18.96,18.96,18.96,36,0
2016-04-21,10:35:00,19,19,19,19,129,0
2016-04-21,10:40:00,19,19,19,19,35,0
2016-04-21,10:50:00,18.9,18.9,18.9,18.9,27,0
2016-04-21,11:20:00,18.89,18.9,18.89,18.9,110,0
2016-04-21,11:35:00,18.9,18.9,18.9,18.9,100,0
2016-04-21,11:40:00,18.81,18.81,18.8,18.8,115,0
2016-04-21,14:00:00,18.8,18.8,18.8,18.8,27,0
2016-04-21,14:10:00,18.7,18.7,17.6,17.93,2745,0
2016-04-21,14:35:00,18.27,18.78,18.27,18.78,97,0
2016-04-21,14:55:00,18.7,18.7,18.7,18.7,16,0
2016-04-22,09:05:00,18.69,18.69,18.69,18.69,46,0
2016-04-22,11:05:00,18.6,18.6,18.6,18.6,25,0
2016-04-22,14:00:00,18.5,18.5,18.5,18.5,80,0
2016-04-22,16:05:00,18.46,18.46,18.46,18.46,55,0
2016-04-22,16:50:00,18.15,18.15,18.15,18.15,159,0
2016-04-25,09:25:00,18.15,18.2,18.15,18.2,60,0
2016-04-25,10:20:00,18.2,18.2,18.2,18.2,15,0
2016-04-25,10:30:00,18,18,18,18,971,0
2016-04-26,09:05:00,18.01,18.01,18.01,18.01,107,0
2016-04-26,10:15:00,17.7,17.7,17.7,17.7,8,0
2016-04-26,11:45:00,17.8,17.8,17.8,17.8,50,0
2016-04-26,12:00:00,17.99,18,17.99,18,250,0
2016-04-26,12:05:00,18.01,18.05,18.01,18.05,431,0
2016-04-26,12:15:00,18.1,18.2,18.05,18.2,1329,0
2016-04-26,15:05:00,17.9,17.9,17.9,17.9,15,0
2016-04-27,09:05:00,17.7,17.7,17.7,17.7,40,0
2016-04-27,09:20:00,17.7,17.7,17.7,17.7,20,0
2016-04-27,09:25:00,17.7,18,17.7,18,105,0
2016-04-27,13:20:00,17.99,17.99,17.99,17.99,150,0
2016-04-27,13:45:00,17.7,17.7,17.7,17.7,25,0
2016-04-27,13:50:00,17.6,17.6,17.6,17.6,64,0
2016-04-27,15:55:00,17.6,17.6,17.6,17.6,136,0
2016-04-27,16:25:00,17.55,17.55,17.35,17.35,626,0
2016-04-27,16:30:00,17.5,17.55,17.5,17.55,1045,0
2016-04-27,16:45:00,17.5,17.5,17.5,17.5,16,0
2016-04-28,09:15:00,17.51,17.51,17.51,17.51,37,0
2016-04-28,09:30:00,17.8,17.8,17.8,17.8,325,0
2016-04-28,09:50:00,17.6,17.6,17.6,17.6,5000,0
2016-04-28,11:35:00,17.57,17.57,17.57,17.57,8,0
2016-04-28,14:45:00,17.57,17.57,17.57,17.57,8,0
2016-04-28,15:20:00,17.57,17.57,17.57,17.57,22,0
2016-04-28,15:35:00,17.57,17.57,17.57,17.57,64,0
2016-04-28,16:05:00,17.79,17.79,17.5,17.5,800,0
2016-04-28,16:20:00,17.5,17.5,17.5,17.5,50,0
2016-04-29,09:05:00,17.78,17.78,17.78,17.78,15,0
2016-04-29,11:25:00,17.78,17.78,17.78,17.78,85,0
2016-04-29,11:35:00,17.77,17.77,17.77,17.77,50,0
2016-04-29,13:55:00,17.57,17.57,17.55,17.55,1212,0
2016-04-29,14:05:00,17.55,17.55,17.55,17.55,1570,0
2016-04-29,14:15:00,17.55,17.55,17.55,17.55,230,0
2016-04-29,14:25:00,17.55,17.6,17.55,17.59,10421,0
2016-04-29,15:00:00,17.59,17.59,17.59,17.59,25,0
2016-04-29,15:20:00,17.48,17.48,17.3,17.3,95,0
2016-04-29,15:35:00,17.21,17.21,17.21,17.21,50,0
2016-04-29,16:10:00,17.14,17.14,17.14,17.14,150,0
2016-04-29,16:15:00,17,17,16.3,16.65,1302,0
2016-04-29,16:30:00,16.9,16.9,16.7,16.7,1835,0
2016-04-29,16:35:00,16.7,16.7,16.7,16.7,500,0
2016-04-29,16:40:00,16.7,16.7,16.7,16.7,4500,0
2016-04-29,16:50:00,16.8,17,16.65,17,16140,0
2016-05-02,09:25:00,16.9,16.9,16.9,16.9,25,0
2016-05-02,09:30:00,16.91,16.91,16.9,16.9,155,0
2016-05-02,10:50:00,16.9,16.9,16.9,16.9,70,0
2016-05-02,11:40:00,17,17,17,17,10,0
2016-05-02,12:35:00,16.95,16.95,16.95,16.95,60,0
2016-05-02,14:10:00,16.9,16.9,16.9,16.9,50,0
2016-05-02,14:35:00,16.9,16.9,16.9,16.9,29,0
2016-05-04,09:15:00,16.9,16.9,16.9,16.9,45,0
2016-05-04,09:20:00,16.99,16.99,16.99,16.99,80,0
2016-05-04,09:30:00,16.99,16.99,16.99,16.99,1,0
2016-05-04,10:40:00,16.99,16.99,16.99,16.99,250,0
2016-05-04,10:45:00,16.99,16.99,16.99,16.99,100,0
2016-05-04,11:05:00,16.99,16.99,16.99,16.99,40,0
2016-05-04,11:35:00,17.2,17.31,17.2,17.31,50,0
2016-05-04,11:50:00,17.5,17.5,17.5,17.5,215,0
2016-05-04,12:05:00,17.49,17.49,17.49,17.49,141,0
2016-05-04,13:20:00,17,17,16.99,16.99,3144,0
2016-05-04,14:00:00,17.3,17.3,17.3,17.3,50,0
2016-05-04,14:20:00,17,17,17,17,15000,0
2016-05-04,15:35:00,16.99,17,16.99,17,485,0
2016-05-05,09:05:00,16.97,16.97,16.97,16.97,30,0
2016-05-05,09:50:00,16.97,16.97,16.97,16.97,55,0
2016-05-05,10:20:00,17.2,17.29,16.98,16.98,125,0
2016-05-05,12:40:00,17,17,17,17,300,0
2016-05-05,13:50:00,17.01,17.01,17,17,98,0
2016-05-06,10:25:00,17.19,17.19,17.19,17.19,22,0
2016-05-06,15:20:00,17.19,17.19,17.19,17.19,100,0
2016-05-09,09:50:00,17.2,17.2,17.2,17.2,25,0
2016-05-09,09:55:00,17.2,17.2,17.2,17.2,10,0
2016-05-09,12:20:00,17.19,17.2,17.19,17.2,90,0
2016-05-09,15:45:00,17.2,17.2,17,17,750,0
2016-05-10,09:05:00,16.7,17,16.7,17,340,0
2016-05-10,09:25:00,17.16,17.16,17.16,17.16,96,0
2016-05-10,10:30:00,17.25,17.25,17.25,17.25,75,0
2016-05-10,11:10:00,17.26,17.26,17.25,17.25,475,0
2016-05-10,12:10:00,17.25,17.25,17.25,17.25,1500,0
2016-05-10,13:00:00,17.25,17.25,17.25,17.25,75,0
2016-05-10,13:35:00,17.1,17.1,17.1,17.1,704,0
2016-05-10,14:10:00,17.25,17.25,17.25,17.25,100,0
2016-05-10,16:05:00,17.29,17.29,17.29,17.29,5,0
2016-05-10,16:10:00,17.29,17.29,17.29,17.29,9,0
2016-05-11,09:05:00,17.29,17.29,17.29,17.29,10,0
2016-05-11,13:05:00,17.06,17.06,17.06,17.06,233,0
2016-05-11,16:50:00,17.29,17.29,17.29,17.29,10,0
2016-05-12,09:20:00,17.25,17.25,17.25,17.25,75,0
2016-05-12,10:10:00,17.26,17.26,17.26,17.26,35,0
2016-05-12,10:35:00,17.4,17.75,17.4,17.75,623,0
2016-05-12,10:40:00,17.57,17.57,17.3,17.3,150,0
2016-05-12,11:35:00,17.3,17.3,17.3,17.3,25,0
2016-05-12,12:25:00,17.3,17.3,17.3,17.3,880,0
2016-05-12,13:15:00,17.49,17.49,17.49,17.49,103,0
2016-05-12,14:05:00,17.49,17.5,17.49,17.5,435,0
2016-05-13,09:05:00,17.7,17.7,17.7,17.7,10,0
2016-05-13,09:35:00,17.7,17.7,17.7,17.7,115,0
2016-05-13,10:00:00,17.7,17.7,17.7,17.7,160,0
2016-05-13,12:30:00,17.7,17.7,17.7,17.7,5,0
