Date,Time,Open,High,Low,Close,Volume,OpenInt
2015-08-17,09:05:00,3.4,3.4,3.4,3.4,2851,0
2015-08-17,09:45:00,3.41,3.41,3.41,3.41,120,0
2015-08-17,10:20:00,3.41,3.41,3.41,3.41,1543,0
2015-08-17,10:35:00,3.42,3.42,3.42,3.42,1200,0
2015-08-17,10:50:00,3.41,3.41,3.41,3.41,150,0
2015-08-17,11:45:00,3.44,3.44,3.44,3.44,385,0
2015-08-17,12:35:00,3.43,3.43,3.43,3.43,1582,0
2015-08-17,12:40:00,3.43,3.43,3.43,3.43,350,0
2015-08-17,12:45:00,3.43,3.43,3.43,3.43,1200,0
2015-08-17,13:15:00,3.43,3.43,3.43,3.43,3,0
2015-08-17,13:45:00,3.43,3.43,3.43,3.43,1900,0
2015-08-17,13:50:00,3.43,3.43,3.43,3.43,1000,0
2015-08-17,13:55:00,3.41,3.41,3.41,3.41,125,0
2015-08-17,14:40:00,3.43,3.44,3.43,3.44,631,0
2015-08-17,15:20:00,3.43,3.43,3.43,3.43,204,0
2015-08-17,15:30:00,3.44,3.44,3.44,3.44,900,0
2015-08-17,15:55:00,3.44,3.44,3.44,3.44,900,0
2015-08-17,16:10:00,3.44,3.44,3.44,3.44,1000,0
2015-08-17,16:30:00,3.44,3.44,3.44,3.44,400,0
2015-08-17,16:50:00,3.43,3.43,3.43,3.43,21,0
2015-08-18,09:05:00,3.44,3.44,3.44,3.44,191,0
2015-08-18,09:45:00,3.45,3.45,3.45,3.45,377,0
2015-08-18,10:15:00,3.45,3.45,3.45,3.45,500,0
2015-08-18,10:20:00,3.46,3.46,3.46,3.46,10,0
2015-08-18,11:25:00,3.45,3.45,3.45,3.45,350,0
2015-08-18,11:30:00,3.45,3.45,3.45,3.45,200,0
2015-08-18,11:35:00,3.45,3.45,3.45,3.45,450,0
2015-08-18,11:45:00,3.44,3.44,3.44,3.44,2250,0
2015-08-18,13:15:00,3.44,3.44,3.44,3.44,200,0
2015-08-18,14:10:00,3.45,3.47,3.45,3.47,1458,0
2015-08-18,14:30:00,3.44,3.44,3.44,3.44,19982,0
2015-08-18,14:35:00,3.44,3.44,3.44,3.44,10018,0
2015-08-18,15:05:00,3.44,3.44,3.44,3.44,16482,0
2015-08-18,15:15:00,3.45,3.45,3.44,3.44,3518,0
2015-08-18,15:30:00,3.44,3.45,3.44,3.45,20000,0
2015-08-18,15:45:00,3.45,3.45,3.45,3.45,11500,0
2015-08-18,15:50:00,3.45,3.45,3.45,3.45,15300,0
2015-08-18,16:15:00,3.45,3.45,3.45,3.45,21000,0
2015-08-18,16:20:00,3.45,3.45,3.45,3.45,1000,0
2015-08-18,16:30:00,3.45,3.45,3.45,3.45,9610,0
2015-08-19,09:05:00,3.47,3.47,3.46,3.46,1021,0
2015-08-19,09:10:00,3.45,3.45,3.45,3.45,720,0
2015-08-19,09:45:00,3.45,3.45,3.45,3.45,15000,0
2015-08-19,09:50:00,3.45,3.45,3.45,3.45,94280,0
2015-08-19,10:00:00,3.45,3.45,3.45,3.45,90720,0
2015-08-19,10:05:00,3.45,3.45,3.45,3.45,9480,0
2015-08-19,11:00:00,3.45,3.45,3.45,3.45,5000,0
2015-08-19,11:55:00,3.45,3.45,3.45,3.45,5520,0
2015-08-19,12:50:00,3.46,3.46,3.46,3.46,100,0
2015-08-19,13:35:00,3.46,3.46,3.46,3.46,1300,0
2015-08-19,13:45:00,3.47,3.47,3.47,3.47,18337,0
2015-08-19,13:50:00,3.46,3.46,3.46,3.46,600,0
2015-08-19,14:10:00,3.46,3.46,3.46,3.46,1400,0
2015-08-19,14:50:00,3.46,3.46,3.46,3.46,200,0
2015-08-19,14:55:00,3.46,3.46,3.46,3.46,3000,0
2015-08-19,15:05:00,3.45,3.45,3.45,3.45,16440,0
2015-08-19,15:15:00,3.45,3.45,3.45,3.45,63360,0
2015-08-19,16:50:00,3.45,3.45,3.45,3.45,13685,0
2015-08-20,09:05:00,3.43,3.43,3.43,3.43,500,0
2015-08-20,09:15:00,3.45,3.45,3.45,3.45,10,0
2015-08-20,10:00:00,3.43,3.43,3.43,3.43,44,0
2015-08-20,10:10:00,3.41,3.41,3.41,3.41,496,0
2015-08-20,10:15:00,3.45,3.45,3.45,3.45,10,0
2015-08-20,10:35:00,3.41,3.41,3.41,3.41,25,0
2015-08-20,10:40:00,3.45,3.45,3.45,3.45,2000,0
2015-08-20,10:45:00,3.45,3.45,3.45,3.45,500,0
2015-08-20,11:40:00,3.44,3.45,3.44,3.45,360,0
2015-08-20,11:45:00,3.45,3.45,3.45,3.45,7,0
2015-08-20,13:50:00,3.44,3.44,3.44,3.44,160,0
2015-08-20,15:15:00,3.42,3.42,3.42,3.42,500,0
2015-08-20,15:20:00,3.44,3.44,3.44,3.44,1000,0
2015-08-20,16:50:00,3.44,3.44,3.44,3.44,4850,0
2015-08-21,09:05:00,3.44,3.44,3.44,3.44,466,0
2015-08-21,09:20:00,3.41,3.41,3.41,3.41,329,0
2015-08-21,09:30:00,3.41,3.41,3.4,3.4,3630,0
2015-08-21,11:00:00,3.41,3.41,3.41,3.41,378,0
2015-08-21,11:10:00,3.41,3.41,3.41,3.41,500,0
2015-08-21,11:35:00,3.4,3.4,3.4,3.4,2019,0
2015-08-21,12:00:00,3.4,3.41,3.4,3.41,2630,0
2015-08-21,12:30:00,3.41,3.41,3.41,3.41,146,0
2015-08-21,13:00:00,3.4,3.4,3.4,3.4,160,0
2015-08-21,13:40:00,3.38,3.38,3.37,3.37,2249,0
2015-08-21,15:00:00,3.38,3.38,3.38,3.38,140,0
2015-08-21,15:25:00,3.38,3.38,3.37,3.37,1658,0
2015-08-21,15:50:00,3.39,3.39,3.39,3.39,100,0
2015-08-21,16:00:00,3.39,3.39,3.38,3.38,175,0
2015-08-21,16:20:00,3.38,3.38,3.37,3.37,7027,0
2015-08-21,16:40:00,3.37,3.37,3.37,3.37,1122,0
2015-08-21,16:45:00,3.37,3.37,3.37,3.37,91,0
2015-08-21,16:50:00,3.37,3.37,3.36,3.36,1438,0
2015-08-24,09:05:00,3.25,3.25,3.08,3.08,16482,0
2015-08-24,09:10:00,3.15,3.29,3.15,3.29,5852,0
2015-08-24,09:15:00,3.29,3.29,3.25,3.28,5810,0
2015-08-24,09:25:00,3.25,3.25,3.25,3.25,2810,0
2015-08-24,09:30:00,3.21,3.21,3.13,3.13,12473,0
2015-08-24,09:40:00,3.19,3.19,3.16,3.16,2260,0
2015-08-24,09:55:00,3.16,3.16,3.16,3.16,515,0
2015-08-24,10:00:00,3.16,3.16,3.16,3.16,4689,0
2015-08-24,10:05:00,3.2,3.2,3.2,3.2,2500,0
2015-08-24,10:10:00,3.2,3.2,3.2,3.2,500,0
2015-08-24,10:15:00,3.2,3.2,3.2,3.2,80,0
2015-08-24,10:25:00,3.2,3.2,3.2,3.2,9251,0
2015-08-24,11:00:00,3.21,3.21,3.21,3.21,950,0
2015-08-24,11:05:00,3.2,3.2,3.2,3.2,50,0
2015-08-24,11:10:00,3.2,3.2,3.2,3.2,2000,0
2015-08-24,11:15:00,3.22,3.22,3.22,3.22,100,0
2015-08-24,11:20:00,3.2,3.2,3.11,3.12,15124,0
2015-08-24,11:25:00,3.18,3.2,3.18,3.2,3000,0
2015-08-24,11:40:00,3.2,3.2,3.2,3.2,940,0
2015-08-24,11:50:00,3.2,3.2,3.2,3.2,3250,0
2015-08-24,12:00:00,3.18,3.18,3.18,3.18,553,0
2015-08-24,12:05:00,3.23,3.23,3.23,3.23,50,0
2015-08-24,12:15:00,3.23,3.23,3.23,3.23,1409,0
2015-08-24,12:25:00,3.23,3.23,3.23,3.23,1591,0
2015-08-24,12:35:00,3.22,3.22,3.22,3.22,1000,0
2015-08-24,12:40:00,3.2,3.2,3.2,3.2,847,0
2015-08-24,12:45:00,3.2,3.2,3.2,3.2,452,0
2015-08-24,13:15:00,3.2,3.2,3.2,3.2,3439,0
2015-08-24,13:20:00,3.21,3.21,3.21,3.21,1000,0
2015-08-24,13:25:00,3.21,3.21,3.21,3.21,1561,0
2015-08-24,13:30:00,3.21,3.21,3.21,3.21,439,0
2015-08-24,13:35:00,3.22,3.22,3.2,3.2,3500,0
2015-08-24,13:45:00,3.19,3.19,3.19,3.19,1300,0
2015-08-24,13:55:00,3.18,3.18,3.18,3.18,3000,0
2015-08-24,14:00:00,3.18,3.18,3.18,3.18,975,0
2015-08-24,14:05:00,3.18,3.18,3.18,3.18,2631,0
2015-08-24,14:10:00,3.17,3.17,3.17,3.17,2141,0
2015-08-24,14:20:00,3.17,3.17,3.16,3.16,2728,0
2015-08-24,14:25:00,3.16,3.16,3.16,3.16,1188,0
2015-08-24,14:40:00,3.16,3.16,3.16,3.16,1200,0
2015-08-24,15:05:00,3.17,3.17,3.17,3.17,375,0
2015-08-24,15:15:00,3.17,3.17,3.16,3.16,1500,0
2015-08-24,15:20:00,3.17,3.17,3.17,3.17,1000,0
2015-08-24,15:35:00,3.17,3.17,3.16,3.16,7732,0
2015-08-24,15:45:00,3.16,3.16,3.15,3.15,1000,0
2015-08-24,16:00:00,3.15,3.15,3.15,3.15,400,0
2015-08-24,16:05:00,3.19,3.19,3.19,3.19,300,0
2015-08-24,16:20:00,3.16,3.16,3.14,3.15,2757,0
2015-08-24,16:30:00,3.15,3.15,3.15,3.15,500,0
2015-08-24,16:40:00,3.17,3.17,3.15,3.15,8300,0
2015-08-24,16:45:00,3.15,3.15,3.15,3.15,1000,0
2015-08-24,16:50:00,3.13,3.13,3.13,3.13,11386,0
2015-08-25,09:05:00,3.05,3.09,3,3,7207,0
2015-08-25,09:20:00,3.08,3.1,3.08,3.1,3825,0
2015-08-25,09:25:00,3.12,3.12,3.12,3.12,1200,0
2015-08-25,09:30:00,3.12,3.12,3.12,3.12,615,0
2015-08-25,09:40:00,3.12,3.12,3.12,3.12,550,0
2015-08-25,10:00:00,3.19,3.19,3.19,3.19,157,0
2015-08-25,10:20:00,3.19,3.19,3.19,3.19,1963,0
2015-08-25,10:25:00,3.19,3.19,3.18,3.18,522,0
2015-08-25,10:30:00,3.19,3.2,3.19,3.2,1267,0
2015-08-25,10:35:00,3.2,3.2,3.2,3.2,11,0
2015-08-25,10:55:00,3.19,3.2,3.16,3.2,1568,0
2015-08-25,11:15:00,3.16,3.16,3.16,3.16,230,0
2015-08-25,11:35:00,3.2,3.2,3.2,3.2,10,0
2015-08-25,11:40:00,3.19,3.19,3.19,3.19,418,0
2015-08-25,11:45:00,3.19,3.19,3.19,3.19,82,0
2015-08-25,13:00:00,3.18,3.18,3.18,3.18,173,0
2015-08-25,13:20:00,3.19,3.19,3.19,3.19,1000,0
2015-08-25,13:25:00,3.19,3.19,3.19,3.19,208,0
2015-08-25,13:55:00,3.2,3.2,3.2,3.2,200,0
2015-08-25,16:00:00,3.19,3.19,3.19,3.19,1800,0
2015-08-25,16:05:00,3.19,3.19,3.19,3.19,1199,0
2015-08-25,16:45:00,3.19,3.19,3.19,3.19,1400,0
2015-08-26,09:05:00,3.2,3.2,3.2,3.2,497,0
2015-08-26,09:25:00,3.19,3.19,3.19,3.19,1000,0
2015-08-26,09:35:00,3.19,3.19,3.19,3.19,513,0
2015-08-26,09:55:00,3.19,3.19,3.19,3.19,150,0
2015-08-26,10:35:00,3.19,3.19,3.19,3.19,400,0
2015-08-26,11:50:00,3.18,3.18,3.18,3.18,1000,0
2015-08-26,12:15:00,3.18,3.18,3.18,3.18,50,0
2015-08-26,12:20:00,3.18,3.18,3.18,3.18,350,0
2015-08-26,12:40:00,3.19,3.19,3.18,3.18,4950,0
2015-08-26,12:45:00,3.17,3.17,3.17,3.17,1037,0
2015-08-26,14:40:00,3.2,3.2,3.2,3.2,350,0
2015-08-26,14:45:00,3.2,3.2,3.2,3.2,305,0
2015-08-26,15:05:00,3.2,3.2,3.2,3.2,50,0
2015-08-26,15:50:00,3.18,3.2,3.18,3.2,928,0
2015-08-26,16:25:00,3.18,3.18,3.18,3.18,259,0
2015-08-26,16:30:00,3.18,3.18,3.18,3.18,391,0
2015-08-26,16:50:00,3.21,3.21,3.21,3.21,500,0
2015-08-27,09:25:00,3.22,3.22,3.19,3.19,2570,0
2015-08-27,09:40:00,3.26,3.26,3.26,3.26,150,0
2015-08-27,09:55:00,3.26,3.26,3.26,3.26,368,0
2015-08-27,10:25:00,3.29,3.29,3.29,3.29,277,0
2015-08-27,11:15:00,3.27,3.27,3.27,3.27,201,0
2015-08-27,11:50:00,3.29,3.29,3.29,3.29,113,0
2015-08-27,11:55:00,3.27,3.27,3.27,3.27,355,0
2015-08-27,12:25:00,3.29,3.29,3.29,3.29,95,0
2015-08-27,12:35:00,3.3,3.3,3.3,3.3,400,0
2015-08-27,12:45:00,3.3,3.3,3.3,3.3,1000,0
2015-08-27,13:10:00,3.3,3.31,3.3,3.31,735,0
2015-08-27,13:20:00,3.31,3.31,3.31,3.31,308,0
2015-08-27,13:55:00,3.31,3.31,3.31,3.31,500,0
2015-08-27,14:15:00,3.31,3.31,3.31,3.31,400,0
2015-08-27,14:30:00,3.31,3.35,3.31,3.35,2632,0
2015-08-27,15:35:00,3.38,3.38,3.38,3.38,700,0
2015-08-27,16:50:00,3.37,3.38,3.37,3.38,1456,0
2015-08-28,09:05:00,3.38,3.39,3.38,3.39,5517,0
2015-08-28,09:15:00,3.39,3.39,3.39,3.39,388,0
2015-08-28,09:20:00,3.38,3.39,3.38,3.39,2198,0
2015-08-28,09:25:00,3.39,3.39,3.39,3.39,102,0
2015-08-28,09:30:00,3.38,3.38,3.37,3.37,896,0
2015-08-28,09:35:00,3.37,3.37,3.37,3.37,2950,0
2015-08-28,09:40:00,3.35,3.35,3.35,3.35,1000,0
2015-08-28,09:50:00,3.37,3.37,3.37,3.37,52,0
2015-08-28,10:20:00,3.4,3.4,3.4,3.4,1500,0
2015-08-28,10:25:00,3.4,3.4,3.4,3.4,838,0
2015-08-28,10:35:00,3.38,3.38,3.38,3.38,110,0
2015-08-28,11:15:00,3.38,3.38,3.38,3.38,412,0
2015-08-28,11:20:00,3.38,3.38,3.38,3.38,252,0
2015-08-28,12:05:00,3.4,3.4,3.4,3.4,10,0
2015-08-28,12:15:00,3.4,3.4,3.4,3.4,352,0
2015-08-28,12:35:00,3.4,3.4,3.4,3.4,648,0
2015-08-28,12:40:00,3.4,3.4,3.4,3.4,500,0
2015-08-28,12:55:00,3.4,3.4,3.4,3.4,352,0
2015-08-28,13:50:00,3.4,3.4,3.39,3.39,1500,0
2015-08-28,14:10:00,3.41,3.41,3.41,3.41,2950,0
2015-08-28,14:50:00,3.41,3.41,3.41,3.41,200,0
2015-08-28,15:30:00,3.41,3.41,3.41,3.41,500,0
2015-08-28,15:35:00,3.41,3.41,3.41,3.41,1204,0
2015-08-28,15:40:00,3.41,3.41,3.41,3.41,3470,0
2015-08-28,15:55:00,3.41,3.41,3.41,3.41,2220,0
2015-08-28,16:10:00,3.41,3.41,3.4,3.4,4110,0
2015-08-28,16:15:00,3.39,3.39,3.39,3.39,660,0
2015-08-28,16:25:00,3.39,3.39,3.38,3.38,4710,0
2015-08-28,16:30:00,3.37,3.37,3.37,3.37,2790,0
2015-08-28,16:35:00,3.38,3.38,3.38,3.38,3950,0
2015-08-28,16:50:00,3.42,3.42,3.42,3.42,21,0
2015-08-31,09:05:00,3.42,3.42,3.42,3.42,3444,0
2015-08-31,09:20:00,3.44,3.44,3.42,3.42,146,0
2015-08-31,09:30:00,3.42,3.42,3.42,3.42,664,0
2015-08-31,09:35:00,3.42,3.42,3.42,3.42,336,0
2015-08-31,10:05:00,3.42,3.42,3.42,3.42,200,0
2015-08-31,10:10:00,3.42,3.43,3.42,3.43,1500,0
2015-08-31,11:05:00,3.41,3.41,3.41,3.41,3000,0
2015-08-31,12:15:00,3.4,3.4,3.4,3.4,730,0
2015-08-31,12:20:00,3.4,3.4,3.4,3.4,500,0
2015-08-31,12:35:00,3.38,3.38,3.38,3.38,93,0
2015-08-31,12:45:00,3.38,3.38,3.38,3.38,1544,0
2015-08-31,13:15:00,3.4,3.4,3.4,3.4,500,0
2015-08-31,13:30:00,3.4,3.4,3.4,3.4,150,0
2015-08-31,14:05:00,3.39,3.39,3.39,3.39,500,0
2015-08-31,15:45:00,3.39,3.39,3.39,3.39,300,0
2015-08-31,15:55:00,3.39,3.39,3.39,3.39,1000,0
2015-08-31,16:15:00,3.39,3.39,3.39,3.39,225,0
2015-08-31,16:25:00,3.39,3.39,3.39,3.39,1460,0
2015-08-31,16:30:00,3.39,3.39,3.39,3.39,240,0
2015-08-31,16:45:00,3.4,3.4,3.4,3.4,29,0
2015-09-01,09:05:00,3.4,3.4,3.4,3.4,580,0
2015-09-01,09:30:00,3.4,3.4,3.4,3.4,1970,0
2015-09-01,09:40:00,3.4,3.4,3.4,3.4,2000,0
2015-09-01,09:45:00,3.4,3.4,3.4,3.4,3030,0
2015-09-01,09:50:00,3.35,3.35,3.35,3.35,277,0
2015-09-01,09:55:00,3.35,3.35,3.34,3.34,3330,0
2015-09-01,10:00:00,3.34,3.4,3.34,3.4,1004,0
2015-09-01,10:15:00,3.35,3.35,3.35,3.35,1170,0
2015-09-01,10:35:00,3.36,3.37,3.36,3.37,1015,0
2015-09-01,10:45:00,3.36,3.36,3.36,3.36,485,0
2015-09-01,11:00:00,3.36,3.36,3.36,3.36,297,0
2015-09-01,11:05:00,3.35,3.35,3.35,3.35,2450,0
2015-09-01,11:20:00,3.36,3.36,3.36,3.36,1250,0
2015-09-01,12:20:00,3.36,3.36,3.36,3.36,1500,0
2015-09-01,12:45:00,3.35,3.35,3.35,3.35,300,0
2015-09-01,12:50:00,3.35,3.35,3.35,3.35,5700,0
2015-09-01,13:10:00,3.35,3.35,3.35,3.35,523,0
2015-09-01,13:50:00,3.34,3.34,3.34,3.34,100,0
2015-09-01,13:55:00,3.33,3.33,3.33,3.33,1451,0
2015-09-01,14:00:00,3.33,3.33,3.3,3.3,1050,0
2015-09-01,14:05:00,3.31,3.31,3.3,3.3,450,0
2015-09-01,14:20:00,3.34,3.35,3.32,3.32,4619,0
2015-09-01,14:30:00,3.32,3.32,3.32,3.32,400,0
2015-09-01,15:35:00,3.34,3.34,3.34,3.34,2000,0
2015-09-01,15:55:00,3.34,3.34,3.3,3.3,21680,0
2015-09-01,16:00:00,3.3,3.3,3.3,3.3,100,0
2015-09-01,16:05:00,3.34,3.34,3.34,3.34,4,0
2015-09-01,16:10:00,3.34,3.34,3.34,3.34,500,0
2015-09-01,16:15:00,3.34,3.35,3.34,3.35,2649,0
2015-09-01,16:25:00,3.3,3.3,3.3,3.3,500,0
2015-09-01,16:35:00,3.3,3.35,3.3,3.35,6290,0
2015-09-01,16:40:00,3.3,3.35,3.3,3.35,8910,0
2015-09-01,16:45:00,3.3,3.3,3.3,3.3,810,0
2015-09-01,16:50:00,3.3,3.3,3.3,3.3,7000,0
2015-09-02,09:05:00,3.35,3.35,3.35,3.35,1,0
2015-09-02,09:35:00,3.3,3.3,3.3,3.3,100,0
2015-09-02,09:45:00,3.3,3.3,3.3,3.3,900,0
2015-09-02,09:55:00,3.3,3.3,3.3,3.3,304,0
2015-09-02,10:05:00,3.3,3.3,3.3,3.3,645,0
2015-09-02,10:15:00,3.3,3.3,3.3,3.3,700,0
2015-09-02,10:55:00,3.3,3.3,3.3,3.3,5401,0
2015-09-02,11:20:00,3.28,3.28,3.28,3.28,61,0
2015-09-02,11:50:00,3.29,3.29,3.25,3.25,11370,0
2015-09-02,12:05:00,3.26,3.26,3.26,3.26,4599,0
2015-09-02,12:20:00,3.26,3.26,3.26,3.26,1500,0
2015-09-02,13:10:00,3.26,3.26,3.26,3.26,400,0
2015-09-02,14:00:00,3.29,3.29,3.29,3.29,5,0
2015-09-02,14:15:00,3.27,3.27,3.27,3.27,600,0
2015-09-02,14:20:00,3.29,3.29,3.29,3.29,31,0
2015-09-02,14:50:00,3.29,3.29,3.29,3.29,10,0
2015-09-02,14:55:00,3.28,3.29,3.28,3.29,714,0
2015-09-02,15:00:00,3.3,3.34,3.3,3.34,1000,0
2015-09-02,15:20:00,3.3,3.3,3.29,3.29,8336,0
2015-09-02,15:25:00,3.3,3.3,3.3,3.3,2399,0
2015-09-02,16:10:00,3.29,3.29,3.29,3.29,600,0
2015-09-02,16:50:00,3.27,3.27,3.27,3.27,2584,0
2015-09-03,09:05:00,3.27,3.27,3.27,3.27,265,0
2015-09-03,09:10:00,3.26,3.26,3.25,3.25,1679,0
2015-09-03,09:25:00,3.25,3.25,3.25,3.25,309,0
2015-09-03,09:45:00,3.26,3.26,3.25,3.25,7718,0
2015-09-03,09:50:00,3.25,3.26,3.24,3.26,8334,0
2015-09-03,09:55:00,3.26,3.26,3.24,3.24,7540,0
2015-09-03,10:05:00,3.24,3.24,3.23,3.23,10000,0
2015-09-03,10:15:00,3.24,3.24,3.24,3.24,5000,0
2015-09-03,10:25:00,3.24,3.24,3.24,3.24,3000,0
2015-09-03,10:35:00,3.24,3.24,3.24,3.24,1000,0
2015-09-03,11:05:00,3.24,3.24,3.24,3.24,2800,0
2015-09-03,11:10:00,3.24,3.24,3.24,3.24,1000,0
2015-09-03,11:15:00,3.24,3.24,3.24,3.24,200,0
2015-09-03,11:20:00,3.24,3.24,3.24,3.24,492,0
2015-09-03,11:45:00,3.24,3.24,3.24,3.24,1508,0
2015-09-03,12:10:00,3.24,3.24,3.24,3.24,150000,0
2015-09-03,12:15:00,3.25,3.25,3.24,3.24,300650,0
2015-09-03,12:30:00,3.26,3.26,3.26,3.26,1408,0
2015-09-03,12:35:00,3.29,3.29,3.29,3.29,1748,0
2015-09-03,12:55:00,3.29,3.29,3.29,3.29,367,0
2015-09-03,13:05:00,3.29,3.29,3.29,3.29,150,0
2015-09-03,14:00:00,3.29,3.3,3.29,3.3,450,0
2015-09-03,15:05:00,3.29,3.29,3.29,3.29,500,0
2015-09-03,15:40:00,3.27,3.27,3.26,3.26,4742,0
2015-09-03,15:50:00,3.26,3.26,3.26,3.26,500,0
2015-09-03,16:00:00,3.26,3.26,3.26,3.26,700,0
2015-09-03,16:05:00,3.26,3.26,3.26,3.26,1000,0
2015-09-03,16:20:00,3.26,3.26,3.26,3.26,610,0
2015-09-03,16:35:00,3.26,3.26,3.26,3.26,390,0
2015-09-03,16:45:00,3.26,3.26,3.26,3.26,1000,0
2015-09-03,16:50:00,3.24,3.24,3.24,3.24,31058,0
2015-09-04,09:05:00,3.3,3.3,3.3,3.3,271,0
2015-09-04,09:30:00,3.29,3.29,3.29,3.29,275,0
2015-09-04,09:40:00,3.29,3.3,3.29,3.3,1000,0
2015-09-04,10:40:00,3.27,3.27,3.27,3.27,2000,0
2015-09-04,10:45:00,3.3,3.3,3.3,3.3,2406,0
2015-09-04,10:50:00,3.3,3.3,3.3,3.3,1614,0
2015-09-04,10:55:00,3.3,3.3,3.3,3.3,386,0
2015-09-04,11:10:00,3.31,3.31,3.31,3.31,500,0
2015-09-04,11:25:00,3.31,3.32,3.31,3.32,2699,0
2015-09-04,11:40:00,3.32,3.32,3.32,3.32,400,0
2015-09-04,11:55:00,3.32,3.32,3.32,3.32,200,0
2015-09-04,12:15:00,3.31,3.31,3.3,3.3,1214,0
2015-09-04,12:30:00,3.29,3.29,3.27,3.27,957000,0
2015-09-04,12:40:00,3.3,3.3,3.3,3.3,86,0
2015-09-04,12:45:00,3.29,3.29,3.29,3.29,832,0
2015-09-04,13:10:00,3.3,3.3,3.3,3.3,300,0
2015-09-04,13:20:00,3.31,3.31,3.31,3.31,723,0
2015-09-04,13:45:00,3.3,3.3,3.3,3.3,900,0
2015-09-04,14:15:00,3.3,3.32,3.3,3.32,3000,0
2015-09-04,15:35:00,3.32,3.32,3.32,3.32,300,0
2015-09-07,09:15:00,3.35,3.35,3.35,3.35,627,0
2015-09-07,10:40:00,3.3,3.3,3.3,3.3,7,0
2015-09-07,13:15:00,3.32,3.32,3.32,3.32,1000,0
2015-09-07,13:25:00,3.3,3.3,3.3,3.3,1085,0
2015-09-07,16:30:00,3.3,3.3,3.3,3.3,203,0
2015-09-08,09:05:00,3.3,3.3,3.3,3.3,1461,0
2015-09-08,11:40:00,3.32,3.32,3.32,3.32,500,0
2015-09-08,11:50:00,3.31,3.31,3.31,3.31,126,0
2015-09-08,12:50:00,3.32,3.32,3.32,3.32,5000,0
2015-09-08,14:50:00,3.31,3.31,3.31,3.31,820,0
2015-09-08,16:40:00,3.31,3.31,3.31,3.31,50,0
2015-09-08,16:50:00,3.34,3.34,3.34,3.34,80,0
2015-09-09,09:20:00,3.36,3.36,3.36,3.36,1,0
2015-09-09,10:50:00,3.36,3.36,3.36,3.36,2,0
2015-09-09,11:00:00,3.34,3.34,3.33,3.33,1454,0
2015-09-09,11:05:00,3.32,3.32,3.3,3.3,17042,0
2015-09-09,11:15:00,3.3,3.3,3.3,3.3,400,0
2015-09-09,11:20:00,3.3,3.3,3.3,3.3,302,0
2015-09-09,11:25:00,3.3,3.3,3.3,3.3,582,0
2015-09-09,11:40:00,3.3,3.3,3.3,3.3,52,0
2015-09-09,11:50:00,3.3,3.3,3.3,3.3,50,0
2015-09-09,12:00:00,3.3,3.3,3.3,3.3,100,0
2015-09-09,12:15:00,3.3,3.3,3.3,3.3,750,0
2015-09-09,12:20:00,3.3,3.3,3.3,3.3,1420,0
2015-09-09,12:30:00,3.3,3.3,3.3,3.3,624,0
2015-09-09,12:35:00,3.3,3.3,3.3,3.3,300,0
2015-09-09,12:45:00,3.3,3.3,3.3,3.3,50,0
2015-09-09,13:10:00,3.3,3.3,3.3,3.3,616,0
2015-09-09,14:05:00,3.3,3.3,3.3,3.3,666,0
2015-09-09,14:10:00,3.3,3.3,3.3,3.3,100,0
2015-09-09,14:25:00,3.3,3.3,3.3,3.3,1014,0
2015-09-09,15:05:00,3.3,3.3,3.3,3.3,3000,0
2015-09-09,15:25:00,3.3,3.3,3.3,3.3,3000,0
2015-09-09,16:30:00,3.29,3.29,3.29,3.29,1000,0
2015-09-09,16:45:00,3.29,3.29,3.29,3.29,300,0
2015-09-09,16:50:00,3.24,3.24,3.24,3.24,2305,0
2015-09-10,09:05:00,3.24,3.24,3.24,3.24,545,0
2015-09-10,09:35:00,3.31,3.31,3.31,3.31,300,0
2015-09-10,16:05:00,3.25,3.25,3.25,3.25,750,0
2015-09-10,16:50:00,3.29,3.29,3.29,3.29,300,0
2015-09-11,09:15:00,3.27,3.27,3.25,3.25,1500,0
2015-09-11,09:50:00,3.28,3.28,3.28,3.28,55,0
2015-09-11,10:15:00,3.28,3.28,3.28,3.28,555,0
2015-09-11,11:40:00,3.28,3.28,3.28,3.28,50,0
2015-09-11,12:05:00,3.25,3.25,3.24,3.24,454,0
2015-09-11,12:55:00,3.24,3.24,3.24,3.24,953,0
2015-09-11,16:05:00,3.27,3.27,3.27,3.27,428,0
2015-09-14,09:05:00,3.27,3.27,3.27,3.27,60,0
2015-09-14,10:25:00,3.26,3.26,3.26,3.26,600,0
2015-09-14,10:30:00,3.25,3.25,3.25,3.25,680,0
2015-09-14,10:35:00,3.25,3.25,3.25,3.25,820,0
2015-09-14,10:50:00,3.26,3.26,3.26,3.26,900,0
2015-09-14,12:40:00,3.27,3.27,3.27,3.27,300,0
2015-09-14,13:20:00,3.27,3.27,3.26,3.26,170,0
2015-09-14,13:30:00,3.25,3.25,3.25,3.25,148,0
2015-09-14,13:40:00,3.25,3.25,3.25,3.25,300,0
2015-09-14,13:45:00,3.26,3.26,3.26,3.26,500,0
2015-09-14,13:50:00,3.25,3.25,3.25,3.25,313,0
2015-09-14,13:55:00,3.26,3.26,3.26,3.26,1199,0
2015-09-14,14:25:00,3.26,3.26,3.26,3.26,500,0
2015-09-14,14:35:00,3.25,3.25,3.25,3.25,181,0
2015-09-14,14:40:00,3.25,3.25,3.25,3.25,2000,0
2015-09-14,14:50:00,3.24,3.24,3.23,3.23,3801,0
2015-09-14,15:15:00,3.23,3.23,3.22,3.22,1839,0
2015-09-14,15:45:00,3.22,3.22,3.22,3.22,180,0
2015-09-15,09:05:00,3.24,3.24,3.24,3.24,200,0
2015-09-15,09:25:00,3.23,3.23,3.23,3.23,457,0
2015-09-15,09:40:00,3.24,3.24,3.24,3.24,1451,0
2015-09-15,09:45:00,3.24,3.24,3.24,3.24,1500,0
2015-09-15,09:50:00,3.24,3.24,3.24,3.24,1500,0
2015-09-15,09:55:00,3.24,3.24,3.24,3.24,390,0
2015-09-15,10:10:00,3.23,3.23,3.23,3.23,454,0
2015-09-15,11:20:00,3.24,3.24,3.24,3.24,1950,0
2015-09-15,11:45:00,3.24,3.24,3.24,3.24,2823,0
2015-09-15,11:50:00,3.25,3.25,3.25,3.25,2000,0
2015-09-15,12:20:00,3.25,3.25,3.25,3.25,1972,0
2015-09-15,14:00:00,3.24,3.24,3.24,3.24,700,0
2015-09-15,14:30:00,3.25,3.27,3.25,3.27,2350,0
2015-09-15,16:00:00,3.25,3.25,3.25,3.25,3800,0
2015-09-15,16:05:00,3.25,3.25,3.25,3.25,1500,0
2015-09-16,09:05:00,3.3,3.3,3.3,3.3,50,0
2015-09-16,09:15:00,3.29,3.29,3.29,3.29,10,0
2015-09-16,09:25:00,3.25,3.25,3.23,3.23,1000,0
2015-09-16,10:00:00,3.27,3.27,3.27,3.27,350,0
2015-09-16,10:35:00,3.27,3.27,3.27,3.27,3,0
2015-09-16,12:00:00,3.27,3.27,3.27,3.27,305,0
2015-09-16,14:30:00,3.27,3.27,3.27,3.27,1500,0
2015-09-16,14:45:00,3.24,3.24,3.24,3.24,700,0
2015-09-16,16:10:00,3.25,3.25,3.25,3.25,650,0
2015-09-16,16:25:00,3.25,3.25,3.25,3.25,930,0
2015-09-17,09:05:00,3.25,3.25,3.25,3.25,845,0
2015-09-17,09:20:00,3.27,3.27,3.25,3.25,4200,0
2015-09-17,10:00:00,3.25,3.25,3.25,3.25,595,0
2015-09-17,10:50:00,3.27,3.27,3.27,3.27,1,0
2015-09-17,11:15:00,3.26,3.26,3.26,3.26,930,0
2015-09-17,12:15:00,3.26,3.26,3.26,3.26,329,0
2015-09-17,12:25:00,3.26,3.26,3.26,3.26,205,0
2015-09-17,12:30:00,3.26,3.26,3.26,3.26,1345,0
2015-09-17,12:45:00,3.27,3.27,3.27,3.27,436,0
2015-09-17,13:45:00,3.27,3.27,3.27,3.27,145,0
2015-09-17,13:55:00,3.27,3.27,3.27,3.27,305,0
2015-09-17,14:25:00,3.26,3.26,3.26,3.26,500,0
2015-09-17,14:55:00,3.26,3.26,3.26,3.26,1869,0
2015-09-17,16:00:00,3.26,3.26,3.26,3.26,1000,0
2015-09-17,16:10:00,3.26,3.27,3.26,3.27,1745,0
2015-09-17,16:25:00,3.26,3.26,3.26,3.26,745,0
2015-09-18,09:05:00,3.27,3.27,3.27,3.27,1,0
2015-09-18,10:10:00,3.26,3.26,3.26,3.26,236,0
2015-09-18,10:15:00,3.25,3.25,3.22,3.22,3000,0
2015-09-18,11:30:00,3.23,3.23,3.22,3.22,5250,0
2015-09-18,12:45:00,3.22,3.22,3.22,3.22,19,0
2015-09-18,13:30:00,3.23,3.23,3.23,3.23,1000,0
2015-09-18,16:50:00,3.26,3.26,3.26,3.26,2000,0
2015-09-21,09:05:00,3.22,3.22,3.22,3.22,3500,0
2015-09-21,09:10:00,3.26,3.26,3.26,3.26,45,0
2015-09-21,11:05:00,3.23,3.23,3.2,3.2,8578,0
2015-09-21,11:10:00,3.2,3.2,3.2,3.2,291,0
2015-09-21,11:15:00,3.2,3.2,3.19,3.19,299,0
2015-09-21,11:20:00,3.19,3.19,3.19,3.19,503,0
2015-09-21,11:25:00,3.19,3.2,3.19,3.2,2742,0
2015-09-21,11:40:00,3.2,3.2,3.2,3.2,19695,0
2015-09-21,13:10:00,3.21,3.21,3.2,3.2,9560,0
2015-09-21,14:05:00,3.2,3.2,3.2,3.2,10000,0
2015-09-21,14:10:00,3.2,3.2,3.2,3.2,10533,0
2015-09-21,14:30:00,3.2,3.2,3.2,3.2,400,0
2015-09-21,16:25:00,3.21,3.21,3.21,3.21,1000,0
2015-09-21,16:35:00,3.22,3.22,3.22,3.22,300,0
2015-09-22,09:45:00,3.25,3.25,3.25,3.25,1,0
2015-09-22,10:15:00,3.24,3.24,3.2,3.2,4611,0
2015-09-22,10:30:00,3.19,3.19,3.19,3.19,386,0
2015-09-22,10:45:00,3.2,3.2,3.2,3.2,1000,0
2015-09-22,10:50:00,3.2,3.2,3.2,3.2,340,0
2015-09-22,11:10:00,3.2,3.2,3.2,3.2,400,0
2015-09-22,11:15:00,3.2,3.2,3.2,3.2,3649,0
2015-09-22,11:35:00,3.2,3.2,3.2,3.2,1095,0
2015-09-22,12:00:00,3.2,3.2,3.2,3.2,216,0
2015-09-22,12:40:00,3.2,3.2,3.2,3.2,2000,0
2015-09-22,12:55:00,3.2,3.2,3.2,3.2,1172,0
2015-09-22,13:15:00,3.2,3.2,3.2,3.2,2000,0
2015-09-22,13:35:00,3.2,3.2,3.2,3.2,500,0
2015-09-22,14:30:00,3.25,3.25,3.25,3.25,10,0
2015-09-22,15:45:00,3.24,3.24,3.24,3.24,896,0
2015-09-22,16:25:00,3.21,3.21,3.19,3.19,2423,0
2015-09-22,16:30:00,3.19,3.19,3.19,3.19,14,0
2015-09-23,09:05:00,3.25,3.25,3.25,3.25,8,0
2015-09-23,09:55:00,3.22,3.22,3.22,3.22,75,0
2015-09-23,10:35:00,3.2,3.2,3.16,3.16,6409,0
2015-09-23,10:40:00,3.16,3.16,3.15,3.15,3000,0
2015-09-23,11:00:00,3.18,3.18,3.18,3.18,50,0
2015-09-23,11:35:00,3.17,3.17,3.17,3.17,250,0
2015-09-23,12:00:00,3.17,3.17,3.17,3.17,1500,0
2015-09-23,12:05:00,3.17,3.18,3.17,3.18,950,0
2015-09-23,12:10:00,3.22,3.22,3.22,3.22,6049,0
2015-09-23,12:15:00,3.22,3.22,3.22,3.22,1000,0
2015-09-23,15:10:00,3.2,3.2,3.2,3.2,1464,0
2015-09-23,15:25:00,3.2,3.2,3.2,3.2,1000,0
2015-09-23,15:30:00,3.2,3.2,3.2,3.2,396,0
2015-09-23,16:35:00,3.2,3.2,3.2,3.2,377,0
2015-09-24,09:20:00,3.2,3.2,3.2,3.2,160,0
2015-09-24,09:50:00,3.2,3.2,3.2,3.2,340,0
2015-09-24,10:05:00,3.2,3.2,3.2,3.2,75,0
2015-09-24,11:20:00,3.2,3.2,3.2,3.2,55,0
2015-09-24,12:15:00,3.18,3.18,3.18,3.18,1037,0
2015-09-24,12:50:00,3.19,3.2,3.19,3.2,8401,0
2015-09-24,13:15:00,3.17,3.17,3.17,3.17,1020,0
2015-09-24,13:20:00,3.2,3.2,3.2,3.2,1724,0
2015-09-24,13:30:00,3.2,3.2,3.2,3.2,200,0
2015-09-24,13:45:00,3.19,3.19,3.19,3.19,800,0
2015-09-24,13:50:00,3.2,3.2,3.2,3.2,2980,0
2015-09-24,13:55:00,3.17,3.17,3.17,3.17,500,0
2015-09-24,14:35:00,3.2,3.2,3.2,3.2,1500,0
2015-09-24,15:15:00,3.21,3.21,3.21,3.21,300,0
2015-09-25,09:05:00,3.2,3.2,3.16,3.2,505,0
2015-09-25,09:15:00,3.18,3.21,3.18,3.21,750,0
2015-09-25,09:25:00,3.21,3.21,3.21,3.21,300,0
2015-09-25,09:30:00,3.21,3.21,3.21,3.21,10,0
2015-09-25,10:00:00,3.21,3.21,3.21,3.21,600,0
2015-09-25,10:10:00,3.21,3.24,3.21,3.24,3550,0
2015-09-25,10:15:00,3.24,3.24,3.24,3.24,40,0
2015-09-25,10:40:00,3.24,3.24,3.24,3.24,8,0
2015-09-25,10:50:00,3.22,3.22,3.22,3.22,500,0
2015-09-25,10:55:00,3.22,3.22,3.22,3.22,226,0
2015-09-25,11:05:00,3.23,3.23,3.23,3.23,1000,0
2015-09-25,11:50:00,3.23,3.23,3.23,3.23,480,0
2015-09-25,12:00:00,3.22,3.22,3.22,3.22,500,0
2015-09-25,12:40:00,3.21,3.21,3.2,3.2,2900,0
2015-09-25,13:15:00,3.22,3.22,3.22,3.22,273,0
2015-09-25,13:20:00,3.22,3.23,3.22,3.23,270,0
2015-09-25,13:35:00,3.21,3.21,3.21,3.21,800,0
2015-09-25,14:15:00,3.22,3.22,3.22,3.22,464,0
2015-09-25,15:15:00,3.22,3.23,3.22,3.23,246,0
2015-09-25,15:25:00,3.22,3.23,3.22,3.23,1015,0
2015-09-25,15:50:00,3.22,3.22,3.22,3.22,500,0
2015-09-25,16:05:00,3.21,3.21,3.21,3.21,156,0
2015-09-25,16:50:00,3.24,3.24,3.24,3.24,1598,0
2015-09-28,09:05:00,3.24,3.24,3.22,3.22,133,0
2015-09-28,09:10:00,3.24,3.24,3.24,3.24,70,0
2015-09-28,09:15:00,3.23,3.23,3.2,3.2,3835,0
2015-09-28,09:35:00,3.22,3.22,3.21,3.21,300,0
2015-09-28,09:40:00,3.2,3.2,3.2,3.2,1404,0
2015-09-28,10:10:00,3.2,3.2,3.2,3.2,2805,0
2015-09-28,10:40:00,3.21,3.21,3.21,3.21,330,0
2015-09-28,11:40:00,3.21,3.21,3.21,3.21,500,0
2015-09-28,11:50:00,3.22,3.22,3.22,3.22,700,0
2015-09-28,11:55:00,3.21,3.22,3.21,3.22,2443,0
2015-09-28,12:35:00,3.22,3.22,3.22,3.22,42,0
2015-09-28,12:45:00,3.21,3.21,3.2,3.2,2203,0
2015-09-28,13:00:00,3.21,3.21,3.21,3.21,50,0
2015-09-28,13:10:00,3.2,3.2,3.2,3.2,100,0
2015-09-28,13:35:00,3.2,3.2,3.2,3.2,500,0
2015-09-28,13:40:00,3.21,3.21,3.21,3.21,500,0
2015-09-28,16:30:00,3.21,3.21,3.21,3.21,50,0
2015-09-28,16:35:00,3.2,3.2,3.2,3.2,333,0
2015-09-28,16:45:00,3.21,3.21,3.21,3.21,20,0
2015-09-28,16:50:00,3.2,3.2,3.2,3.2,634,0
2015-09-29,09:05:00,3.18,3.2,3.18,3.18,1186,0
2015-09-29,09:15:00,3.18,3.18,3.18,3.18,700,0
2015-09-29,09:30:00,3.18,3.18,3.18,3.18,316,0
2015-09-29,09:35:00,3.18,3.18,3.18,3.18,4,0
2015-09-29,10:20:00,3.18,3.2,3.17,3.19,1705,0
2015-09-29,10:40:00,3.2,3.2,3.2,3.2,200,0
2015-09-29,11:00:00,3.2,3.2,3.2,3.2,23,0
2015-09-29,11:25:00,3.2,3.2,3.2,3.2,100,0
2015-09-29,11:35:00,3.2,3.2,3.2,3.2,60,0
2015-09-29,11:50:00,3.2,3.2,3.18,3.18,2272,0
2015-09-29,11:55:00,3.2,3.2,3.2,3.2,1,0
2015-09-29,12:00:00,3.19,3.19,3.18,3.18,1069,0
2015-09-29,12:45:00,3.19,3.19,3.19,3.19,743,0
2015-09-29,13:30:00,3.2,3.2,3.19,3.19,2093,0
2015-09-29,13:40:00,3.2,3.2,3.2,3.2,111,0
2015-09-29,13:45:00,3.19,3.19,3.19,3.19,310,0
2015-09-29,14:10:00,3.19,3.19,3.19,3.19,500,0
2015-09-29,14:15:00,3.19,3.19,3.18,3.18,789,0
2015-09-29,14:45:00,3.18,3.18,3.18,3.18,234,0
2015-09-29,16:30:00,3.19,3.19,3.18,3.18,673,0
2015-09-29,16:35:00,3.19,3.19,3.19,3.19,50,0
2015-09-29,16:50:00,3.18,3.18,3.18,3.18,391,0
2015-09-30,09:05:00,3.2,3.2,3.2,3.2,1094,0
2015-09-30,09:20:00,3.21,3.22,3.2,3.2,1571,0
2015-09-30,10:10:00,3.21,3.21,3.21,3.21,310,0
2015-09-30,10:25:00,3.21,3.22,3.21,3.22,248,0
2015-09-30,11:50:00,3.2,3.2,3.2,3.2,8,0
2015-09-30,12:10:00,3.22,3.22,3.22,3.22,109,0
2015-09-30,12:15:00,3.21,3.21,3.2,3.2,1422,0
2015-09-30,14:55:00,3.22,3.22,3.22,3.22,390,0
2015-09-30,15:25:00,3.22,3.22,3.22,3.22,4,0
2015-09-30,15:30:00,3.21,3.21,3.2,3.2,4570,0
2015-09-30,16:50:00,3.18,3.18,3.18,3.18,1620,0
2015-10-01,09:05:00,3.17,3.17,3.17,3.17,1404,0
2015-10-01,09:25:00,3.18,3.18,3.18,3.18,380,0
2015-10-01,10:05:00,3.19,3.19,3.19,3.19,200,0
2015-10-01,10:15:00,3.2,3.21,3.2,3.21,2200,0
2015-10-01,10:40:00,3.2,3.2,3.2,3.2,350,0
2015-10-01,11:00:00,3.2,3.21,3.2,3.21,618,0
2015-10-01,12:05:00,3.21,3.21,3.2,3.2,2282,0
2015-10-01,12:30:00,3.2,3.2,3.2,3.2,320,0
2015-10-01,13:35:00,3.21,3.21,3.21,3.21,300,0
2015-10-01,13:55:00,3.19,3.19,3.18,3.18,1300,0
2015-10-01,14:20:00,3.18,3.18,3.18,3.18,200,0
2015-10-01,15:10:00,3.18,3.18,3.18,3.18,1,0
2015-10-01,15:30:00,3.18,3.18,3.18,3.18,1611,0
2015-10-01,15:35:00,3.18,3.18,3.18,3.18,604,0
2015-10-01,15:40:00,3.18,3.2,3.18,3.2,6868,0
2015-10-01,15:55:00,3.2,3.2,3.2,3.2,10000,0
2015-10-02,09:05:00,3.2,3.2,3.2,3.2,32,0
2015-10-02,10:10:00,3.2,3.2,3.2,3.2,228,0
2015-10-02,10:15:00,3.21,3.21,3.21,3.21,395,0
2015-10-02,10:40:00,3.18,3.18,3.18,3.18,2,0
2015-10-02,11:00:00,3.18,3.18,3.18,3.18,98,0
2015-10-02,12:20:00,3.2,3.2,3.2,3.2,125,0
2015-10-02,14:20:00,3.19,3.19,3.19,3.19,390,0
2015-10-02,15:35:00,3.19,3.19,3.19,3.19,130,0
2015-10-02,15:50:00,3.19,3.19,3.19,3.19,50,0
2015-10-02,16:00:00,3.19,3.19,3.19,3.19,295,0
2015-10-02,16:20:00,3.2,3.2,3.2,3.2,50,0
2015-10-02,16:25:00,3.19,3.19,3.19,3.19,500,0
2015-10-02,16:40:00,3.19,3.19,3.19,3.19,300,0
2015-10-02,16:50:00,3.19,3.19,3.19,3.19,30,0
2015-10-05,09:05:00,3.2,3.2,3.2,3.2,2,0
2015-10-05,11:00:00,3.19,3.19,3.19,3.19,1400,0
2015-10-05,11:20:00,3.19,3.19,3.19,3.19,1046,0
2015-10-05,11:25:00,3.19,3.19,3.19,3.19,150,0
2015-10-05,11:30:00,3.19,3.19,3.19,3.19,60,0
2015-10-05,12:10:00,3.19,3.19,3.19,3.19,2130,0
2015-10-05,12:20:00,3.19,3.19,3.19,3.19,233,0
2015-10-05,12:45:00,3.18,3.18,3.18,3.18,1604,0
2015-10-05,12:55:00,3.19,3.19,3.19,3.19,150,0
2015-10-05,13:25:00,3.19,3.19,3.19,3.19,60,0
2015-10-05,13:40:00,3.19,3.2,3.19,3.2,155,0
2015-10-05,14:30:00,3.2,3.2,3.2,3.2,500,0
2015-10-05,14:50:00,3.2,3.2,3.2,3.2,60,0
2015-10-05,14:55:00,3.2,3.2,3.2,3.2,1500,0
2015-10-05,15:00:00,3.2,3.21,3.2,3.21,310,0
2015-10-06,09:05:00,3.19,3.19,3.19,3.19,231,0
2015-10-06,10:30:00,3.2,3.2,3.19,3.19,180,0
2015-10-06,10:40:00,3.2,3.2,3.2,3.2,60,0
2015-10-06,10:45:00,3.19,3.19,3.19,3.19,1727,0
2015-10-06,11:35:00,3.19,3.19,3.19,3.19,1000,0
2015-10-06,11:55:00,3.19,3.19,3.19,3.19,903,0
2015-10-06,12:10:00,3.19,3.19,3.19,3.19,97,0
2015-10-06,12:30:00,3.19,3.19,3.19,3.19,722,0
2015-10-06,12:35:00,3.19,3.19,3.19,3.19,233,0
2015-10-06,12:45:00,3.19,3.19,3.19,3.19,225,0
2015-10-06,14:25:00,3.18,3.18,3.18,3.18,1100,0
2015-10-06,15:30:00,3.18,3.18,3.18,3.18,144,0
2015-10-06,15:35:00,3.18,3.18,3.18,3.18,233,0
2015-10-06,16:05:00,3.18,3.19,3.18,3.19,165,0
2015-10-06,16:15:00,3.18,3.18,3.18,3.18,40,0
2015-10-06,16:40:00,3.19,3.19,3.19,3.19,600,0
2015-10-06,16:45:00,3.18,3.19,3.18,3.19,430,0
2015-10-06,16:50:00,3.18,3.18,3.18,3.18,2,0
2015-10-07,09:10:00,3.19,3.19,3.19,3.19,4,0
2015-10-07,09:15:00,3.2,3.2,3.2,3.2,335,0
2015-10-07,09:20:00,3.2,3.2,3.19,3.19,971,0
2015-10-07,10:00:00,3.2,3.2,3.2,3.2,1235,0
2015-10-07,11:15:00,3.2,3.21,3.2,3.21,7000,0
2015-10-07,11:40:00,3.21,3.21,3.21,3.21,60,0
2015-10-07,11:50:00,3.21,3.21,3.21,3.21,100,0
2015-10-07,12:35:00,3.19,3.19,3.15,3.15,6200,0
2015-10-07,13:00:00,3.16,3.2,3.16,3.2,2100,0
2015-10-07,13:20:00,3.21,3.21,3.21,3.21,60,0
2015-10-07,13:45:00,3.2,3.2,3.2,3.2,40,0
2015-10-07,13:55:00,3.21,3.21,3.21,3.21,60,0
2015-10-07,16:10:00,3.2,3.2,3.2,3.2,420,0
2015-10-07,16:45:00,3.2,3.2,3.19,3.2,550,0
2015-10-08,09:05:00,3.17,3.17,3.17,3.17,500,0
2015-10-08,09:15:00,3.16,3.16,3.16,3.16,500,0
2015-10-08,09:20:00,3.16,3.16,3.14,3.14,1167,0
2015-10-08,09:35:00,3.14,3.14,3.14,3.14,1383,0
2015-10-08,09:40:00,3.14,3.14,3.14,3.14,450,0
2015-10-08,09:45:00,3.14,3.14,3.14,3.14,167,0
2015-10-08,10:15:00,3.15,3.15,3.14,3.14,4395,0
2015-10-08,10:25:00,3.14,3.14,3.14,3.14,250,0
2015-10-08,10:30:00,3.14,3.14,3.14,3.14,2355,0
2015-10-08,10:40:00,3.14,3.14,3.14,3.14,60,0
2015-10-08,10:50:00,3.14,3.14,3.14,3.14,985,0
2015-10-08,11:00:00,3.14,3.19,3.14,3.19,50,0
2015-10-08,11:30:00,3.15,3.15,3.15,3.15,500,0
2015-10-08,11:45:00,3.15,3.15,3.13,3.13,2257,0
2015-10-08,12:25:00,3.14,3.14,3.13,3.13,350,0
2015-10-08,13:30:00,3.14,3.14,3.14,3.14,350,0
2015-10-08,13:55:00,3.15,3.18,3.15,3.18,600,0
2015-10-08,14:20:00,3.18,3.18,3.18,3.18,150,0
2015-10-08,14:45:00,3.17,3.17,3.17,3.17,500,0
2015-10-08,14:50:00,3.18,3.18,3.18,3.18,400,0
2015-10-08,15:40:00,3.18,3.18,3.18,3.18,52,0
2015-10-08,15:45:00,3.18,3.19,3.18,3.19,3098,0
2015-10-08,16:00:00,3.19,3.19,3.19,3.19,10,0
2015-10-08,16:10:00,3.19,3.19,3.19,3.19,100,0
2015-10-08,16:45:00,3.19,3.19,3.19,3.19,542,0
2015-10-08,16:50:00,3.17,3.17,3.17,3.17,1000,0
2015-10-09,09:05:00,3.19,3.19,3.19,3.19,18,0
2015-10-09,09:20:00,3.2,3.2,3.2,3.2,500,0
2015-10-09,09:30:00,3.2,3.2,3.2,3.2,632,0
2015-10-09,09:50:00,3.19,3.19,3.19,3.19,300,0
2015-10-09,09:55:00,3.19,3.19,3.19,3.19,503,0
2015-10-09,10:10:00,3.19,3.19,3.19,3.19,2,0
2015-10-09,10:15:00,3.19,3.19,3.19,3.19,695,0
2015-10-09,11:30:00,3.19,3.19,3.19,3.19,225,0
2015-10-09,12:00:00,3.19,3.19,3.19,3.19,200,0
2015-10-09,13:05:00,3.18,3.18,3.18,3.18,62,0
2015-10-09,13:15:00,3.18,3.18,3.16,3.16,810,0
2015-10-09,13:25:00,3.16,3.16,3.16,3.16,153,0
2015-10-09,13:30:00,3.16,3.16,3.16,3.16,600,0
2015-10-09,15:25:00,3.16,3.16,3.16,3.16,830,0
2015-10-09,15:35:00,3.17,3.17,3.17,3.17,3000,0
2015-10-09,16:30:00,3.18,3.18,3.18,3.18,100,0
2015-10-09,16:35:00,3.18,3.18,3.18,3.18,1400,0
2015-10-09,16:50:00,3.18,3.19,3.18,3.19,820,0
2015-10-12,09:05:00,3.19,3.19,3.19,3.19,90,0
2015-10-12,09:25:00,3.19,3.19,3.19,3.19,230,0
2015-10-12,10:45:00,3.19,3.19,3.19,3.19,4341,0
2015-10-12,11:10:00,3.19,3.19,3.19,3.19,1437,0
2015-10-12,11:15:00,3.19,3.19,3.19,3.19,1000,0
2015-10-12,11:35:00,3.19,3.19,3.19,3.19,600,0
2015-10-12,11:40:00,3.19,3.19,3.19,3.19,2745,0
2015-10-12,11:55:00,3.2,3.2,3.2,3.2,10,0
2015-10-12,12:45:00,3.2,3.2,3.2,3.2,59,0
2015-10-12,14:20:00,3.19,3.19,3.19,3.19,329,0
2015-10-12,14:55:00,3.2,3.2,3.2,3.2,100,0
2015-10-12,15:15:00,3.19,3.19,3.19,3.19,313,0
2015-10-12,16:15:00,3.19,3.19,3.19,3.19,225,0
2015-10-12,16:45:00,3.2,3.2,3.19,3.19,3091,0
2015-10-12,16:50:00,3.19,3.19,3.18,3.19,1617,0
2015-10-13,09:05:00,3.19,3.19,3.19,3.19,3,0
2015-10-13,09:40:00,3.19,3.19,3.19,3.19,653,0
2015-10-13,09:45:00,3.18,3.18,3.18,3.18,799,0
2015-10-13,11:55:00,3.18,3.18,3.18,3.18,873,0
2015-10-13,12:35:00,3.18,3.18,3.18,3.18,57,0
2015-10-13,12:55:00,3.18,3.18,3.18,3.18,500,0
2015-10-13,13:20:00,3.17,3.17,3.17,3.17,265,0
2015-10-13,14:25:00,3.18,3.18,3.18,3.18,500,0
2015-10-13,16:15:00,3.18,3.18,3.18,3.18,15,0
2015-10-13,16:50:00,3.17,3.17,3.17,3.17,155,0
2015-10-14,09:05:00,3.18,3.18,3.18,3.18,500,0
2015-10-14,09:30:00,3.17,3.17,3.17,3.17,17,0
2015-10-14,09:50:00,3.17,3.17,3.1,3.1,10289,0
2015-10-14,10:25:00,3.12,3.18,3.12,3.18,1001,0
2015-10-14,10:50:00,3.15,3.15,3.15,3.15,450,0
2015-10-14,12:35:00,3.16,3.16,3.15,3.15,690,0
2015-10-14,13:25:00,3.16,3.16,3.15,3.15,2471,0
2015-10-14,14:25:00,3.15,3.15,3.15,3.15,1000,0
2015-10-14,15:25:00,3.14,3.14,3.14,3.14,572,0
2015-10-14,15:45:00,3.15,3.15,3.15,3.15,500,0
2015-10-14,16:50:00,3.15,3.15,3.15,3.15,5000,0
2015-10-15,09:05:00,3.11,3.15,3.11,3.15,854,0
2015-10-15,11:05:00,3.14,3.14,3.14,3.14,300,0
2015-10-15,11:10:00,3.13,3.13,3.13,3.13,3408,0
2015-10-15,11:55:00,3.14,3.14,3.14,3.14,200,0
2015-10-15,12:15:00,3.14,3.14,3.14,3.14,450,0
2015-10-15,13:20:00,3.13,3.13,3.13,3.13,110,0
2015-10-15,13:45:00,3.14,3.14,3.14,3.14,508,0
2015-10-15,13:50:00,3.13,3.13,3.13,3.13,200,0
2015-10-15,16:10:00,3.14,3.14,3.13,3.13,3790,0
2015-10-15,16:20:00,3.12,3.12,3.12,3.12,460,0
2015-10-15,16:50:00,3.12,3.13,3.12,3.13,4086,0
2015-10-16,09:05:00,3.13,3.13,3.13,3.13,1700,0
2015-10-16,09:10:00,3.12,3.12,3.12,3.12,1806,0
2015-10-16,09:40:00,3.12,3.12,3.12,3.12,435,0
2015-10-16,09:55:00,3.12,3.12,3.12,3.12,1578,0
2015-10-16,10:05:00,3.12,3.12,3.12,3.12,300,0
2015-10-16,10:10:00,3.11,3.11,3.11,3.11,1422,0
2015-10-16,11:00:00,3.13,3.13,3.13,3.13,500,0
2015-10-16,13:15:00,3.15,3.15,3.15,3.15,111,0
2015-10-16,15:55:00,3.15,3.21,3.15,3.21,5000,0
2015-10-19,09:05:00,3.21,3.21,3.15,3.15,1135,0
2015-10-19,09:25:00,3.21,3.21,3.21,3.21,1,0
2015-10-19,09:55:00,3.21,3.21,3.21,3.21,1500,0
2015-10-19,10:10:00,3.21,3.21,3.21,3.21,100,0
2015-10-19,11:20:00,3.21,3.21,3.21,3.21,20,0
2015-10-19,11:25:00,3.21,3.21,3.21,3.21,7,0
2015-10-19,12:20:00,3.2,3.2,3.2,3.2,570,0
2015-10-19,15:20:00,3.18,3.18,3.16,3.16,1278,0
2015-10-19,15:50:00,3.16,3.16,3.16,3.16,1200,0
2015-10-19,16:25:00,3.18,3.18,3.18,3.18,349,0
2015-10-19,16:50:00,3.18,3.18,3.16,3.16,1410,0
2015-10-20,09:05:00,3.15,3.15,3.15,3.15,135,0
2015-10-20,10:25:00,3.15,3.15,3.15,3.15,500,0
2015-10-20,11:10:00,3.17,3.17,3.17,3.17,10,0
2015-10-20,11:30:00,3.17,3.17,3.17,3.17,56,0
2015-10-20,13:55:00,3.17,3.17,3.17,3.17,123,0
2015-10-20,15:45:00,3.17,3.17,3.17,3.17,1000,0
2015-10-20,16:50:00,3.16,3.16,3.15,3.15,2942,0
2015-10-21,09:10:00,3.17,3.17,3.17,3.17,2,0
2015-10-21,10:20:00,3.17,3.17,3.17,3.17,500,0
2015-10-21,10:25:00,3.17,3.17,3.17,3.17,200,0
2015-10-21,10:30:00,3.17,3.17,3.17,3.17,2000,0
2015-10-21,10:50:00,3.17,3.17,3.17,3.17,41,0
2015-10-21,11:05:00,3.17,3.17,3.17,3.17,814,0
2015-10-21,11:55:00,3.16,3.16,3.16,3.16,900,0
2015-10-21,12:10:00,3.17,3.17,3.17,3.17,2210,0
2015-10-21,13:00:00,3.17,3.17,3.17,3.17,39,0
2015-10-21,14:15:00,3.17,3.17,3.17,3.17,100,0
2015-10-21,15:05:00,3.17,3.17,3.17,3.17,48,0
2015-10-21,16:50:00,3.16,3.16,3.16,3.16,523,0
2015-10-22,09:05:00,3.15,3.15,3.15,3.15,118,0
2015-10-22,11:05:00,3.16,3.16,3.16,3.16,340,0
2015-10-22,11:10:00,3.16,3.16,3.16,3.16,1000,0
2015-10-22,11:20:00,3.16,3.16,3.15,3.15,500,0
2015-10-22,12:35:00,3.15,3.15,3.15,3.15,1361,0
2015-10-22,15:35:00,3.14,3.14,3.14,3.14,1841,0
2015-10-22,16:05:00,3.14,3.14,3.14,3.14,500,0
2015-10-22,16:20:00,3.14,3.15,3.14,3.15,1860,0
2015-10-22,16:50:00,3.17,3.17,3.17,3.17,513,0
2015-10-23,09:05:00,3.17,3.17,3.17,3.17,75,0
2015-10-23,09:15:00,3.17,3.17,3.17,3.17,510,0
2015-10-23,10:40:00,3.19,3.19,3.19,3.19,170,0
2015-10-23,11:10:00,3.18,3.18,3.18,3.18,300,0
2015-10-23,13:35:00,3.17,3.17,3.17,3.17,9,0
2015-10-23,14:35:00,3.18,3.18,3.18,3.18,600,0
2015-10-23,14:45:00,3.18,3.18,3.18,3.18,836,0
2015-10-23,15:10:00,3.19,3.19,3.19,3.19,491,0
2015-10-23,15:15:00,3.19,3.19,3.19,3.19,313,0
2015-10-23,16:05:00,3.18,3.18,3.18,3.18,1108,0
2015-10-23,16:40:00,3.17,3.17,3.16,3.16,1000,0
2015-10-23,16:50:00,3.18,3.18,3.18,3.18,144,0
2015-10-26,09:05:00,3.19,3.19,3.19,3.19,68,0
2015-10-26,10:20:00,3.18,3.19,3.18,3.19,3000,0
2015-10-26,11:25:00,3.19,3.19,3.19,3.19,3000,0
2015-10-26,13:30:00,3.19,3.19,3.19,3.19,1000,0
2015-10-26,14:30:00,3.19,3.19,3.19,3.19,200,0
2015-10-26,15:20:00,3.19,3.19,3.19,3.19,400,0
2015-10-27,09:05:00,3.19,3.19,3.19,3.19,1000,0
2015-10-27,09:20:00,3.19,3.2,3.19,3.2,3619,0
2015-10-27,09:30:00,3.2,3.2,3.2,3.2,3500,0
2015-10-27,10:00:00,3.2,3.2,3.2,3.2,400,0
2015-10-27,10:35:00,3.2,3.2,3.2,3.2,250,0
2015-10-27,10:45:00,3.19,3.19,3.19,3.19,105,0
2015-10-27,11:10:00,3.19,3.19,3.19,3.19,300,0
2015-10-27,11:15:00,3.18,3.18,3.18,3.18,1,0
2015-10-27,11:30:00,3.19,3.2,3.19,3.2,1000,0
2015-10-27,11:55:00,3.19,3.2,3.19,3.2,500,0
2015-10-27,12:35:00,3.19,3.2,3.19,3.2,300,0
2015-10-27,13:10:00,3.19,3.19,3.19,3.19,315,0
2015-10-27,13:55:00,3.19,3.19,3.19,3.19,1000,0
2015-10-27,16:10:00,3.2,3.2,3.2,3.2,1000,0
2015-10-28,09:05:00,3.19,3.19,3.19,3.19,870,0
2015-10-28,09:45:00,3.18,3.18,3.18,3.18,630,0
2015-10-28,09:50:00,3.17,3.17,3.17,3.17,670,0
2015-10-28,12:45:00,3.17,3.17,3.17,3.17,350,0
2015-10-28,13:05:00,3.19,3.19,3.19,3.19,1550,0
2015-10-28,13:55:00,3.19,3.19,3.19,3.19,1550,0
2015-10-28,14:35:00,3.19,3.19,3.19,3.19,102,0
2015-10-28,15:40:00,3.18,3.18,3.17,3.17,790,0
2015-10-28,16:50:00,3.17,3.17,3.17,3.17,370,0
2015-10-29,09:05:00,3.16,3.2,3.16,3.2,5001,0
2015-10-29,10:20:00,3.19,3.19,3.19,3.19,380,0
2015-10-29,10:50:00,3.17,3.17,3.17,3.17,3,0
2015-10-29,13:30:00,3.17,3.17,3.17,3.17,10,0
2015-10-29,14:35:00,3.17,3.17,3.17,3.17,987,0
2015-10-29,14:50:00,3.17,3.17,3.17,3.17,13,0
2015-10-29,15:20:00,3.17,3.17,3.16,3.16,2000,0
2015-10-29,16:15:00,3.16,3.16,3.16,3.16,1563,0
2015-10-29,16:50:00,3.16,3.16,3.16,3.16,500,0
2015-10-30,09:05:00,3.19,3.19,3.19,3.19,1000,0
2015-10-30,09:30:00,3.18,3.19,3.18,3.19,1010,0
2015-10-30,09:45:00,3.16,3.16,3.16,3.16,2,0
2015-10-30,14:50:00,3.17,3.17,3.16,3.16,2571,0
2015-10-30,15:20:00,3.16,3.16,3.16,3.16,300,0
2015-10-30,15:25:00,3.15,3.15,3.15,3.15,280,0
2015-10-30,15:50:00,3.16,3.16,3.16,3.16,100,0
2015-10-30,16:25:00,3.16,3.16,3.16,3.16,1200,0
2015-10-30,16:40:00,3.16,3.16,3.16,3.16,629,0
2015-10-30,16:50:00,3.15,3.15,3.15,3.15,900,0
2015-11-02,09:05:00,3.15,3.15,3.15,3.15,1,0
2015-11-02,09:45:00,3.16,3.16,3.16,3.16,550,0
2015-11-02,10:00:00,3.19,3.19,3.19,3.19,146,0
2015-11-02,11:05:00,3.18,3.18,3.18,3.18,300,0
2015-11-02,11:40:00,3.18,3.19,3.18,3.19,1780,0
2015-11-02,12:00:00,3.19,3.2,3.19,3.2,210,0
2015-11-02,13:20:00,3.2,3.2,3.2,3.2,300,0
2015-11-02,15:25:00,3.17,3.17,3.17,3.17,644,0
2015-11-02,16:50:00,3.2,3.2,3.2,3.2,3451,0
2015-11-03,09:05:00,3.2,3.2,3.2,3.2,250,0
2015-11-03,09:30:00,3.2,3.26,3.2,3.26,8839,0
2015-11-03,09:45:00,3.26,3.26,3.26,3.26,1325,0
2015-11-03,09:55:00,3.27,3.29,3.27,3.29,1764,0
2015-11-03,10:15:00,3.31,3.31,3.31,3.31,1300,0
2015-11-03,12:00:00,3.29,3.29,3.29,3.29,30,0
2015-11-03,12:30:00,3.28,3.29,3.28,3.29,1348,0
2015-11-03,12:40:00,3.3,3.3,3.3,3.3,1450,0
2015-11-03,12:50:00,3.28,3.28,3.28,3.28,4000,0
2015-11-03,13:05:00,3.3,3.3,3.3,3.3,500,0
2015-11-03,14:00:00,3.29,3.3,3.29,3.3,3488,0
2015-11-03,14:05:00,3.31,3.31,3.3,3.31,6000,0
2015-11-03,14:15:00,3.3,3.3,3.3,3.3,1000,0
2015-11-03,15:00:00,3.3,3.3,3.3,3.3,200,0
2015-11-03,15:10:00,3.28,3.28,3.28,3.28,250,0
2015-11-03,15:15:00,3.3,3.3,3.3,3.3,1200,0
2015-11-03,15:25:00,3.3,3.3,3.3,3.3,2000,0
2015-11-03,16:00:00,3.28,3.28,3.28,3.28,5749,0
2015-11-03,16:15:00,3.28,3.28,3.28,3.28,511,0
2015-11-03,16:40:00,3.3,3.3,3.3,3.3,270,0
2015-11-03,16:45:00,3.3,3.3,3.3,3.3,2000,0
2015-11-03,16:50:00,3.3,3.3,3.3,3.3,8227,0
2015-11-04,09:05:00,3.31,3.31,3.31,3.31,3642,0
2015-11-04,09:15:00,3.31,3.31,3.31,3.31,468,0
2015-11-04,09:25:00,3.31,3.31,3.31,3.31,5703,0
2015-11-04,09:45:00,3.32,3.32,3.32,3.32,225,0
2015-11-04,09:50:00,3.33,3.33,3.33,3.33,100,0
2015-11-04,10:55:00,3.33,3.34,3.33,3.34,3407,0
2015-11-04,11:00:00,3.33,3.33,3.33,3.33,491,0
2015-11-04,12:40:00,3.33,3.33,3.33,3.33,472,0
2015-11-04,14:40:00,3.33,3.33,3.33,3.33,128,0
2015-11-04,15:05:00,3.34,3.34,3.34,3.34,16,0
2015-11-04,15:10:00,3.34,3.34,3.34,3.34,372,0
2015-11-04,16:05:00,3.32,3.32,3.32,3.32,3497,0
2015-11-04,16:50:00,3.34,3.34,3.34,3.34,300,0
2015-11-05,09:05:00,3.34,3.34,3.34,3.34,495,0
2015-11-05,09:15:00,3.34,3.35,3.34,3.35,1100,0
2015-11-05,09:40:00,3.34,3.34,3.33,3.33,896,0
2015-11-05,09:50:00,3.34,3.34,3.34,3.34,400,0
2015-11-05,10:25:00,3.34,3.34,3.34,3.34,1500,0
2015-11-05,10:30:00,3.33,3.33,3.33,3.33,300,0
2015-11-05,11:10:00,3.34,3.39,3.34,3.39,19744,0
2015-11-05,11:15:00,3.39,3.4,3.39,3.4,1480,0
2015-11-05,11:20:00,3.39,3.39,3.39,3.39,205,0
2015-11-05,11:25:00,3.4,3.4,3.4,3.4,300,0
2015-11-05,11:40:00,3.39,3.39,3.39,3.39,300,0
2015-11-05,11:45:00,3.4,3.41,3.4,3.41,14372,0
2015-11-05,12:00:00,3.43,3.43,3.43,3.43,500,0
2015-11-05,12:20:00,3.43,3.43,3.43,3.43,2793,0
2015-11-05,12:25:00,3.43,3.43,3.43,3.43,709,0
2015-11-05,12:40:00,3.41,3.41,3.41,3.41,144,0
2015-11-05,12:45:00,3.43,3.43,3.43,3.43,1316,0
2015-11-05,12:50:00,3.43,3.43,3.43,3.43,3000,0
2015-11-05,13:00:00,3.43,3.44,3.43,3.44,373,0
2015-11-05,13:10:00,3.44,3.44,3.44,3.44,856,0
2015-11-05,13:15:00,3.43,3.43,3.43,3.43,313,0
2015-11-05,13:25:00,3.43,3.43,3.42,3.42,3618,0
2015-11-05,13:35:00,3.42,3.42,3.42,3.42,2170,0
2015-11-05,13:40:00,3.42,3.42,3.42,3.42,130,0
2015-11-05,13:45:00,3.4,3.4,3.4,3.4,750,0
2015-11-05,15:55:00,3.4,3.41,3.4,3.41,1060,0
2015-11-05,16:25:00,3.4,3.4,3.4,3.4,390,0
2015-11-05,16:35:00,3.41,3.41,3.39,3.39,1440,0
2015-11-05,16:50:00,3.4,3.4,3.4,3.4,3685,0
2015-11-06,09:05:00,3.44,3.45,3.44,3.45,4440,0
2015-11-06,09:40:00,3.4,3.4,3.4,3.4,700,0
2015-11-06,09:50:00,3.39,3.39,3.39,3.39,129,0
2015-11-06,10:05:00,3.37,3.37,3.37,3.37,520,0
2015-11-06,10:10:00,3.34,3.34,3.34,3.34,310,0
2015-11-06,10:15:00,3.34,3.34,3.34,3.34,870,0
2015-11-06,10:45:00,3.42,3.42,3.42,3.42,8,0
2015-11-06,11:50:00,3.4,3.4,3.4,3.4,800,0
2015-11-06,12:30:00,3.4,3.4,3.4,3.4,1050,0
2015-11-06,12:55:00,3.4,3.4,3.4,3.4,200,0
2015-11-06,13:40:00,3.4,3.4,3.4,3.4,600,0
2015-11-06,14:45:00,3.4,3.4,3.4,3.4,325,0
2015-11-06,15:30:00,3.4,3.4,3.4,3.4,203,0
2015-11-06,15:50:00,3.4,3.4,3.4,3.4,74,0
2015-11-06,16:00:00,3.4,3.4,3.4,3.4,1020,0
2015-11-06,16:05:00,3.41,3.41,3.4,3.41,4423,0
2015-11-06,16:20:00,3.41,3.41,3.41,3.41,238,0
2015-11-06,16:35:00,3.42,3.42,3.42,3.42,349,0
2015-11-09,09:05:00,3.44,3.44,3.44,3.44,866,0
2015-11-09,11:05:00,3.42,3.42,3.42,3.42,150,0
2015-11-09,12:10:00,3.4,3.4,3.38,3.38,3155,0
2015-11-09,12:55:00,3.39,3.39,3.38,3.38,1000,0
2015-11-09,13:40:00,3.38,3.38,3.38,3.38,2000,0
2015-11-09,14:00:00,3.4,3.4,3.4,3.4,250,0
2015-11-09,14:25:00,3.38,3.38,3.38,3.38,2171,0
2015-11-09,15:25:00,3.38,3.38,3.37,3.37,7258,0
2015-11-09,15:50:00,3.37,3.37,3.37,3.37,599,0
2015-11-09,16:05:00,3.37,3.37,3.37,3.37,2511,0
2015-11-09,16:25:00,3.37,3.37,3.37,3.37,1500,0
2015-11-09,16:50:00,3.36,3.36,3.34,3.34,10000,0
2015-11-10,09:05:00,3.34,3.34,3.34,3.34,560,0
2015-11-10,11:45:00,3.39,3.39,3.39,3.39,3,0
2015-11-10,13:00:00,3.35,3.35,3.35,3.35,16,0
2015-11-10,15:50:00,3.39,3.39,3.39,3.39,100,0
2015-11-10,16:10:00,3.39,3.4,3.39,3.4,1440,0
2015-11-10,16:15:00,3.4,3.4,3.4,3.4,1100,0
2015-11-10,16:20:00,3.41,3.42,3.41,3.42,510,0
2015-11-10,16:30:00,3.41,3.41,3.4,3.4,333,0
2015-11-10,16:40:00,3.41,3.41,3.41,3.41,350,0
2015-11-10,16:50:00,3.41,3.41,3.41,3.41,1450,0
