Date,Time,Open,High,Low,Close,Volume,OpenInt
2015-08-12,10:05:00,38.61,38.61,38.61,38.61,59,0
2015-08-12,10:45:00,38.61,38.61,38.61,38.61,49,0
2015-08-12,11:00:00,38.61,38.61,38.61,38.61,63,0
2015-08-12,14:15:00,38.65,38.65,38.61,38.61,66,0
2015-08-12,16:05:00,38.93,39,38.93,39,35,0
2015-08-13,09:50:00,39,39,39,39,1,0
2015-08-13,10:25:00,39,39.1,39,39.1,119,0
2015-08-13,10:45:00,39.3,39.3,39.3,39.3,4,0
2015-08-13,11:15:00,38.7,38.7,38.7,38.7,15,0
2015-08-13,12:40:00,39.2,39.2,39.2,39.2,4577,0
2015-08-13,13:40:00,39.2,39.2,39,39,33,0
2015-08-13,14:50:00,39,39,39,39,30,0
2015-08-13,15:25:00,38.71,39,38.71,39,161,0
2015-08-13,15:55:00,39,39,39,39,10000,0
2015-08-13,16:00:00,39,39,39,39,6602,0
2015-08-13,16:10:00,38.71,38.71,38.7,38.7,20126,0
2015-08-13,16:15:00,38.71,38.71,38.7,38.7,382,0
2015-08-13,16:50:00,38.7,38.7,38.7,38.7,93,0
2015-08-14,09:10:00,38.7,38.7,38.7,38.7,290,0
2015-08-14,09:40:00,38.65,38.65,38.65,38.65,75,0
2015-08-14,16:30:00,38.71,38.71,38.71,38.71,40,0
2015-08-14,16:45:00,38.71,38.71,38.7,38.7,15,0
2015-08-14,16:50:00,38.7,38.7,38.7,38.7,47,0
2015-08-17,09:15:00,38.9,38.9,38.9,38.9,1,0
2015-08-17,09:45:00,38.61,38.61,38.61,38.61,80,0
2015-08-17,10:15:00,38.61,38.61,38.61,38.61,257,0
2015-08-17,10:50:00,38.61,38.61,38.61,38.61,348,0
2015-08-17,13:15:00,38.4,38.4,38.4,38.4,400,0
2015-08-17,14:20:00,38.4,38.4,38.3,38.3,476,0
2015-08-17,15:35:00,37.5,37.5,37.5,37.5,38,0
2015-08-17,15:40:00,37.5,37.5,37,37,393,0
2015-08-17,16:00:00,36.01,36.01,36.01,36.01,2,0
2015-08-17,16:30:00,36.03,36.03,36.03,36.03,41,0
2015-08-17,16:50:00,36.41,36.41,36.41,36.41,216,0
2015-08-18,09:05:00,36.42,36.42,36.42,36.42,44,0
2015-08-18,09:10:00,36.41,36.41,36.41,36.41,5,0
2015-08-18,10:20:00,36.41,36.41,36.41,36.41,80,0
2015-08-18,11:20:00,36.41,36.41,36.41,36.41,32,0
2015-08-18,11:35:00,36.41,36.41,36.41,36.41,42,0
2015-08-18,12:00:00,36.7,37.89,36.7,37.89,209,0
2015-08-18,12:40:00,37.9,37.9,37.9,37.9,17,0
2015-08-18,12:45:00,37.9,37.9,37.9,37.9,115,0
2015-08-18,15:40:00,36.86,36.86,36.86,36.86,10,0
2015-08-18,16:50:00,36.75,36.75,36.75,36.75,8,0
2015-08-19,09:05:00,36.84,36.84,36.42,36.42,100,0
2015-08-19,16:45:00,36.77,36.77,36.77,36.77,125,0
2015-08-19,16:50:00,36.76,36.76,36.76,36.76,153,0
2015-08-20,09:05:00,36.76,36.76,36.76,36.76,57,0
2015-08-20,10:25:00,37,37,37,37,400,0
2015-08-20,10:30:00,37,37,37,37,100,0
2015-08-20,11:20:00,36.76,36.76,36.76,36.76,100,0
2015-08-20,11:30:00,36.76,36.76,36.76,36.76,44,0
2015-08-20,15:15:00,36.76,36.76,36.76,36.76,5,0
2015-08-20,16:50:00,36.95,36.95,36.95,36.95,5124,0
2015-08-21,09:05:00,39,39,39,39,12,0
2015-08-21,11:05:00,37.2,37.2,37.2,37.2,21,0
2015-08-21,12:25:00,37.2,37.2,37.2,37.2,22,0
2015-08-21,15:05:00,37,37,36.76,36.76,175,0
2015-08-21,15:55:00,37.89,37.89,37.89,37.89,14,0
2015-08-21,16:50:00,37.9,37.9,37.85,37.85,99,0
2015-08-24,09:05:00,35.05,35.05,35.05,35.05,1129,0
2015-08-24,11:50:00,35.6,35.6,35.6,35.6,110,0
2015-08-24,12:10:00,35.6,35.6,35.6,35.6,14,0
2015-08-24,13:20:00,35.7,35.7,35.7,35.7,36,0
2015-08-24,13:30:00,35.7,35.7,35.65,35.65,49,0
2015-08-24,13:35:00,35.6,35.6,35.11,35.11,135,0
2015-08-24,13:45:00,35.59,35.59,35.59,35.59,223,0
2015-08-24,13:55:00,35.59,35.59,35.59,35.59,74,0
2015-08-24,14:00:00,35.59,35.59,35.59,35.59,100,0
2015-08-24,14:10:00,35.59,36,35.59,36,367,0
2015-08-24,14:40:00,35.59,35.59,35.59,35.59,65,0
2015-08-24,15:20:00,35.59,36.29,35.59,36.29,1080,0
2015-08-24,15:35:00,36.28,36.28,36.28,36.28,31,0
2015-08-24,16:05:00,36.19,36.19,36.19,36.19,32,0
2015-08-24,16:10:00,35.72,36.18,35.71,36.18,1258,0
2015-08-24,16:30:00,35.99,36,35.99,36,467,0
2015-08-24,16:35:00,36.18,36.18,36.18,36.18,32,0
2015-08-24,16:40:00,36,36.18,36,36.18,95,0
2015-08-24,16:50:00,36.18,36.19,36,36,668,0
2015-08-25,09:05:00,36.18,36.18,36,36,850,0
2015-08-25,09:30:00,36.18,36.18,36.18,36.18,64,0
2015-08-25,09:45:00,36.18,36.18,36.18,36.18,21,0
2015-08-25,10:05:00,36.18,36.18,36.18,36.18,5,0
2015-08-25,11:05:00,36.18,36.29,36.18,36.29,8548,0
2015-08-25,12:30:00,36,36.5,36,36.5,421,0
2015-08-25,12:40:00,36.5,36.5,36.5,36.5,331,0
2015-08-25,13:25:00,36,36.5,36,36.5,64,0
2015-08-25,13:30:00,36.5,36.5,36.5,36.5,297,0
2015-08-25,14:30:00,36,36.5,36,36.5,134,0
2015-08-25,14:55:00,36,36.5,36,36.5,111,0
2015-08-25,15:10:00,36.5,36.99,36.5,36.99,26,0
2015-08-25,15:15:00,36,36.89,36,36.89,624,0
2015-08-25,15:35:00,36.84,36.84,36.84,36.84,37,0
2015-08-25,15:45:00,35.71,36.87,35.7,36.87,326,0
2015-08-25,16:05:00,36,36,36,36,200,0
2015-08-25,16:15:00,35.7,36.48,35.7,36.48,93,0
2015-08-25,16:20:00,36.48,36.49,36.48,36.49,43,0
2015-08-25,16:25:00,35.73,35.73,35.11,35.11,262,0
2015-08-25,16:30:00,36.29,36.29,36.29,36.29,1,0
2015-08-25,16:40:00,36.37,36.37,36.37,36.37,20,0
2015-08-25,16:50:00,36.35,36.39,36.35,36.39,282,0
2015-08-26,09:05:00,37,37,37,37,42,0
2015-08-26,09:30:00,36.19,36.2,36.19,36.2,51,0
2015-08-26,12:00:00,35.5,35.5,35.5,35.5,229,0
2015-08-26,14:15:00,35.36,35.36,35.31,35.31,3563,0
2015-08-26,14:55:00,35.52,35.52,35.52,35.52,14,0
2015-08-26,15:25:00,35.52,35.52,35.31,35.31,679,0
2015-08-26,16:10:00,35.37,36.1,35.37,36.1,3500,0
2015-08-26,16:40:00,35.3,35.3,35.3,35.3,1,0
2015-08-26,16:50:00,35.99,36.1,35.26,36.1,125,0
2015-08-27,09:05:00,36.89,36.89,36.89,36.89,3,0
2015-08-27,09:20:00,35.8,36.19,35.8,36.19,2,0
2015-08-27,11:15:00,36,36,36,36,30000,0
2015-08-27,11:25:00,35.9,35.9,35.9,35.9,24,0
2015-08-27,11:35:00,35.9,35.9,35.9,35.9,24,0
2015-08-27,11:40:00,35.9,35.9,35.9,35.9,15,0
2015-08-27,11:45:00,35.81,35.81,35.81,35.81,266,0
2015-08-27,11:50:00,35.81,35.81,35.81,35.81,24,0
2015-08-27,11:55:00,35.81,35.81,35.81,35.81,27,0
2015-08-27,12:00:00,35.81,35.81,35.81,35.81,24,0
2015-08-27,12:10:00,35.81,35.81,35.81,35.81,24,0
2015-08-27,12:20:00,35.81,35.81,35.81,35.81,24,0
2015-08-27,12:25:00,35.81,35.81,35.81,35.81,47,0
2015-08-27,12:35:00,35.81,35.81,35.81,35.81,25,0
2015-08-27,12:45:00,35.81,35.81,35.81,35.81,25,0
2015-08-27,12:55:00,35.81,35.81,35.81,35.81,25,0
2015-08-27,13:05:00,35.81,35.81,35.81,35.81,11,0
2015-08-27,13:10:00,35.27,35.27,35.27,35.27,25,0
2015-08-27,13:20:00,35.27,35.27,35.27,35.27,25,0
2015-08-27,13:30:00,35.27,35.27,35.27,35.27,25,0
2015-08-27,13:40:00,35.27,35.27,35.27,35.27,25,0
2015-08-27,13:50:00,35.26,35.99,35.26,35.99,65,0
2015-08-27,14:00:00,35.27,35.27,35.27,35.27,25,0
2015-08-27,14:05:00,35.27,35.27,35.27,35.27,25,0
2015-08-27,14:15:00,35.27,35.27,35.27,35.27,15,0
2015-08-27,14:25:00,35.26,35.26,35.26,35.26,25,0
2015-08-27,14:35:00,35.26,35.26,35.26,35.26,26,0
2015-08-27,14:40:00,35.26,35.26,35.26,35.26,26,0
2015-08-27,14:50:00,35.27,35.27,35.27,35.27,26,0
2015-08-27,15:00:00,35.26,35.26,35.26,35.26,26,0
2015-08-27,15:05:00,35.26,35.26,35.26,35.26,8,0
2015-08-27,15:10:00,35.26,35.26,35.26,35.26,26,0
2015-08-27,15:20:00,35.3,35.3,35.3,35.3,26,0
2015-08-27,15:25:00,35.3,35.3,35.3,35.3,4,0
2015-08-27,15:35:00,35.27,35.27,35.27,35.27,26,0
2015-08-27,15:45:00,35.27,35.27,35.27,35.27,4,0
2015-08-27,16:05:00,35.26,35.26,35.26,35.26,150,0
2015-08-27,16:40:00,35.26,35.26,35.26,35.26,540,0
2015-08-27,16:50:00,35.34,35.34,35.34,35.34,431,0
2015-08-28,09:05:00,36.19,36.19,36.19,36.19,64,0
2015-08-28,10:40:00,35.8,35.8,35.8,35.8,139,0
2015-08-28,12:00:00,35.36,35.36,35.36,35.36,200,0
2015-08-28,15:25:00,35.38,35.38,35.38,35.38,230,0
2015-08-28,15:50:00,35.38,35.38,35.38,35.38,80,0
2015-08-28,16:05:00,35.38,35.38,35.38,35.38,895,0
2015-08-28,16:40:00,35.38,35.38,35.38,35.38,6,0
2015-08-28,16:50:00,35.43,35.43,35.43,35.43,1900,0
2015-08-31,10:35:00,35.9,35.9,35.9,35.9,30000,0
2015-08-31,12:30:00,35.97,35.97,35.97,35.97,15,0
2015-08-31,12:40:00,35.8,35.9,35.8,35.9,9632,0
2015-08-31,12:45:00,35.43,35.43,35.42,35.42,114,0
2015-08-31,13:15:00,35.43,35.43,35.42,35.42,84,0
2015-08-31,15:15:00,35.6,35.6,35.6,35.6,5000,0
2015-08-31,15:50:00,35.6,35.6,35.6,35.6,10000,0
2015-08-31,15:55:00,35.97,35.98,35.97,35.98,110,0
2015-08-31,16:40:00,35.98,35.98,35.98,35.98,974,0
2015-08-31,16:45:00,35.98,35.98,35.98,35.98,116,0
2015-08-31,16:50:00,35.98,35.98,35.98,35.98,180,0
2015-09-01,09:05:00,33,33,32.05,32.06,3340,0
2015-09-01,09:10:00,32.06,32.59,32.05,32.11,388,0
2015-09-01,09:15:00,32,32.29,31.3,31.3,2442,0
2015-09-01,09:20:00,31.3,31.3,31.3,31.3,298,0
2015-09-01,09:25:00,31.89,31.89,31.88,31.88,80,0
2015-09-01,09:30:00,31.94,32,31.94,32,661,0
2015-09-01,09:35:00,32,32,32,32,774,0
2015-09-01,09:45:00,32,32,32,32,50,0
2015-09-01,09:50:00,32,32,31.99,32,60,0
2015-09-01,10:05:00,32,32,32,32,150,0
2015-09-01,10:10:00,32,32,32,32,25,0
2015-09-01,10:15:00,31.95,31.95,31.95,31.95,30,0
2015-09-01,10:25:00,31.51,31.51,31.42,31.42,387,0
2015-09-01,10:30:00,31.7,31.7,31.7,31.7,42,0
2015-09-01,10:35:00,31.4,31.4,31.4,31.4,41,0
2015-09-01,10:50:00,31.36,31.36,31.36,31.36,100,0
2015-09-01,11:00:00,31.36,31.36,31.36,31.36,24,0
2015-09-01,11:05:00,31.4,31.4,31.4,31.4,261,0
2015-09-01,11:10:00,31.36,31.36,31.1,31.1,528,0
2015-09-01,11:15:00,31,31,30.21,30.21,270,0
2015-09-01,11:20:00,30.94,31.59,30.31,31.59,951,0
2015-09-01,11:25:00,31,31,31,31,9,0
2015-09-01,11:45:00,30.96,30.96,30.96,30.96,150,0
2015-09-01,11:50:00,30.96,30.96,30.46,30.46,55,0
2015-09-01,11:55:00,30.45,30.45,30.23,30.23,430,0
2015-09-01,12:00:00,30.22,30.3,30.22,30.23,124,0
2015-09-01,12:05:00,30.89,30.89,30.22,30.22,197,0
2015-09-01,12:10:00,30.22,30.22,30.22,30.22,1,0
2015-09-01,12:15:00,30.24,30.24,30.15,30.15,300,0
2015-09-01,12:20:00,30.15,30.15,30.12,30.12,287,0
2015-09-01,12:25:00,30.12,30.59,30.12,30.59,170,0
2015-09-01,12:30:00,30.11,30.11,29.75,29.75,3648,0
2015-09-01,12:35:00,29.75,29.75,29.7,29.7,180,0
2015-09-01,13:20:00,29.5,29.5,29.5,29.5,1416,0
2015-09-01,13:30:00,29.49,29.49,29.49,29.49,96,0
2015-09-01,13:35:00,29.2,29.2,29.2,29.2,50,0
2015-09-01,13:40:00,29.15,29.15,29.15,29.15,100,0
2015-09-01,13:45:00,29.1,29.1,29.1,29.1,7,0
2015-09-01,13:50:00,28.85,28.85,28.85,28.85,1,0
2015-09-01,13:55:00,29,29,29,29,50,0
2015-09-01,14:00:00,29.07,29.07,29.07,29.07,100,0
2015-09-01,14:05:00,29.07,29.07,29,29,1229,0
2015-09-01,14:20:00,29.07,29.07,29.07,29.07,90,0
2015-09-01,14:25:00,29.07,29.08,29.07,29.08,1034,0
2015-09-01,14:30:00,29.08,29.3,29.07,29.3,1051,0
2015-09-01,14:35:00,29.06,29.06,29,29,380,0
2015-09-01,14:40:00,28.91,29,28.91,29,720,0
2015-09-01,14:55:00,29,29,29,29,200,0
2015-09-01,15:00:00,29,29,28.92,28.92,206,0
2015-09-01,15:05:00,28.91,28.92,28.5,28.92,162,0
2015-09-01,15:10:00,28.9,28.9,28.9,28.9,30,0
2015-09-01,15:20:00,28.9,28.9,28.9,28.9,170,0
2015-09-01,15:30:00,28.97,28.97,28.97,28.97,50,0
2015-09-01,15:35:00,28.96,28.96,28.96,28.96,40,0
2015-09-01,15:45:00,28.96,28.99,28.96,28.99,290,0
2015-09-01,15:50:00,28.99,28.99,28.99,28.99,40,0
2015-09-01,15:55:00,28.99,28.99,28.99,28.99,3300,0
2015-09-01,16:00:00,28.99,28.99,28.99,28.99,47,0
2015-09-01,16:05:00,28.99,28.99,28.99,28.99,300,0
2015-09-01,16:10:00,28.99,28.99,28.99,28.99,47,0
2015-09-01,16:15:00,28.99,29.35,28.99,29.35,5706,0
2015-09-01,16:25:00,29.34,29.34,28.99,29,1558,0
2015-09-01,16:30:00,29,29,28.66,28.66,366,0
2015-09-01,16:35:00,28.9,28.9,28.7,28.7,100,0
2015-09-01,16:40:00,28.98,28.98,28.98,28.98,7,0
2015-09-01,16:50:00,28.9,29,28.7,28.7,1173,0
2015-09-02,09:05:00,29,29,29,29,350,0
2015-09-02,09:10:00,29.15,29.5,29.15,29.5,500,0
2015-09-02,09:15:00,29.5,29.98,29.5,29.98,62,0
2015-09-02,09:25:00,29,29,29,29,115,0
2015-09-02,09:30:00,28.75,28.75,28.75,28.75,269,0
2015-09-02,09:35:00,28.99,29,28.99,29,1600,0
2015-09-02,09:40:00,29,29,29,29,34,0
2015-09-02,09:55:00,29,29,28.7,28.7,349,0
2015-09-02,10:50:00,28.6,28.6,28.6,28.6,26,0
2015-09-02,11:00:00,28.7,28.99,28.7,28.99,236,0
2015-09-02,11:30:00,28.99,28.99,28.99,28.99,18,0
2015-09-02,11:45:00,28.8,28.8,28.7,28.7,428,0
2015-09-02,11:50:00,28.7,28.7,28.7,28.7,34,0
2015-09-02,12:20:00,28.7,28.7,28.7,28.7,34,0
2015-09-02,12:50:00,28.7,28.7,28.7,28.7,34,0
2015-09-02,13:05:00,28.6,28.6,28.31,28.31,669,0
2015-09-02,13:25:00,28.5,28.5,28.5,28.5,33,0
2015-09-02,13:55:00,28.5,28.5,28.5,28.5,34,0
2015-09-02,14:15:00,28.17,28.17,28.17,28.17,144,0
2015-09-02,14:25:00,28.2,28.49,28.2,28.49,83,0
2015-09-02,14:55:00,28.49,28.49,28.49,28.49,34,0
2015-09-02,15:25:00,28.4,28.4,28.4,28.4,83,0
2015-09-02,15:45:00,28.39,28.4,28.39,28.4,100,0
2015-09-02,15:55:00,28.3,28.3,28.3,28.3,394,0
2015-09-02,16:10:00,28.39,28.39,28.2,28.2,1282,0
2015-09-02,16:20:00,28.18,28.18,28.18,28.18,65,0
2015-09-02,16:30:00,28.2,28.2,28.2,28.2,57,0
2015-09-02,16:35:00,28.2,28.2,28.2,28.2,32,0
2015-09-02,16:45:00,28.2,28.2,28.2,28.2,1235,0
2015-09-02,16:50:00,28.39,28.39,28.2,28.39,212,0
2015-09-03,09:05:00,28.41,28.41,28.2,28.2,1645,0
2015-09-03,09:10:00,28,28,28,28,36,0
2015-09-03,09:20:00,26.8,26.8,26.24,26.24,530,0
2015-09-03,09:25:00,27.29,27.29,27,27,380,0
2015-09-03,09:45:00,27.34,27.34,27.34,27.34,177,0
2015-09-03,09:55:00,27.3,27.3,27.11,27.11,99,0
2015-09-03,10:05:00,27.11,27.11,27,27,593,0
2015-09-03,10:10:00,26.99,26.99,26.7,26.7,135,0
2015-09-03,10:30:00,26.94,26.94,26.77,26.77,141,0
2015-09-03,10:45:00,26.8,26.8,26.8,26.8,11,0
2015-09-03,10:50:00,26.8,26.85,26.77,26.85,110,0
2015-09-03,10:55:00,26.9,26.92,26.9,26.92,167,0
2015-09-03,11:05:00,26.92,26.92,26.75,26.75,221,0
2015-09-03,11:15:00,26.72,26.72,26.72,26.72,10045,0
2015-09-03,11:20:00,26.76,26.76,26.72,26.72,79,0
2015-09-03,11:25:00,26.7,26.7,26.7,26.7,995,0
2015-09-03,11:35:00,26.62,26.62,26.61,26.61,259,0
2015-09-03,12:10:00,26.51,26.51,26.5,26.5,107,0
2015-09-03,12:25:00,26.76,26.76,26.76,26.76,1350,0
2015-09-03,12:40:00,26.97,26.97,26.97,26.97,77,0
2015-09-03,13:05:00,26.98,26.98,26.98,26.98,50,0
2015-09-03,13:25:00,26.99,26.99,26.99,26.99,31,0
2015-09-03,13:35:00,26.99,27.02,26.99,27.01,3342,0
2015-09-03,13:40:00,27,27,27,27,41,0
2015-09-03,13:45:00,27,27,27,27,5,0
2015-09-03,14:00:00,27,27,27,27,180,0
2015-09-03,14:05:00,27,27,27,27,20,0
2015-09-03,14:25:00,27,27,27,27,343,0
2015-09-03,14:30:00,27,27,27,27,99,0
2015-09-03,14:40:00,27.3,27.3,27.3,27.3,31,0
2015-09-03,14:45:00,27.3,27.3,27.3,27.3,445,0
2015-09-03,14:50:00,27.38,27.38,27.3,27.3,248,0
2015-09-03,15:05:00,26.85,26.85,26.85,26.85,143,0
2015-09-03,15:15:00,26.85,26.85,26.76,26.76,528,0
2015-09-03,15:20:00,26.77,27.01,26.77,27.01,162,0
2015-09-03,15:25:00,27.01,27.19,27.01,27.19,3140,0
2015-09-03,15:30:00,27.18,27.2,27.18,27.2,473,0
2015-09-03,15:35:00,27.18,27.18,27.18,27.18,3506,0
2015-09-03,15:55:00,27,27,27,27,50,0
2015-09-03,16:00:00,27,27,27,27,50,0
2015-09-03,16:05:00,27,27,27,27,19,0
2015-09-03,16:15:00,27,27.15,27,27.15,77,0
2015-09-03,16:30:00,27.15,27.15,27.15,27.15,36,0
2015-09-03,16:50:00,27.14,27.14,27,27,1366,0
2015-09-04,09:05:00,26.96,26.96,26.6,26.6,81,0
2015-09-04,09:10:00,26.6,26.6,26.4,26.45,516,0
2015-09-04,09:15:00,26.41,26.41,26.21,26.21,1582,0
2015-09-04,09:20:00,26.2,26.2,26.2,26.2,34,0
2015-09-04,09:30:00,26.5,26.5,26.5,26.5,400,0
2015-09-04,09:45:00,26.5,26.5,26.5,26.5,50,0
2015-09-04,09:55:00,26.25,26.25,26,26,608,0
2015-09-04,10:15:00,26.01,26.01,26,26,40000,0
2015-09-04,10:25:00,26,26,25.99,25.99,149,0
2015-09-04,10:40:00,25.99,25.99,25.99,25.99,199,0
2015-09-04,11:00:00,26,26,26,26,530,0
2015-09-04,11:05:00,26,26,26,26,7,0
2015-09-04,11:10:00,26,26,26,26,74,0
2015-09-04,11:20:00,26,26,25.9,25.9,995,0
2015-09-04,11:25:00,25.9,26,25.9,26,200,0
2015-09-04,11:35:00,26,26,25.65,25.65,66,0
2015-09-04,12:15:00,25.71,25.99,25.7,25.99,101,0
2015-09-04,12:25:00,25.72,25.72,25.7,25.7,1406,0
2015-09-04,12:40:00,25.65,25.65,25.65,25.65,13007,0
2015-09-04,13:00:00,25.7,25.7,25.65,25.65,249,0
2015-09-04,13:05:00,25.65,25.7,25.65,25.7,216,0
2015-09-04,13:10:00,25.69,25.7,25.69,25.7,1305,0
2015-09-04,13:30:00,25.99,25.99,25.99,25.99,167,0
2015-09-04,13:45:00,25.71,25.99,25.71,25.99,124,0
2015-09-04,14:00:00,25.99,26,25.73,25.73,110,0
2015-09-04,14:20:00,25.99,25.99,25.99,25.99,73,0
2015-09-04,14:25:00,25.99,26,25.99,26,80,0
2015-09-04,14:45:00,26,26,26,26,38,0
2015-09-04,15:05:00,26,26,26,26,720,0
2015-09-04,15:10:00,26,26,26,26,1215,0
2015-09-04,15:15:00,26,26.19,26,26.19,95,0
2015-09-04,15:20:00,26.19,26.19,26.19,26.19,601,0
2015-09-04,15:25:00,25.99,26,25.99,26,540,0
2015-09-04,15:30:00,26,26,26,26,20,0
2015-09-04,15:35:00,26,26,26,26,735,0
2015-09-04,15:40:00,26,26,26,26,110,0
2015-09-04,15:45:00,26.15,26.15,26,26,4095,0
2015-09-04,15:50:00,26,26,26,26,300,0
2015-09-04,16:00:00,26.2,26.2,26.2,26.2,119,0
2015-09-04,16:05:00,26.2,26.27,26.2,26.27,301,0
2015-09-04,16:15:00,26,26,26,26,27,0
2015-09-04,16:20:00,26,26,26,26,4,0
2015-09-04,16:45:00,26.21,26.22,26.21,26.22,280,0
2015-09-04,16:50:00,26.22,26.22,26,26,321,0
2015-09-07,09:05:00,26,26,26,26,1,0
2015-09-07,09:25:00,26.49,26.49,26.49,26.49,77,0
2015-09-07,09:30:00,26.49,26.5,26.49,26.5,63,0
2015-09-07,09:35:00,26.01,26.79,26,26.79,549,0
2015-09-07,09:55:00,26.87,26.87,26.87,26.87,250,0
2015-09-07,10:00:00,26.87,26.87,26.87,26.87,101,0
2015-09-07,10:05:00,26.87,26.87,26.87,26.87,81,0
2015-09-07,10:30:00,26.9,26.9,26.9,26.9,89,0
2015-09-07,10:35:00,26.9,26.9,26.9,26.9,74,0
2015-09-07,10:40:00,26.99,27,26.99,27,345,0
2015-09-07,10:45:00,27.1,27.1,27.1,27.1,130,0
2015-09-07,10:55:00,27.01,27.01,27,27,96,0
2015-09-07,12:50:00,27.03,27.03,27.03,27.03,50,0
2015-09-07,15:35:00,27.15,27.15,27.15,27.15,621,0
2015-09-07,16:50:00,27.06,27.06,27.06,27.06,100,0
2015-09-08,09:05:00,27.77,27.77,27.77,27.77,14,0
2015-09-08,09:10:00,27.3,27.3,27.3,27.3,90,0
2015-09-08,09:15:00,27.3,27.5,27.3,27.5,416,0
2015-09-08,09:25:00,27.5,27.5,27.5,27.5,100,0
2015-09-08,09:40:00,27.5,27.5,27.5,27.5,100,0
2015-09-08,09:50:00,27.5,27.5,27.5,27.5,100,0
2015-09-08,09:55:00,27.5,27.5,27.5,27.5,279,0
2015-09-08,10:00:00,27.5,27.98,27.5,27.98,401,0
2015-09-08,10:25:00,27.5,27.5,27.5,27.5,299,0
2015-09-08,10:35:00,27.5,27.5,27.5,27.5,660,0
2015-09-08,10:50:00,27.5,27.5,27.5,27.5,100,0
2015-09-08,11:00:00,27.5,27.5,27.5,27.5,140,0
2015-09-08,11:10:00,27.5,27.5,27.5,27.5,100,0
2015-09-08,11:25:00,27.5,27.5,27.5,27.5,130,0
2015-09-08,11:35:00,27.5,27.5,27.35,27.35,170,0
2015-09-08,11:55:00,27.5,27.5,27.5,27.5,101,0
2015-09-08,12:00:00,27.5,27.5,27.5,27.5,200,0
2015-09-08,12:05:00,27.5,27.5,27.5,27.5,400,0
2015-09-08,12:10:00,27.5,27.5,27.5,27.5,100,0
2015-09-08,12:20:00,27.5,27.5,27.5,27.5,100,0
2015-09-08,12:35:00,27.5,27.5,27.5,27.5,100,0
2015-09-08,12:45:00,27.5,27.5,27.5,27.5,100,0
2015-09-08,12:55:00,27.48,27.5,27.48,27.5,100,0
2015-09-08,13:10:00,27.5,27.5,27.5,27.5,100,0
2015-09-08,13:20:00,27.5,27.5,27.5,27.5,115,0
2015-09-08,13:30:00,27.5,27.5,27.5,27.5,100,0
2015-09-08,13:45:00,27.5,27.5,27.5,27.5,100,0
2015-09-08,13:55:00,27.5,27.5,27.13,27.13,239,0
2015-09-08,14:05:00,27.13,27.13,27.1,27.1,581,0
2015-09-08,14:30:00,27.11,27.49,27.11,27.49,353,0
2015-09-08,14:40:00,27.49,27.49,27.49,27.49,100,0
2015-09-08,14:55:00,27.49,27.49,27.49,27.49,100,0
2015-09-08,15:05:00,27.49,27.49,27.49,27.49,100,0
2015-09-08,15:15:00,27.49,27.49,27.49,27.49,68,0
2015-09-08,15:50:00,27.5,27.5,27.5,27.5,282,0
2015-09-08,16:50:00,27.5,27.5,27.5,27.5,687,0
2015-09-09,09:05:00,27.3,27.3,25.7,26.4,2953,0
2015-09-09,09:20:00,27.08,27.29,26.97,26.97,689,0
2015-09-09,09:30:00,27.19,27.19,27.19,27.19,101,0
2015-09-09,09:40:00,27.19,27.19,27.19,27.19,200,0
2015-09-09,09:50:00,27.17,27.17,27.17,27.17,100,0
2015-09-09,10:00:00,27.15,27.17,27.15,27.17,200,0
2015-09-09,10:10:00,27.17,27.17,27.17,27.17,100,0
2015-09-09,10:15:00,27.17,27.17,27.17,27.17,101,0
2015-09-09,10:20:00,27.17,27.17,27.17,27.17,100,0
2015-09-09,10:30:00,27.16,27.16,27.16,27.16,400,0
2015-09-09,10:40:00,27.14,27.14,27.14,27.14,100,0
2015-09-09,10:50:00,26.99,26.99,26.3,26.99,975,0
2015-09-09,11:00:00,26.21,26.69,26.2,26.69,478,0
2015-09-09,11:10:00,26.68,26.69,26.68,26.69,100,0
2015-09-09,11:20:00,26.69,26.69,26.69,26.69,100,0
2015-09-09,11:25:00,26.13,26.13,25.96,25.96,759,0
2015-09-09,11:30:00,26.19,26.3,26.19,26.3,362,0
2015-09-09,11:35:00,26.45,26.68,26,26.03,9794,0
2015-09-09,11:50:00,26.4,26.78,26.4,26.78,671,0
2015-09-09,11:55:00,26.79,26.92,26.79,26.92,104,0
2015-09-09,12:05:00,26.83,26.84,26.75,26.84,155,0
2015-09-09,12:15:00,26.84,26.84,26.84,26.84,102,0
2015-09-09,12:25:00,26.84,26.84,26.84,26.84,93,0
2015-09-09,13:15:00,26.95,27,26.93,26.93,765,0
2015-09-09,13:20:00,27,27,27,27,1,0
2015-09-09,13:35:00,26.93,26.93,26.93,26.93,102,0
2015-09-09,13:40:00,26.99,26.99,26.93,26.93,117,0
2015-09-09,13:45:00,26.99,26.99,26.99,26.99,16,0
2015-09-09,13:50:00,26.93,26.93,26.93,26.93,102,0
2015-09-09,14:05:00,26.93,26.93,26.93,26.93,102,0
2015-09-09,14:15:00,26.93,26.93,26.93,26.93,102,0
2015-09-09,14:30:00,26.93,26.93,26.93,26.93,102,0
2015-09-09,14:40:00,26.93,26.93,26.93,26.93,102,0
2015-09-09,14:50:00,26.85,26.92,26.75,26.92,204,0
2015-09-09,15:05:00,26.92,26.92,26.92,26.92,102,0
2015-09-09,15:15:00,26.92,26.92,26.92,26.92,44,0
2015-09-09,15:30:00,26.92,26.92,26.92,26.92,100,0
2015-09-09,16:00:00,26.93,26.93,26.93,26.93,265,0
2015-09-09,16:05:00,26.93,26.93,26.93,26.93,102,0
2015-09-09,16:15:00,26.93,26.93,26.93,26.93,102,0
2015-09-09,16:25:00,26.93,26.93,26.93,26.93,102,0
2015-09-09,16:30:00,26.75,26.75,26.75,26.75,25,0
2015-09-09,16:40:00,26.75,26.75,26.75,26.75,267,0
2015-09-09,16:45:00,26.6,26.93,26.42,26.93,344,0
2015-09-09,16:50:00,26.93,26.93,26.42,26.42,121,0
2015-09-10,09:20:00,26.8,26.8,26.8,26.8,63,0
2015-09-10,09:30:00,26.84,26.84,26.84,26.84,1,0
2015-09-10,09:35:00,27,27,27,27,14,0
2015-09-10,11:05:00,26.5,26.5,26.5,26.5,100,0
2015-09-10,12:15:00,26.6,26.99,26.6,26.96,67,0
2015-09-10,12:25:00,26.43,26.5,26.43,26.5,46,0
2015-09-10,12:35:00,26.97,26.97,26.97,26.97,21,0
2015-09-10,15:40:00,27,27,27,27,100,0
2015-09-10,16:50:00,26.66,26.66,26.66,26.66,1366,0
2015-09-11,09:10:00,26.72,26.72,26.72,26.72,1,0
2015-09-11,09:50:00,26.72,26.72,26.72,26.72,11,0
2015-09-11,10:15:00,26.72,26.72,26.72,26.72,19,0
2015-09-11,10:30:00,26.72,26.72,26.7,26.7,80,0
2015-09-11,13:15:00,27,27,27,27,14,0
2015-09-11,16:05:00,27,27,27,27,50,0
2015-09-11,16:40:00,27,27,27,27,870,0
2015-09-11,16:45:00,27,27,27,27,1186,0
2015-09-11,16:50:00,26.99,27,26.99,27,610,0
2015-09-14,10:00:00,26.98,27,26.98,27,4000,0
2015-09-14,10:10:00,27,27,27,27,4000,0
2015-09-14,10:15:00,27,27,27,27,40,0
2015-09-14,11:10:00,27,27,27,27,33,0
2015-09-14,11:55:00,27,27,27,27,35,0
2015-09-14,12:35:00,27,27,27,27,1750,0
2015-09-14,12:55:00,27,27.29,27,27.29,1112,0
2015-09-14,13:00:00,27.29,27.49,27.29,27.49,71,0
2015-09-14,14:00:00,27.48,27.79,27.48,27.79,137,0
2015-09-14,14:05:00,27.79,27.96,27.79,27.96,51,0
2015-09-14,14:30:00,27.87,27.87,27.87,27.87,71,0
2015-09-14,15:35:00,27.84,27.84,27.84,27.84,54,0
2015-09-14,16:45:00,27.65,27.7,27.65,27.7,395,0
2015-09-14,16:50:00,27.88,27.9,27.7,27.7,161,0
2015-09-15,09:10:00,27.7,27.7,27.7,27.7,2,0
2015-09-15,09:45:00,27.8,27.9,27.8,27.9,175,0
2015-09-15,09:55:00,27.9,27.9,27.9,27.9,15,0
2015-09-15,10:15:00,27.89,27.89,27.89,27.89,38,0
2015-09-15,10:40:00,27.85,27.9,27.85,27.9,500,0
2015-09-15,11:10:00,27.89,27.89,27.89,27.89,30,0
2015-09-15,12:20:00,27.71,27.71,27.71,27.71,27,0
2015-09-15,12:30:00,27.71,27.71,27.71,27.71,71,0
2015-09-15,13:00:00,27.71,27.71,27.7,27.7,160,0
2015-09-15,13:55:00,27.7,27.7,27.7,27.7,160,0
2015-09-15,15:55:00,27.7,27.7,27.7,27.7,1,0
2015-09-15,16:30:00,27.74,27.74,27.74,27.74,999,0
2015-09-15,16:35:00,27.74,27.74,27.74,27.74,1384,0
2015-09-15,16:45:00,27.79,27.8,27.79,27.8,155,0
2015-09-15,16:50:00,27.8,27.8,27.8,27.8,40,0
2015-09-16,09:05:00,27.8,27.8,27.8,27.8,1200,0
2015-09-16,09:10:00,27.8,27.8,27.8,27.8,600,0
2015-09-16,09:15:00,27.8,27.8,27.8,27.8,1019,0
2015-09-16,09:40:00,27.8,27.8,27.8,27.8,150,0
2015-09-16,10:20:00,27.8,27.8,27.8,27.8,720,0
2015-09-16,13:40:00,27.5,27.5,27.5,27.5,200,0
2015-09-16,13:50:00,27.76,27.76,27.76,27.76,22,0
2015-09-16,14:00:00,27.5,27.5,27.5,27.5,76,0
2015-09-16,15:35:00,27.78,27.8,27.78,27.8,450,0
2015-09-16,15:45:00,27.5,27.5,27.5,27.5,100,0
2015-09-16,15:55:00,27.5,27.5,25.1,26,3499,0
2015-09-16,16:00:00,26.01,26.01,25.96,25.96,651,0
2015-09-16,16:05:00,25.96,25.96,25.96,25.96,96,0
2015-09-16,16:15:00,25.99,26.79,25.99,26.79,4744,0
2015-09-16,16:50:00,26.11,26.11,26.05,26.05,782,0
2015-09-17,09:10:00,26.78,26.78,26.78,26.78,1,0
2015-09-17,09:15:00,26.24,26.24,26.24,26.24,50,0
2015-09-17,09:20:00,26.54,26.54,26.22,26.22,293,0
2015-09-17,09:30:00,26.64,26.64,26.5,26.5,202,0
2015-09-17,09:50:00,26.4,26.4,26.4,26.4,66,0
2015-09-17,10:30:00,26.3,26.3,26.3,26.3,27,0
2015-09-17,10:40:00,26.24,26.24,26.24,26.24,10,0
2015-09-17,11:35:00,26.53,26.53,26.53,26.53,50,0
2015-09-17,11:55:00,26.34,26.34,26.34,26.34,208,0
2015-09-17,15:00:00,26.4,26.4,26.25,26.25,883,0
2015-09-17,16:50:00,26.4,26.6,26.4,26.6,1933,0
2015-09-18,09:45:00,26.7,26.7,26.7,26.7,8,0
2015-09-18,10:35:00,26.45,26.45,26.45,26.45,11,0
2015-09-18,10:50:00,26.6,26.6,26.6,26.6,111,0
2015-09-18,11:20:00,26.59,26.59,26.59,26.59,89,0
2015-09-18,12:15:00,26.5,26.5,26.5,26.5,130,0
2015-09-18,12:30:00,26.6,26.6,26.6,26.6,289,0
2015-09-18,15:15:00,26.59,26.6,26.59,26.6,80,0
2015-09-18,15:40:00,26.6,26.6,26.6,26.6,56,0
2015-09-18,16:00:00,26.6,26.6,26.6,26.6,100,0
2015-09-18,16:15:00,26.4,26.4,26.4,26.4,35,0
2015-09-18,16:50:00,26.59,26.59,26.59,26.59,1,0
2015-09-21,09:05:00,26.59,26.59,26.59,26.59,13,0
2015-09-21,11:15:00,26.76,26.76,26.76,26.76,30,0
2015-09-21,11:40:00,26.76,26.76,26.76,26.76,128,0
2015-09-21,11:50:00,26.76,26.76,26.76,26.76,12,0
2015-09-21,11:55:00,26.77,26.77,26.77,26.77,1,0
2015-09-21,12:10:00,26.77,26.79,26.77,26.79,100,0
2015-09-21,12:25:00,26.79,27.84,26.79,27.2,348,0
2015-09-21,12:45:00,26.81,26.81,26.76,26.76,351,0
2015-09-21,16:50:00,26.98,27.45,26.78,27.45,455,0
2015-09-22,09:15:00,27.76,27.76,26.71,26.71,170,0
2015-09-22,09:20:00,26.69,27.59,26.69,26.81,309,0
2015-09-22,09:25:00,27.6,27.74,27.1,27.49,372,0
2015-09-22,09:55:00,27,27,27,27,18,0
2015-09-22,11:30:00,26.7,26.7,26.42,26.55,105,0
2015-09-22,13:25:00,26.99,26.99,26.99,26.99,87,0
2015-09-22,15:00:00,26.95,26.95,26.95,26.95,201,0
2015-09-22,16:50:00,27,27,27,27,4,0
2015-09-23,09:15:00,27.71,27.71,27.71,27.71,1,0
2015-09-23,09:20:00,27.71,27.71,27.1,27.1,281,0
2015-09-23,10:35:00,26.64,26.64,26.64,26.64,12,0
2015-09-23,12:30:00,27.44,27.44,27.44,27.44,1,0
2015-09-23,12:45:00,27.1,27.1,27.1,27.1,2,0
2015-09-23,12:55:00,27.44,27.48,27.44,27.48,40,0
2015-09-23,13:45:00,27.11,27.11,27.11,27.11,20,0
2015-09-23,13:50:00,27.1,27.1,27.1,27.1,34,0
2015-09-23,15:30:00,26.72,26.72,26.72,26.72,313,0
2015-09-23,15:35:00,26.73,27.23,26.71,27.23,239,0
2015-09-23,15:50:00,26.72,26.72,26.72,26.72,71,0
2015-09-23,16:40:00,26.72,26.72,26.72,26.72,255,0
2015-09-24,09:25:00,26.72,26.72,26.72,26.72,8,0
2015-09-24,10:40:00,26.65,26.65,26.65,26.65,250,0
2015-09-24,10:55:00,26.99,26.99,26.99,26.99,146,0
2015-09-24,11:00:00,26.99,26.99,26.99,26.99,1489,0
2015-09-24,11:30:00,26.9,26.99,26.61,26.61,2750,0
2015-09-24,11:35:00,26.61,26.97,26.61,26.97,331,0
2015-09-24,12:05:00,26.96,26.96,26.96,26.96,119,0
2015-09-25,09:05:00,26.61,26.61,26.61,26.61,266,0
2015-09-25,10:15:00,26.62,26.62,26.62,26.62,10,0
2015-09-25,10:50:00,26.62,26.62,26.62,26.62,60,0
2015-09-25,11:10:00,26.62,26.9,26.62,26.9,205,0
2015-09-25,11:15:00,26.63,26.63,26.63,26.63,100,0
2015-09-25,11:20:00,26.99,27,26.99,27,100,0
2015-09-25,14:00:00,27,27,26.61,26.61,323,0
2015-09-25,15:30:00,26.61,26.61,26.61,26.61,24,0
2015-09-25,16:35:00,27,27,27,27,344,0
2015-09-25,16:45:00,27.01,27.01,27.01,27.01,15,0
2015-09-25,16:50:00,27,27,27,27,16,0
2015-09-28,09:05:00,27,27,27,27,50,0
2015-09-28,10:35:00,27.01,27.01,27.01,27.01,5,0
2015-09-28,10:45:00,27.01,27.01,27,27,2335,0
2015-09-28,16:05:00,26.61,26.61,26.61,26.61,211,0
2015-09-28,16:50:00,26.6,26.6,26.42,26.42,64,0
2015-09-29,09:05:00,27.29,27.29,26,26,51,0
2015-09-29,09:20:00,26,26,26,26,40,0
2015-09-29,10:55:00,26.71,26.71,26.71,26.71,287,0
2015-09-29,11:20:00,27,27,27,27,38,0
2015-09-29,11:30:00,27,27,27,27,67,0
2015-09-29,11:35:00,27.15,27.15,27.15,27.15,233,0
2015-09-29,12:20:00,27,27,27,27,36,0
2015-09-29,12:40:00,27,27,27,27,20,0
2015-09-29,13:20:00,26.8,26.8,26.72,26.72,219,0
2015-09-29,13:40:00,26.72,26.72,26.52,26.72,1401,0
2015-09-29,14:50:00,26.52,26.52,26.52,26.52,250,0
2015-09-29,15:10:00,26.52,26.52,26.52,26.52,42,0
2015-09-29,15:50:00,26.52,26.52,26.52,26.52,50,0
2015-09-29,16:25:00,26.51,26.51,26.51,26.51,23,0
2015-09-29,16:40:00,26.55,26.55,26.55,26.55,57,0
2015-09-29,16:50:00,26.42,26.47,26.42,26.47,200,0
2015-09-30,09:50:00,26.5,26.69,26.5,26.69,29,0
2015-09-30,09:55:00,26.96,26.96,26.96,26.96,139,0
2015-09-30,10:05:00,26.98,26.98,26.98,26.98,139,0
2015-09-30,10:20:00,26.51,26.51,26.5,26.5,470,0
2015-09-30,11:50:00,26.5,26.5,26.5,26.5,3,0
2015-09-30,13:30:00,26.6,26.6,26.6,26.6,6,0
2015-09-30,14:15:00,26.5,26.5,26.5,26.5,120,0
2015-09-30,14:30:00,26.88,26.88,26.88,26.88,251,0
2015-09-30,14:40:00,26.88,26.88,26.88,26.88,150,0
2015-09-30,15:00:00,27,27,27,27,155,0
2015-09-30,16:50:00,26.9,26.9,26.9,26.9,10,0
2015-10-01,11:35:00,26.94,27,26.94,27,26119,0
2015-10-01,12:20:00,26.88,26.88,26.88,26.88,235,0
2015-10-01,12:25:00,27,27,27,27,58,0
2015-10-01,14:35:00,27,27,27,27,100,0
2015-10-02,11:00:00,26.62,26.62,26.62,26.62,7,0
2015-10-05,09:10:00,26.62,26.62,26.62,26.62,1,0
2015-10-05,09:40:00,26.62,26.62,26.62,26.62,40,0
2015-10-05,13:25:00,26.64,26.64,26.64,26.64,84,0
2015-10-05,13:30:00,26.65,27.39,26.65,27.39,220,0
2015-10-05,13:45:00,27.17,27.39,27.17,27.39,110,0
2015-10-05,16:20:00,26.72,27.19,26.72,27.19,61,0
2015-10-05,16:40:00,27.24,27.24,27.24,27.24,35,0
2015-10-06,09:10:00,27.25,27.25,27.25,27.25,1,0
2015-10-06,09:30:00,27,27,27,27,100,0
2015-10-06,11:10:00,26.62,26.62,26.62,26.62,144,0
2015-10-06,11:25:00,26.99,26.99,26.99,26.99,112,0
2015-10-06,16:35:00,26.75,26.75,26.75,26.75,10,0
2015-10-06,16:45:00,26.75,26.75,26.75,26.75,40,0
2015-10-06,16:50:00,27.08,27.08,27.08,27.08,38,0
2015-10-07,09:20:00,27.2,27.2,27.2,27.2,1,0
2015-10-07,09:25:00,27.2,27.2,27.2,27.2,25,0
2015-10-07,10:45:00,27.14,27.14,27.14,27.14,50,0
2015-10-07,11:10:00,27.14,27.14,27.14,27.14,45,0
2015-10-07,12:00:00,27.14,27.14,27.14,27.14,20,0
2015-10-07,15:30:00,27,27,27,27,8,0
2015-10-07,16:50:00,27,27,27,27,136,0
2015-10-08,09:05:00,27,27,27,27,85,0
2015-10-08,09:25:00,27,27,27,27,11,0
2015-10-08,10:05:00,27,27,27,27,16,0
2015-10-08,11:55:00,26.74,26.74,26.74,26.74,96,0
2015-10-08,12:15:00,26.97,26.97,26.97,26.97,87,0
2015-10-08,13:30:00,26.74,26.74,26.73,26.73,444,0
2015-10-08,13:35:00,26.7,26.7,26.7,26.7,149,0
2015-10-08,13:45:00,26.4,26.4,26.4,26.4,30,0
2015-10-08,13:50:00,26.4,26.4,26.4,26.4,120,0
2015-10-08,14:10:00,26.05,26.19,26.05,26.19,37,0
2015-10-08,14:30:00,26.23,26.23,26.23,26.23,13,0
2015-10-08,14:35:00,26.19,26.19,26.19,26.19,13,0
2015-10-08,15:10:00,26.19,26.19,26.19,26.19,60,0
2015-10-08,15:15:00,26.07,26.07,26.07,26.07,147,0
2015-10-08,15:45:00,26.23,26.23,26.23,26.23,30,0
2015-10-08,16:00:00,26.38,26.38,26.38,26.38,145,0
2015-10-08,16:50:00,26.13,26.13,26.13,26.13,70,0
2015-10-09,09:05:00,26.14,26.14,26.14,26.14,235,0
2015-10-09,10:10:00,26.2,26.2,26.15,26.15,278,0
2015-10-09,10:15:00,26.14,26.14,26.11,26.11,283,0
2015-10-09,10:30:00,26.11,26.11,26.11,26.11,21,0
2015-10-09,10:40:00,26.05,26.05,26.01,26.01,480,0
2015-10-09,10:45:00,26.01,26.01,26.01,26.01,31,0
2015-10-09,11:25:00,26.01,26.01,26.01,26.01,111,0
2015-10-09,11:45:00,25.7,25.7,25.4,25.4,1290,0
2015-10-09,12:05:00,25.2,25.2,25.2,25.2,21,0
2015-10-09,12:20:00,25.4,25.4,25.4,25.4,44,0
2015-10-09,12:25:00,25.73,25.73,25.73,25.73,55,0
2015-10-09,12:55:00,25.4,25.4,25.4,25.4,16,0
2015-10-09,13:00:00,25.4,25.4,25.4,25.4,76,0
2015-10-09,13:15:00,25.22,25.39,25.18,25.39,329,0
2015-10-09,13:35:00,25.18,25.18,24.11,24.9,1433,0
2015-10-09,15:15:00,24.9,24.9,24.9,24.9,90,0
2015-10-09,15:25:00,25,25,25,25,600,0
2015-10-09,15:30:00,25.05,25.05,25,25,1434,0
2015-10-09,16:05:00,24.9,24.9,24.9,24.9,90,0
2015-10-09,16:10:00,25.14,25.14,25.14,25.14,1,0
2015-10-09,16:15:00,24.9,24.9,24.9,24.9,70,0
2015-10-09,16:30:00,24.9,24.9,24.9,24.9,10,0
2015-10-09,16:35:00,24.9,25,24.9,25,60,0
2015-10-09,16:40:00,25,25,24.9,24.9,150,0
2015-10-09,16:45:00,24.71,25,24.7,25,181,0
2015-10-09,16:50:00,25,25,25,25,56,0
2015-10-12,09:05:00,25.37,25.37,25.37,25.37,5,0
2015-10-12,09:15:00,25.58,25.58,24.81,24.81,61,0
2015-10-12,09:20:00,25.5,25.5,25.5,25.5,1,0
2015-10-12,09:25:00,25.57,25.57,25,25,301,0
2015-10-12,09:35:00,24.99,24.99,24.99,24.99,15,0
2015-10-12,09:45:00,25.46,25.46,24.7,24.7,418,0
2015-10-12,09:55:00,24.49,24.49,24.49,24.49,58,0
2015-10-12,10:00:00,24.67,24.67,24.67,24.67,47,0
2015-10-12,10:45:00,24.43,24.43,24.17,24.17,400,0
2015-10-12,10:55:00,24.2,24.2,24.2,24.2,146,0
2015-10-12,11:00:00,24.65,24.65,24.19,24.19,554,0
2015-10-12,11:25:00,24.36,24.36,24.36,24.36,350,0
2015-10-12,11:45:00,24.69,24.69,24.69,24.69,40,0
2015-10-12,11:55:00,24.7,24.7,24.7,24.7,250,0
2015-10-12,13:15:00,24.39,24.39,24.39,24.39,50,0
2015-10-12,14:00:00,24.36,24.36,24.36,24.36,219,0
2015-10-12,15:25:00,24.7,25,24.7,25,433,0
2015-10-12,16:10:00,24.9,24.9,24.9,24.9,127,0
2015-10-12,16:15:00,25,25,25,25,24,0
2015-10-12,16:30:00,24.9,24.9,24.5,24.5,1510,0
2015-10-12,16:35:00,24.48,25.19,24.48,25.19,890,0
2015-10-12,16:40:00,25,25,25,25,151,0
2015-10-12,16:50:00,24.8,24.8,24.8,24.8,50,0
2015-10-13,09:10:00,24.98,24.98,24.17,24.7,439,0
2015-10-13,09:35:00,24.7,24.7,24.7,24.7,100,0
2015-10-13,10:10:00,24.7,24.7,24.7,24.7,20,0
2015-10-13,10:30:00,24.97,24.97,24.97,24.97,1,0
2015-10-13,11:05:00,24.52,24.52,24.52,24.52,148,0
2015-10-13,11:10:00,24.52,24.52,24.52,24.52,159,0
2015-10-13,12:50:00,24.52,24.52,24.52,24.52,125,0
2015-10-13,12:55:00,24.52,24.52,24.52,24.52,274,0
2015-10-13,13:25:00,24.95,24.95,24.95,24.95,21,0
2015-10-13,14:15:00,24.75,24.75,24.75,24.75,12000,0
2015-10-13,14:20:00,24.97,24.97,24.97,24.97,32,0
2015-10-13,14:35:00,24.98,24.98,24.98,24.98,120,0
2015-10-13,14:45:00,24.72,24.72,24.72,24.72,14,0
2015-10-13,15:35:00,24.72,24.72,24.72,24.72,186,0
2015-10-13,16:50:00,24.7,24.7,24.7,24.7,13,0
2015-10-14,09:05:00,24.9,24.9,24.9,24.9,112,0
2015-10-14,09:20:00,24.9,24.9,24.9,24.9,20,0
2015-10-14,09:30:00,24.64,24.64,24.64,24.64,3,0
2015-10-14,09:50:00,24.64,24.64,24.6,24.6,707,0
2015-10-14,10:30:00,24.89,25,24.89,25,700,0
2015-10-14,11:30:00,25,25,25,25,14,0
2015-10-14,11:35:00,25.1,25.1,25.1,25.1,186,0
2015-10-14,12:20:00,25.09,25.09,25.09,25.09,100,0
2015-10-14,12:35:00,24.7,24.7,24.7,24.7,9,0
2015-10-14,12:55:00,24.7,24.7,24.7,24.7,11,0
2015-10-14,13:45:00,24.73,24.73,24.73,24.73,59,0
2015-10-14,15:55:00,24.73,24.73,24.73,24.73,100,0
2015-10-14,16:00:00,24.73,24.73,24.73,24.73,20,0
2015-10-14,16:25:00,24.73,24.73,24.41,24.41,10248,0
2015-10-14,16:50:00,24.39,24.39,24.39,24.39,318,0
2015-10-15,09:05:00,24.42,25.17,24.41,24.41,616,0
2015-10-15,09:40:00,24.4,24.4,24.4,24.4,50,0
2015-10-15,11:25:00,24.3,24.3,24.3,24.3,50,0
2015-10-15,11:40:00,24.3,24.3,24.3,24.3,40,0
2015-10-15,12:20:00,24.21,24.21,24.2,24.2,273,0
2015-10-15,12:25:00,24.16,24.16,23.9,23.9,512,0
2015-10-15,12:30:00,23.9,23.9,23.9,23.9,295,0
2015-10-15,12:35:00,23.9,23.9,23.9,23.9,200,0
2015-10-15,12:40:00,23.9,23.9,23.9,23.9,55,0
2015-10-15,13:15:00,23.9,24,23.9,24,989,0
2015-10-15,13:35:00,24.01,24.01,24.01,24.01,200,0
2015-10-15,13:40:00,24.01,24.01,24.01,24.01,920,0
2015-10-15,13:50:00,24,24,24,24,42,0
2015-10-15,14:05:00,24,24.01,23.3,23.3,268,0
2015-10-15,14:15:00,23.99,23.99,23.99,23.99,1,0
2015-10-15,14:20:00,23.99,23.99,23.99,23.99,40,0
2015-10-15,16:30:00,23.79,23.79,23.7,23.7,543,0
2015-10-15,16:50:00,23.5,23.5,23.5,23.5,615,0
2015-10-16,09:10:00,23.5,23.5,23.5,23.5,1,0
2015-10-16,09:25:00,23.5,23.84,23.5,23.84,5,0
2015-10-16,09:35:00,23.84,23.84,23.84,23.84,130,0
2015-10-16,09:45:00,23.32,23.32,23.32,23.32,130,0
2015-10-16,09:50:00,23.36,23.36,23.36,23.36,60,0
2015-10-16,09:55:00,23.37,23.37,23.37,23.37,25,0
2015-10-16,10:40:00,23.67,23.69,23.67,23.69,413,0
2015-10-16,10:45:00,23.82,23.83,23.82,23.82,1117,0
2015-10-16,10:55:00,23.6,23.79,23.2,23.79,9836,0
2015-10-16,11:10:00,23.19,23.19,23.19,23.19,41,0
2015-10-16,11:15:00,23.2,23.2,23.2,23.2,5165,0
2015-10-16,13:15:00,23.2,23.2,23.13,23.13,43,0
2015-10-16,14:00:00,23.22,23.22,23.22,23.22,125,0
2015-10-16,14:15:00,23.22,23.22,23.22,23.22,10,0
2015-10-16,14:55:00,23.4,23.4,23.4,23.4,25,0
2015-10-16,15:15:00,23.5,23.5,23.5,23.5,77,0
2015-10-16,16:30:00,23.8,23.83,23.8,23.83,1923,0
2015-10-16,16:35:00,23.8,23.8,23.8,23.8,4500,0
2015-10-16,16:40:00,23.8,23.8,23.8,23.8,200,0
2015-10-16,16:50:00,23.79,23.79,23.79,23.79,108,0
2015-10-19,09:05:00,23.61,24.39,23.61,24.39,43,0
2015-10-19,09:45:00,23.73,23.73,23.71,23.71,521,0
2015-10-19,10:35:00,23.71,23.71,23.71,23.71,310,0
2015-10-19,11:35:00,23.71,23.71,23.71,23.71,58,0
2015-10-19,12:00:00,23.61,23.61,23.61,23.61,10,0
2015-10-19,12:10:00,23.61,23.61,23.61,23.61,5,0
2015-10-19,12:40:00,23.61,23.61,23.61,23.61,141,0
2015-10-19,13:45:00,23.66,23.66,23.65,23.65,30,0
2015-10-19,13:55:00,23.67,23.67,23.61,23.61,900,0
2015-10-19,14:20:00,23.61,23.61,23.61,23.61,931,0
2015-10-19,14:35:00,23.44,23.44,23.43,23.43,671,0
2015-10-19,15:40:00,23.35,23.35,23.33,23.33,1161,0
2015-10-19,15:50:00,23.48,23.48,23.48,23.48,228,0
2015-10-19,16:35:00,23.49,23.49,23.49,23.49,130,0
2015-10-20,09:05:00,23.05,23.06,23.05,23.05,1059,0
2015-10-20,09:10:00,23.4,23.98,23.4,23.5,656,0
2015-10-20,09:30:00,23.7,24,23.69,24,39448,0
2015-10-20,10:10:00,24,24,24,24,2000,0
2015-10-20,10:15:00,24.5,24.52,24.5,24.52,3291,0
2015-10-20,10:55:00,24.7,24.7,24.7,24.7,50,0
2015-10-20,11:00:00,24.7,24.7,24.7,24.7,49,0
2015-10-20,11:20:00,24.7,24.89,24.7,24.89,103,0
2015-10-20,11:40:00,24.85,24.85,24.85,24.85,25,0
2015-10-20,11:45:00,24.89,25,24.89,25,448,0
2015-10-20,11:55:00,24.99,24.99,24.99,24.99,60,0
2015-10-20,12:00:00,24.99,24.99,24.8,24.8,149,0
2015-10-20,12:10:00,24.95,24.95,24.95,24.95,96,0
2015-10-20,12:30:00,24.95,24.95,24.95,24.95,70,0
2015-10-20,12:40:00,24.95,24.95,24.95,24.95,14,0
2015-10-20,13:00:00,24.95,24.95,24.95,24.95,206,0
2015-10-20,13:25:00,24.9,24.9,24.9,24.9,20,0
2015-10-20,14:00:00,24.9,24.9,24.9,24.9,50,0
2015-10-20,14:05:00,24.8,24.8,24.8,24.8,40,0
2015-10-20,14:30:00,24.8,24.8,24.8,24.8,8,0
2015-10-20,14:35:00,24.7,24.7,24.7,24.7,12000,0
2015-10-20,14:40:00,24.7,24.7,24.7,24.7,4959,0
2015-10-20,14:50:00,24.7,24.7,24.7,24.7,33,0
2015-10-20,14:55:00,24.7,24.7,24.7,24.7,46,0
2015-10-20,15:25:00,24.7,24.7,24.7,24.7,350,0
2015-10-20,16:15:00,24.7,24.7,24.7,24.7,29,0
2015-10-20,16:50:00,24.7,24.99,24.7,24.99,933,0
2015-10-21,09:05:00,25,25.25,25,25.25,660,0
2015-10-21,09:10:00,25.25,25.25,25.25,25.25,100,0
2015-10-21,09:30:00,25.1,25.1,25.08,25.08,100,0
2015-10-21,10:00:00,25.25,25.25,25.25,25.25,1021,0
2015-10-21,10:10:00,25.34,25.47,25.34,25.47,1216,0
2015-10-21,10:15:00,25.51,25.51,25.51,25.51,8,0
2015-10-21,10:25:00,25.89,25.89,25.89,25.89,2,0
2015-10-21,10:55:00,25.89,26.4,25.89,26.4,115,0
2015-10-21,11:05:00,26.65,26.7,26.65,26.65,334,0
2015-10-21,11:10:00,26.26,26.26,26.26,26.26,9,0
2015-10-21,11:20:00,26.69,27,26.69,27,1868,0
2015-10-21,11:40:00,26.95,26.95,26.95,26.95,60,0
2015-10-21,11:45:00,26.95,26.95,26.95,26.95,32,0
2015-10-21,13:05:00,26.26,26.26,26,26,397,0
2015-10-21,13:10:00,25.9,25.9,25.9,25.9,11,0
2015-10-21,13:25:00,26,26,26,26,200,0
2015-10-21,13:35:00,26.49,26.5,26.49,26.5,2281,0
2015-10-21,13:55:00,26.5,26.5,26.5,26.5,20,0
2015-10-21,14:00:00,26.01,26.01,26.01,26.01,15,0
2015-10-21,14:10:00,26.01,26.02,26.01,26.01,700,0
2015-10-21,15:20:00,26.5,26.5,26.5,26.5,2,0
2015-10-21,15:25:00,26.5,26.68,26.2,26.68,413,0
2015-10-21,15:30:00,26.68,26.7,26.68,26.7,410,0
2015-10-21,15:35:00,26.55,26.55,26.55,26.55,1,0
2015-10-21,15:50:00,26.55,26.7,26.55,26.7,3218,0
2015-10-21,16:05:00,26.69,26.69,26.69,26.69,5,0
2015-10-21,16:30:00,26.69,26.69,26.69,26.69,34,0
2015-10-21,16:35:00,26.69,26.69,26.69,26.69,50,0
2015-10-22,09:05:00,26.75,26.75,26.75,26.75,255,0
2015-10-22,09:10:00,26.74,26.74,26.74,26.74,100,0
2015-10-22,09:25:00,26.6,26.6,26.5,26.5,83,0
2015-10-22,09:30:00,26.5,26.5,26.5,26.5,50,0
2015-10-22,09:40:00,26.5,26.5,26.5,26.5,100,0
2015-10-22,10:00:00,26.5,26.5,26.5,26.5,50,0
2015-10-22,10:55:00,26.05,26.05,26.05,26.05,14,0
2015-10-22,11:20:00,26.05,26.05,26,26,2874,0
2015-10-22,11:30:00,25.99,25.99,25.02,25.8,189,0
2015-10-22,11:35:00,25.98,25.98,25.98,25.98,5,0
2015-10-22,11:40:00,25.8,25.8,25.8,25.8,5,0
2015-10-22,11:45:00,25.79,25.79,25.79,25.79,79,0
2015-10-22,11:50:00,25.79,25.79,25.79,25.79,50,0
2015-10-22,12:15:00,25.79,25.79,25.79,25.79,35,0
2015-10-22,12:40:00,25.22,25.22,24.99,24.99,575,0
2015-10-22,12:45:00,24.99,24.99,24.99,24.99,122,0
2015-10-22,12:55:00,24.85,24.85,24.85,24.85,6753,0
2015-10-22,13:20:00,25,25,25,25,600,0
2015-10-22,13:25:00,25.24,25.25,25.24,25.25,59,0
2015-10-22,13:30:00,25.34,25.34,25.25,25.25,286,0
2015-10-22,14:10:00,25.68,25.68,25.68,25.68,40,0
2015-10-22,15:10:00,25.26,25.26,24.93,24.93,5273,0
2015-10-22,15:30:00,25,25,25,25,2200,0
2015-10-22,15:55:00,25.11,25.25,25.11,25.25,723,0
2015-10-22,16:00:00,25.11,25.12,25.11,25.11,3000,0
2015-10-22,16:15:00,25.25,25.25,25.25,25.25,1000,0
2015-10-22,16:25:00,25.25,25.25,25.25,25.25,1000,0
2015-10-22,16:35:00,25.12,25.12,25.12,25.12,82,0
2015-10-22,16:45:00,25.12,25.12,25.12,25.12,2000,0
2015-10-22,16:50:00,25.25,25.25,25.1,25.1,6000,0
2015-10-23,09:10:00,24.54,26.38,24.54,26.38,944,0
2015-10-23,09:15:00,26.38,26.38,25.8,25.8,301,0
2015-10-23,09:20:00,25.75,25.75,25.75,25.75,50,0
2015-10-23,11:30:00,25.5,25.5,25.5,25.5,60,0
2015-10-23,11:35:00,25.53,25.53,25.53,25.53,10,0
2015-10-23,12:30:00,25.53,25.53,25.53,25.53,48,0
2015-10-23,13:20:00,25.45,25.45,25.45,25.45,19,0
2015-10-23,14:10:00,25.45,25.45,25.45,25.45,21,0
2015-10-23,15:10:00,25.1,25.1,25.1,25.1,231,0
2015-10-23,15:20:00,25.1,25.1,25.1,25.1,54,0
2015-10-23,15:45:00,25.1,25.1,25.1,25.1,39,0
2015-10-23,16:25:00,25.02,25.02,25.01,25.01,256,0
2015-10-23,16:50:00,24.81,24.81,24.81,24.81,110,0
2015-10-26,09:05:00,24.7,24.7,24.7,24.7,401,0
2015-10-26,10:50:00,24.7,24.7,24.7,24.7,99,0
2015-10-26,11:25:00,24.78,24.78,24.78,24.78,120,0
2015-10-26,11:40:00,24.78,24.78,24.78,24.78,50,0
2015-10-26,12:10:00,24.7,24.7,24.7,24.7,50,0
2015-10-26,12:45:00,24.52,24.78,24.52,24.78,57,0
2015-10-26,13:15:00,24.52,24.52,24.51,24.51,1339,0
2015-10-26,15:55:00,24.52,24.52,24.52,24.52,128,0
2015-10-26,16:50:00,24.7,24.7,24.7,24.7,800,0
2015-10-27,09:05:00,24.77,24.77,24.42,24.42,94,0
2015-10-27,09:25:00,24.77,24.77,24.77,24.77,13,0
2015-10-27,09:40:00,24.42,24.42,24.42,24.42,201,0
2015-10-27,09:45:00,24.77,24.77,24.77,24.77,193,0
2015-10-27,11:50:00,24.7,24.7,24.7,24.7,2,0
2015-10-27,12:35:00,24.7,24.7,24.7,24.7,137,0
2015-10-27,12:40:00,24.65,24.65,24.65,24.65,49,0
2015-10-27,14:00:00,24.65,24.65,24.65,24.65,96,0
2015-10-27,14:20:00,24.66,24.66,24.66,24.66,100,0
2015-10-28,09:05:00,25,25,25,25,300,0
2015-10-28,10:10:00,25,25,25,25,104,0
2015-10-28,13:35:00,24.8,24.8,24.71,24.71,290,0
2015-10-28,14:05:00,24.7,24.7,24.7,24.7,110,0
2015-10-28,14:40:00,24.7,24.7,24.7,24.7,95,0
2015-10-28,16:10:00,24.7,24.7,24.7,24.7,148,0
2015-10-28,16:20:00,24.71,24.71,24.71,24.71,100,0
2015-10-28,16:50:00,24.7,24.7,24.7,24.7,887,0
2015-10-29,09:15:00,24.65,24.65,24.65,24.65,21,0
2015-10-29,09:40:00,24.7,24.7,24.7,24.7,150,0
2015-10-29,10:00:00,24.7,24.7,24.7,24.7,110,0
2015-10-29,10:15:00,24.7,24.7,24.7,24.7,50,0
2015-10-29,10:50:00,24.7,24.7,24.7,24.7,1,0
2015-10-29,10:55:00,24.7,24.7,24.7,24.7,40,0
2015-10-29,12:35:00,25,25,25,25,3,0
2015-10-29,13:35:00,24.8,24.8,24.8,24.8,48,0
2015-10-29,14:00:00,25,25,25,25,379,0
2015-10-29,14:20:00,25,25,25,25,5,0
2015-10-29,15:10:00,25.25,25.25,25.25,25.25,36,0
2015-10-30,09:05:00,25.1,25.1,25.1,25.1,1,0
2015-10-30,10:15:00,24.71,24.71,24.7,24.7,794,0
2015-10-30,10:20:00,24.71,24.71,24.71,24.71,25,0
2015-10-30,14:05:00,24.85,24.85,24.7,24.7,881,0
2015-10-30,14:10:00,24.7,24.7,24.7,24.7,45,0
2015-10-30,15:15:00,24.76,24.76,24.76,24.76,13,0
2015-10-30,16:50:00,24.76,24.76,24.76,24.76,525,0
2015-11-02,09:55:00,25.4,25.4,25.4,25.4,19,0
2015-11-02,10:10:00,25.4,25.4,25.4,25.4,100,0
2015-11-02,10:50:00,25.4,25.4,25.4,25.4,251,0
2015-11-02,12:00:00,25.4,25.4,25.4,25.4,30,0
2015-11-02,12:40:00,25.3,25.3,25.3,25.3,100,0
2015-11-02,12:45:00,25.4,25.4,25.4,25.4,70,0
2015-11-03,09:05:00,24.76,24.76,24.76,24.76,100,0
2015-11-03,09:40:00,24.77,24.77,24.77,24.77,140,0
2015-11-03,11:30:00,25,25,25,25,200,0
2015-11-03,12:00:00,25,25,25,25,52,0
2015-11-03,12:55:00,25.01,25.01,25,25,40588,0
2015-11-03,13:00:00,25,25,25,25,20000,0
2015-11-03,13:25:00,25,25,25,25,50000,0
2015-11-03,13:30:00,25,25,25,25,70,0
2015-11-03,13:40:00,25,25,25,25,150,0
2015-11-03,13:45:00,25,25,25,25,262,0
2015-11-03,14:00:00,25,25,25,25,40,0
2015-11-03,15:35:00,25,25,25,25,960,0
2015-11-03,16:05:00,24.87,24.87,24.87,24.87,360,0
2015-11-03,16:50:00,25.3,25.3,25.3,25.3,24,0
2015-11-04,09:05:00,25.3,25.3,25.3,25.3,8,0
2015-11-04,11:50:00,25.3,25.3,25.3,25.3,210,0
2015-11-04,13:05:00,25.31,25.31,25.31,25.31,376,0
2015-11-04,15:55:00,25.48,25.48,25.48,25.48,55,0
2015-11-04,16:10:00,25.5,25.5,25.5,25.5,20,0
2015-11-04,16:50:00,25.75,26,25.75,26,2000,0
2015-11-05,09:05:00,26,26,26,26,634,0
2015-11-05,09:55:00,26,26,25.9,25.9,566,0
2015-11-05,10:10:00,25.9,25.9,25.9,25.9,99,0
2015-11-05,11:20:00,25.52,25.52,25.52,25.52,14,0
2015-11-05,13:45:00,25.52,25.52,25.5,25.5,337,0
2015-11-05,14:50:00,25.5,25.5,25.5,25.5,191,0
2015-11-05,15:05:00,25.51,25.51,25.5,25.5,699,0
2015-11-05,15:10:00,25.3,25.3,25,25,3000,0
2015-11-05,16:10:00,25.03,25.03,25,25,1700,0
2015-11-05,16:20:00,25,25,25,25,32,0
2015-11-05,16:40:00,24.8,24.8,24.8,24.8,233,0
2015-11-05,16:50:00,24.8,24.8,24.8,24.8,68,0
2015-11-06,09:05:00,24.76,24.76,24.76,24.76,96,0
2015-11-06,09:35:00,24.77,24.77,24.77,24.77,90,0
2015-11-06,10:15:00,24.8,24.8,24.8,24.8,50000,0
2015-11-06,10:25:00,24.8,24.8,24.78,24.78,50080,0
2015-11-06,10:35:00,24.82,24.82,24.82,24.82,11,0
2015-11-06,10:40:00,24.82,24.82,24.82,24.82,329,0
2015-11-06,11:30:00,25,25,25,25,333,0
2015-11-06,11:35:00,25.24,25.24,25.24,25.24,100,0
2015-11-06,12:00:00,25.24,25.25,25.24,25.25,250,0
2015-11-06,15:00:00,25.25,25.25,25.25,25.25,121,0
2015-11-06,15:35:00,25.39,25.39,25.39,25.39,49,0
2015-11-06,16:05:00,25.39,25.39,25.39,25.39,10,0
2015-11-09,10:00:00,25.4,25.4,25.4,25.4,58,0
2015-11-09,10:25:00,25.26,25.26,25,25,5000,0
2015-11-09,10:50:00,25,25,25,25,42,0
2015-11-09,12:20:00,25,25,25,25,7165,0
2015-11-09,13:10:00,25,25,24.75,24.75,10851,0
2015-11-09,14:15:00,24.75,24.75,24.75,24.75,100,0
2015-11-09,14:20:00,24.75,24.75,24.75,24.75,2419,0
2015-11-09,14:25:00,24.13,24.5,24.13,24.5,31,0
2015-11-09,14:50:00,25.4,25.5,25.4,25.5,625,0
2015-11-09,16:05:00,25.5,25.5,25.5,25.5,31,0
2015-11-09,16:10:00,25.5,25.5,25.5,25.5,94,0
2015-11-10,11:35:00,25.1,25.1,25,25,65650,0
2015-11-10,11:50:00,25.1,25.1,25,25,96,0
2015-11-10,12:50:00,25,25,25,25,200,0
2015-11-10,13:00:00,25.7,25.7,25.7,25.7,20,0
2015-11-10,14:30:00,25.7,25.7,25.7,25.7,38,0
2015-11-10,14:45:00,25.7,25.7,25.7,25.7,95,0
2015-11-10,15:25:00,25.7,25.7,25.7,25.7,41,0
2015-11-10,16:30:00,25.7,25.7,25.7,25.7,50,0
2015-11-10,16:35:00,25.12,25.12,25.11,25.11,500,0
2015-11-10,16:50:00,25.78,25.78,25.78,25.78,10,0
