2015-08-28,09:45:00,1.07,1.07,1.07,1.07,2300,0
2015-08-28,10:30:00,1.04,1.04,1.02,1.02,5000,0
2015-08-28,11:05:00,1.05,1.05,1.05,1.05,1500,0
2015-08-28,11:10:00,1.05,1.05,1.05,1.05,3000,0
2015-08-28,11:40:00,1.03,1.03,1.03,1.03,4000,0
2015-08-28,11:45:00,1.03,1.03,1.03,1.03,3439,0
2015-08-28,11:55:00,1.03,1.03,1.03,1.03,600,0
2015-08-28,12:00:00,1.03,1.03,1.03,1.03,961,0
2015-08-28,12:25:00,1.04,1.04,1.04,1.04,30,0
2015-08-28,12:35:00,1.03,1.03,1.03,1.03,39,0
2015-08-28,12:40:00,1.03,1.03,1.03,1.03,1199,0
2015-08-28,13:40:00,1.04,1.04,1.04,1.04,100,0
2015-08-28,13:50:00,1.04,1.04,1.04,1.04,2,0
2015-08-28,14:45:00,1.03,1.03,1.03,1.03,4000,0
2015-08-28,14:50:00,1.03,1.03,1.03,1.03,1447,0
2015-08-28,15:00:00,1.02,1.02,1.02,1.02,9307,0
2015-08-28,15:30:00,1.04,1.04,1.04,1.04,16,0
2015-08-28,16:15:00,1.04,1.04,1.04,1.04,55,0
2015-08-31,09:05:00,1.04,1.04,1.04,1.04,1000,0
2015-08-31,09:20:00,1.04,1.07,1.04,1.07,3444,0
2015-08-31,09:45:00,1.04,1.04,1.03,1.03,15,0
2015-08-31,10:55:00,1.03,1.03,1.03,1.03,20,0
2015-08-31,11:00:00,1.04,1.04,1.04,1.04,5,0
2015-08-31,11:05:00,1.04,1.04,1.04,1.04,45,0
2015-08-31,11:10:00,1.05,1.05,1.05,1.05,2816,0
2015-08-31,15:15:00,1.03,1.03,1.03,1.03,1500,0
2015-08-31,15:55:00,1.03,1.03,1.03,1.03,1083,0
2015-08-31,16:40:00,1.03,1.03,1.03,1.03,567,0
2015-08-31,16:50:00,1.06,1.06,1.06,1.06,2000,0
2015-09-01,09:30:00,1.03,1.03,1.03,1.03,1000,0
2015-09-01,10:05:00,1.02,1.02,1.02,1.02,80,0
2015-09-01,10:35:00,1.02,1.02,1.02,1.02,3023,0
2015-09-01,11:20:00,1.04,1.04,1.04,1.04,1,0
2015-09-01,12:35:00,1.04,1.04,1.04,1.04,199,0
2015-09-01,14:45:00,1.04,1.04,1.04,1.04,674,0
2015-09-01,16:25:00,1.04,1.04,1.03,1.03,1000,0
2015-09-01,16:45:00,1.03,1.03,1.03,1.03,1600,0
2015-09-01,16:50:00,1.06,1.06,1.06,1.06,1,0
2015-09-02,09:30:00,1.05,1.05,1.05,1.05,2,0
2015-09-02,12:35:00,1.05,1.05,1.05,1.05,50,0
2015-09-02,12:45:00,1.05,1.05,1.05,1.05,2120,0
2015-09-02,14:35:00,1.05,1.05,1.05,1.05,1000,0
2015-09-02,15:10:00,1.05,1.05,1.05,1.05,925,0
2015-09-02,15:50:00,1.04,1.04,1.04,1.04,70,0
2015-09-02,16:50:00,1.04,1.04,1.04,1.04,670,0
2015-09-03,09:05:00,1.03,1.03,1.03,1.03,764,0
2015-09-03,09:10:00,1.03,1.03,1.03,1.03,574,0
2015-09-03,09:15:00,1.03,1.03,1.03,1.03,1816,0
2015-09-03,10:25:00,1.05,1.05,1.05,1.05,1100,0
2015-09-03,10:35:00,1.05,1.05,1.05,1.05,404,0
2015-09-03,10:50:00,1.06,1.06,1.06,1.06,446,0
2015-09-03,10:55:00,1.06,1.06,1.06,1.06,414,0
2015-09-03,12:00:00,1.04,1.04,1.04,1.04,1222,0
2015-09-03,13:55:00,1.05,1.05,1.05,1.05,1222,0
2015-09-03,14:00:00,1.06,1.06,1.06,1.06,179,0
2015-09-03,14:50:00,1.06,1.06,1.06,1.06,158,0
2015-09-03,16:50:00,1.03,1.03,1.03,1.03,404,0
2015-09-04,09:05:00,1.06,1.06,1.06,1.06,100,0
2015-09-04,13:15:00,1.04,1.04,1.04,1.04,8,0
2015-09-04,13:35:00,1.04,1.06,1.04,1.06,160,0
2015-09-04,16:40:00,1.03,1.03,1.03,1.03,300,0
2015-09-04,16:50:00,1.06,1.06,1.06,1.06,50,0
2015-09-07,09:05:00,1.02,1.03,1.02,1.03,1820,0
2015-09-07,09:20:00,1.03,1.03,1.03,1.03,965,0
2015-09-07,09:50:00,1.03,1.03,1.03,1.03,199,0
2015-09-07,13:20:00,1.03,1.03,1.03,1.03,954,0
2015-09-07,14:15:00,1.03,1.03,1.02,1.02,944,0
2015-09-07,15:15:00,1.02,1.02,1.02,1.02,415,0
2015-09-07,16:50:00,1.06,1.06,1.06,1.06,11,0
2015-09-08,11:25:00,1.06,1.06,1.06,1.06,100,0
2015-09-09,09:10:00,1.06,1.06,1.06,1.06,900,0
2015-09-09,09:35:00,1.04,1.04,1.04,1.04,30,0
2015-09-09,09:40:00,1.04,1.04,1.04,1.04,970,0
2015-09-09,10:20:00,1.05,1.05,1.05,1.05,130,0
2015-09-09,10:25:00,1.02,1.02,1.02,1.02,2000,0
2015-09-09,10:40:00,1.05,1.05,1.05,1.05,900,0
2015-09-09,11:15:00,1.02,1.02,1.02,1.02,1650,0
2015-09-09,11:45:00,1.02,1.02,1.02,1.02,1000,0
2015-09-09,12:05:00,1.02,1.02,1.02,1.02,1400,0
2015-09-09,15:40:00,1.05,1.05,1.05,1.05,270,0
2015-09-10,09:45:00,1.02,1.02,1.02,1.02,1650,0
2015-09-10,11:25:00,1.06,1.06,1.06,1.06,2000,0
2015-09-10,15:40:00,1.06,1.06,1.06,1.06,500,0
2015-09-10,16:25:00,1.06,1.06,1.06,1.06,1500,0
2015-09-11,09:05:00,1.05,1.05,1.05,1.05,15,0
2015-09-11,10:10:00,1.03,1.03,1.03,1.03,800,0
2015-09-11,11:00:00,1.03,1.03,1.03,1.03,883,0
2015-09-11,12:15:00,1.03,1.03,1.03,1.03,1017,0
2015-09-11,12:20:00,1.03,1.03,1.03,1.03,384,0
2015-09-11,14:45:00,1.03,1.03,1.03,1.03,150,0
2015-09-11,16:25:00,1.04,1.04,1.03,1.03,517,0
2015-09-11,16:50:00,1.06,1.06,1.06,1.06,1000,0
2015-09-14,09:05:00,1.03,1.03,1.03,1.03,100,0
2015-09-14,09:20:00,1.03,1.06,1.03,1.06,6348,0
2015-09-14,10:00:00,1.04,1.04,1.04,1.04,795,0
2015-09-14,10:45:00,1.04,1.04,1.03,1.03,2900,0
2015-09-14,11:35:00,1.03,1.03,1.02,1.02,2300,0
2015-09-14,15:20:00,1.05,1.05,1.05,1.05,2300,0
2015-09-14,15:25:00,1.06,1.06,1.06,1.06,900,0
2015-09-14,15:30:00,1.06,1.06,1.06,1.06,450,0
2015-09-14,15:40:00,1.06,1.06,1.06,1.06,1606,0
2015-09-14,16:15:00,1.07,1.07,1.07,1.07,1500,0
2015-09-14,16:50:00,1.07,1.07,1.07,1.07,100,0
2015-09-15,09:05:00,1.07,1.07,1.07,1.07,4000,0
2015-09-15,09:10:00,1.07,1.07,1.07,1.07,670,0
2015-09-15,09:30:00,1.07,1.07,1.07,1.07,1600,0
2015-09-15,09:45:00,1.07,1.07,1.07,1.07,300,0
2015-09-15,10:25:00,1.04,1.04,1.04,1.04,774,0
2015-09-15,11:30:00,1.07,1.07,1.07,1.07,2000,0
2015-09-15,11:50:00,1.05,1.07,1.04,1.07,1015,0
2015-09-15,12:55:00,1.04,1.04,1.04,1.04,700,0
2015-09-15,15:45:00,1.06,1.07,1.06,1.07,8399,0
2015-09-15,15:50:00,1.07,1.07,1.07,1.07,3,0
2015-09-15,16:00:00,1.07,1.07,1.07,1.07,300,0
2015-09-15,16:25:00,1.07,1.07,1.07,1.07,1000,0
2015-09-15,16:30:00,1.07,1.07,1.07,1.07,3000,0
2015-09-15,16:35:00,1.07,1.07,1.07,1.07,2000,0
2015-09-16,09:05:00,1.07,1.1,1.07,1.1,22178,0
2015-09-16,09:15:00,1.13,1.13,1.13,1.13,2096,0
2015-09-16,09:20:00,1.13,1.13,1.13,1.13,2421,0
2015-09-16,09:25:00,1.13,1.13,1.13,1.13,3233,0
2015-09-16,09:35:00,1.13,1.13,1.13,1.13,496,0
2015-09-16,09:40:00,1.13,1.14,1.13,1.14,4650,0
2015-09-16,10:00:00,1.1,1.15,1.1,1.15,304,0
2015-09-16,10:10:00,1.15,1.15,1.15,1.15,731,0
2015-09-16,10:15:00,1.15,1.15,1.15,1.15,1089,0
2015-09-16,10:20:00,1.16,1.16,1.16,1.16,833,0
2015-09-16,10:25:00,1.17,1.17,1.17,1.17,945,0
2015-09-16,10:30:00,1.17,1.17,1.17,1.17,2995,0
2015-09-16,10:50:00,1.13,1.13,1.13,1.13,90,0
2015-09-16,11:10:00,1.17,1.17,1.17,1.17,1,0
2015-09-16,11:55:00,1.16,1.16,1.16,1.16,830,0
2015-09-16,12:05:00,1.14,1.14,1.13,1.13,731,0
2015-09-16,13:20:00,1.14,1.14,1.14,1.14,1259,0
2015-09-16,13:25:00,1.13,1.13,1.13,1.13,3000,0
2015-09-16,13:55:00,1.13,1.13,1.12,1.12,1199,0
2015-09-16,14:20:00,1.12,1.12,1.1,1.1,7250,0
2015-09-16,14:30:00,1.11,1.13,1.11,1.13,300,0
2015-09-16,15:20:00,1.14,1.14,1.14,1.14,2000,0
2015-09-16,15:40:00,1.14,1.14,1.14,1.14,4825,0
2015-09-16,16:50:00,1.1,1.15,1.1,1.15,2004,0
2015-09-17,10:00:00,1.15,1.15,1.15,1.15,20,0
2015-09-17,10:05:00,1.1,1.1,1.1,1.1,1000,0
2015-09-17,10:50:00,1.15,1.15,1.15,1.15,350,0
2015-09-17,11:35:00,1.13,1.13,1.13,1.13,1001,0
2015-09-17,12:15:00,1.12,1.12,1.12,1.12,30,0
2015-09-17,13:25:00,1.12,1.12,1.12,1.12,1800,0
2015-09-17,13:50:00,1.13,1.15,1.13,1.15,4991,0
2015-09-17,15:05:00,1.13,1.15,1.13,1.15,1900,0
2015-09-17,15:45:00,1.13,1.13,1.13,1.13,1554,0
2015-09-17,16:05:00,1.13,1.13,1.13,1.13,2165,0
2015-09-17,16:20:00,1.13,1.13,1.13,1.13,500,0
2015-09-17,16:25:00,1.14,1.14,1.14,1.14,100,0
2015-09-18,16:10:00,1.11,1.11,1.11,1.11,1111,0
2015-09-18,16:25:00,1.12,1.12,1.12,1.12,511,0
2015-09-21,09:10:00,1.11,1.11,1.11,1.11,220,0
2015-09-21,09:15:00,1.12,1.12,1.12,1.12,15,0
2015-09-21,10:45:00,1.11,1.11,1.11,1.11,780,0
2015-09-21,10:50:00,1.11,1.11,1.11,1.11,220,0
2015-09-21,13:10:00,1.11,1.11,1.1,1.1,1040,0
2015-09-21,13:35:00,1.09,1.09,1.09,1.09,355,0
2015-09-21,15:40:00,1.1,1.1,1.1,1.1,800,0
2015-09-21,15:50:00,1.12,1.12,1.12,1.12,500,0
2015-09-21,16:35:00,1.12,1.12,1.12,1.12,974,0
2015-09-22,09:25:00,1.1,1.1,1.1,1.1,400,0
2015-09-22,10:25:00,1.11,1.11,1.11,1.11,500,0
2015-09-22,11:50:00,1.1,1.1,1.1,1.1,3639,0
2015-09-22,13:20:00,1.09,1.09,1.09,1.09,201,0
2015-09-22,14:00:00,1.09,1.09,1.09,1.09,244,0
2015-09-22,16:30:00,1.08,1.08,1.08,1.08,511,0
2015-09-22,16:40:00,1.08,1.08,1.08,1.08,1989,0
2015-09-22,16:45:00,1.06,1.06,1.06,1.06,2000,0
2015-09-22,16:50:00,1.08,1.08,1.08,1.08,2807,0
2015-09-24,09:30:00,1.08,1.08,1.05,1.05,4117,0
2015-09-24,09:45:00,1.11,1.11,1.11,1.11,500,0
2015-09-24,09:50:00,1.07,1.07,1.07,1.07,65,0
2015-09-24,10:25:00,1.07,1.07,1.07,1.07,635,0
2015-09-24,10:30:00,1.07,1.07,1.07,1.07,365,0
2015-09-24,12:25:00,1.09,1.09,1.09,1.09,100,0
2015-09-24,15:00:00,1.07,1.07,1.06,1.06,1730,0
2015-09-24,16:35:00,1.06,1.06,1.06,1.06,1000,0
2015-09-24,16:50:00,1.06,1.06,1.05,1.06,2356,0
2015-09-25,10:30:00,1.05,1.05,1.04,1.04,220,0
2015-09-25,11:00:00,1.05,1.05,1.05,1.05,1230,0
2015-09-25,11:25:00,1.06,1.06,1.06,1.06,500,0
2015-09-25,16:10:00,1.05,1.05,1.05,1.05,200,0
2015-09-25,16:25:00,1.04,1.04,1.04,1.04,1045,0
2015-09-25,16:40:00,1.03,1.03,1.03,1.03,1930,0
2015-09-25,16:45:00,1.06,1.06,1.06,1.06,100,0
2015-09-25,16:50:00,1.06,1.06,1.06,1.06,300,0
2015-09-28,09:05:00,1.06,1.06,1.06,1.06,1900,0
2015-09-28,09:20:00,1.06,1.06,1.06,1.06,850,0
2015-09-28,15:55:00,1.06,1.06,1.06,1.06,160,0
2015-09-28,16:20:00,1.06,1.06,1.06,1.06,415,0
2015-09-28,16:50:00,1.07,1.07,1.06,1.06,600,0
2015-09-29,09:15:00,1.07,1.07,1.07,1.07,175,0
2015-09-29,09:40:00,1.06,1.06,1.06,1.06,184,0
2015-09-29,09:50:00,1.06,1.06,1.06,1.06,146,0
2015-09-29,12:35:00,1.05,1.05,1.04,1.04,1650,0
2015-09-29,12:50:00,1.03,1.03,1.03,1.03,2633,0
2015-09-29,14:55:00,1.06,1.06,1.06,1.06,100,0
2015-09-29,15:45:00,1.03,1.03,1.03,1.03,970,0
2015-09-29,15:55:00,1.03,1.03,1.02,1.02,4200,0
2015-09-29,16:35:00,1.05,1.06,1.05,1.06,200,0
2015-09-30,09:40:00,1.03,1.03,1.03,1.03,649,0
2015-09-30,11:15:00,1.04,1.04,1.03,1.03,1000,0
2015-09-30,11:40:00,1.04,1.04,1.04,1.04,1000,0
2015-09-30,12:25:00,1.04,1.04,1.04,1.04,23,0
2015-09-30,14:45:00,1.04,1.04,1.04,1.04,1704,0
2015-09-30,15:40:00,1.04,1.04,1.04,1.04,1835,0
2015-09-30,16:50:00,1.03,1.03,1.03,1.03,1100,0
2015-10-01,13:25:00,1.03,1.03,1.03,1.03,1750,0
2015-10-01,14:40:00,1.03,1.03,1.03,1.03,1100,0
2015-10-01,15:50:00,1.03,1.03,1.03,1.03,2600,0
2015-10-01,16:05:00,1.04,1.04,1.04,1.04,250,0
2015-10-02,09:45:00,1.03,1.03,1.03,1.03,138,0
2015-10-02,10:15:00,1.06,1.06,1.06,1.06,62,0
2015-10-02,12:35:00,1.04,1.04,1.03,1.03,2600,0
2015-10-02,15:40:00,1.03,1.03,1.03,1.03,1000,0
2015-10-02,16:50:00,1.06,1.06,1.06,1.06,200,0
2015-10-05,09:40:00,1.03,1.03,1.03,1.03,5000,0
2015-10-05,15:05:00,1.04,1.04,1.04,1.04,182,0
2015-10-05,16:50:00,1.04,1.04,1.04,1.04,1268,0
2015-10-06,11:00:00,1.03,1.03,1,1,4840,0
2015-10-06,11:20:00,1.03,1.03,1.03,1.03,1000,0
2015-10-06,11:55:00,1.02,1.02,1.02,1.02,585,0
2015-10-06,13:15:00,1.02,1.02,1.02,1.02,1000,0
2015-10-06,14:40:00,1.03,1.03,1.03,1.03,1000,0
2015-10-06,16:50:00,1.03,1.03,1.03,1.03,1000,0
2015-10-07,10:10:00,1.04,1.04,1.04,1.04,1500,0
2015-10-07,10:15:00,1.04,1.06,1.04,1.06,7933,0
2015-10-07,10:25:00,1.07,1.07,1.07,1.07,738,0
2015-10-07,10:40:00,1.06,1.06,1.06,1.06,1000,0
2015-10-07,13:40:00,1.06,1.09,1.06,1.09,18301,0
2015-10-07,14:30:00,1.08,1.08,1.08,1.08,199,0
2015-10-07,15:00:00,1.08,1.08,1.08,1.08,1546,0
2015-10-07,15:55:00,1.08,1.08,1.08,1.08,1900,0
2015-10-07,16:50:00,1.08,1.08,1.08,1.08,1108,0
2015-10-08,09:05:00,1.1,1.12,1.1,1.12,6255,0
2015-10-08,09:10:00,1.15,1.17,1.15,1.16,5572,0
2015-10-08,09:15:00,1.15,1.19,1.1,1.19,42814,0
2015-10-08,09:20:00,1.2,1.21,1.19,1.21,12116,0
2015-10-08,09:25:00,1.21,1.21,1.2,1.21,10530,0
2015-10-08,09:50:00,1.25,1.25,1.25,1.25,12655,0
2015-10-08,09:55:00,1.25,1.25,1.24,1.24,5457,0
2015-10-08,10:00:00,1.24,1.26,1.24,1.26,9500,0
2015-10-08,10:05:00,1.26,1.26,1.26,1.26,1200,0
2015-10-08,10:10:00,1.23,1.23,1.23,1.23,150,0
2015-10-08,10:20:00,1.25,1.25,1.23,1.23,3896,0
2015-10-08,10:25:00,1.22,1.22,1.21,1.21,14135,0
2015-10-08,10:30:00,1.21,1.21,1.21,1.21,717,0
2015-10-08,10:35:00,1.21,1.24,1.21,1.24,7500,0
2015-10-08,10:40:00,1.24,1.27,1.24,1.27,23664,0
2015-10-08,10:45:00,1.27,1.27,1.27,1.27,3222,0
2015-10-08,10:50:00,1.27,1.3,1.27,1.28,13866,0
2015-10-08,10:55:00,1.28,1.3,1.28,1.3,5373,0
2015-10-08,11:00:00,1.3,1.3,1.3,1.3,1422,0
2015-10-08,11:05:00,1.3,1.32,1.3,1.32,2001,0
2015-10-08,11:15:00,1.32,1.33,1.32,1.33,3799,0
2015-10-08,11:30:00,1.32,1.33,1.32,1.33,2148,0
2015-10-08,11:45:00,1.31,1.31,1.31,1.31,1728,0
2015-10-08,11:50:00,1.31,1.31,1.31,1.31,828,0
2015-10-08,12:05:00,1.28,1.28,1.28,1.28,1274,0
2015-10-08,12:15:00,1.28,1.3,1.28,1.29,2556,0
2015-10-08,12:20:00,1.28,1.28,1.26,1.26,1700,0
2015-10-08,12:25:00,1.25,1.25,1.24,1.24,8149,0
2015-10-08,12:30:00,1.24,1.24,1.24,1.24,1500,0
2015-10-08,12:45:00,1.25,1.25,1.25,1.25,1200,0
2015-10-08,13:10:00,1.27,1.29,1.27,1.29,1000,0
2015-10-08,13:20:00,1.29,1.29,1.29,1.29,2500,0
2015-10-08,13:25:00,1.29,1.29,1.29,1.29,6106,0
2015-10-08,13:30:00,1.29,1.3,1.29,1.3,1927,0
2015-10-08,13:40:00,1.29,1.3,1.29,1.3,600,0
2015-10-08,13:50:00,1.29,1.3,1.29,1.3,3000,0
2015-10-08,13:55:00,1.3,1.3,1.3,1.3,1500,0
2015-10-08,14:10:00,1.29,1.29,1.29,1.29,1226,0
2015-10-08,14:20:00,1.27,1.27,1.27,1.27,160,0
2015-10-08,15:00:00,1.29,1.29,1.29,1.29,1600,0
2015-10-08,15:20:00,1.29,1.3,1.29,1.3,2030,0
2015-10-08,15:25:00,1.3,1.3,1.3,1.3,100,0
2015-10-08,15:40:00,1.28,1.28,1.27,1.27,1000,0
2015-10-08,15:55:00,1.27,1.27,1.27,1.27,968,0
2015-10-08,16:00:00,1.27,1.29,1.27,1.29,3740,0
2015-10-08,16:20:00,1.29,1.29,1.29,1.29,3115,0
2015-10-08,16:25:00,1.29,1.29,1.29,1.29,660,0
2015-10-08,16:30:00,1.3,1.33,1.3,1.33,50000,0
2015-10-08,16:35:00,1.33,1.33,1.33,1.33,3302,0
2015-10-08,16:45:00,1.33,1.33,1.33,1.33,6250,0
2015-10-08,16:50:00,1.33,1.33,1.29,1.31,23960,0
2015-10-09,09:05:00,1.32,1.35,1.32,1.35,10322,0
2015-10-09,09:10:00,1.34,1.37,1.34,1.37,15690,0
2015-10-09,09:15:00,1.37,1.38,1.37,1.37,16620,0
2015-10-09,09:20:00,1.36,1.36,1.3,1.3,6770,0
2015-10-09,09:25:00,1.32,1.36,1.32,1.36,4700,0
2015-10-09,09:30:00,1.36,1.37,1.31,1.31,17000,0
2015-10-09,09:35:00,1.31,1.31,1.24,1.25,35444,0
2015-10-09,09:40:00,1.25,1.27,1.25,1.27,7134,0
2015-10-09,09:45:00,1.27,1.29,1.27,1.29,3158,0
2015-10-09,09:50:00,1.26,1.31,1.26,1.31,7900,0
2015-10-09,10:00:00,1.31,1.34,1.31,1.34,7837,0
2015-10-09,10:05:00,1.34,1.34,1.34,1.34,1400,0
2015-10-09,10:10:00,1.32,1.35,1.32,1.35,1350,0
2015-10-09,10:15:00,1.34,1.34,1.34,1.34,2000,0
2015-10-09,10:30:00,1.32,1.32,1.26,1.26,3828,0
2015-10-09,10:35:00,1.33,1.35,1.33,1.35,3500,0
2015-10-09,10:55:00,1.33,1.33,1.33,1.33,2010,0
2015-10-09,11:00:00,1.33,1.33,1.33,1.33,391,0
2015-10-09,11:20:00,1.29,1.29,1.29,1.29,1927,0
2015-10-09,11:30:00,1.29,1.33,1.29,1.33,469,0
2015-10-09,11:35:00,1.29,1.29,1.29,1.29,69,0
2015-10-09,11:40:00,1.33,1.34,1.33,1.34,1831,0
2015-10-09,11:45:00,1.33,1.33,1.33,1.33,1600,0
2015-10-09,11:50:00,1.33,1.33,1.33,1.33,4061,0
2015-10-09,11:55:00,1.33,1.33,1.33,1.33,1000,0
2015-10-09,12:00:00,1.33,1.33,1.33,1.33,1312,0
2015-10-09,12:05:00,1.33,1.33,1.33,1.33,433,0
2015-10-09,12:10:00,1.33,1.33,1.26,1.26,4902,0
2015-10-09,12:15:00,1.28,1.28,1.28,1.28,2000,0
2015-10-09,12:25:00,1.29,1.29,1.27,1.27,3465,0
2015-10-09,12:30:00,1.26,1.3,1.26,1.3,4855,0
2015-10-09,12:35:00,1.29,1.29,1.29,1.29,700,0
2015-10-09,12:50:00,1.29,1.29,1.26,1.26,5852,0
2015-10-09,13:10:00,1.27,1.27,1.27,1.27,2441,0
2015-10-09,13:15:00,1.29,1.29,1.29,1.29,1675,0
2015-10-09,13:20:00,1.26,1.26,1.26,1.26,3000,0
2015-10-09,13:30:00,1.26,1.26,1.25,1.25,3472,0
2015-10-09,13:45:00,1.25,1.25,1.25,1.25,2000,0
2015-10-09,14:00:00,1.29,1.29,1.29,1.29,400,0
2015-10-09,14:05:00,1.26,1.26,1.22,1.23,17117,0
2015-10-09,14:10:00,1.23,1.26,1.22,1.26,2400,0
2015-10-09,14:15:00,1.25,1.25,1.25,1.25,1500,0
2015-10-09,14:20:00,1.23,1.23,1.22,1.22,11675,0
2015-10-09,14:25:00,1.21,1.21,1.2,1.21,9318,0
2015-10-09,14:35:00,1.23,1.23,1.23,1.23,1800,0
2015-10-09,14:45:00,1.21,1.21,1.21,1.21,8482,0
2015-10-09,14:50:00,1.23,1.24,1.23,1.24,3259,0
2015-10-09,14:55:00,1.24,1.24,1.22,1.22,1000,0
2015-10-09,15:00:00,1.22,1.22,1.22,1.22,75,0
2015-10-09,15:05:00,1.22,1.22,1.22,1.22,2187,0
2015-10-09,15:15:00,1.22,1.22,1.21,1.21,5112,0
2015-10-09,15:20:00,1.22,1.24,1.22,1.24,8950,0
2015-10-09,15:25:00,1.22,1.22,1.22,1.22,2083,0
2015-10-09,15:40:00,1.22,1.22,1.22,1.22,1646,0
2015-10-09,15:55:00,1.22,1.24,1.21,1.24,3271,0
2015-10-09,16:00:00,1.24,1.24,1.24,1.24,50,0
2015-10-09,16:05:00,1.21,1.21,1.21,1.21,2111,0
2015-10-09,16:20:00,1.22,1.22,1.22,1.22,1237,0
2015-10-09,16:25:00,1.22,1.22,1.21,1.21,1800,0
2015-10-09,16:30:00,1.21,1.21,1.21,1.21,100,0
2015-10-09,16:40:00,1.21,1.21,1.21,1.21,764,0
2015-10-09,16:45:00,1.21,1.21,1.21,1.21,1490,0
2015-10-09,16:50:00,1.22,1.23,1.2,1.2,24399,0
2015-10-12,09:05:00,1.21,1.24,1.21,1.24,1553,0
2015-10-12,09:15:00,1.24,1.24,1.21,1.21,3222,0
2015-10-12,09:20:00,1.24,1.24,1.24,1.24,40,0
2015-10-12,09:45:00,1.22,1.22,1.22,1.22,500,0
2015-10-12,10:10:00,1.21,1.21,1.21,1.21,468,0
2015-10-12,10:30:00,1.2,1.2,1.2,1.2,1275,0
2015-10-12,10:35:00,1.2,1.2,1.19,1.19,705,0
2015-10-12,10:40:00,1.19,1.19,1.18,1.18,4500,0
2015-10-12,10:45:00,1.18,1.18,1.18,1.18,860,0
2015-10-12,11:00:00,1.18,1.18,1.18,1.18,1000,0
2015-10-12,11:05:00,1.18,1.18,1.18,1.18,1000,0
2015-10-12,11:10:00,1.18,1.18,1.18,1.18,882,0
2015-10-12,11:20:00,1.18,1.18,1.18,1.18,1000,0
2015-10-12,11:30:00,1.19,1.19,1.19,1.19,1000,0
2015-10-12,11:45:00,1.19,1.19,1.18,1.18,5151,0
2015-10-12,12:15:00,1.21,1.21,1.21,1.21,556,0
2015-10-12,14:05:00,1.19,1.19,1.19,1.19,130,0
2015-10-12,14:10:00,1.18,1.18,1.18,1.18,1547,0
2015-10-12,15:00:00,1.17,1.17,1.17,1.17,801,0
2015-10-12,15:05:00,1.16,1.16,1.15,1.15,1500,0
2015-10-12,15:10:00,1.13,1.14,1.11,1.14,15300,0
2015-10-12,15:15:00,1.12,1.12,1.12,1.12,712,0
2015-10-12,15:20:00,1.14,1.14,1.14,1.14,1000,0
2015-10-12,15:35:00,1.14,1.14,1.14,1.14,815,0
2015-10-12,15:40:00,1.13,1.13,1.13,1.13,80,0
2015-10-12,15:45:00,1.15,1.15,1.15,1.15,3000,0
2015-10-12,16:05:00,1.16,1.16,1.16,1.16,1000,0
2015-10-12,16:15:00,1.14,1.14,1.14,1.14,620,0
2015-10-12,16:25:00,1.14,1.14,1.14,1.14,780,0
2015-10-12,16:40:00,1.13,1.13,1.12,1.12,3508,0
2015-10-12,16:45:00,1.13,1.13,1.13,1.13,992,0
2015-10-12,16:50:00,1.13,1.13,1.13,1.13,1760,0
2015-10-13,09:05:00,1.16,1.16,1.16,1.16,4013,0
2015-10-13,09:10:00,1.13,1.13,1.12,1.12,4000,0
2015-10-13,09:20:00,1.12,1.12,1.12,1.12,1,0
2015-10-13,09:25:00,1.12,1.12,1.12,1.12,2000,0
2015-10-13,09:35:00,1.12,1.12,1.12,1.12,120,0
2015-10-13,09:50:00,1.12,1.12,1.12,1.12,7200,0
2015-10-13,10:05:00,1.13,1.13,1.13,1.13,2000,0
2015-10-13,10:10:00,1.12,1.12,1.12,1.12,175,0
2015-10-13,10:15:00,1.12,1.12,1.12,1.12,717,0
2015-10-13,10:20:00,1.11,1.11,1.08,1.09,13988,0
2015-10-13,10:25:00,1.08,1.08,1.07,1.07,1797,0
2015-10-13,10:30:00,1.1,1.1,1.1,1.1,2010,0
2015-10-13,10:45:00,1.11,1.12,1.11,1.12,1022,0
2015-10-13,10:50:00,1.11,1.11,1.11,1.11,200,0
2015-10-13,10:55:00,1.11,1.11,1.11,1.11,3985,0
2015-10-13,11:40:00,1.11,1.16,1.11,1.16,6000,0
2015-10-13,12:10:00,1.15,1.15,1.15,1.15,3200,0
2015-10-13,12:20:00,1.14,1.14,1.14,1.14,2000,0
2015-10-13,12:25:00,1.15,1.16,1.15,1.16,5000,0
2015-10-13,13:00:00,1.13,1.13,1.13,1.13,119,0
2015-10-13,13:15:00,1.16,1.16,1.16,1.16,1000,0
2015-10-13,13:20:00,1.16,1.2,1.16,1.18,5350,0
2015-10-13,13:25:00,1.18,1.25,1.18,1.25,17900,0
2015-10-13,13:45:00,1.21,1.21,1.2,1.2,3000,0
2015-10-13,14:15:00,1.18,1.18,1.18,1.18,2000,0
2015-10-13,14:25:00,1.19,1.19,1.19,1.19,470,0
2015-10-13,15:20:00,1.17,1.17,1.16,1.16,5000,0
2015-10-13,15:40:00,1.17,1.17,1.17,1.17,1700,0
2015-10-13,15:45:00,1.17,1.19,1.17,1.19,1500,0
2015-10-13,16:35:00,1.16,1.16,1.16,1.16,500,0
2015-10-13,16:50:00,1.19,1.19,1.19,1.19,2300,0
2015-10-14,09:45:00,1.16,1.16,1.16,1.16,1300,0
2015-10-14,10:15:00,1.17,1.17,1.17,1.17,145,0
2015-10-14,10:40:00,1.16,1.16,1.16,1.16,1600,0
2015-10-14,10:55:00,1.16,1.16,1.16,1.16,800,0
2015-10-14,11:00:00,1.17,1.17,1.17,1.17,1000,0
2015-10-14,11:05:00,1.17,1.17,1.17,1.17,1,0
2015-10-14,11:45:00,1.2,1.2,1.2,1.2,500,0
2015-10-14,12:40:00,1.2,1.21,1.2,1.21,400,0
2015-10-14,13:10:00,1.2,1.21,1.2,1.21,967,0
2015-10-14,14:05:00,1.18,1.18,1.18,1.18,1000,0
2015-10-14,14:50:00,1.17,1.17,1.17,1.17,2000,0
2015-10-14,16:00:00,1.18,1.18,1.18,1.18,700,0
2015-10-14,16:05:00,1.19,1.23,1.19,1.23,7072,0
2015-10-14,16:10:00,1.23,1.23,1.23,1.23,1000,0
2015-10-14,16:35:00,1.2,1.2,1.2,1.2,2359,0
2015-10-14,16:40:00,1.18,1.18,1.18,1.18,742,0
2015-10-14,16:45:00,1.22,1.22,1.22,1.22,100,0
2015-10-14,16:50:00,1.22,1.22,1.22,1.22,2588,0
2015-10-15,09:05:00,1.21,1.21,1.21,1.21,10958,0
2015-10-15,09:10:00,1.21,1.27,1.21,1.27,20766,0
2015-10-15,09:15:00,1.25,1.25,1.25,1.25,5175,0
2015-10-15,09:20:00,1.25,1.25,1.25,1.25,1075,0
2015-10-15,09:30:00,1.25,1.27,1.25,1.27,2403,0
2015-10-15,09:35:00,1.29,1.31,1.29,1.31,9880,0
2015-10-15,09:45:00,1.31,1.31,1.31,1.31,1550,0
2015-10-15,10:10:00,1.27,1.31,1.27,1.31,4455,0
2015-10-15,10:15:00,1.3,1.3,1.3,1.3,55,0
2015-10-15,10:30:00,1.29,1.29,1.29,1.29,1208,0
2015-10-15,10:35:00,1.3,1.3,1.3,1.3,2568,0
2015-10-15,10:45:00,1.29,1.29,1.22,1.22,17660,0
2015-10-15,10:50:00,1.29,1.29,1.29,1.29,11,0
2015-10-15,11:10:00,1.29,1.29,1.29,1.29,37,0
2015-10-15,11:15:00,1.29,1.29,1.29,1.29,1,0
2015-10-15,11:20:00,1.28,1.28,1.28,1.28,2000,0
2015-10-15,12:20:00,1.26,1.26,1.25,1.25,3167,0
2015-10-15,12:25:00,1.24,1.24,1.24,1.24,5000,0
2015-10-15,12:30:00,1.24,1.24,1.22,1.22,18710,0
2015-10-15,12:40:00,1.25,1.25,1.25,1.25,5000,0
2015-10-15,12:45:00,1.26,1.26,1.26,1.26,1419,0
2015-10-15,13:10:00,1.25,1.25,1.25,1.25,2500,0
2015-10-15,13:20:00,1.23,1.23,1.23,1.23,1000,0
2015-10-15,13:30:00,1.25,1.25,1.25,1.25,2500,0
2015-10-15,13:35:00,1.24,1.24,1.24,1.24,198,0
2015-10-15,13:45:00,1.25,1.28,1.25,1.28,10000,0
2015-10-15,14:15:00,1.27,1.27,1.27,1.27,1000,0
2015-10-15,14:40:00,1.29,1.29,1.29,1.29,3000,0
2015-10-15,14:45:00,1.3,1.31,1.29,1.3,78520,0
2015-10-15,14:50:00,1.3,1.31,1.3,1.31,25983,0
2015-10-15,14:55:00,1.31,1.32,1.31,1.32,2515,0
2015-10-15,15:00:00,1.32,1.33,1.32,1.33,27672,0
2015-10-15,15:05:00,1.33,1.33,1.33,1.33,40,0
2015-10-15,15:10:00,1.33,1.33,1.33,1.33,1000,0
2015-10-15,15:15:00,1.3,1.3,1.3,1.3,3401,0
2015-10-15,15:20:00,1.31,1.31,1.3,1.31,7190,0
2015-10-15,15:25:00,1.31,1.33,1.29,1.29,11700,0
2015-10-15,15:40:00,1.33,1.33,1.33,1.33,8622,0
2015-10-15,15:50:00,1.34,1.43,1.34,1.4,105535,0
2015-10-15,15:55:00,1.4,1.4,1.36,1.36,4100,0
2015-10-15,16:00:00,1.39,1.4,1.34,1.36,12921,0
2015-10-15,16:05:00,1.35,1.35,1.35,1.35,698,0
2015-10-15,16:10:00,1.35,1.35,1.35,1.35,102,0
2015-10-15,16:15:00,1.36,1.38,1.36,1.38,12798,0
2015-10-15,16:20:00,1.38,1.38,1.38,1.38,2300,0
2015-10-15,16:25:00,1.37,1.37,1.36,1.36,8489,0
2015-10-15,16:30:00,1.36,1.36,1.36,1.36,1340,0
2015-10-15,16:35:00,1.37,1.37,1.37,1.37,1500,0
2015-10-15,16:40:00,1.37,1.37,1.31,1.31,17449,0
2015-10-15,16:45:00,1.32,1.32,1.3,1.3,15000,0
2015-10-15,16:50:00,1.31,1.32,1.3,1.32,11000,0
2015-10-16,09:05:00,1.31,1.31,1.31,1.31,7300,0
2015-10-16,09:10:00,1.32,1.35,1.31,1.31,2401,0
2015-10-16,09:15:00,1.33,1.37,1.31,1.36,17663,0
2015-10-16,09:20:00,1.34,1.34,1.33,1.33,2755,0
2015-10-16,09:25:00,1.35,1.38,1.35,1.38,21401,0
2015-10-16,09:30:00,1.37,1.37,1.31,1.31,36770,0
2015-10-16,09:35:00,1.34,1.35,1.34,1.35,4536,0
2015-10-16,09:40:00,1.33,1.33,1.33,1.33,8311,0
2015-10-16,09:45:00,1.35,1.35,1.35,1.35,789,0
2015-10-16,09:50:00,1.35,1.36,1.35,1.36,5980,0
2015-10-16,10:00:00,1.36,1.36,1.36,1.36,2577,0
2015-10-16,10:05:00,1.37,1.39,1.37,1.39,7000,0
2015-10-16,10:10:00,1.38,1.38,1.36,1.36,4438,0
2015-10-16,10:20:00,1.36,1.36,1.36,1.36,1058,0
2015-10-16,10:25:00,1.36,1.38,1.36,1.38,16243,0
2015-10-16,10:45:00,1.37,1.37,1.34,1.34,1432,0
2015-10-16,10:55:00,1.35,1.35,1.34,1.34,2461,0
2015-10-16,11:05:00,1.37,1.37,1.37,1.37,900,0
2015-10-16,11:10:00,1.35,1.35,1.34,1.34,5000,0
2015-10-16,11:15:00,1.37,1.37,1.37,1.37,500,0
2015-10-16,11:25:00,1.37,1.37,1.37,1.37,10,0
2015-10-16,11:40:00,1.36,1.36,1.36,1.36,794,0
2015-10-16,11:50:00,1.36,1.36,1.36,1.36,400,0
2015-10-16,11:55:00,1.36,1.38,1.36,1.38,8867,0
2015-10-16,12:00:00,1.39,1.39,1.39,1.39,200,0
2015-10-16,12:05:00,1.39,1.39,1.39,1.39,600,0
2015-10-16,12:10:00,1.38,1.38,1.38,1.38,1000,0
2015-10-16,12:20:00,1.38,1.38,1.37,1.38,5532,0
2015-10-16,12:25:00,1.38,1.38,1.38,1.38,4585,0
2015-10-16,12:30:00,1.38,1.38,1.38,1.38,1198,0
2015-10-16,12:35:00,1.38,1.38,1.38,1.38,400,0
2015-10-16,12:40:00,1.39,1.39,1.39,1.39,11058,0
2015-10-16,12:45:00,1.39,1.39,1.39,1.39,1400,0
2015-10-16,12:55:00,1.36,1.36,1.36,1.36,2500,0
2015-10-16,13:15:00,1.36,1.36,1.36,1.36,3064,0
2015-10-16,13:20:00,1.36,1.36,1.3,1.3,42571,0
2015-10-16,13:30:00,1.35,1.35,1.35,1.35,9,0
2015-10-16,13:50:00,1.35,1.35,1.35,1.35,491,0
2015-10-16,13:55:00,1.35,1.35,1.31,1.31,1873,0
2015-10-16,14:05:00,1.35,1.37,1.35,1.37,2630,0
2015-10-16,14:25:00,1.35,1.35,1.35,1.35,1000,0
2015-10-16,14:50:00,1.35,1.35,1.35,1.35,2000,0
2015-10-16,15:05:00,1.35,1.35,1.35,1.35,500,0
2015-10-16,15:10:00,1.35,1.35,1.34,1.34,2047,0
2015-10-16,15:20:00,1.34,1.34,1.34,1.34,883,0
2015-10-16,16:00:00,1.34,1.34,1.33,1.33,917,0
2015-10-16,16:05:00,1.33,1.33,1.31,1.31,22408,0
2015-10-16,16:25:00,1.33,1.33,1.33,1.33,69,0
2015-10-16,16:35:00,1.31,1.31,1.31,1.31,2005,0
2015-10-16,16:50:00,1.31,1.31,1.31,1.31,4500,0
2015-10-19,09:05:00,1.33,1.33,1.31,1.33,6541,0
2015-10-19,09:15:00,1.36,1.36,1.36,1.36,3662,0
2015-10-19,09:25:00,1.33,1.33,1.33,1.33,5500,0
2015-10-19,09:30:00,1.34,1.34,1.33,1.33,5280,0
2015-10-19,09:35:00,1.31,1.33,1.31,1.33,650,0
2015-10-19,09:45:00,1.33,1.33,1.33,1.33,110,0
2015-10-19,09:50:00,1.31,1.31,1.31,1.31,1704,0
2015-10-19,09:55:00,1.33,1.33,1.33,1.33,210,0
2015-10-19,10:20:00,1.35,1.36,1.35,1.36,2836,0
2015-10-19,10:25:00,1.35,1.35,1.35,1.35,2164,0
2015-10-19,10:40:00,1.33,1.33,1.32,1.32,2510,0
2015-10-19,10:50:00,1.32,1.32,1.32,1.32,1000,0
2015-10-19,11:25:00,1.31,1.31,1.31,1.31,9846,0
2015-10-19,11:35:00,1.31,1.33,1.31,1.33,2314,0
2015-10-19,12:30:00,1.33,1.35,1.33,1.35,2000,0
2015-10-19,13:35:00,1.33,1.33,1.33,1.33,1,0
2015-10-19,13:55:00,1.32,1.32,1.32,1.32,1,0
2015-10-19,14:15:00,1.31,1.31,1.31,1.31,663,0
2015-10-19,15:45:00,1.33,1.34,1.33,1.34,2999,0
2015-10-19,15:50:00,1.33,1.33,1.31,1.31,2568,0
2015-10-19,16:00:00,1.34,1.34,1.34,1.34,500,0
2015-10-19,16:30:00,1.31,1.31,1.31,1.31,549,0
2015-10-19,16:35:00,1.34,1.34,1.34,1.34,1000,0
2015-10-20,09:05:00,1.34,1.34,1.34,1.34,2000,0
2015-10-20,09:50:00,1.34,1.34,1.31,1.31,2400,0
2015-10-20,09:55:00,1.31,1.31,1.31,1.31,1000,0
2015-10-20,10:20:00,1.31,1.31,1.31,1.31,500,0
2015-10-20,10:25:00,1.31,1.31,1.31,1.31,120,0
2015-10-20,10:45:00,1.31,1.31,1.31,1.31,30,0
2015-10-20,11:00:00,1.31,1.31,1.31,1.31,2970,0
2015-10-20,11:05:00,1.3,1.3,1.3,1.3,30,0
2015-10-20,11:25:00,1.32,1.32,1.32,1.32,9064,0
2015-10-20,12:20:00,1.33,1.33,1.33,1.33,895,0
2015-10-20,12:25:00,1.34,1.36,1.34,1.36,24214,0
2015-10-20,12:40:00,1.36,1.36,1.36,1.36,3000,0
2015-10-20,12:45:00,1.36,1.36,1.36,1.36,1144,0
2015-10-20,13:10:00,1.33,1.33,1.33,1.33,186,0
2015-10-20,13:15:00,1.32,1.32,1.31,1.31,3862,0
2015-10-20,14:40:00,1.31,1.31,1.31,1.31,1713,0
2015-10-20,15:20:00,1.31,1.31,1.31,1.31,1000,0
2015-10-20,15:30:00,1.31,1.31,1.31,1.31,3153,0
2015-10-20,16:10:00,1.31,1.31,1.31,1.31,640,0
2015-10-20,16:15:00,1.3,1.3,1.3,1.3,1900,0
2015-10-20,16:20:00,1.3,1.3,1.3,1.3,679,0
2015-10-20,16:30:00,1.29,1.29,1.29,1.29,10,0
2015-10-20,16:40:00,1.3,1.3,1.3,1.3,10,0
2015-10-20,16:45:00,1.31,1.31,1.31,1.31,1207,0
2015-10-20,16:50:00,1.3,1.3,1.3,1.3,983,0
2015-10-21,09:05:00,1.31,1.31,1.31,1.31,1222,0
2015-10-21,09:10:00,1.31,1.31,1.31,1.31,1268,0
2015-10-21,09:15:00,1.31,1.31,1.31,1.31,8158,0
2015-10-21,09:40:00,1.31,1.31,1.31,1.31,1842,0
2015-10-21,09:45:00,1.3,1.3,1.3,1.3,1200,0
2015-10-21,09:50:00,1.3,1.3,1.3,1.3,606,0
2015-10-21,10:20:00,1.29,1.29,1.29,1.29,1,0
2015-10-21,10:30:00,1.29,1.29,1.29,1.29,3877,0
2015-10-21,10:35:00,1.29,1.29,1.29,1.29,15,0
2015-10-21,10:40:00,1.27,1.27,1.27,1.27,3400,0
2015-10-21,10:55:00,1.27,1.27,1.27,1.27,684,0
2015-10-21,11:10:00,1.27,1.27,1.27,1.27,201,0
2015-10-21,11:45:00,1.27,1.27,1.27,1.27,3235,0
2015-10-21,12:25:00,1.27,1.27,1.27,1.27,1149,0
2015-10-21,12:40:00,1.27,1.27,1.26,1.26,1616,0
2015-10-21,13:10:00,1.26,1.26,1.26,1.26,3204,0
2015-10-21,13:15:00,1.25,1.25,1.25,1.25,330,0
2015-10-21,13:20:00,1.26,1.26,1.26,1.26,1497,0
2015-10-21,14:50:00,1.27,1.27,1.27,1.27,1708,0
2015-10-21,15:30:00,1.3,1.3,1.3,1.3,800,0
2015-10-21,15:40:00,1.3,1.3,1.3,1.3,322,0
2015-10-21,15:45:00,1.31,1.31,1.31,1.31,1480,0
2015-10-21,16:05:00,1.32,1.32,1.32,1.32,655,0
2015-10-21,16:35:00,1.33,1.33,1.33,1.33,1697,0
2015-10-21,16:45:00,1.34,1.34,1.34,1.34,4888,0
2015-10-21,16:50:00,1.34,1.36,1.33,1.36,10920,0
2015-10-22,09:05:00,1.36,1.36,1.36,1.36,750,0
2015-10-22,09:10:00,1.36,1.36,1.36,1.36,1000,0
2015-10-22,09:20:00,1.36,1.36,1.36,1.36,1000,0
2015-10-22,09:45:00,1.34,1.36,1.34,1.36,2600,0
2015-10-22,09:50:00,1.36,1.36,1.36,1.36,500,0
2015-10-22,10:00:00,1.36,1.36,1.36,1.36,3000,0
2015-10-22,10:05:00,1.36,1.36,1.36,1.36,2497,0
2015-10-22,10:10:00,1.37,1.37,1.37,1.37,10130,0
2015-10-22,10:15:00,1.38,1.38,1.37,1.37,7443,0
2015-10-22,10:20:00,1.38,1.38,1.38,1.38,3000,0
2015-10-22,10:30:00,1.38,1.38,1.38,1.38,3533,0
2015-10-22,10:35:00,1.38,1.39,1.38,1.39,18500,0
2015-10-22,10:40:00,1.39,1.41,1.39,1.41,39004,0
2015-10-22,10:45:00,1.42,1.42,1.42,1.42,3566,0
2015-10-22,11:00:00,1.41,1.42,1.41,1.42,700,0
2015-10-22,11:15:00,1.42,1.42,1.42,1.42,3178,0
2015-10-22,11:30:00,1.42,1.42,1.42,1.42,500,0
2015-10-22,11:50:00,1.4,1.4,1.4,1.4,500,0
2015-10-22,11:55:00,1.41,1.41,1.41,1.41,340,0
2015-10-22,12:00:00,1.4,1.4,1.4,1.4,2000,0
2015-10-22,12:05:00,1.4,1.4,1.4,1.4,437,0
2015-10-22,12:10:00,1.39,1.39,1.39,1.39,10808,0
2015-10-22,12:35:00,1.39,1.39,1.39,1.39,570,0
2015-10-22,12:45:00,1.37,1.37,1.37,1.37,1020,0
2015-10-22,12:50:00,1.39,1.39,1.39,1.39,230,0
2015-10-22,13:00:00,1.37,1.37,1.37,1.37,159,0
2015-10-22,13:05:00,1.37,1.37,1.37,1.37,340,0
2015-10-22,13:20:00,1.38,1.38,1.38,1.38,1002,0
2015-10-22,14:20:00,1.38,1.38,1.38,1.38,1000,0
2015-10-22,15:00:00,1.38,1.38,1.38,1.38,2730,0
2015-10-22,16:00:00,1.38,1.38,1.37,1.37,1017,0
2015-10-22,16:05:00,1.39,1.39,1.39,1.39,5,0
2015-10-22,16:15:00,1.37,1.37,1.35,1.35,2500,0
2015-10-22,16:50:00,1.39,1.39,1.39,1.39,1000,0
2015-10-23,09:05:00,1.38,1.38,1.38,1.38,1413,0
2015-10-23,09:15:00,1.35,1.35,1.34,1.34,2000,0
2015-10-23,09:20:00,1.4,1.4,1.4,1.4,100,0
2015-10-23,09:30:00,1.4,1.4,1.4,1.4,925,0
2015-10-23,09:50:00,1.4,1.4,1.4,1.4,3370,0
2015-10-23,09:55:00,1.42,1.42,1.42,1.42,1630,0
2015-10-23,10:35:00,1.41,1.42,1.41,1.42,5000,0
2015-10-23,11:25:00,1.4,1.4,1.4,1.4,558,0
2015-10-23,11:35:00,1.38,1.38,1.38,1.38,158,0
2015-10-23,11:45:00,1.38,1.38,1.37,1.37,1155,0
2015-10-23,12:05:00,1.37,1.37,1.37,1.37,313,0
2015-10-23,12:50:00,1.37,1.37,1.37,1.37,787,0
2015-10-23,12:55:00,1.35,1.35,1.34,1.34,6283,0
2015-10-23,13:05:00,1.37,1.37,1.37,1.37,3,0
2015-10-23,14:35:00,1.34,1.34,1.34,1.34,2335,0
2015-10-23,15:35:00,1.34,1.34,1.34,1.34,6500,0
2015-10-23,16:30:00,1.36,1.36,1.36,1.36,220,0
2015-10-23,16:35:00,1.35,1.35,1.35,1.35,1000,0
2015-10-23,16:50:00,1.35,1.36,1.35,1.36,883,0
2015-10-26,09:15:00,1.37,1.37,1.37,1.37,429,0
2015-10-26,09:35:00,1.37,1.37,1.37,1.37,3000,0
2015-10-26,09:40:00,1.37,1.38,1.37,1.38,2862,0
2015-10-26,09:45:00,1.4,1.41,1.4,1.41,2000,0
2015-10-26,09:50:00,1.41,1.41,1.41,1.41,3000,0
2015-10-26,10:00:00,1.41,1.41,1.41,1.41,800,0
2015-10-26,10:15:00,1.41,1.41,1.41,1.41,470,0
2015-10-26,10:40:00,1.41,1.41,1.38,1.38,4069,0
2015-10-26,10:45:00,1.38,1.38,1.38,1.38,1950,0
2015-10-26,11:05:00,1.38,1.38,1.38,1.38,1050,0
2015-10-26,11:10:00,1.37,1.37,1.37,1.37,1900,0
2015-10-26,11:15:00,1.37,1.37,1.36,1.36,3000,0
2015-10-26,11:20:00,1.36,1.36,1.36,1.36,1447,0
2015-10-26,11:30:00,1.36,1.36,1.36,1.36,53,0
2015-10-26,12:25:00,1.37,1.37,1.37,1.37,229,0
2015-10-26,12:35:00,1.37,1.37,1.37,1.37,200,0
2015-10-26,12:45:00,1.37,1.37,1.36,1.36,2000,0
2015-10-26,13:20:00,1.37,1.37,1.37,1.37,1000,0
2015-10-26,14:10:00,1.36,1.36,1.36,1.36,1952,0
2015-10-26,16:00:00,1.35,1.35,1.35,1.35,3397,0
2015-10-26,16:35:00,1.37,1.37,1.37,1.37,501,0
2015-10-26,16:50:00,1.38,1.38,1.38,1.38,6207,0
2015-10-27,10:30:00,1.36,1.36,1.35,1.35,1406,0
2015-10-27,10:50:00,1.34,1.34,1.34,1.34,1640,0
2015-10-27,11:25:00,1.32,1.32,1.32,1.32,2000,0
2015-10-27,11:45:00,1.32,1.32,1.32,1.32,3000,0
2015-10-27,13:00:00,1.32,1.32,1.32,1.32,500,0
2015-10-27,13:30:00,1.32,1.32,1.32,1.32,13,0
2015-10-27,13:35:00,1.33,1.33,1.33,1.33,1000,0
2015-10-27,13:45:00,1.34,1.34,1.34,1.34,3,0
2015-10-27,15:20:00,1.32,1.32,1.32,1.32,600,0
2015-10-27,15:35:00,1.33,1.33,1.32,1.32,2984,0
2015-10-27,15:55:00,1.32,1.32,1.32,1.32,5,0
2015-10-27,16:00:00,1.3,1.3,1.3,1.3,2229,0
2015-10-27,16:05:00,1.3,1.3,1.28,1.28,8000,0
2015-10-27,16:10:00,1.28,1.28,1.27,1.27,4728,0
2015-10-27,16:15:00,1.27,1.27,1.27,1.27,1838,0
2015-10-27,16:20:00,1.27,1.31,1.27,1.31,3000,0
2015-10-27,16:50:00,1.31,1.31,1.26,1.26,12623,0
2015-10-28,09:05:00,1.3,1.3,1.26,1.26,2055,0
2015-10-28,09:40:00,1.26,1.26,1.26,1.26,4000,0
2015-10-28,10:10:00,1.3,1.3,1.28,1.28,3499,0
2015-10-28,10:25:00,1.29,1.29,1.28,1.28,2436,0
2015-10-28,11:05:00,1.3,1.3,1.3,1.3,2000,0
2015-10-28,11:55:00,1.27,1.27,1.27,1.27,5,0
2015-10-28,12:00:00,1.27,1.27,1.27,1.27,10,0
2015-10-28,12:40:00,1.27,1.27,1.27,1.27,132,0
2015-10-28,14:40:00,1.27,1.27,1.27,1.27,2703,0
2015-10-28,15:25:00,1.27,1.27,1.27,1.27,8808,0
2015-10-28,15:30:00,1.3,1.3,1.3,1.3,9075,0
2015-10-28,16:00:00,1.3,1.31,1.3,1.31,1700,0
2015-10-28,16:50:00,1.28,1.28,1.27,1.27,2447,0
2015-10-29,09:05:00,1.29,1.29,1.29,1.29,3000,0
2015-10-29,09:20:00,1.27,1.27,1.27,1.27,1170,0
2015-10-29,09:30:00,1.29,1.29,1.29,1.29,2000,0
2015-10-29,10:30:00,1.29,1.29,1.29,1.29,1000,0
2015-10-29,11:45:00,1.27,1.27,1.27,1.27,700,0
2015-10-29,12:10:00,1.27,1.27,1.27,1.27,2188,0
2015-10-29,12:15:00,1.26,1.26,1.26,1.26,650,0
2015-10-29,12:20:00,1.26,1.26,1.26,1.26,340,0
2015-10-29,14:35:00,1.27,1.27,1.27,1.27,47,0
2015-10-29,14:40:00,1.27,1.28,1.26,1.26,3909,0
2015-10-29,15:00:00,1.26,1.26,1.26,1.26,350,0
2015-10-29,15:05:00,1.25,1.25,1.25,1.25,650,0
2015-10-29,15:55:00,1.25,1.25,1.25,1.25,3095,0
2015-10-29,16:50:00,1.28,1.28,1.28,1.28,100,0
2015-10-30,13:20:00,1.28,1.28,1.28,1.28,1000,0
2015-10-30,13:40:00,1.28,1.28,1.28,1.28,417,0
2015-10-30,14:30:00,1.28,1.28,1.28,1.28,500,0
2015-10-30,15:05:00,1.28,1.28,1.28,1.28,200,0
2015-10-30,15:55:00,1.28,1.28,1.28,1.28,160,0
2015-10-30,16:40:00,1.28,1.28,1.28,1.28,500,0
2015-10-30,16:50:00,1.28,1.28,1.28,1.28,2,0
2015-11-02,09:30:00,1.27,1.29,1.26,1.29,1237,0
2015-11-02,09:50:00,1.26,1.26,1.24,1.24,1500,0
2015-11-02,10:50:00,1.29,1.29,1.29,1.29,1,0
2015-11-02,11:55:00,1.26,1.26,1.26,1.26,1870,0
2015-11-02,12:15:00,1.29,1.29,1.29,1.29,2,0
2015-11-02,13:00:00,1.29,1.29,1.29,1.29,1,0
2015-11-02,13:10:00,1.27,1.27,1.27,1.27,338,0
2015-11-02,14:25:00,1.27,1.27,1.27,1.27,3662,0
2015-11-02,14:30:00,1.26,1.26,1.23,1.23,10198,0
2015-11-02,15:00:00,1.24,1.24,1.24,1.24,1332,0
2015-11-02,15:05:00,1.23,1.23,1.23,1.23,700,0
2015-11-02,16:10:00,1.23,1.23,1.23,1.23,2772,0
2015-11-02,16:15:00,1.23,1.23,1.22,1.22,3000,0
2015-11-02,16:25:00,1.25,1.25,1.25,1.25,1500,0
2015-11-02,16:45:00,1.22,1.23,1.22,1.23,3876,0
2015-11-02,16:50:00,1.21,1.23,1.21,1.21,10388,0
2015-11-03,09:05:00,1.23,1.23,1.23,1.23,750,0
2015-11-03,09:25:00,1.25,1.25,1.25,1.25,100,0
2015-11-03,09:30:00,1.25,1.25,1.25,1.25,3705,0
2015-11-03,09:40:00,1.26,1.28,1.26,1.28,4500,0
2015-11-03,09:55:00,1.26,1.26,1.26,1.26,404,0
2015-11-03,10:00:00,1.28,1.28,1.28,1.28,100,0
2015-11-03,10:05:00,1.28,1.28,1.28,1.28,1000,0
2015-11-03,10:45:00,1.26,1.26,1.26,1.26,7372,0
2015-11-03,11:25:00,1.25,1.26,1.25,1.26,1810,0
2015-11-03,11:45:00,1.26,1.26,1.26,1.26,1000,0
2015-11-03,12:15:00,1.25,1.25,1.25,1.25,195,0
2015-11-03,13:00:00,1.23,1.23,1.23,1.23,500,0
2015-11-03,13:05:00,1.25,1.26,1.25,1.26,1000,0
2015-11-03,14:10:00,1.26,1.26,1.26,1.26,1827,0
2015-11-03,15:00:00,1.23,1.23,1.23,1.23,1827,0
2015-11-03,16:35:00,1.23,1.23,1.23,1.23,1000,0
2015-11-03,16:50:00,1.23,1.23,1.23,1.23,3923,0
2015-11-04,10:30:00,1.22,1.22,1.21,1.21,2000,0
2015-11-04,11:10:00,1.25,1.25,1.25,1.25,9,0
2015-11-04,11:25:00,1.22,1.22,1.22,1.22,1000,0
2015-11-04,12:30:00,1.21,1.21,1.21,1.21,2000,0
2015-11-04,12:40:00,1.21,1.21,1.21,1.21,500,0
2015-11-04,13:20:00,1.22,1.22,1.22,1.22,1100,0
2015-11-04,13:30:00,1.21,1.21,1.21,1.21,700,0
2015-11-04,13:45:00,1.21,1.21,1.21,1.21,450,0
2015-11-04,14:35:00,1.21,1.21,1.21,1.21,1049,0
2015-11-04,15:20:00,1.21,1.21,1.21,1.21,100,0
2015-11-04,15:25:00,1.24,1.24,1.24,1.24,826,0
2015-11-04,16:40:00,1.21,1.21,1.21,1.21,1381,0
2015-11-04,16:50:00,1.21,1.21,1.21,1.21,1274,0
2015-11-05,09:05:00,1.2,1.2,1.2,1.2,17578,0
2015-11-05,09:10:00,1.2,1.2,1.2,1.2,2443,0
2015-11-05,09:20:00,1.2,1.2,1.2,1.2,3987,0
2015-11-05,09:30:00,1.24,1.24,1.24,1.24,50,0
2015-11-05,10:10:00,1.23,1.23,1.23,1.23,1000,0
2015-11-05,11:45:00,1.23,1.24,1.23,1.24,5307,0
2015-11-05,12:40:00,1.23,1.23,1.23,1.23,25,0
2015-11-05,12:50:00,1.22,1.22,1.22,1.22,1975,0
2015-11-05,14:00:00,1.22,1.22,1.22,1.22,900,0
2015-11-05,14:50:00,1.22,1.22,1.22,1.22,1000,0
2015-11-05,16:35:00,1.23,1.23,1.22,1.22,50,0
2015-11-05,16:40:00,1.24,1.24,1.24,1.24,10354,0
2015-11-05,16:50:00,1.22,1.22,1.2,1.2,10354,0
2015-11-06,09:05:00,1.24,1.24,1.24,1.24,100,0
2015-11-06,12:30:00,1.22,1.22,1.21,1.21,650,0
2015-11-06,14:20:00,1.23,1.24,1.23,1.24,2500,0
2015-11-06,14:25:00,1.24,1.24,1.24,1.24,1123,0
2015-11-06,14:30:00,1.25,1.25,1.25,1.25,1520,0
2015-11-06,14:45:00,1.24,1.24,1.24,1.24,377,0
2015-11-06,15:10:00,1.22,1.22,1.22,1.22,2000,0
2015-11-06,16:50:00,1.24,1.24,1.24,1.24,833,0
2015-11-09,09:05:00,1.25,1.25,1.25,1.25,5,0
2015-11-09,09:45:00,1.24,1.24,1.21,1.21,2150,0
2015-11-09,10:50:00,1.22,1.22,1.21,1.21,5000,0
2015-11-09,11:20:00,1.23,1.25,1.23,1.25,1202,0
2015-11-09,12:30:00,1.23,1.23,1.23,1.23,950,0
2015-11-09,14:30:00,1.21,1.24,1.2,1.2,6086,0
2015-11-09,15:35:00,1.2,1.2,1.2,1.2,4500,0
2015-11-10,09:05:00,1.2,1.2,1.2,1.2,6133,0
2015-11-10,09:25:00,1.2,1.2,1.2,1.2,1000,0
2015-11-10,09:30:00,1.2,1.2,1.19,1.19,784,0
2015-11-10,12:15:00,1.19,1.19,1.19,1.19,950,0
2015-11-10,12:20:00,1.19,1.19,1.19,1.19,290,0
2015-11-10,13:10:00,1.19,1.19,1.18,1.18,600,0
2015-11-10,14:05:00,1.18,1.18,1.18,1.18,75,0
2015-11-10,14:10:00,1.18,1.18,1.18,1.18,200,0
2015-11-10,14:30:00,1.2,1.2,1.18,1.18,2995,0
2015-11-10,14:45:00,1.18,1.18,1.18,1.18,1,0
2015-11-10,14:55:00,1.18,1.18,1.18,1.18,1,0
2015-11-10,15:00:00,1.18,1.18,1.18,1.18,69,0
2015-11-10,15:20:00,1.18,1.18,1.18,1.18,374,0
2015-11-10,15:45:00,1.17,1.17,1.17,1.17,624,0
2015-11-10,16:20:00,1.17,1.17,1.16,1.16,5000,0
2015-11-10,16:25:00,1.21,1.21,1.21,1.21,20,0
2015-11-10,16:30:00,1.17,1.17,1.16,1.16,790,0
2015-11-10,16:50:00,1.21,1.21,1.21,1.21,100,0
2015-11-12,09:05:00,1.2,1.2,1.2,1.2,1278,0
2015-11-12,09:40:00,1.19,1.19,1.19,1.19,1000,0
2015-11-12,11:05:00,1.19,1.19,1.19,1.19,5,0
2015-11-12,11:20:00,1.19,1.19,1.19,1.19,2000,0
2015-11-12,11:40:00,1.19,1.19,1.19,1.19,5,0
2015-11-12,11:45:00,1.19,1.19,1.19,1.19,110,0
2015-11-12,11:50:00,1.19,1.19,1.19,1.19,5,0
2015-11-12,12:40:00,1.19,1.19,1.19,1.19,1000,0
2015-11-12,13:20:00,1.19,1.19,1.19,1.19,1994,0
2015-11-12,13:45:00,1.2,1.2,1.2,1.2,166,0
2015-11-12,14:00:00,1.2,1.2,1.2,1.2,49,0
2015-11-12,14:35:00,1.2,1.2,1.2,1.2,285,0
2015-11-12,16:20:00,1.19,1.19,1.13,1.13,9249,0
2015-11-12,16:50:00,1.18,1.18,1.18,1.18,250,0
2015-11-13,10:35:00,1.17,1.17,1.17,1.17,1000,0
2015-11-13,11:45:00,1.14,1.14,1.14,1.14,50,0
2015-11-13,13:15:00,1.14,1.14,1.09,1.1,10800,0
2015-11-13,13:20:00,1.13,1.13,1.13,1.13,1041,0
2015-11-13,13:30:00,1.13,1.13,1.13,1.13,459,0
2015-11-13,13:35:00,1.14,1.14,1.14,1.14,5,0
2015-11-13,13:40:00,1.13,1.13,1.13,1.13,720,0
2015-11-13,13:55:00,1.13,1.13,1.13,1.13,826,0
2015-11-13,14:35:00,1.12,1.12,1.12,1.12,100,0
2015-11-13,14:40:00,1.1,1.1,1.08,1.08,7695,0
2015-11-13,14:45:00,1.08,1.08,1.08,1.08,2515,0
2015-11-13,14:55:00,1.12,1.12,1.12,1.12,100,0
2015-11-13,15:25:00,1.09,1.12,1.09,1.12,1400,0
2015-11-13,15:35:00,1.12,1.12,1.12,1.12,3000,0
2015-11-13,15:55:00,1.12,1.13,1.12,1.13,511,0
2015-11-13,16:20:00,1.13,1.15,1.13,1.15,3850,0
2015-11-13,16:40:00,1.16,1.16,1.16,1.16,1460,0
2015-11-13,16:50:00,1.14,1.14,1.14,1.14,3150,0
2015-11-16,09:05:00,1.14,1.14,1.14,1.14,793,0
2015-11-16,09:15:00,1.14,1.14,1.14,1.14,107,0
2015-11-16,11:10:00,1.09,1.09,1.09,1.09,150,0
2015-11-16,11:20:00,1.09,1.09,1.09,1.09,1500,0
2015-11-16,12:00:00,1.14,1.14,1.14,1.14,1000,0
2015-11-16,12:50:00,1.09,1.09,1.09,1.09,1150,0
2015-11-16,13:05:00,1.08,1.08,1.08,1.08,1500,0
2015-11-16,13:10:00,1.07,1.07,1.06,1.06,5872,0
2015-11-16,13:30:00,1.06,1.06,1.03,1.03,27373,0
2015-11-16,13:35:00,1.04,1.04,1.04,1.04,872,0
2015-11-16,13:45:00,1.05,1.05,1.05,1.05,1173,0
2015-11-16,14:00:00,1.05,1.05,1.05,1.05,5654,0
2015-11-16,14:10:00,1.05,1.05,1.05,1.05,1500,0
2015-11-16,14:20:00,1.05,1.05,1.05,1.05,1500,0
2015-11-16,14:55:00,1.05,1.05,1.05,1.05,17636,0
2015-11-16,15:10:00,1.06,1.09,1.06,1.09,1722,0
2015-11-16,15:45:00,1.09,1.09,1.09,1.09,278,0
2015-11-17,10:05:00,1.1,1.12,1.1,1.12,1000,0
2015-11-17,11:15:00,1.12,1.12,1.12,1.12,5500,0
2015-11-17,12:45:00,1.1,1.11,1.1,1.11,1000,0
2015-11-17,12:50:00,1.11,1.11,1.11,1.11,600,0
2015-11-17,13:00:00,1.11,1.11,1.11,1.11,1000,0
2015-11-17,13:10:00,1.11,1.11,1.11,1.11,300,0
2015-11-17,14:35:00,1.08,1.08,1.08,1.08,511,0
2015-11-17,15:15:00,1.08,1.08,1.08,1.08,1072,0
2015-11-17,15:25:00,1.08,1.08,1.08,1.08,450,0
2015-11-17,16:50:00,1.11,1.11,1.11,1.11,1,0
2015-11-18,09:15:00,1.11,1.11,1.11,1.11,300,0
2015-11-18,10:30:00,1.08,1.08,1.08,1.08,1500,0
2015-11-18,12:00:00,1.08,1.08,1.08,1.08,2558,0
2015-11-18,14:00:00,1.07,1.07,1.06,1.06,4679,0
2015-11-18,16:05:00,1.06,1.06,1.05,1.05,6300,0
2015-11-18,16:10:00,1.06,1.06,1.06,1.06,400,0
2015-11-19,09:45:00,1.06,1.06,1.06,1.06,584,0
2015-11-19,10:00:00,1.08,1.08,1.08,1.08,844,0
2015-11-19,10:05:00,1.06,1.06,1.03,1.03,14265,0
2015-11-19,10:15:00,1.04,1.04,1.04,1.04,300,0
2015-11-19,10:20:00,1.04,1.04,1.02,1.02,9000,0
2015-11-19,10:35:00,1.03,1.03,1.03,1.03,1041,0
2015-11-19,10:45:00,1.03,1.03,1.02,1.02,2000,0
2015-11-19,11:20:00,1.03,1.03,1.03,1.03,1000,0
2015-11-19,11:35:00,1.06,1.06,1.06,1.06,500,0
2015-11-19,12:00:00,1.06,1.06,1.06,1.06,500,0
2015-11-19,12:05:00,1.06,1.06,1.06,1.06,1000,0
2015-11-19,12:20:00,1.04,1.04,1.04,1.04,1770,0
2015-11-19,13:00:00,1.06,1.06,1.06,1.06,1000,0
2015-11-19,13:55:00,1.04,1.04,1.04,1.04,2500,0
2015-11-19,15:40:00,1.06,1.06,1.06,1.06,1066,0
2015-11-19,16:10:00,1.07,1.07,1.07,1.07,1000,0
2015-11-19,16:40:00,1.07,1.07,1.07,1.07,997,0
2015-11-19,16:45:00,1.06,1.06,1.06,1.06,1721,0
2015-11-19,16:50:00,1.07,1.08,1.07,1.08,2687,0
2015-11-20,09:05:00,1.08,1.1,1.08,1.1,7949,0
2015-11-20,09:10:00,1.11,1.11,1.11,1.11,1500,0
2015-11-20,09:25:00,1.1,1.1,1.05,1.05,1115,0
2015-11-20,09:55:00,1.09,1.09,1.09,1.09,500,0
2015-11-20,10:00:00,1.14,1.14,1.14,1.14,150,0
2015-11-20,10:20:00,1.14,1.14,1.14,1.14,1146,0
2015-11-20,11:10:00,1.13,1.13,1.13,1.13,150,0
2015-11-20,12:00:00,1.1,1.1,1.1,1.1,2351,0
2015-11-20,13:10:00,1.1,1.1,1.1,1.1,1813,0
2015-11-20,13:50:00,1.08,1.08,1.08,1.08,1000,0
2015-11-20,13:55:00,1.07,1.07,1.07,1.07,2316,0
2015-11-20,16:25:00,1.08,1.08,1.08,1.08,1000,0
2015-11-20,16:45:00,1.08,1.08,1.05,1.05,2736,0
2015-11-20,16:50:00,1.1,1.1,1.1,1.1,100,0
2015-11-23,09:15:00,1.12,1.12,1.12,1.12,1000,0
2015-11-23,09:20:00,1.12,1.12,1.12,1.12,900,0
2015-11-23,10:50:00,1.1,1.1,1.1,1.1,328,0
2015-11-23,13:20:00,1.07,1.07,1.07,1.07,417,0
2015-11-23,13:30:00,1.07,1.07,1.07,1.07,150,0
2015-11-23,14:05:00,1.07,1.07,1.07,1.07,1970,0
2015-11-23,14:10:00,1.07,1.07,1.06,1.06,583,0
2015-11-23,14:15:00,1.05,1.05,1.05,1.05,2517,0
2015-11-23,14:20:00,1.06,1.06,1.06,1.06,2000,0
2015-11-23,14:35:00,1.05,1.05,1.05,1.05,2838,0
2015-11-23,14:45:00,1.05,1.05,1.05,1.05,16708,0
2015-11-23,14:50:00,1.05,1.05,1.05,1.05,1000,0
2015-11-23,15:30:00,1.05,1.05,1.05,1.05,2000,0
2015-11-23,15:45:00,1.05,1.07,1.05,1.07,250,0
2015-11-23,16:50:00,1.04,1.04,1.04,1.04,4805,0
2015-11-24,09:10:00,1.07,1.07,1.07,1.07,1900,0
2015-11-24,09:30:00,1.07,1.08,1.07,1.08,1600,0
2015-11-24,11:15:00,1.08,1.09,1.08,1.09,1000,0
2015-11-24,11:50:00,1.08,1.08,1.08,1.08,1657,0
2015-11-24,12:30:00,1.06,1.06,1.06,1.06,143,0
2015-11-24,13:45:00,1.06,1.06,1.06,1.06,857,0
2015-11-24,13:50:00,1.05,1.05,1.05,1.05,1043,0
2015-11-24,16:10:00,1.06,1.06,1.06,1.06,1000,0
2015-11-24,16:50:00,1.06,1.06,1.06,1.06,194,0
2015-11-25,09:30:00,1.06,1.06,1.05,1.05,400,0
2015-11-25,10:15:00,1.05,1.05,1.05,1.05,700,0
2015-11-25,10:55:00,1.06,1.06,1.06,1.06,1000,0
2015-11-25,11:50:00,1.08,1.08,1.08,1.08,1500,0
2015-11-25,12:10:00,1.08,1.08,1.08,1.08,170,0
2015-11-25,12:15:00,1.08,1.08,1.08,1.08,3530,0
2015-11-25,13:15:00,1.09,1.09,1.09,1.09,800,0
2015-11-26,09:50:00,1.06,1.06,1.05,1.05,5000,0
2015-11-26,14:55:00,1.06,1.06,1.05,1.05,2000,0
2015-11-26,15:00:00,1.05,1.05,1.05,1.05,2652,0
2015-11-26,16:05:00,1.06,1.06,1.06,1.06,1700,0
2015-11-27,09:05:00,1.05,1.05,1.05,1.05,2435,0
2015-11-27,09:35:00,1.05,1.05,1.05,1.05,393,0
2015-11-27,16:50:00,1.05,1.05,1.05,1.05,400,0
2015-11-30,09:05:00,1.05,1.05,1.05,1.05,440,0
2015-11-30,10:05:00,1.05,1.05,1.05,1.05,500,0
2015-11-30,10:25:00,1.05,1.05,1.05,1.05,483,0
2015-11-30,11:05:00,1.05,1.05,1.05,1.05,4317,0
2015-11-30,11:35:00,1.04,1.04,1.04,1.04,436,0
2015-11-30,14:00:00,1.05,1.05,1.05,1.05,1268,0
2015-11-30,15:50:00,1.05,1.05,1.04,1.04,6000,0
2015-11-30,16:30:00,1.06,1.06,1.06,1.06,1000,0
2015-12-01,10:25:00,1.08,1.08,1.08,1.08,1,0
2015-12-01,14:00:00,1.08,1.08,1.08,1.08,3000,0
2015-12-01,14:15:00,1.08,1.08,1.08,1.08,1000,0
2015-12-01,14:45:00,1.08,1.08,1.08,1.08,1000,0
2015-12-01,15:30:00,1.09,1.11,1.09,1.11,7343,0
2015-12-01,15:35:00,1.11,1.11,1.1,1.1,1060,0
2015-12-01,15:55:00,1.1,1.1,1.1,1.1,1000,0
2015-12-01,16:50:00,1.09,1.09,1.09,1.09,1000,0
2015-12-02,09:05:00,1.11,1.11,1.11,1.11,1,0
2015-12-02,11:45:00,1.07,1.07,1.07,1.07,2000,0
2015-12-02,13:00:00,1.07,1.07,1.07,1.07,100,0
2015-12-02,13:05:00,1.07,1.07,1.07,1.07,100,0
2015-12-02,13:25:00,1.07,1.07,1.07,1.07,700,0
2015-12-02,13:50:00,1.06,1.06,1.05,1.05,4700,0
2015-12-02,13:55:00,1.04,1.04,1.04,1.04,3922,0
2015-12-02,14:00:00,1.06,1.06,1.06,1.06,560,0
2015-12-02,14:05:00,1.06,1.06,1.06,1.06,300,0
2015-12-02,14:15:00,1.05,1.05,1.03,1.03,7610,0
2015-12-02,14:20:00,1.03,1.06,1.03,1.06,167,0
2015-12-02,14:30:00,1.03,1.03,1.02,1.02,4200,0
2015-12-02,14:50:00,1.05,1.05,1.05,1.05,100,0
2015-12-03,09:40:00,1.04,1.04,1.04,1.04,100,0
2015-12-03,11:30:00,1.04,1.05,1.04,1.05,400,0
2015-12-03,11:40:00,1.05,1.05,1.05,1.05,500,0
2015-12-03,14:35:00,1.04,1.05,1.04,1.05,1000,0
2015-12-03,16:45:00,1.03,1.03,1.03,1.03,346,0
2015-12-03,16:50:00,1.04,1.04,1.04,1.04,1000,0
2015-12-04,09:05:00,1.02,1.02,1.02,1.02,900,0
2015-12-04,09:40:00,1.02,1.02,1.02,1.02,2184,0
2015-12-04,09:45:00,1.01,1.01,1,1,9300,0
2015-12-04,10:00:00,1.01,1.01,1.01,1.01,700,0
2015-12-04,10:25:00,1,1,1,1,3000,0
2015-12-04,10:35:00,1,1,1,1,2250,0
2015-12-04,10:45:00,1,1,1,1,1000,0
2015-12-04,11:15:00,1.02,1.03,1.02,1.03,2000,0
2015-12-04,11:50:00,1.01,1.01,1.01,1.01,1676,0
2015-12-04,13:30:00,1.03,1.03,1.03,1.03,459,0
2015-12-04,13:35:00,1.03,1.03,1.03,1.03,227,0
2015-12-04,13:40:00,1.03,1.03,1.03,1.03,500,0
2015-12-04,13:45:00,1.03,1.03,1.03,1.03,200,0
2015-12-04,14:45:00,1.03,1.03,1.03,1.03,3764,0
2015-12-04,15:25:00,1.03,1.03,1.03,1.03,660,0
2015-12-04,15:35:00,1.03,1.03,1.03,1.03,1300,0
2015-12-04,15:40:00,1.03,1.03,1.03,1.03,589,0
2015-12-04,16:20:00,1.02,1.02,1,1,2872,0
2015-12-04,16:30:00,1.02,1.02,1.02,1.02,694,0
2015-12-04,16:35:00,1.03,1.03,1.03,1.03,211,0
2015-12-04,16:50:00,1.04,1.04,1.04,1.04,306,0
