Date,Time,Open,High,Low,Close,Volume,OpenInt
2014-07-09,09:05:00,2.2998,2.2998,2.2998,2.2998,1,0
2014-07-10,09:05:00,2.29,2.29,2.29,2.29,1,0
2014-07-10,16:50:00,2.29,2.29,2.29,2.29,1,0
2014-07-11,09:05:00,2.51,2.51,2.51,2.51,100,0
2014-07-11,10:25:00,2.37,2.5,2.37,2.5,882,0
2014-07-11,10:30:00,2.43,2.43,2.43,2.43,1,0
2014-07-11,10:50:00,2.33,2.33,2.33,2.33,1380,0
2014-07-11,10:55:00,2.33,2.33,2.33,2.33,740,0
2014-07-11,15:40:00,2.34,2.34,2.34,2.34,800,0
2014-07-11,16:40:00,2.34,2.34,2.34,2.34,257,0
2014-07-11,16:50:00,2.39,2.39,2.39,2.39,18,0
2014-07-14,09:05:00,2.39,2.39,2.39,2.39,1,0
2014-07-14,11:45:00,2.39,2.39,2.39,2.39,49,0
2014-07-14,15:30:00,2.39,2.39,2.39,2.39,5,0
2014-07-14,16:35:00,2.35,2.35,2.35,2.35,454,0
2014-07-14,16:50:00,2.35,2.39,2.35,2.39,2,0
2014-07-15,09:05:00,2.39,2.39,2.39,2.39,5,0
2014-07-16,09:05:00,2.39,2.39,2.39,2.39,1,0
2014-07-16,12:10:00,2.32,2.32,2.32,2.32,582,0
2014-07-16,14:55:00,2.31,2.31,2.31,2.31,70,0
2014-07-16,16:45:00,2.31,2.38,2.31,2.38,701,0
2014-07-17,09:05:00,2.38,2.38,2.38,2.38,1,0
2014-07-18,09:20:00,2.37,2.37,2.37,2.37,1,0
2014-07-18,12:40:00,2.37,2.37,2.37,2.37,699,0
2014-07-21,09:05:00,2.38,2.38,2.38,2.38,1,0
2014-07-21,09:25:00,2.36,2.36,2.36,2.36,570,0
2014-07-21,09:45:00,2.36,2.36,2.36,2.36,415,0
2014-07-21,10:10:00,2.28,2.34,2.28,2.34,456,0
2014-07-21,15:30:00,2.24,2.24,2.24,2.24,56,0
2014-07-21,16:50:00,2.24,2.24,2.24,2.24,580,0
2014-07-22,09:10:00,2.36,2.36,2.36,2.36,457,0
2014-07-22,09:15:00,2.36,2.37,2.36,2.37,570,0
2014-07-22,16:00:00,2.26,2.37,2.26,2.26,111,0
2014-07-22,16:05:00,2.25,2.25,2.24,2.24,840,0
2014-07-22,16:20:00,2.22,2.22,2.22,2.22,55,0
2014-07-22,16:25:00,2.21,2.21,2.21,2.21,85,0
2014-07-22,16:50:00,2.23,2.23,2.23,2.23,420,0
2014-07-23,09:15:00,2.37,2.37,2.37,2.37,1,0
2014-07-24,09:05:00,2.3,2.3,2.3,2.3,1,0
2014-07-24,16:50:00,2.25,2.25,2.25,2.25,250,0
2014-07-25,09:35:00,2.37,2.37,2.37,2.37,1,0
2014-07-25,13:25:00,2.27,2.27,2.23,2.23,1362,0
2014-07-25,15:50:00,2.29,2.29,2.29,2.29,61,0
2014-07-25,15:55:00,2.33,2.33,2.33,2.33,379,0
2014-07-28,10:20:00,2.34,2.34,2.34,2.34,1,0
2014-07-28,11:15:00,2.34,2.34,2.34,2.34,500,0
2014-07-28,14:25:00,2.25,2.25,2.25,2.25,1500,0
2014-07-28,16:50:00,2.25,2.25,2.25,2.25,113,0
2014-07-29,09:05:00,2.34,2.34,2.34,2.34,6,0
2014-07-30,10:30:00,2.34,2.34,2.34,2.34,1,0
2014-07-31,09:05:00,2.33,2.33,2.33,2.33,1,0
2014-08-01,09:05:00,2.33,2.33,2.33,2.33,1,0
2014-08-01,10:55:00,2.29,2.29,2.29,2.29,186,0
2014-08-01,11:20:00,2.25,2.25,2.25,2.25,450,0
2014-08-01,12:25:00,2.25,2.25,2.25,2.25,63,0
2014-08-01,13:10:00,2.25,2.25,2.25,2.25,1668,0
2014-08-01,14:00:00,2.25,2.25,2.25,2.25,96,0
2014-08-01,16:50:00,2.25,2.25,2.25,2.25,1,0
2014-08-04,09:05:00,2.23,2.23,2.23,2.23,420,0
2014-08-06,09:05:00,2.23,2.23,2.23,2.23,1,0
2014-08-06,10:00:00,2.23,2.23,2.23,2.23,1749,0
2014-08-06,10:30:00,2.24,2.24,2.24,2.24,77,0
2014-08-07,09:05:00,2.23,2.23,2.23,2.23,1,0
2014-08-07,09:55:00,2.23,2.23,2.23,2.23,800,0
2014-08-07,15:35:00,2.21,2.21,2.21,2.21,400,0
2014-08-07,16:50:00,2.23,2.23,2.23,2.23,1,0
2014-08-08,09:25:00,2.23,2.23,2.23,2.23,1,0
2014-08-08,11:45:00,2.21,2.21,2.21,2.21,100,0
2014-08-08,13:50:00,2.2,2.2,2.2,2.2,262,0
2014-08-08,13:55:00,2.2,2.2,2.2,2.2,503,0
2014-08-08,16:50:00,2.2,2.2,2.2,2.2,1,0
2014-08-11,09:05:00,2.2,2.2,2.2,2.2,1,0
2014-08-11,12:30:00,2.2,2.24,2.2,2.24,2000,0
2014-08-11,13:05:00,2.24,2.24,2.24,2.24,1149,0
2014-08-11,16:50:00,2.25,2.25,2.25,2.25,1,0
2014-08-12,09:20:00,2.3,2.3,2.3,2.3,1,0
2014-08-12,15:20:00,2.21,2.21,2.21,2.21,300,0
2014-08-12,15:25:00,2.2,2.2,2.2,2.2,1500,0
2014-08-13,09:50:00,2.21,2.21,2.21,2.21,1,0
2014-08-13,09:55:00,2.24,2.24,2.24,2.24,999,0
2014-08-13,10:00:00,2.24,2.24,2.24,2.24,1000,0
2014-08-13,13:05:00,2.24,2.24,2.24,2.24,999,0
2014-08-14,09:30:00,2.3,2.3,2.3,2.3,1,0
2014-08-14,10:45:00,2.3,2.3,2.3,2.3,1500,0
2014-08-14,16:50:00,2.3,2.3,2.3,2.3,1,0
2014-08-18,09:45:00,2.31,2.31,2.31,2.31,57,0
2014-08-18,09:50:00,2.31,2.31,2.31,2.31,21,0
2014-08-18,11:00:00,2.31,2.37,2.31,2.37,4002,0
2014-08-18,11:05:00,2.37,2.48,2.37,2.48,2186,0
2014-08-18,11:10:00,2.48,2.48,2.48,2.48,300,0
2014-08-18,11:20:00,2.39,2.39,2.39,2.39,292,0
2014-08-18,11:30:00,2.38,2.38,2.38,2.38,1,0
2014-08-18,16:10:00,2.37,2.37,2.37,2.37,500,0
2014-08-18,16:40:00,2.42,2.42,2.42,2.42,20,0
2014-08-18,16:50:00,2.41,2.41,2.41,2.41,1,0
2014-08-19,09:05:00,2.4,2.4,2.4,2.4,8,0
2014-08-19,11:20:00,2.35,2.35,2.35,2.35,250,0
2014-08-19,13:20:00,2.4,2.4,2.4,2.4,51,0
2014-08-19,15:55:00,2.4,2.4,2.4,2.4,374,0
2014-08-20,09:10:00,2.47,2.47,2.47,2.47,1,0
2014-08-20,09:25:00,2.4,2.4,2.4,2.4,230,0
2014-08-20,10:45:00,2.35,2.35,2.35,2.35,900,0
2014-08-20,10:50:00,2.35,2.35,2.23,2.23,3110,0
2014-08-20,10:55:00,2.35,2.35,2.35,2.35,1,0
2014-08-20,11:55:00,2.3,2.3,2.3,2.3,400,0
2014-08-20,13:25:00,2.31,2.31,2.31,2.31,110,0
2014-08-21,09:05:00,2.35,2.35,2.35,2.35,1,0
2014-08-21,12:30:00,2.35,2.35,2.35,2.35,198,0
2014-08-21,13:15:00,2.45,2.45,2.45,2.45,1,0
2014-08-21,16:10:00,2.33,2.33,2.32,2.32,787,0
2014-08-22,09:05:00,2.4,2.4,2.4,2.4,1,0
2014-08-22,15:55:00,2.39,2.4,2.39,2.4,175,0
2014-08-25,09:05:00,2.4,2.4,2.4,2.4,1,0
2014-08-25,09:45:00,2.39,2.39,2.39,2.39,5,0
2014-08-26,09:05:00,2.38,2.38,2.38,2.38,1,0
2014-08-26,16:30:00,2.31,2.31,2.31,2.31,995,0
2014-08-26,16:35:00,2.3,2.3,2.3,2.3,200,0
2014-08-27,09:15:00,2.38,2.38,2.38,2.38,1,0
2014-08-27,10:45:00,2.36,2.36,2.36,2.36,1,0
2014-08-27,12:35:00,2.36,2.36,2.3,2.3,200,0
2014-08-28,09:05:00,2.3,2.3,2.3,2.3,150,0
2014-08-28,11:05:00,2.36,2.36,2.36,2.36,397,0
2014-08-28,11:10:00,2.36,2.36,2.36,2.36,179,0
2014-08-28,12:30:00,2.3,2.3,2.3,2.3,3389,0
2014-08-28,12:45:00,2.28,2.28,2.23,2.23,3910,0
2014-08-28,15:20:00,2.23,2.23,2.23,2.23,449,0
2014-08-28,16:30:00,2.27,2.27,2.27,2.27,200,0
2014-08-29,09:45:00,2.28,2.28,2.28,2.28,1,0
2014-08-29,10:00:00,2.27,2.27,2.27,2.27,1000,0
2014-08-29,16:40:00,2.27,2.27,2.27,2.27,250,0
2014-08-29,16:50:00,2.28,2.28,2.23,2.23,372,0
2014-09-01,09:05:00,2.1,2.18,2.1,2.18,3001,0
2014-09-01,09:25:00,2.18,2.18,2.18,2.18,635,0
2014-09-01,10:30:00,2.18,2.18,2.18,2.18,911,0
2014-09-01,11:00:00,2.14,2.18,2.1,2.18,2001,0
2014-09-01,11:10:00,2.11,2.11,2.11,2.11,1000,0
2014-09-01,11:15:00,2.1,2.1,2.1,2.1,2000,0
2014-09-01,11:25:00,2.1,2.1,2.1,2.1,1900,0
2014-09-01,11:35:00,2.1,2.1,2.1,2.1,1100,0
2014-09-01,12:00:00,2.1,2.1,2.1,2.1,1588,0
2014-09-01,12:15:00,2.13,2.13,2.13,2.13,300,0
2014-09-01,12:20:00,2.1,2.1,2.1,2.1,912,0
2014-09-01,14:00:00,2.07,2.07,2.01,2.01,5005,0
2014-09-01,14:05:00,2.01,2.01,2.01,2.01,495,0
2014-09-01,14:20:00,2.07,2.09,2.07,2.09,1000,0
2014-09-01,14:25:00,2.08,2.08,2.08,2.08,1,0
2014-09-01,15:20:00,2.08,2.08,2.08,2.08,500,0
2014-09-01,15:55:00,2.08,2.08,2.08,2.08,2499,0
2014-09-01,16:10:00,2.18,2.18,2.18,2.18,1,0
2014-09-01,16:40:00,2.08,2.08,2.08,2.08,483,0
2014-09-02,09:05:00,2.19,2.19,2.19,2.19,1,0
2014-09-02,09:15:00,2.08,2.08,2.05,2.05,4119,0
2014-09-02,09:45:00,2.06,2.06,2.03,2.03,2000,0
2014-09-02,10:15:00,2.03,2.03,2,2,2000,0
2014-09-02,13:00:00,2.01,2.01,2.01,2.01,1600,0
2014-09-02,16:15:00,2.05,2.05,2.05,2.05,400,0
2014-09-02,16:50:00,2.04,2.04,2.04,2.04,600,0
2014-09-03,09:05:00,2.08,2.08,2.08,2.08,1,0
2014-09-03,09:55:00,2.04,2.04,2.04,2.04,250,0
2014-09-03,11:00:00,2.04,2.04,2.04,2.04,150,0
2014-09-03,12:05:00,2.08,2.08,2.08,2.08,1,0
2014-09-04,09:05:00,2.08,2.08,2.08,2.08,1,0
2014-09-04,10:25:00,2.03,2.03,2,2,16128,0
2014-09-04,12:40:00,2.07,2.07,2.07,2.07,1300,0
2014-09-04,14:55:00,2.05,2.05,2.02,2.02,1226,0
2014-09-04,15:00:00,2.01,2.07,2.01,2.07,3276,0
2014-09-04,15:05:00,2.07,2.07,2.07,2.07,1316,0
2014-09-05,09:05:00,2.06,2.06,2.06,2.06,250,0
2014-09-05,09:20:00,2.05,2.06,2.05,2.06,1704,0
2014-09-05,09:30:00,2.07,2.07,2.07,2.07,1012,0
2014-09-05,09:55:00,2.01,2.01,2,2.01,3095,0
2014-09-05,10:00:00,2,2,2,2,350,0
2014-09-05,10:05:00,2,2.08,2,2.08,1722,0
2014-09-08,09:10:00,2.08,2.08,2.08,2.08,100,0
2014-09-08,09:15:00,2.01,2.01,2.01,2.01,2000,0
2014-09-08,09:20:00,2.07,2.07,2.07,2.07,50,0
2014-09-08,09:40:00,2,2.07,2,2.07,3095,0
2014-09-08,12:10:00,2.02,2.02,2.01,2.01,1978,0
2014-09-08,12:20:00,2.07,2.07,2.07,2.07,10,0
2014-09-08,16:45:00,2,2,2,2,1022,0
2014-09-08,16:50:00,2,2,2,2,578,0
2014-09-09,09:10:00,2.05,2.05,2.05,2.05,10,0
2014-09-09,15:15:00,2.01,2.01,1.98,1.98,12018,0
2014-09-09,15:35:00,1.99,2,1.99,2,1000,0
2014-09-09,16:00:00,2,2,2,2,250,0
2014-09-09,16:05:00,2,2,2,2,50,0
2014-09-09,16:50:00,2,2,2,2,10,0
2014-09-10,09:05:00,2.04,2.04,2.04,2.04,10,0
2014-09-10,10:30:00,2,2,2,2,801,0
2014-09-10,11:20:00,2.04,2.04,2.04,2.04,4,0
2014-09-10,14:50:00,1.99,1.99,1.99,1.99,3000,0
2014-09-10,15:15:00,1.98,2.04,1.98,2.04,2498,0
2014-09-10,16:20:00,2.04,2.04,2.04,2.04,300,0
2014-09-11,09:20:00,2.04,2.04,2.04,2.04,10,0
2014-09-11,09:35:00,2.04,2.04,2.04,2.04,2000,0
2014-09-11,09:50:00,2.05,2.05,2.05,2.05,10,0
2014-09-11,12:05:00,2.02,2.02,2.01,2.01,1200,0
2014-09-11,12:10:00,2.01,2.01,2.01,2.01,572,0
2014-09-11,12:15:00,2,2,2,2,228,0
2014-09-11,12:30:00,2.05,2.05,2.05,2.05,10,0
2014-09-11,12:35:00,2.05,2.05,2.05,2.05,10,0
2014-09-11,12:50:00,2,2,1.96,1.96,7329,0
2014-09-11,13:15:00,1.92,1.92,1.92,1.92,300,0
2014-09-11,13:45:00,1.94,1.98,1.94,1.98,900,0
2014-09-11,14:10:00,1.94,1.98,1.9,1.98,7440,0
2014-09-11,15:55:00,1.98,1.98,1.98,1.98,50,0
2014-09-11,16:50:00,1.94,1.94,1.94,1.94,1010,0
2014-09-12,09:05:00,1.94,1.94,1.94,1.94,10,0
2014-09-12,09:10:00,1.94,1.94,1.94,1.94,380,0
2014-09-12,09:15:00,2.05,2.05,2.05,2.05,1,0
2014-09-12,13:10:00,1.97,1.97,1.92,1.92,2700,0
2014-09-12,13:15:00,2,2.05,2,2.05,299,0
2014-09-12,14:10:00,1.92,1.92,1.88,1.88,3595,0
2014-09-12,14:15:00,1.86,1.86,1.81,1.81,4099,0
2014-09-12,14:25:00,1.91,1.91,1.91,1.91,1,0
2014-09-12,14:35:00,1.91,1.91,1.91,1.91,200,0
2014-09-12,15:00:00,1.95,1.95,1.95,1.95,500,0
2014-09-12,15:05:00,2.04,2.04,2.04,2.04,1,0
2014-09-12,16:50:00,1.91,1.91,1.91,1.91,400,0
2014-09-15,09:05:00,1.95,1.95,1.95,1.95,10,0
2014-09-16,09:05:00,1.95,1.95,1.95,1.95,200,0
2014-09-16,11:05:00,1.98,1.98,1.98,1.98,10,0
2014-09-16,11:25:00,1.95,1.95,1.9,1.9,5792,0
2014-09-16,16:00:00,1.91,1.91,1.91,1.91,233,0
2014-09-16,16:50:00,1.9,1.9,1.9,1.9,2987,0
2014-09-17,09:05:00,1.9,1.9,1.9,1.9,1525,0
2014-09-17,12:55:00,1.91,1.91,1.91,1.91,500,0
2014-09-17,13:00:00,1.91,1.91,1.91,1.91,986,0
2014-09-18,10:00:00,1.95,1.95,1.95,1.95,800,0
2014-09-18,16:30:00,1.95,1.95,1.95,1.95,2000,0
2014-09-19,09:05:00,1.98,1.99,1.98,1.99,2010,0
2014-09-22,09:05:00,1.95,1.95,1.95,1.95,7,0
2014-09-22,09:55:00,2.02,2.02,2.02,2.02,1,0
2014-09-22,12:05:00,2.02,2.02,2.02,2.02,1000,0
2014-09-22,12:40:00,2.02,2.02,2.02,2.02,500,0
2014-09-22,13:05:00,1.99,1.99,1.99,1.99,470,0
2014-09-22,16:10:00,1.99,1.99,1.99,1.99,899,0
2014-09-22,16:45:00,1.99,1.99,1.99,1.99,230,0
2014-09-23,10:55:00,1.99,1.99,1.99,1.99,21,0
2014-09-23,11:35:00,1.99,1.99,1.99,1.99,1178,0
2014-09-23,13:30:00,1.97,2.03,1.97,2.03,1250,0
2014-09-23,16:10:00,1.99,1.99,1.99,1.99,10,0
2014-09-23,16:50:00,2,2,2,2,10,0
2014-09-24,10:05:00,2,2,2,2,1797,0
2014-09-24,11:20:00,1.96,1.96,1.96,1.96,450,0
2014-09-24,16:50:00,1.96,1.96,1.96,1.96,450,0
2014-09-25,09:15:00,2.05,2.05,2.05,2.05,1,0
2014-09-25,16:00:00,2.03,2.03,2.03,2.03,250,0
2014-09-25,16:50:00,2.03,2.03,2.03,2.03,500,0
2014-09-26,09:05:00,2.03,2.03,2.03,2.03,1,0
2014-09-26,13:30:00,2.03,2.03,2.03,2.03,914,0
2014-09-26,15:40:00,2.01,2.01,2.01,2.01,1000,0
2014-09-29,09:05:00,2.03,2.03,2.03,2.03,1,0
2014-09-30,09:05:00,2.03,2.03,2.03,2.03,1,0
2014-10-01,09:05:00,2.03,2.03,2.03,2.03,1,0
2014-10-01,10:30:00,1.95,1.95,1.95,1.95,250,0
2014-10-02,09:05:00,1.98,1.98,1.98,1.98,1,0
2014-10-02,15:20:00,1.92,1.92,1.91,1.91,3000,0
2014-10-03,09:05:00,1.91,1.91,1.91,1.91,1246,0
2014-10-06,09:10:00,1.95,1.95,1.95,1.95,2899,0
2014-10-07,09:15:00,2,2,2,2,1,0
2014-10-07,11:20:00,1.96,1.96,1.96,1.96,680,0
2014-10-07,12:45:00,1.99,1.99,1.99,1.99,500,0
2014-10-08,09:05:00,2,2,2,2,1,0
2014-10-09,09:05:00,2,2,2,2,1,0
2014-10-09,15:55:00,2,2,2,2,100,0
2014-10-09,16:00:00,1.98,1.98,1.98,1.98,500,0
2014-10-10,09:05:00,2,2,2,2,1464,0
2014-10-13,09:05:00,2,2,2,2,1,0
2014-10-14,09:05:00,2,2,2,2,1,0
2014-10-14,10:00:00,1.95,1.95,1.95,1.95,655,0
2014-10-14,11:50:00,1.93,1.93,1.93,1.93,77,0
2014-10-14,14:15:00,1.95,1.95,1.95,1.95,400,0
2014-10-14,14:50:00,1.95,1.95,1.95,1.95,300,0
2014-10-15,10:15:00,2,2,2,2,1,0
2014-10-15,13:30:00,2,2,2,2,1800,0
2014-10-15,16:50:00,1.95,1.95,1.95,1.95,3100,0
2014-10-16,09:25:00,1.96,1.96,1.96,1.96,1,0
2014-10-16,16:00:00,1.96,1.96,1.96,1.96,100,0
2014-10-17,09:05:00,2,2,2,2,1,0
2014-10-20,09:05:00,2,2,2,2,1,0
2014-10-21,09:05:00,2,2,2,2,1,0
2014-10-22,09:25:00,2,2,2,2,1,0
2014-10-23,09:05:00,2,2,2,2,1,0
2014-10-24,10:25:00,1.95,1.95,1.93,1.93,442,0
2014-10-24,11:10:00,1.99,1.99,1.99,1.99,1,0
2014-10-27,09:05:00,1.99,1.99,1.99,1.99,1,0
2014-10-27,14:40:00,1.99,1.99,1.99,1.99,200,0
2014-10-27,16:50:00,1.99,1.99,1.99,1.99,4,0
2014-10-28,09:05:00,1.86,1.86,1.86,1.86,200,0
2014-10-28,09:40:00,1.92,1.92,1.92,1.92,400,0
2014-10-28,10:05:00,1.92,1.97,1.92,1.97,457,0
2014-10-29,09:05:00,1.98,1.98,1.98,1.98,1001,0
2014-10-30,09:15:00,1.97,1.97,1.97,1.97,10,0
2014-10-30,10:10:00,1.91,1.91,1.91,1.91,400,0
2014-10-30,10:20:00,1.91,1.91,1.91,1.91,247,0
2014-10-30,10:50:00,1.99,1.99,1.99,1.99,14,0
2014-10-31,09:05:00,1.99,1.99,1.99,1.99,10,0
2014-11-03,09:15:00,1.99,1.99,1.99,1.99,1,0
2014-11-03,11:25:00,1.99,1.99,1.99,1.99,2000,0
2014-11-03,11:30:00,1.99,1.99,1.99,1.99,1000,0
2014-11-03,15:45:00,2,2,2,2,4985,0
2014-11-04,09:05:00,2,2,2,2,15828,0
2014-11-04,12:25:00,1.97,1.97,1.97,1.97,500,0
2014-11-04,16:50:00,2.05,2.05,2.05,2.05,1,0
2014-11-05,09:20:00,2.03,2.03,2.03,2.03,540,0
2014-11-06,09:05:00,2.05,2.05,2.05,2.05,1,0
2014-11-06,12:25:00,1.98,1.98,1.95,1.95,6658,0
2014-11-06,12:45:00,1.85,1.89,1.85,1.89,431,0
2014-11-06,12:50:00,1.85,1.89,1.85,1.89,3350,0
2014-11-06,12:55:00,1.89,1.89,1.89,1.89,2000,0
2014-11-06,13:05:00,1.89,1.89,1.89,1.89,2000,0
2014-11-06,14:05:00,1.89,1.89,1.89,1.89,2000,0
2014-11-06,14:30:00,1.89,1.89,1.89,1.89,1000,0
2014-11-06,14:35:00,1.89,1.89,1.89,1.89,1443,0
2014-11-06,14:50:00,1.93,1.95,1.93,1.95,558,0
2014-11-06,16:50:00,1.94,1.94,1.94,1.94,1,0
2014-11-07,09:40:00,1.98,1.98,1.98,1.98,1,0
2014-11-10,09:40:00,1.95,1.95,1.95,1.95,1,0
2014-11-12,10:10:00,1.95,1.95,1.95,1.95,52,0
2014-11-13,09:05:00,1.95,1.95,1.95,1.95,1,0
2014-11-13,09:35:00,1.94,1.94,1.94,1.94,1000,0
2014-11-13,09:40:00,1.94,1.94,1.94,1.94,700,0
2014-11-13,09:45:00,1.89,1.89,1.89,1.89,392,0
2014-11-13,09:50:00,1.95,1.95,1.95,1.95,1,0
2014-11-13,11:40:00,1.9,1.9,1.9,1.9,540,0
2014-11-13,15:10:00,1.93,1.93,1.93,1.93,200,0
2014-11-13,16:50:00,1.93,1.93,1.93,1.93,424,0
2014-11-14,13:50:00,1.91,1.91,1.91,1.91,728,0
2014-11-14,15:40:00,1.91,1.91,1.91,1.91,300,0
2014-11-14,16:50:00,1.92,1.92,1.92,1.92,115,0
2014-11-17,09:05:00,1.8,1.8,1.8,1.8,1781,0
2014-11-17,09:15:00,1.69,1.69,1.69,1.69,1200,0
2014-11-17,10:05:00,1.74,1.75,1.74,1.75,6000,0
2014-11-17,10:10:00,1.75,1.75,1.75,1.75,500,0
2014-11-17,10:45:00,1.75,1.75,1.75,1.75,214,0
2014-11-17,10:50:00,1.75,1.75,1.75,1.75,1000,0
2014-11-17,10:55:00,1.71,1.71,1.71,1.71,848,0
2014-11-17,11:20:00,1.71,1.75,1.7,1.75,4625,0
2014-11-17,11:35:00,1.74,1.74,1.74,1.74,339,0
2014-11-17,11:40:00,1.74,1.74,1.74,1.74,300,0
2014-11-17,11:45:00,1.74,1.74,1.74,1.74,65,0
2014-11-17,13:25:00,1.74,1.74,1.74,1.74,3000,0
2014-11-17,15:25:00,1.75,1.75,1.75,1.75,1000,0
2014-11-17,15:55:00,1.71,1.71,1.69,1.69,2810,0
2014-11-17,16:00:00,1.69,1.69,1.69,1.69,1190,0
2014-11-17,16:45:00,1.7,1.7,1.7,1.7,500,0
2014-11-17,16:50:00,1.69,1.69,1.69,1.69,10,0
2014-11-18,09:05:00,1.69,1.69,1.67,1.67,4841,0
2014-11-18,09:10:00,1.69,1.69,1.69,1.69,914,0
2014-11-18,09:15:00,1.69,1.69,1.69,1.69,286,0
2014-11-18,09:20:00,1.69,1.69,1.69,1.69,1914,0
2014-11-18,09:45:00,1.69,1.69,1.69,1.69,86,0
2014-11-18,09:55:00,1.69,1.69,1.69,1.69,1500,0
2014-11-18,10:10:00,1.69,1.69,1.69,1.69,2000,0
2014-11-18,10:20:00,1.69,1.69,1.69,1.69,1500,0
2014-11-18,10:50:00,1.69,1.69,1.69,1.69,78,0
2014-11-18,11:20:00,1.69,1.69,1.69,1.69,350,0
2014-11-18,12:05:00,1.69,1.69,1.69,1.69,115,0
2014-11-18,15:40:00,1.67,1.67,1.67,1.67,1714,0
2014-11-18,16:45:00,1.67,1.67,1.67,1.67,700,0
2014-11-18,16:50:00,1.66,1.66,1.66,1.66,600,0
2014-11-19,09:05:00,1.67,1.67,1.66,1.66,5229,0
2014-11-19,09:10:00,1.65,1.65,1.65,1.65,800,0
2014-11-19,10:35:00,1.63,1.63,1.6,1.6,2706,0
2014-11-19,10:40:00,1.57,1.6,1.57,1.6,2244,0
2014-11-19,10:50:00,1.65,1.65,1.63,1.63,34300,0
2014-11-19,11:40:00,1.66,1.66,1.66,1.66,720,0
2014-11-19,12:05:00,1.66,1.66,1.66,1.66,3000,0
2014-11-19,12:10:00,1.66,1.66,1.66,1.66,1000,0
2014-11-19,12:50:00,1.65,1.65,1.62,1.62,1285,0
2014-11-19,16:15:00,1.66,1.66,1.66,1.66,490,0
2014-11-20,10:20:00,1.66,1.66,1.66,1.66,1,0
2014-11-20,12:20:00,1.66,1.75,1.66,1.75,1065,0
2014-11-21,09:05:00,1.73,1.73,1.73,1.73,36,0
2014-11-21,10:45:00,1.73,1.78,1.73,1.78,2100,0
2014-11-21,15:40:00,1.76,1.84,1.76,1.84,1514,0
2014-11-21,15:50:00,1.83,1.84,1.83,1.84,3486,0
2014-11-21,16:35:00,1.78,1.78,1.78,1.78,2000,0
2014-11-24,09:10:00,1.78,1.78,1.78,1.78,5,0
2014-11-24,10:40:00,1.73,1.73,1.73,1.73,1000,0
2014-11-24,10:45:00,1.7,1.7,1.7,1.7,2500,0
2014-11-24,10:50:00,1.67,1.67,1.62,1.62,2591,0
2014-11-24,11:55:00,1.69,1.69,1.69,1.69,1,0
2014-11-24,12:35:00,1.63,1.63,1.63,1.63,500,0
2014-11-24,12:50:00,1.78,1.78,1.78,1.78,1,0
2014-11-25,09:05:00,1.9,1.9,1.9,1.9,92,0
2014-11-26,09:05:00,1.95,1.95,1.95,1.95,1,0
2014-11-27,09:05:00,1.8,1.8,1.71,1.71,437,0
2014-11-27,09:10:00,1.8,1.8,1.8,1.8,1,0
2014-11-27,16:25:00,1.73,1.73,1.73,1.73,1000,0
2014-11-27,16:50:00,1.73,1.73,1.73,1.73,1102,0
2014-11-28,12:45:00,1.73,1.8,1.73,1.8,1006,0
2014-11-28,13:20:00,1.77,1.8,1.77,1.8,8597,0
2014-12-01,09:30:00,1.78,1.78,1.78,1.78,1,0
2014-12-01,09:35:00,1.73,1.73,1.69,1.69,1000,0
2014-12-01,16:40:00,1.74,1.74,1.74,1.74,5,0
2014-12-02,09:05:00,1.74,1.74,1.74,1.74,1,0
2014-12-02,10:25:00,1.65,1.65,1.65,1.65,285,0
2014-12-02,10:30:00,1.73,1.73,1.73,1.73,200,0
2014-12-03,09:30:00,1.73,1.73,1.73,1.73,1,0
2014-12-03,13:25:00,1.67,1.67,1.66,1.66,550,0
2014-12-03,14:30:00,1.66,1.66,1.65,1.65,1345,0
2014-12-03,15:30:00,1.62,1.62,1.62,1.62,1639,0
2014-12-04,09:15:00,1.6,1.6,1.6,1.6,800,0
2014-12-04,09:40:00,1.6,1.6,1.58,1.58,842,0
2014-12-04,09:45:00,1.57,1.57,1.55,1.55,1662,0
2014-12-04,10:05:00,1.56,1.56,1.56,1.56,1200,0
2014-12-04,10:15:00,1.55,1.55,1.55,1.55,4500,0
2014-12-04,10:20:00,1.53,1.65,1.53,1.65,6511,0
2014-12-04,11:00:00,1.34,1.37,1.34,1.37,13000,0
2014-12-04,11:10:00,1.39,1.39,1.38,1.38,1850,0
2014-12-04,11:25:00,1.34,1.34,1.34,1.34,175,0
2014-12-04,11:45:00,1.38,1.38,1.34,1.34,3267,0
2014-12-04,11:50:00,1.32,1.32,1.32,1.32,902,0
2014-12-04,11:55:00,1.34,1.34,1.34,1.34,80,0
2014-12-04,12:35:00,1.46,1.46,1.46,1.46,1358,0
2014-12-04,12:40:00,1.46,1.5,1.46,1.5,5160,0
2014-12-04,13:15:00,1.5,1.5,1.5,1.5,950,0
2014-12-04,13:30:00,1.5,1.5,1.5,1.5,500,0
2014-12-04,13:35:00,1.5,1.5,1.5,1.5,500,0
2014-12-04,13:40:00,1.53,1.53,1.53,1.53,35,0
2014-12-04,13:45:00,1.5,1.5,1.5,1.5,465,0
2014-12-04,13:50:00,1.5,1.5,1.5,1.5,285,0
2014-12-04,13:55:00,1.48,1.48,1.48,1.48,439,0
2014-12-04,14:45:00,1.48,1.48,1.48,1.48,1100,0
2014-12-04,14:55:00,1.48,1.48,1.48,1.48,1100,0
2014-12-04,16:00:00,1.49,1.49,1.49,1.49,510,0
2014-12-04,16:45:00,1.49,1.49,1.49,1.49,1500,0
2014-12-04,16:50:00,1.49,1.49,1.49,1.49,615,0
2014-12-05,09:10:00,1.57,1.57,1.57,1.57,110,0
2014-12-05,09:15:00,1.57,1.59,1.57,1.59,10013,0
2014-12-05,09:20:00,1.6,1.6,1.6,1.6,600,0
2014-12-05,09:40:00,1.54,1.59,1.53,1.59,2006,0
2014-12-05,16:20:00,1.54,1.54,1.54,1.54,865,0
2014-12-05,16:45:00,1.54,1.54,1.5,1.5,500,0
2014-12-05,16:50:00,1.49,1.49,1.49,1.49,471,0
2014-12-08,10:55:00,1.55,1.55,1.55,1.55,5,0
2014-12-08,12:35:00,1.5,1.5,1.49,1.49,1500,0
2014-12-08,13:15:00,1.48,1.55,1.48,1.55,1302,0
2014-12-08,14:45:00,1.48,1.48,1.48,1.48,1350,0
2014-12-08,16:50:00,1.51,1.51,1.51,1.51,50,0
2014-12-09,09:10:00,1.51,1.51,1.51,1.51,1,0
2014-12-09,10:30:00,1.5,1.5,1.5,1.5,300,0
2014-12-09,11:20:00,1.44,1.44,1.44,1.44,3000,0
2014-12-09,12:20:00,1.42,1.42,1.42,1.42,949,0
2014-12-09,12:40:00,1.42,1.42,1.42,1.42,2341,0
2014-12-09,12:55:00,1.42,1.42,1.42,1.42,400,0
2014-12-09,14:15:00,1.48,1.48,1.48,1.48,1000,0
2014-12-09,14:40:00,1.44,1.44,1.44,1.44,2650,0
2014-12-09,16:25:00,1.43,1.43,1.43,1.43,160,0
2014-12-10,09:55:00,1.4,1.4,1.4,1.4,2070,0
2014-12-10,10:10:00,1.38,1.38,1.35,1.35,1520,0
2014-12-10,10:20:00,1.32,1.32,1.3,1.3,2661,0
2014-12-10,10:30:00,1.28,1.28,1.26,1.26,3413,0
2014-12-10,10:35:00,1.26,1.26,1.26,1.26,60,0
2014-12-10,11:15:00,1.3,1.3,1.26,1.26,3516,0
2014-12-10,11:25:00,1.34,1.34,1.34,1.34,2,0
2014-12-10,13:00:00,1.31,1.31,1.31,1.31,500,0
2014-12-10,13:05:00,1.31,1.31,1.31,1.31,760,0
2014-12-10,13:25:00,1.27,1.27,1.27,1.27,1000,0
2014-12-10,13:40:00,1.27,1.27,1.27,1.27,200,0
2014-12-10,15:00:00,1.28,1.28,1.28,1.28,1200,0
2014-12-10,15:05:00,1.28,1.28,1.28,1.28,2000,0
2014-12-10,15:15:00,1.28,1.28,1.28,1.28,800,0
2014-12-10,16:30:00,1.3,1.3,1.3,1.3,700,0
2014-12-10,16:50:00,1.3,1.3,1.3,1.3,1131,0
2014-12-11,09:05:00,1.33,1.33,1.33,1.33,1,0
2014-12-11,10:05:00,1.3,1.3,1.3,1.3,800,0
2014-12-11,10:35:00,1.3,1.3,1.27,1.27,3000,0
2014-12-11,11:10:00,1.32,1.32,1.32,1.32,500,0
2014-12-12,09:05:00,1.33,1.33,1.32,1.32,2921,0
2014-12-12,09:15:00,1.32,1.32,1.32,1.32,79,0
2014-12-12,10:10:00,1.32,1.32,1.32,1.32,34,0
2014-12-12,10:15:00,1.34,1.38,1.34,1.38,5606,0
2014-12-12,11:15:00,1.44,1.44,1.44,1.44,10,0
2014-12-12,12:35:00,1.44,1.44,1.44,1.44,1400,0
2014-12-12,12:50:00,1.44,1.44,1.44,1.44,975,0
2014-12-12,12:55:00,1.44,1.44,1.44,1.44,2025,0
2014-12-12,13:10:00,1.44,1.44,1.44,1.44,80,0
2014-12-12,13:50:00,1.46,1.46,1.46,1.46,400,0
2014-12-12,14:10:00,1.44,1.44,1.44,1.44,500,0
2014-12-12,15:15:00,1.44,1.44,1.44,1.44,500,0
2014-12-12,16:20:00,1.45,1.45,1.44,1.44,4000,0
2014-12-15,09:05:00,1.46,1.46,1.46,1.46,1,0
2014-12-15,13:55:00,1.39,1.39,1.39,1.39,2500,0
2014-12-15,14:20:00,1.44,1.44,1.44,1.44,116,0
2014-12-15,14:55:00,1.39,1.39,1.39,1.39,179,0
2014-12-15,16:50:00,1.39,1.39,1.39,1.39,870,0
2014-12-16,09:15:00,1.38,1.38,1.38,1.38,1,0
2014-12-16,11:00:00,1.38,1.38,1.38,1.38,100,0
2014-12-16,13:00:00,1.25,1.25,1.25,1.25,2790,0
2014-12-16,13:50:00,1.27,1.27,1.27,1.27,1090,0
2014-12-16,13:55:00,1.29,1.3,1.29,1.3,68,0
2014-12-16,14:00:00,1.29,1.29,1.29,1.29,842,0
2014-12-16,14:15:00,1.37,1.37,1.37,1.37,7303,0
2014-12-16,15:10:00,1.29,1.29,1.29,1.29,100,0
2014-12-16,15:50:00,1.29,1.29,1.29,1.29,58,0
2014-12-16,16:05:00,1.26,1.26,1.26,1.26,1000,0
2014-12-16,16:25:00,1.28,1.28,1.28,1.28,4000,0
2014-12-17,09:50:00,1.35,1.35,1.35,1.35,1,0
2014-12-17,10:45:00,1.34,1.34,1.34,1.34,790,0
2014-12-17,14:10:00,1.31,1.31,1.3,1.3,2500,0
2014-12-17,14:45:00,1.31,1.31,1.31,1.31,1,0
2014-12-17,16:50:00,1.3,1.3,1.3,1.3,2500,0
2014-12-18,09:30:00,1.34,1.34,1.34,1.34,20,0
2014-12-18,11:10:00,1.28,1.36,1.28,1.36,8156,0
2014-12-18,11:35:00,1.35,1.35,1.35,1.35,690,0
2014-12-18,11:55:00,1.3,1.3,1.3,1.3,1,0
2014-12-18,16:05:00,1.38,1.38,1.38,1.38,20,0
2014-12-19,09:05:00,1.38,1.38,1.38,1.38,362,0
2014-12-19,09:10:00,1.38,1.38,1.38,1.38,88,0
2014-12-19,09:45:00,1.41,1.41,1.41,1.41,2000,0
2014-12-19,10:10:00,1.4,1.4,1.33,1.33,1001,0
2014-12-22,09:05:00,1.35,1.35,1.35,1.35,2000,0
2014-12-22,09:30:00,1.35,1.35,1.35,1.35,1000,0
2014-12-22,10:20:00,1.35,1.35,1.35,1.35,110,0
2014-12-22,12:30:00,1.35,1.35,1.35,1.35,10,0
2014-12-22,16:50:00,1.3,1.3,1.3,1.3,757,0
2014-12-23,10:30:00,1.27,1.27,1.26,1.26,1635,0
2014-12-23,14:05:00,1.27,1.27,1.27,1.27,300,0
2014-12-23,15:30:00,1.27,1.27,1.27,1.27,140,0
2014-12-23,15:40:00,1.28,1.3,1.28,1.3,2000,0
2014-12-23,16:50:00,1.29,1.29,1.29,1.29,32,0
2014-12-29,09:05:00,1.31,1.31,1.31,1.31,200,0
2014-12-29,09:10:00,1.31,1.31,1.31,1.31,500,0
2014-12-29,09:50:00,1.33,1.33,1.33,1.33,1,0
2014-12-30,09:05:00,1.33,1.33,1.33,1.33,1,0
2015-01-02,09:05:00,1.36,1.36,1.36,1.36,1,0
2015-01-02,09:10:00,1.28,1.28,1.28,1.28,200,0
2015-01-02,09:15:00,1.27,1.27,1.27,1.27,77,0
2015-01-02,10:35:00,1.28,1.28,1.28,1.28,1,0
2015-01-02,12:30:00,1.37,1.37,1.37,1.37,10,0
2015-01-02,13:20:00,1.37,1.37,1.37,1.37,720,0
2015-01-02,13:35:00,1.49,1.49,1.49,1.49,20,0
2015-01-02,16:50:00,1.46,1.49,1.46,1.49,1345,0
2015-01-05,09:40:00,1.46,1.5,1.46,1.5,1800,0
2015-01-05,10:15:00,1.49,1.49,1.49,1.49,1000,0
2015-01-05,10:20:00,1.49,1.49,1.49,1.49,1130,0
2015-01-05,10:25:00,1.5,1.5,1.5,1.5,1000,0
2015-01-05,12:15:00,1.5,1.5,1.5,1.5,1000,0
2015-01-05,13:20:00,1.47,1.53,1.45,1.53,3001,0
2015-01-05,14:15:00,1.52,1.52,1.52,1.52,1500,0
2015-01-07,09:05:00,1.49,1.49,1.49,1.49,1000,0
2015-01-07,16:50:00,1.5,1.5,1.5,1.5,1,0
2015-01-08,09:05:00,1.51,1.51,1.51,1.51,1,0
2015-01-08,10:00:00,1.51,1.53,1.51,1.53,1000,0
2015-01-08,14:25:00,1.47,1.47,1.47,1.47,782,0
2015-01-09,09:30:00,1.52,1.53,1.52,1.53,102,0
2015-01-09,09:45:00,1.43,1.51,1.43,1.51,1401,0
2015-01-09,10:50:00,1.49,1.49,1.49,1.49,1200,0
2015-01-09,10:55:00,1.42,1.42,1.42,1.42,1000,0
2015-01-09,11:15:00,1.51,1.51,1.51,1.51,1,0
2015-01-09,16:50:00,1.51,1.51,1.51,1.51,1,0
2015-01-12,10:40:00,1.52,1.52,1.52,1.52,2,0
2015-01-12,13:20:00,1.43,1.43,1.43,1.43,1163,0
2015-01-12,13:50:00,1.42,1.42,1.42,1.42,837,0
2015-01-12,14:20:00,1.47,1.47,1.47,1.47,1,0
2015-01-13,09:05:00,1.47,1.47,1.47,1.47,1,0
2015-01-13,11:35:00,1.38,1.47,1.38,1.47,357,0
2015-01-14,09:05:00,1.48,1.48,1.48,1.48,997,0
2015-01-14,09:10:00,1.42,1.42,1.42,1.42,400,0
2015-01-14,14:00:00,1.38,1.38,1.37,1.37,2049,0
2015-01-14,16:05:00,1.43,1.43,1.43,1.43,20,0
2015-01-15,09:05:00,1.47,1.47,1.47,1.47,1,0
2015-01-15,09:20:00,1.4,1.4,1.4,1.4,1600,0
2015-01-15,09:45:00,1.4,1.4,1.4,1.4,2000,0
2015-01-15,09:55:00,1.4,1.4,1.4,1.4,3000,0
2015-01-15,15:10:00,1.44,1.44,1.44,1.44,1,0
2015-01-16,09:10:00,1.47,1.47,1.47,1.47,1,0
2015-01-16,09:35:00,1.47,1.47,1.47,1.47,398,0
2015-01-16,09:40:00,1.47,1.47,1.47,1.47,602,0
2015-01-19,09:50:00,1.48,1.48,1.48,1.48,1,0
2015-01-19,10:05:00,1.38,1.48,1.38,1.48,701,0
2015-01-19,11:40:00,1.39,1.39,1.39,1.39,2000,0
2015-01-19,12:30:00,1.48,1.48,1.48,1.48,10,0
2015-01-20,09:15:00,1.53,1.53,1.53,1.53,1,0
2015-01-20,10:05:00,1.39,1.45,1.39,1.45,1001,0
2015-01-20,10:15:00,1.4,1.4,1.4,1.4,6000,0
2015-01-20,10:55:00,1.47,1.47,1.47,1.47,1,0
2015-01-20,11:45:00,1.4,1.4,1.4,1.4,997,0
2015-01-20,14:15:00,1.44,1.44,1.44,1.44,10,0
2015-01-21,09:05:00,1.53,1.53,1.53,1.53,1,0
2015-01-21,12:10:00,1.4,1.47,1.4,1.47,351,0
2015-01-22,09:05:00,1.4,1.49,1.4,1.49,351,0
2015-01-22,10:55:00,1.41,1.41,1.41,1.41,2635,0
2015-01-22,15:05:00,1.47,1.47,1.47,1.47,10,0
2015-01-23,09:05:00,1.47,1.47,1.47,1.47,1,0
2015-01-26,09:10:00,1.47,1.47,1.47,1.47,1,0
2015-01-26,13:50:00,1.4,1.4,1.4,1.4,383,0
2015-01-26,14:05:00,1.4,1.4,1.39,1.39,1269,0
2015-01-26,16:05:00,1.43,1.43,1.43,1.43,5,0
2015-01-27,09:05:00,1.47,1.47,1.47,1.47,1,0
2015-01-27,11:15:00,1.47,1.47,1.47,1.47,100,0
2015-01-27,14:25:00,1.4,1.4,1.4,1.4,1000,0
2015-01-27,16:40:00,1.39,1.39,1.39,1.39,485,0
2015-01-27,16:50:00,1.45,1.45,1.45,1.45,1,0
2015-01-28,09:05:00,1.47,1.47,1.47,1.47,1,0
2015-01-28,10:10:00,1.38,1.38,1.38,1.38,328,0
2015-01-28,11:10:00,1.4,1.4,1.4,1.4,150,0
2015-01-28,12:00:00,1.4,1.4,1.4,1.4,550,0
2015-01-28,14:20:00,1.4,1.4,1.4,1.4,150,0
2015-01-28,16:15:00,1.38,1.38,1.38,1.38,499,0
2015-01-29,10:35:00,1.47,1.47,1.47,1.47,1,0
2015-01-29,16:50:00,1.4,1.4,1.4,1.4,1000,0
2015-01-30,09:10:00,1.47,1.47,1.47,1.47,1,0
2015-01-30,13:15:00,1.38,1.38,1.38,1.38,725,0
2015-01-30,15:45:00,1.38,1.38,1.38,1.38,538,0
2015-02-02,09:05:00,1.46,1.46,1.46,1.46,1,0
2015-02-02,16:50:00,1.46,1.46,1.46,1.46,1,0
2015-02-03,09:05:00,1.46,1.46,1.46,1.46,15,0
2015-02-04,09:05:00,1.4,1.4,1.4,1.4,150,0
2015-02-04,09:20:00,1.4,1.4,1.4,1.4,120,0
2015-02-05,09:05:00,1.43,1.43,1.43,1.43,1,0
2015-02-05,10:30:00,1.38,1.38,1.38,1.38,2000,0
2015-02-05,14:40:00,1.4,1.4,1.4,1.4,51,0
2015-02-05,15:40:00,1.38,1.38,1.38,1.38,1128,0
2015-02-05,16:50:00,1.4,1.4,1.4,1.4,889,0
2015-02-06,09:05:00,1.44,1.44,1.44,1.44,1,0
2015-02-06,15:55:00,1.36,1.44,1.35,1.44,2001,0
2015-02-09,09:05:00,1.45,1.45,1.45,1.45,1,0
2015-02-09,12:05:00,1.32,1.32,1.32,1.32,1212,0
2015-02-09,13:15:00,1.35,1.35,1.35,1.35,1410,0
2015-02-09,14:10:00,1.35,1.45,1.35,1.45,379,0
2015-02-10,09:05:00,1.44,1.44,1.44,1.44,1,0
2015-02-11,09:05:00,1.45,1.45,1.45,1.45,1,0
2015-02-12,09:30:00,1.4,1.4,1.4,1.4,8,0
2015-02-13,09:05:00,1.42,1.42,1.42,1.42,11,0
2015-02-13,09:30:00,1.41,1.41,1.41,1.41,100,0
2015-02-13,09:50:00,1.45,1.45,1.45,1.45,1,0
2015-02-13,13:40:00,1.33,1.33,1.33,1.33,700,0
2015-02-13,14:25:00,1.35,1.4,1.35,1.4,305,0
2015-02-16,09:05:00,1.4,1.4,1.4,1.4,1,0
2015-02-16,13:05:00,1.39,1.39,1.39,1.39,50,0
2015-02-16,16:50:00,1.39,1.39,1.39,1.39,108,0
2015-02-17,09:05:00,1.38,1.38,1.38,1.38,1,0
2015-02-17,13:40:00,1.32,1.32,1.32,1.32,500,0
2015-02-17,13:55:00,1.38,1.4,1.38,1.4,500,0
2015-02-18,09:10:00,1.4,1.4,1.4,1.4,1,0
2015-02-19,09:05:00,1.4,1.4,1.4,1.4,1,0
2015-02-19,15:45:00,1.4,1.4,1.4,1.4,870,0
2015-02-20,09:05:00,1.4,1.4,1.4,1.4,1,0
2015-02-23,09:05:00,1.38,1.38,1.38,1.38,1,0
2015-02-23,11:20:00,1.35,1.35,1.35,1.35,1186,0
2015-02-23,12:00:00,1.38,1.38,1.38,1.38,1000,0
2015-02-24,09:05:00,1.38,1.38,1.38,1.38,1,0
2015-02-24,09:45:00,1.32,1.32,1.32,1.32,900,0
2015-02-24,10:10:00,1.31,1.31,1.3,1.3,880,0
2015-02-24,10:30:00,1.38,1.38,1.38,1.38,1,0
2015-02-24,11:45:00,1.33,1.33,1.33,1.33,1000,0
2015-02-24,13:30:00,1.36,1.36,1.36,1.36,9000,0
2015-02-24,15:30:00,1.31,1.31,1.3,1.3,3294,0
2015-02-25,09:05:00,1.36,1.36,1.36,1.36,1,0
2015-02-25,10:05:00,1.31,1.31,1.31,1.31,795,0
2015-02-25,10:10:00,1.31,1.33,1.31,1.33,185,0
2015-02-25,11:55:00,1.32,1.32,1.32,1.32,300,0
2015-02-25,12:50:00,1.31,1.31,1.31,1.31,110,0
2015-02-25,14:10:00,1.32,1.32,1.32,1.32,50,0
2015-02-25,14:40:00,1.31,1.31,1.31,1.31,1114,0
2015-02-26,09:05:00,1.36,1.36,1.36,1.36,1,0
2015-02-26,12:25:00,1.31,1.31,1.3,1.3,880,0
2015-02-27,09:10:00,1.3,1.3,1.3,1.3,1962,0
2015-02-27,12:05:00,1.3,1.3,1.3,1.3,161,0
2015-02-27,13:20:00,1.31,1.31,1.31,1.31,10,0
2015-02-27,16:10:00,1.35,1.35,1.35,1.35,222,0
2015-02-27,16:15:00,1.35,1.36,1.35,1.36,5998,0
2015-02-27,16:20:00,1.4,1.4,1.4,1.4,322,0
2015-02-27,16:40:00,1.42,1.42,1.42,1.42,2,0
2015-03-02,09:05:00,1.35,1.35,1.31,1.35,3002,0
2015-03-02,09:55:00,1.3,1.3,1.3,1.3,2114,0
2015-03-02,10:00:00,1.3,1.3,1.3,1.3,886,0
2015-03-02,10:25:00,1.3,1.3,1.3,1.3,2950,0
2015-03-02,10:30:00,1.3,1.3,1.3,1.3,50,0
2015-03-02,10:35:00,1.31,1.32,1.31,1.32,4266,0
2015-03-02,10:55:00,1.32,1.32,1.32,1.32,1234,0
2015-03-02,11:00:00,1.32,1.32,1.32,1.32,500,0
2015-03-02,11:05:00,1.32,1.32,1.32,1.32,150,0
2015-03-02,11:45:00,1.3,1.3,1.3,1.3,3500,0
2015-03-02,12:50:00,1.3,1.3,1.3,1.3,1300,0
2015-03-02,13:00:00,1.3,1.3,1.3,1.3,850,0
2015-03-02,13:45:00,1.31,1.31,1.31,1.31,770,0
2015-03-02,14:45:00,1.31,1.31,1.31,1.31,80,0
2015-03-02,14:55:00,1.31,1.31,1.31,1.31,920,0
2015-03-02,15:00:00,1.29,1.29,1.29,1.29,11,0
2015-03-02,15:10:00,1.29,1.29,1.29,1.29,1489,0
2015-03-02,15:40:00,1.28,1.28,1.26,1.26,2650,0
2015-03-02,15:45:00,1.25,1.25,1.25,1.25,1861,0
2015-03-02,16:00:00,1.25,1.28,1.24,1.28,5035,0
2015-03-02,16:15:00,1.25,1.28,1.25,1.28,652,0
2015-03-02,16:30:00,1.25,1.28,1.22,1.28,9189,0
2015-03-02,16:35:00,1.22,1.22,1.22,1.22,500,0
2015-03-03,09:05:00,1.2,1.2,1.2,1.2,1773,0
2015-03-03,09:35:00,1.19,1.19,1.19,1.19,1010,0
2015-03-03,10:05:00,1.19,1.19,1.19,1.19,400,0
2015-03-03,10:15:00,1.19,1.19,1.19,1.19,15,0
2015-03-03,10:30:00,1.19,1.19,1.17,1.17,3950,0
2015-03-03,10:35:00,1.16,1.16,1.16,1.16,900,0
2015-03-03,11:05:00,1.18,1.18,1.16,1.18,524,0
2015-03-03,11:25:00,1.18,1.18,1.18,1.18,3097,0
2015-03-03,13:00:00,1.2,1.2,1.2,1.2,77,0
2015-03-03,13:25:00,1.2,1.2,1.2,1.2,1650,0
2015-03-03,14:50:00,1.2,1.2,1.2,1.2,572,0
2015-03-03,16:30:00,1.18,1.18,1.16,1.16,2241,0
2015-03-03,16:50:00,1.22,1.22,1.22,1.22,8,0
2015-03-04,09:05:00,1.23,1.23,1.23,1.23,100,0
2015-03-04,10:00:00,1.22,1.22,1.22,1.22,1892,0
2015-03-04,11:45:00,1.22,1.22,1.22,1.22,108,0
2015-03-04,11:50:00,1.18,1.18,1.18,1.18,63,0
2015-03-04,12:00:00,1.18,1.18,1.18,1.18,1836,0
2015-03-04,12:10:00,1.18,1.18,1.18,1.18,1101,0
2015-03-04,12:30:00,1.17,1.17,1.17,1.17,1237,0
2015-03-04,12:55:00,1.18,1.18,1.18,1.18,1860,0
2015-03-04,13:15:00,1.23,1.23,1.23,1.23,1,0
2015-03-04,13:25:00,1.19,1.19,1.19,1.19,4000,0
2015-03-04,15:25:00,1.23,1.23,1.23,1.23,2,0
2015-03-04,15:55:00,1.2,1.2,1.2,1.2,412,0
2015-03-05,09:05:00,1.18,1.18,1.18,1.18,325,0
2015-03-05,09:10:00,1.18,1.18,1.18,1.18,717,0
2015-03-05,13:05:00,1.2,1.2,1.2,1.2,400,0
2015-03-05,14:10:00,1.18,1.18,1.18,1.18,1700,0
2015-03-05,15:20:00,1.2,1.2,1.2,1.2,500,0
2015-03-05,16:50:00,1.2,1.2,1.2,1.2,2,0
2015-03-06,10:10:00,1.2,1.2,1.2,1.2,1000,0
2015-03-06,11:15:00,1.19,1.19,1.19,1.19,400,0
2015-03-06,11:25:00,1.2,1.2,1.2,1.2,436,0
2015-03-06,14:45:00,1.2,1.2,1.2,1.2,809,0
2015-03-06,15:40:00,1.18,1.18,1.18,1.18,400,0
2015-03-06,16:50:00,1.18,1.18,1.18,1.18,636,0
2015-03-09,09:05:00,1.2,1.2,1.2,1.2,1,0
2015-03-09,12:20:00,1.18,1.18,1.18,1.18,720,0
2015-03-09,12:25:00,1.17,1.2,1.17,1.2,281,0
2015-03-10,09:05:00,1.2,1.2,1.2,1.2,1000,0
2015-03-10,16:05:00,1.2,1.2,1.2,1.2,1698,0
2015-03-11,09:05:00,1.2,1.25,1.2,1.25,1773,0
2015-03-11,09:30:00,1.25,1.25,1.25,1.25,43,0
2015-03-11,15:20:00,1.22,1.22,1.22,1.22,1200,0
2015-03-12,09:05:00,1.25,1.25,1.25,1.25,1,0
2015-03-12,09:45:00,1.22,1.22,1.2,1.2,729,0
2015-03-12,09:55:00,1.2,1.2,1.2,1.2,271,0
2015-03-12,10:05:00,1.24,1.24,1.24,1.24,680,0
2015-03-12,10:25:00,1.25,1.25,1.25,1.25,1709,0
2015-03-12,10:45:00,1.25,1.31,1.25,1.31,10391,0
2015-03-12,12:25:00,1.3,1.3,1.3,1.3,1000,0
2015-03-12,14:00:00,1.28,1.28,1.28,1.28,50,0
2015-03-12,14:05:00,1.3,1.3,1.28,1.28,620,0
2015-03-12,14:35:00,1.27,1.27,1.27,1.27,120,0
2015-03-12,15:00:00,1.28,1.31,1.28,1.31,10000,0
2015-03-12,16:30:00,1.3,1.3,1.3,1.3,440,0
2015-03-13,09:05:00,1.31,1.31,1.31,1.31,1560,0
2015-03-13,09:10:00,1.31,1.32,1.31,1.32,1656,0
2015-03-13,10:00:00,1.31,1.31,1.31,1.31,554,0
2015-03-13,10:05:00,1.23,1.31,1.23,1.31,681,0
2015-03-16,09:05:00,1.29,1.29,1.29,1.29,30,0
2015-03-17,09:05:00,1.27,1.27,1.27,1.27,1550,0
2015-03-17,10:20:00,1.25,1.25,1.25,1.25,570,0
2015-03-17,10:50:00,1.25,1.25,1.25,1.25,30,0
2015-03-17,13:25:00,1.2,1.2,1.2,1.2,1350,0
2015-03-17,13:55:00,1.25,1.38,1.25,1.38,18693,0
2015-03-17,14:45:00,1.3,1.3,1.26,1.26,8776,0
2015-03-17,15:55:00,1.33,1.33,1.33,1.33,200,0
2015-03-17,16:00:00,1.33,1.33,1.33,1.33,5000,0
2015-03-17,16:10:00,1.32,1.32,1.32,1.32,600,0
2015-03-17,16:50:00,1.36,1.36,1.36,1.36,100,0
2015-03-18,09:05:00,1.34,1.34,1.34,1.34,33,0
2015-03-18,10:55:00,1.33,1.33,1.33,1.33,750,0
2015-03-19,09:05:00,1.33,1.33,1.33,1.33,600,0
2015-03-19,16:10:00,1.26,1.26,1.26,1.26,1,0
2015-03-19,16:50:00,1.32,1.32,1.32,1.32,100,0
2015-03-20,09:05:00,1.33,1.33,1.33,1.33,1,0
2015-03-20,12:00:00,1.27,1.27,1.27,1.27,2000,0
2015-03-20,14:10:00,1.26,1.26,1.26,1.26,1498,0
2015-03-20,14:20:00,1.26,1.31,1.26,1.31,19100,0
2015-03-20,14:25:00,1.31,1.32,1.31,1.32,4350,0
2015-03-23,09:05:00,1.32,1.32,1.32,1.32,1,0
2015-03-23,11:25:00,1.27,1.27,1.22,1.27,8406,0
2015-03-23,12:25:00,1.22,1.22,1.22,1.22,200,0
2015-03-23,13:05:00,1.25,1.25,1.25,1.25,2,0
2015-03-23,14:40:00,1.26,1.26,1.2,1.2,2105,0
2015-03-23,15:35:00,1.2,1.2,1.2,1.2,1000,0
2015-03-23,16:15:00,1.2,1.2,1.19,1.19,570,0
2015-03-23,16:25:00,1.2,1.2,1.2,1.2,500,0
2015-03-23,16:30:00,1.2,1.2,1.2,1.2,9234,0
2015-03-23,16:50:00,1.2,1.2,1.19,1.19,7169,0
2015-03-24,09:05:00,1.25,1.25,1.25,1.25,1,0
2015-03-24,09:10:00,1.25,1.25,1.25,1.25,20,0
2015-03-24,09:15:00,1.2,1.2,1.2,1.2,350,0
2015-03-24,09:40:00,1.21,1.21,1.2,1.2,500,0
2015-03-24,11:15:00,1.2,1.2,1.2,1.2,37,0
2015-03-24,16:30:00,1.24,1.24,1.24,1.24,1000,0
2015-03-25,12:10:00,1.24,1.24,1.24,1.24,300,0
2015-03-26,09:05:00,1.25,1.25,1.25,1.25,300,0
2015-03-26,15:15:00,1.25,1.25,1.25,1.25,3,0
2015-03-27,09:05:00,1.25,1.25,1.25,1.25,100,0
2015-03-27,13:45:00,1.25,1.25,1.25,1.25,100,0
2015-03-27,15:20:00,1.25,1.25,1.25,1.25,700,0
2015-03-30,09:05:00,1.26,1.26,1.26,1.26,3,0
2015-03-30,16:50:00,1.3,1.3,1.3,1.3,1,0
2015-03-31,09:05:00,1.29,1.29,1.29,1.29,203,0
2015-03-31,16:50:00,1.2,1.2,1.2,1.2,1835,0
2015-04-01,09:05:00,1.19,1.19,1.19,1.19,1000,0
2015-04-01,09:35:00,1.2,1.3,1.2,1.3,201,0
2015-04-01,10:20:00,1.28,1.28,1.28,1.28,500,0
2015-04-02,09:05:00,1.28,1.28,1.28,1.28,1503,0
2015-04-07,15:00:00,1.2,1.2,1.2,1.2,674,0
2015-04-08,10:45:00,1.22,1.22,1.22,1.22,1971,0
2015-04-08,11:25:00,1.22,1.22,1.22,1.22,1500,0
2015-04-08,11:45:00,1.21,1.21,1.21,1.21,6613,0
2015-04-08,13:20:00,1.21,1.21,1.2,1.2,3387,0
2015-04-08,16:50:00,1.2,1.2,1.2,1.2,33,0
2015-04-09,09:05:00,1.19,1.19,1.19,1.19,500,0
2015-04-09,09:45:00,1.19,1.19,1.19,1.19,6,0
2015-04-09,10:10:00,1.19,1.19,1.19,1.19,204,0
2015-04-09,13:50:00,1.13,1.13,1.13,1.13,300,0
2015-04-09,15:30:00,1.18,1.18,1.18,1.18,5,0
2015-04-09,16:35:00,1.18,1.18,1.18,1.18,500,0
2015-04-09,16:50:00,1.18,1.18,1.18,1.18,424,0
2015-04-10,09:05:00,1.18,1.18,1.18,1.18,1,0
2015-04-10,14:45:00,1.18,1.19,1.18,1.19,10800,0
2015-04-13,09:10:00,1.22,1.22,1.22,1.22,1,0
2015-04-13,09:25:00,1.2,1.2,1.2,1.2,3000,0
2015-04-13,12:15:00,1.14,1.14,1.14,1.14,296,0
2015-04-13,16:50:00,1.22,1.22,1.22,1.22,11,0
2015-04-14,09:05:00,1.22,1.22,1.22,1.22,1,0
2015-04-14,12:00:00,1.21,1.21,1.16,1.16,4080,0
2015-04-14,14:50:00,1.23,1.23,1.23,1.23,4000,0
2015-04-14,15:15:00,1.24,1.24,1.24,1.24,2600,0
2015-04-14,16:50:00,1.26,1.26,1.26,1.26,1,0
2015-04-15,09:35:00,1.28,1.28,1.28,1.28,1,0
2015-04-15,10:00:00,1.21,1.21,1.19,1.19,2000,0
2015-04-15,10:20:00,1.21,1.21,1.21,1.21,1000,0
2015-04-15,10:30:00,1.28,1.28,1.28,1.28,1,0
2015-04-15,16:00:00,1.27,1.27,1.27,1.27,550,0
2015-04-16,09:05:00,1.26,1.26,1.26,1.26,1,0
2015-04-16,09:20:00,1.26,1.26,1.26,1.26,1100,0
2015-04-16,13:00:00,1.2,1.2,1.2,1.2,1000,0
2015-04-16,16:50:00,1.2,1.2,1.2,1.2,3005,0
2015-04-17,09:20:00,1.27,1.27,1.27,1.27,1,0
2015-04-20,09:05:00,1.26,1.26,1.26,1.26,1,0
2015-04-20,16:50:00,1.25,1.25,1.25,1.25,1,0
2015-04-21,09:05:00,1.22,1.22,1.22,1.22,1,0
2015-04-21,10:30:00,1.22,1.22,1.22,1.22,1264,0
2015-04-21,11:45:00,1.25,1.25,1.25,1.25,300,0
2015-04-22,09:05:00,1.25,1.25,1.25,1.25,1,0
2015-04-22,10:15:00,1.25,1.25,1.25,1.25,500,0
2015-04-23,09:05:00,1.25,1.25,1.25,1.25,1,0
2015-04-24,09:15:00,1.2,1.2,1.2,1.2,1,0
2015-04-24,09:35:00,1.2,1.2,1.2,1.2,3350,0
2015-04-24,11:55:00,1.2,1.2,1.2,1.2,46,0
2015-04-24,12:05:00,1.24,1.24,1.24,1.24,510,0
2015-04-24,12:50:00,1.2,1.2,1.2,1.2,1500,0
2015-04-27,09:15:00,1.25,1.25,1.25,1.25,1,0
2015-04-28,09:05:00,1.25,1.25,1.25,1.25,1,0
2015-04-28,14:10:00,1.23,1.23,1.23,1.23,150,0
2015-04-28,15:15:00,1.17,1.17,1.17,1.17,59,0
2015-04-28,16:50:00,1.24,1.25,1.24,1.25,55,0
2015-04-29,09:50:00,1.23,1.23,1.23,1.23,800,0
2015-04-29,11:20:00,1.23,1.23,1.23,1.23,30,0
2015-04-29,11:55:00,1.23,1.23,1.23,1.23,1170,0
2015-04-30,09:05:00,1.23,1.23,1.2,1.2,801,0
2015-04-30,10:05:00,1.2,1.2,1.2,1.2,1150,0
2015-04-30,11:40:00,1.2,1.23,1.2,1.23,1120,0
2015-04-30,14:10:00,1.22,1.22,1.22,1.22,920,0
2015-04-30,16:35:00,1.18,1.18,1.18,1.18,5,0
2015-04-30,16:40:00,1.18,1.18,1.18,1.18,76,0
2015-04-30,16:45:00,1.18,1.18,1.18,1.18,952,0
2015-04-30,16:50:00,1.16,1.23,1.16,1.23,1656,0
2015-05-04,09:05:00,1.17,1.17,1.17,1.17,750,0
2015-05-04,09:35:00,1.17,1.17,1.17,1.17,1000,0
2015-05-04,10:50:00,1.18,1.18,1.18,1.18,1085,0
2015-05-04,11:50:00,1.22,1.22,1.22,1.22,1000,0
2015-05-04,13:10:00,1.2,1.2,1.2,1.2,800,0
2015-05-04,13:40:00,1.2,1.2,1.2,1.2,2000,0
2015-05-04,13:45:00,1.2,1.2,1.2,1.2,1200,0
2015-05-04,14:00:00,1.18,1.18,1.18,1.18,300,0
2015-05-04,14:30:00,1.18,1.18,1.18,1.18,600,0
2015-05-04,14:50:00,1.18,1.18,1.18,1.18,100,0
2015-05-04,16:50:00,1.22,1.22,1.22,1.22,5,0
2015-05-05,09:05:00,1.18,1.18,1.18,1.18,2900,0
2015-05-06,09:05:00,1.2,1.2,1.2,1.2,290,0
2015-05-06,12:50:00,1.2,1.2,1.2,1.2,1500,0
2015-05-06,16:50:00,1.2,1.2,1.2,1.2,1011,0
2015-05-07,13:50:00,1.22,1.22,1.22,1.22,300,0
2015-05-08,10:30:00,1.22,1.22,1.22,1.22,1255,0
2015-05-11,13:15:00,1.22,1.22,1.21,1.21,1000,0
2015-05-11,14:40:00,1.23,1.23,1.23,1.23,3000,0
2015-05-11,16:00:00,1.23,1.23,1.23,1.23,1117,0
2015-05-12,09:40:00,1.23,1.23,1.23,1.23,810,0
2015-05-13,10:30:00,1.24,1.25,1.24,1.25,8771,0
2015-05-13,10:50:00,1.25,1.25,1.25,1.25,729,0
2015-05-13,13:40:00,1.24,1.24,1.24,1.24,1699,0
2015-05-13,14:25:00,1.24,1.24,1.24,1.24,1800,0
2015-05-13,15:35:00,1.25,1.25,1.25,1.25,2000,0
2015-05-14,09:05:00,1.27,1.27,1.27,1.27,3550,0
2015-05-14,09:20:00,1.27,1.27,1.27,1.27,400,0
2015-05-15,11:25:00,1.26,1.26,1.26,1.26,555,0
2015-05-15,12:15:00,1.26,1.26,1.26,1.26,412,0
2015-05-15,12:35:00,1.26,1.26,1.26,1.26,233,0
2015-05-15,14:45:00,1.27,1.27,1.27,1.27,1500,0
2015-05-15,15:50:00,1.26,1.26,1.26,1.26,1366,0
2015-05-18,09:05:00,1.2,1.2,1.18,1.18,3474,0
2015-05-18,09:10:00,1.15,1.15,1.15,1.15,876,0
2015-05-18,10:05:00,1.2,1.2,1.2,1.2,1600,0
2015-05-18,10:10:00,1.26,1.3,1.26,1.3,12000,0
2015-05-18,10:15:00,1.29,1.3,1.29,1.3,3390,0
2015-05-18,10:20:00,1.3,1.3,1.3,1.3,5992,0
2015-05-18,10:30:00,1.3,1.3,1.3,1.3,1961,0
2015-05-18,10:45:00,1.3,1.3,1.3,1.3,47,0
2015-05-18,11:15:00,1.29,1.3,1.29,1.3,4000,0
2015-05-18,11:35:00,1.18,1.18,1.18,1.18,271,0
2015-05-18,14:15:00,1.2,1.2,1.2,1.2,1942,0
2015-05-18,16:50:00,1.21,1.21,1.21,1.21,270,0
2015-05-19,11:35:00,1.21,1.21,1.21,1.21,930,0
2015-05-19,11:40:00,1.21,1.21,1.21,1.21,1170,0
2015-05-20,09:05:00,1.2,1.2,1.2,1.2,35,0
2015-05-20,12:45:00,1.2,1.2,1.2,1.2,23,0
2015-05-20,15:30:00,1.15,1.15,1.15,1.15,222,0
2015-05-20,16:30:00,1.15,1.15,1.15,1.15,1878,0
2015-05-20,16:35:00,1.15,1.15,1.14,1.14,2104,0
2015-05-20,16:50:00,1.25,1.25,1.25,1.25,11,0
2015-06-11,09:50:00,1.24,1.24,1.24,1.24,413,0
2015-06-11,10:00:00,1.24,1.24,1.24,1.24,1787,0
2015-06-11,11:50:00,1.2,1.2,1.2,1.2,1100,0
2015-06-12,09:05:00,1.19,1.19,1.19,1.19,1200,0
2015-06-12,11:50:00,1.19,1.19,1.19,1.19,1500,0
2015-06-12,12:45:00,1.19,1.19,1.19,1.19,2800,0
2015-06-15,09:05:00,1.19,1.19,1.19,1.19,58,0
2015-06-15,14:30:00,1.14,1.14,1.14,1.14,1130,0
2015-06-15,15:10:00,1.14,1.14,1.14,1.14,4000,0
2015-06-15,16:20:00,1.14,1.14,1.14,1.14,6000,0
2015-06-16,14:45:00,1.14,1.14,1.14,1.14,877,0
2015-06-16,15:20:00,1.14,1.14,1.14,1.14,2000,0
2015-06-16,16:50:00,1.16,1.16,1.16,1.16,8677,0
2015-06-23,09:45:00,1.13,1.13,1.13,1.13,300,0
2015-06-23,10:50:00,1.13,1.13,1.13,1.13,1000,0
2015-06-23,16:35:00,1.14,1.14,1.14,1.14,750,0
2015-06-24,11:00:00,1.14,1.14,1.14,1.14,39,0
2015-06-30,16:05:00,1.14,1.14,1.14,1.14,211,0
2015-07-02,15:05:00,1.12,1.12,1.12,1.12,2370,0
2015-07-03,11:05:00,1.12,1.12,1.12,1.12,4330,0
2015-07-07,15:05:00,1.01,1.01,1.01,1.01,980,0
2015-07-08,11:05:00,0.91,0.91,0.91,0.91,1000,0
2015-07-08,15:05:00,0.91,0.91,0.91,0.91,4000,0
2015-07-09,11:05:00,1,1,1,1,1500,0
2015-07-09,11:10:00,1,1,1,1,278,0
2015-07-13,15:05:00,1.04,1.04,1.04,1.04,450,0
2015-07-14,11:05:00,1.05,1.05,1.05,1.05,1500,0
2015-07-16,11:05:00,1.05,1.05,1.05,1.05,721,0
2015-07-17,15:05:00,1.04,1.04,1.04,1.04,665,0
2015-07-29,15:05:00,0.9,0.9,0.9,0.9,2467,0
2015-07-30,11:05:00,0.99,0.99,0.99,0.99,1000,0
2015-07-31,15:05:00,0.9,0.9,0.9,0.9,4000,0
2015-07-31,15:15:00,0.9,0.9,0.9,0.9,89,0
2015-08-04,15:05:00,0.92,0.92,0.92,0.92,556,0
2015-08-05,11:05:00,0.92,0.92,0.92,0.92,654,0
2015-08-07,15:05:00,0.92,0.92,0.92,0.92,7123,0
2015-08-10,11:05:00,0.99,0.99,0.99,0.99,2000,0
2015-08-10,11:10:00,0.99,0.99,0.99,0.99,500,0
2015-08-11,15:05:00,1.04,1.04,1.04,1.04,439,0
2015-08-13,15:05:00,1.04,1.04,1.04,1.04,361,0
2015-08-17,11:05:00,1.04,1.04,1.04,1.04,29,0
2015-08-17,15:05:00,1.02,1.02,1.02,1.02,271,0
2015-08-25,11:05:00,0.9,0.9,0.9,0.9,195,0
2015-08-27,11:05:00,0.91,0.91,0.91,0.91,3729,0
2015-09-01,11:05:00,0.92,0.92,0.92,0.92,2265,0
2015-09-01,15:05:00,0.91,0.91,0.91,0.91,4459,0
2015-09-01,15:15:00,0.91,0.91,0.91,0.91,500,0
2015-09-01,15:25:00,0.91,0.91,0.91,0.91,2301,0
2015-09-02,15:05:00,0.9,0.9,0.9,0.9,6000,0
2015-09-02,15:30:00,0.9,0.9,0.9,0.9,1000,0
2015-09-08,11:05:00,0.9,0.9,0.9,0.9,480,0
2015-09-21,11:05:00,0.85,0.85,0.85,0.85,3775,0
2015-09-28,15:05:00,0.84,0.84,0.84,0.84,9627,0
2015-09-28,15:10:00,0.84,0.84,0.84,0.84,3121,0
2015-10-08,11:05:00,0.89,0.89,0.89,0.89,500,0
2015-10-09,11:05:00,0.91,0.91,0.91,0.91,600,0
2015-10-09,11:25:00,0.91,0.91,0.91,0.91,55,0
2015-10-12,11:15:00,0.91,0.91,0.91,0.91,582,0
2015-10-12,11:20:00,0.91,0.91,0.91,0.91,918,0
2015-10-13,11:05:00,0.91,0.91,0.91,0.91,1500,0
2015-10-13,11:20:00,0.91,0.91,0.91,0.91,1500,0
2015-10-14,11:05:00,0.91,0.91,0.91,0.91,1500,0
2015-10-14,15:05:00,0.91,0.91,0.91,0.91,1200,0
2015-10-15,15:05:00,0.93,0.93,0.93,0.93,1000,0
2015-10-15,15:10:00,0.93,0.93,0.93,0.93,1000,0
2015-10-19,11:05:00,0.95,0.95,0.95,0.95,1000,0
2015-10-19,11:15:00,0.95,0.95,0.95,0.95,48,0
2015-10-20,15:05:00,0.97,0.97,0.97,0.97,415,0
2015-10-22,11:05:00,0.98,0.98,0.98,0.98,464,0
2015-10-26,15:05:00,0.99,0.99,0.99,0.99,1000,0
2015-10-26,15:10:00,0.99,0.99,0.99,0.99,1477,0
2015-10-29,15:05:00,0.99,0.99,0.99,0.99,7000,0
2015-11-04,15:05:00,0.99,0.99,0.99,0.99,2680,0
2015-11-09,11:05:00,0.97,0.97,0.97,0.97,585,0
2015-11-09,15:05:00,0.97,0.97,0.97,0.97,510,0
2015-11-09,15:20:00,0.97,0.97,0.97,0.97,2400,0
