2015-10-16,09:05:00,1.06,1.06,1.06,1.06,1400,0
2015-10-16,09:10:00,1.07,1.07,1.07,1.07,1,0
2015-10-16,09:15:00,1.06,1.06,1.05,1.05,13700,0
2015-10-16,09:25:00,1.06,1.06,1.06,1.06,5000,0
2015-10-16,09:30:00,1.06,1.06,1.06,1.06,1050,0
2015-10-16,09:35:00,1.06,1.06,1.06,1.06,1172,0
2015-10-16,09:40:00,1.06,1.06,1.06,1.06,2170,0
2015-10-16,09:55:00,1.07,1.07,1.07,1.07,1220,0
2015-10-16,10:10:00,1.07,1.1,1.07,1.1,73654,0
2015-10-16,10:15:00,1.1,1.1,1.1,1.1,602,0
2015-10-16,10:20:00,1.09,1.09,1.09,1.09,1268,0
2015-10-16,10:25:00,1.1,1.1,1.1,1.1,6,0
2015-10-16,10:30:00,1.1,1.1,1.1,1.1,8994,0
2015-10-16,10:35:00,1.11,1.11,1.11,1.11,10,0
2015-10-16,10:45:00,1.1,1.1,1.1,1.1,6960,0
2015-10-16,10:50:00,1.1,1.1,1.1,1.1,5000,0
2015-10-16,11:00:00,1.09,1.09,1.09,1.09,1461,0
2015-10-16,11:10:00,1.09,1.09,1.09,1.09,3539,0
2015-10-16,11:15:00,1.09,1.09,1.09,1.09,1465,0
2015-10-16,11:20:00,1.09,1.09,1.09,1.09,535,0
2015-10-16,11:25:00,1.1,1.1,1.1,1.1,4700,0
2015-10-16,11:50:00,1.1,1.1,1.1,1.1,1300,0
2015-10-16,11:55:00,1.09,1.09,1.09,1.09,6999,0
2015-10-16,12:10:00,1.09,1.09,1.09,1.09,200,0
2015-10-16,12:20:00,1.09,1.09,1.09,1.09,1800,0
2015-10-16,12:35:00,1.08,1.08,1.08,1.08,18941,0
2015-10-16,12:50:00,1.08,1.08,1.08,1.08,1000,0
2015-10-16,13:00:00,1.07,1.08,1.07,1.08,16695,0
2015-10-16,13:05:00,1.08,1.08,1.08,1.08,18575,0
2015-10-16,13:10:00,1.07,1.07,1.07,1.07,7000,0
2015-10-16,13:20:00,1.07,1.07,1.07,1.07,2000,0
2015-10-16,13:55:00,1.08,1.08,1.08,1.08,1,0
2015-10-16,14:50:00,1.08,1.08,1.07,1.07,11000,0
2015-10-16,15:10:00,1.07,1.07,1.07,1.07,1900,0
2015-10-16,15:25:00,1.07,1.07,1.07,1.07,6544,0
2015-10-16,15:35:00,1.06,1.06,1.06,1.06,2563,0
2015-10-16,16:35:00,1.06,1.06,1.06,1.06,10000,0
2015-10-16,16:50:00,1.08,1.08,1.08,1.08,5000,0
2015-10-19,09:10:00,1.06,1.06,1.06,1.06,4770,0
2015-10-19,09:20:00,1.07,1.07,1.07,1.07,4750,0
2015-10-19,09:25:00,1.07,1.07,1.07,1.07,150,0
2015-10-19,09:45:00,1.07,1.08,1.07,1.08,291,0
2015-10-19,10:05:00,1.07,1.07,1.06,1.06,6724,0
2015-10-19,10:10:00,1.06,1.06,1.06,1.06,6509,0
2015-10-19,10:50:00,1.06,1.06,1.06,1.06,1500,0
2015-10-19,11:10:00,1.06,1.06,1.06,1.06,1500,0
2015-10-19,11:35:00,1.06,1.06,1.06,1.06,3927,0
2015-10-19,11:50:00,1.06,1.07,1.06,1.07,3002,0
2015-10-19,12:15:00,1.07,1.07,1.07,1.07,1200,0
2015-10-19,12:25:00,1.07,1.07,1.07,1.07,1061,0
2015-10-19,13:15:00,1.06,1.06,1.06,1.06,2500,0
2015-10-19,13:40:00,1.06,1.06,1.06,1.06,4085,0
2015-10-19,13:45:00,1.07,1.07,1.07,1.07,112,0
2015-10-19,14:25:00,1.07,1.07,1.07,1.07,700,0
2015-10-19,14:50:00,1.07,1.07,1.06,1.06,1500,0
2015-10-19,15:15:00,1.07,1.07,1.07,1.07,853,0
2015-10-19,16:00:00,1.07,1.07,1.07,1.07,2169,0
2015-10-19,16:10:00,1.08,1.08,1.08,1.08,500,0
2015-10-19,16:25:00,1.07,1.07,1.07,1.07,2474,0
2015-10-19,16:50:00,1.08,1.08,1.08,1.08,3838,0
2015-10-20,09:05:00,1.08,1.08,1.08,1.08,1000,0
2015-10-20,10:00:00,1.08,1.08,1.08,1.08,1000,0
2015-10-20,10:05:00,1.06,1.06,1.06,1.06,1414,0
2015-10-20,10:15:00,1.06,1.06,1.06,1.06,1000,0
2015-10-20,10:55:00,1.08,1.08,1.08,1.08,1,0
2015-10-20,11:25:00,1.07,1.07,1.06,1.06,2200,0
2015-10-20,11:30:00,1.08,1.08,1.08,1.08,1,0
2015-10-20,11:35:00,1.08,1.1,1.08,1.1,55143,0
2015-10-20,11:40:00,1.1,1.1,1.1,1.1,13055,0
2015-10-20,11:45:00,1.1,1.1,1.08,1.08,6300,0
2015-10-20,12:05:00,1.08,1.08,1.08,1.08,5000,0
2015-10-20,12:20:00,1.08,1.08,1.08,1.08,1000,0
2015-10-20,13:00:00,1.09,1.09,1.09,1.09,1,0
2015-10-20,13:30:00,1.08,1.08,1.07,1.08,2495,0
2015-10-20,13:50:00,1.08,1.08,1.08,1.08,125,0
2015-10-20,14:10:00,1.08,1.08,1.08,1.08,380,0
2015-10-20,14:35:00,1.08,1.08,1.08,1.08,2371,0
2015-10-20,15:15:00,1.08,1.08,1.08,1.08,2000,0
2015-10-20,15:30:00,1.08,1.08,1.08,1.08,612,0
2015-10-20,16:15:00,1.08,1.08,1.08,1.08,200,0
2015-10-20,16:30:00,1.08,1.08,1.08,1.08,6184,0
2015-10-20,16:35:00,1.08,1.08,1.08,1.08,4000,0
2015-10-20,16:50:00,1.09,1.09,1.08,1.08,3040,0
2015-10-21,09:05:00,1.09,1.09,1.09,1.09,5000,0
2015-10-21,09:10:00,1.08,1.08,1.08,1.08,1300,0
2015-10-21,09:20:00,1.09,1.09,1.09,1.09,400,0
2015-10-21,09:40:00,1.09,1.15,1.09,1.15,203852,0
2015-10-21,09:45:00,1.15,1.15,1.13,1.13,15499,0
2015-10-21,09:55:00,1.14,1.15,1.14,1.15,20040,0
2015-10-21,10:00:00,1.14,1.15,1.14,1.15,12112,0
2015-10-21,10:05:00,1.15,1.18,1.15,1.18,84858,0
2015-10-21,10:10:00,1.19,1.19,1.18,1.19,63557,0
2015-10-21,10:20:00,1.2,1.26,1.2,1.26,237735,0
2015-10-21,10:25:00,1.25,1.26,1.22,1.22,56776,0
2015-10-21,10:30:00,1.23,1.23,1.23,1.23,9408,0
2015-10-21,10:35:00,1.23,1.23,1.21,1.21,48329,0
2015-10-21,10:40:00,1.22,1.23,1.21,1.23,26431,0
2015-10-21,10:45:00,1.24,1.24,1.23,1.23,17247,0
2015-10-21,10:50:00,1.24,1.24,1.23,1.23,19165,0
2015-10-21,10:55:00,1.24,1.24,1.23,1.24,33305,0
2015-10-21,11:00:00,1.24,1.24,1.24,1.24,7500,0
2015-10-21,11:05:00,1.23,1.24,1.23,1.23,42790,0
2015-10-21,11:10:00,1.23,1.23,1.23,1.23,385,0
2015-10-21,11:15:00,1.22,1.23,1.21,1.21,12401,0
2015-10-21,11:20:00,1.23,1.24,1.23,1.24,5516,0
2015-10-21,11:25:00,1.23,1.23,1.23,1.23,6000,0
2015-10-21,11:30:00,1.23,1.25,1.23,1.25,81382,0
2015-10-21,11:35:00,1.26,1.26,1.24,1.24,25338,0
2015-10-21,11:40:00,1.24,1.26,1.24,1.26,30026,0
2015-10-21,11:45:00,1.25,1.27,1.25,1.27,28588,0
2015-10-21,11:50:00,1.27,1.27,1.26,1.26,26962,0
2015-10-21,11:55:00,1.26,1.26,1.23,1.24,53492,0
2015-10-21,12:00:00,1.23,1.23,1.23,1.23,3938,0
2015-10-21,12:05:00,1.24,1.24,1.24,1.24,3000,0
2015-10-21,12:10:00,1.25,1.25,1.25,1.25,10000,0
2015-10-21,12:15:00,1.26,1.26,1.24,1.24,5200,0
2015-10-21,12:20:00,1.24,1.24,1.24,1.24,4674,0
2015-10-21,12:30:00,1.23,1.23,1.23,1.23,9962,0
2015-10-21,12:35:00,1.22,1.22,1.22,1.22,481,0
2015-10-21,12:40:00,1.22,1.23,1.22,1.23,6311,0
2015-10-21,12:45:00,1.23,1.23,1.23,1.23,11620,0
2015-10-21,12:50:00,1.23,1.23,1.22,1.22,72487,0
2015-10-21,12:55:00,1.22,1.23,1.22,1.23,9513,0
2015-10-21,13:00:00,1.23,1.23,1.23,1.23,6911,0
2015-10-21,13:05:00,1.23,1.23,1.23,1.23,2500,0
2015-10-21,13:10:00,1.23,1.24,1.23,1.24,1850,0
2015-10-21,13:15:00,1.24,1.24,1.24,1.24,320,0
2015-10-21,13:20:00,1.23,1.23,1.23,1.23,1455,0
2015-10-21,13:25:00,1.23,1.23,1.23,1.23,9000,0
2015-10-21,13:30:00,1.23,1.23,1.23,1.23,2000,0
2015-10-21,13:40:00,1.23,1.23,1.23,1.23,7513,0
2015-10-21,13:45:00,1.23,1.23,1.23,1.23,1300,0
2015-10-21,13:50:00,1.23,1.24,1.23,1.23,6856,0
2015-10-21,13:55:00,1.23,1.23,1.23,1.23,1565,0
2015-10-21,14:00:00,1.23,1.23,1.23,1.23,1935,0
2015-10-21,14:20:00,1.24,1.24,1.24,1.24,29768,0
2015-10-21,14:25:00,1.24,1.24,1.24,1.24,1111,0
2015-10-21,14:30:00,1.24,1.24,1.23,1.23,6416,0
2015-10-21,14:35:00,1.23,1.24,1.23,1.24,2543,0
2015-10-21,14:40:00,1.23,1.23,1.23,1.23,10942,0
2015-10-21,14:45:00,1.24,1.24,1.24,1.24,2700,0
2015-10-21,14:55:00,1.23,1.23,1.23,1.23,2000,0
2015-10-21,15:00:00,1.23,1.24,1.22,1.22,19899,0
2015-10-21,15:05:00,1.21,1.22,1.21,1.21,34081,0
2015-10-21,15:10:00,1.2,1.2,1.2,1.2,46325,0
2015-10-21,15:25:00,1.21,1.21,1.2,1.2,11635,0
2015-10-21,15:30:00,1.2,1.2,1.19,1.19,14220,0
2015-10-21,15:40:00,1.2,1.2,1.2,1.2,3500,0
2015-10-21,15:45:00,1.2,1.21,1.2,1.21,13500,0
2015-10-21,15:50:00,1.2,1.2,1.2,1.2,833,0
2015-10-21,15:55:00,1.21,1.21,1.21,1.21,600,0
2015-10-21,16:00:00,1.21,1.21,1.21,1.21,30,0
2015-10-21,16:05:00,1.2,1.2,1.19,1.2,5700,0
2015-10-21,16:10:00,1.2,1.2,1.2,1.2,6658,0
2015-10-21,16:20:00,1.21,1.21,1.21,1.21,119,0
2015-10-21,16:25:00,1.2,1.2,1.2,1.2,140,0
2015-10-21,16:30:00,1.2,1.2,1.19,1.19,29264,0
2015-10-21,16:40:00,1.21,1.21,1.21,1.21,10,0
2015-10-21,16:50:00,1.2,1.21,1.2,1.21,30165,0
2015-10-22,09:05:00,1.21,1.22,1.2,1.2,22167,0
2015-10-22,09:10:00,1.2,1.23,1.2,1.21,10754,0
2015-10-22,09:15:00,1.21,1.21,1.2,1.2,3780,0
2015-10-22,09:20:00,1.2,1.21,1.2,1.21,3000,0
2015-10-22,09:25:00,1.21,1.21,1.2,1.2,3403,0
2015-10-22,09:30:00,1.2,1.2,1.2,1.2,2903,0
2015-10-22,09:35:00,1.21,1.21,1.21,1.21,2000,0
2015-10-22,09:40:00,1.21,1.26,1.21,1.26,272729,0
2015-10-22,09:45:00,1.26,1.28,1.26,1.28,98924,0
2015-10-22,09:50:00,1.28,1.28,1.26,1.27,20250,0
2015-10-22,09:55:00,1.27,1.27,1.26,1.26,27088,0
2015-10-22,10:00:00,1.25,1.25,1.24,1.25,5755,0
2015-10-22,10:05:00,1.25,1.26,1.25,1.26,18457,0
2015-10-22,10:10:00,1.27,1.27,1.26,1.27,9550,0
2015-10-22,10:15:00,1.26,1.26,1.26,1.26,1200,0
2015-10-22,10:20:00,1.27,1.29,1.27,1.28,122890,0
2015-10-22,10:25:00,1.29,1.29,1.28,1.29,23071,0
2015-10-22,10:30:00,1.29,1.31,1.29,1.3,283690,0
2015-10-22,10:35:00,1.3,1.3,1.29,1.29,46844,0
2015-10-22,10:40:00,1.28,1.29,1.27,1.29,25392,0
2015-10-22,10:45:00,1.29,1.29,1.28,1.29,21458,0
2015-10-22,10:50:00,1.29,1.3,1.29,1.3,19049,0
2015-10-22,10:55:00,1.29,1.29,1.29,1.29,9899,0
2015-10-22,11:00:00,1.29,1.29,1.28,1.29,16751,0
2015-10-22,11:15:00,1.29,1.29,1.29,1.29,1800,0
2015-10-22,11:20:00,1.28,1.3,1.28,1.29,3798,0
2015-10-22,11:25:00,1.28,1.29,1.28,1.29,15290,0
2015-10-22,11:35:00,1.28,1.28,1.27,1.27,32000,0
2015-10-22,11:40:00,1.27,1.27,1.27,1.27,46637,0
2015-10-22,11:45:00,1.27,1.29,1.27,1.29,14400,0
2015-10-22,11:50:00,1.28,1.28,1.28,1.28,3000,0
2015-10-22,11:55:00,1.29,1.29,1.28,1.28,5350,0
2015-10-22,12:10:00,1.27,1.27,1.27,1.27,454,0
2015-10-22,12:15:00,1.27,1.27,1.27,1.27,10000,0
2015-10-22,12:20:00,1.27,1.27,1.27,1.27,9447,0
2015-10-22,12:25:00,1.27,1.27,1.27,1.27,90,0
2015-10-22,12:30:00,1.26,1.26,1.26,1.26,11016,0
2015-10-22,12:35:00,1.26,1.26,1.26,1.26,400,0
2015-10-22,12:40:00,1.27,1.27,1.27,1.27,4000,0
2015-10-22,12:45:00,1.26,1.26,1.26,1.26,11313,0
2015-10-22,12:50:00,1.26,1.26,1.25,1.25,29135,0
2015-10-22,12:55:00,1.25,1.26,1.25,1.26,31532,0
2015-10-22,13:00:00,1.25,1.25,1.25,1.25,12800,0
2015-10-22,13:05:00,1.26,1.26,1.25,1.26,17777,0
2015-10-22,13:10:00,1.26,1.26,1.26,1.26,2000,0
2015-10-22,13:15:00,1.26,1.26,1.26,1.26,2182,0
2015-10-22,13:20:00,1.25,1.25,1.25,1.25,1209,0
2015-10-22,13:25:00,1.25,1.25,1.25,1.25,700,0
2015-10-22,13:35:00,1.25,1.25,1.25,1.25,21136,0
2015-10-22,13:40:00,1.26,1.26,1.25,1.25,950,0
2015-10-22,13:45:00,1.25,1.25,1.25,1.25,6640,0
2015-10-22,13:50:00,1.25,1.25,1.25,1.25,12249,0
2015-10-22,14:00:00,1.25,1.25,1.25,1.25,1036,0
2015-10-22,14:05:00,1.25,1.25,1.25,1.25,810,0
2015-10-22,14:15:00,1.25,1.26,1.25,1.26,7000,0
2015-10-22,14:20:00,1.25,1.27,1.25,1.27,650,0
2015-10-22,14:30:00,1.25,1.25,1.24,1.24,33620,0
2015-10-22,14:40:00,1.24,1.24,1.24,1.24,1700,0
2015-10-22,14:45:00,1.24,1.24,1.24,1.24,4032,0
2015-10-22,14:50:00,1.24,1.24,1.24,1.24,11556,0
2015-10-22,14:55:00,1.24,1.24,1.24,1.24,1450,0
2015-10-22,15:00:00,1.24,1.24,1.24,1.24,1402,0
2015-10-22,15:05:00,1.24,1.24,1.24,1.24,1197,0
2015-10-22,15:15:00,1.25,1.25,1.25,1.25,14350,0
2015-10-22,15:20:00,1.26,1.26,1.26,1.26,1000,0
2015-10-22,15:30:00,1.26,1.26,1.25,1.25,4000,0
2015-10-22,15:40:00,1.25,1.25,1.25,1.25,4171,0
2015-10-22,15:50:00,1.25,1.25,1.25,1.25,391,0
2015-10-22,16:00:00,1.26,1.26,1.26,1.26,125,0
2015-10-22,16:05:00,1.26,1.26,1.26,1.26,1600,0
2015-10-22,16:10:00,1.25,1.25,1.25,1.25,9196,0
2015-10-22,16:25:00,1.26,1.26,1.26,1.26,5932,0
2015-10-22,16:30:00,1.26,1.26,1.26,1.26,5859,0
2015-10-22,16:50:00,1.25,1.26,1.25,1.26,4666,0
2015-10-23,09:05:00,1.27,1.28,1.27,1.28,8293,0
2015-10-23,09:10:00,1.27,1.27,1.26,1.26,13833,0
2015-10-23,09:15:00,1.26,1.26,1.26,1.26,22709,0
2015-10-23,09:20:00,1.27,1.27,1.26,1.26,5091,0
2015-10-23,09:30:00,1.25,1.25,1.25,1.25,3576,0
2015-10-23,09:40:00,1.25,1.25,1.25,1.25,6450,0
2015-10-23,09:50:00,1.25,1.25,1.25,1.25,590,0
2015-10-23,09:55:00,1.25,1.25,1.25,1.25,3534,0
2015-10-23,10:00:00,1.25,1.26,1.25,1.25,3750,0
2015-10-23,10:05:00,1.24,1.24,1.22,1.23,51156,0
2015-10-23,10:10:00,1.24,1.24,1.23,1.23,1812,0
2015-10-23,10:15:00,1.22,1.22,1.22,1.22,9575,0
2015-10-23,10:20:00,1.22,1.23,1.22,1.22,5425,0
2015-10-23,10:30:00,1.23,1.23,1.22,1.22,7000,0
2015-10-23,10:35:00,1.22,1.23,1.22,1.23,16893,0
2015-10-23,10:40:00,1.23,1.23,1.23,1.23,200,0
2015-10-23,10:50:00,1.22,1.22,1.22,1.22,1000,0
2015-10-23,10:55:00,1.22,1.22,1.22,1.22,20220,0
2015-10-23,11:00:00,1.22,1.22,1.22,1.22,2585,0
2015-10-23,11:05:00,1.23,1.28,1.23,1.25,57239,0
2015-10-23,11:10:00,1.27,1.28,1.27,1.27,36225,0
2015-10-23,11:15:00,1.27,1.27,1.26,1.26,9439,0
2015-10-23,11:25:00,1.25,1.25,1.25,1.25,14572,0
2015-10-23,11:35:00,1.24,1.24,1.24,1.24,11470,0
2015-10-23,11:40:00,1.23,1.23,1.21,1.21,25584,0
2015-10-23,11:45:00,1.22,1.22,1.22,1.22,63373,0
2015-10-23,11:55:00,1.22,1.23,1.22,1.22,3593,0
2015-10-23,12:00:00,1.21,1.22,1.21,1.21,4053,0
2015-10-23,12:05:00,1.21,1.21,1.21,1.21,9000,0
2015-10-23,12:10:00,1.21,1.21,1.21,1.21,4000,0
2015-10-23,12:15:00,1.22,1.22,1.22,1.22,1346,0
2015-10-23,12:25:00,1.23,1.23,1.23,1.23,80,0
2015-10-23,12:30:00,1.23,1.23,1.23,1.23,17672,0
2015-10-23,12:35:00,1.23,1.23,1.23,1.23,480,0
2015-10-23,12:50:00,1.24,1.24,1.24,1.24,1905,0
2015-10-23,13:35:00,1.23,1.23,1.23,1.23,1000,0
2015-10-23,14:15:00,1.23,1.23,1.22,1.22,14058,0
2015-10-23,14:30:00,1.22,1.23,1.22,1.23,3552,0
2015-10-23,14:40:00,1.22,1.22,1.22,1.22,5100,0
2015-10-23,15:05:00,1.22,1.22,1.22,1.22,900,0
2015-10-23,15:15:00,1.23,1.23,1.23,1.23,100,0
2015-10-23,15:30:00,1.22,1.22,1.22,1.22,100,0
2015-10-23,15:35:00,1.22,1.22,1.22,1.22,2500,0
2015-10-23,15:50:00,1.22,1.22,1.22,1.22,10973,0
2015-10-23,15:55:00,1.22,1.22,1.22,1.22,3000,0
2015-10-23,16:00:00,1.22,1.22,1.22,1.22,10942,0
2015-10-23,16:05:00,1.22,1.22,1.22,1.22,3000,0
2015-10-23,16:10:00,1.22,1.22,1.22,1.22,4084,0
2015-10-23,16:30:00,1.21,1.21,1.21,1.21,53424,0
2015-10-23,16:35:00,1.21,1.21,1.21,1.21,12009,0
2015-10-23,16:40:00,1.2,1.2,1.2,1.2,18824,0
2015-10-23,16:45:00,1.2,1.2,1.2,1.2,10416,0
2015-10-23,16:50:00,1.21,1.21,1.2,1.2,36739,0
2015-10-26,09:05:00,1.21,1.21,1.19,1.19,15488,0
2015-10-26,09:10:00,1.18,1.19,1.13,1.19,83730,0
2015-10-26,09:15:00,1.19,1.19,1.18,1.18,7062,0
2015-10-26,09:20:00,1.19,1.21,1.19,1.21,17176,0
2015-10-26,09:25:00,1.21,1.21,1.21,1.21,1100,0
2015-10-26,09:30:00,1.2,1.2,1.2,1.2,5043,0
2015-10-26,09:35:00,1.2,1.2,1.2,1.2,8900,0
2015-10-26,09:40:00,1.2,1.2,1.2,1.2,1057,0
2015-10-26,09:45:00,1.2,1.2,1.19,1.19,2585,0
2015-10-26,09:50:00,1.19,1.19,1.19,1.19,2000,0
2015-10-26,09:55:00,1.19,1.19,1.19,1.19,2000,0
2015-10-26,10:00:00,1.19,1.19,1.19,1.19,8636,0
2015-10-26,10:10:00,1.19,1.19,1.18,1.18,1990,0
2015-10-26,10:15:00,1.19,1.19,1.19,1.19,2000,0
2015-10-26,10:20:00,1.19,1.19,1.19,1.19,647,0
2015-10-26,10:35:00,1.19,1.19,1.19,1.19,500,0
2015-10-26,10:40:00,1.19,1.19,1.19,1.19,2000,0
2015-10-26,10:55:00,1.18,1.19,1.18,1.18,3237,0
2015-10-26,11:25:00,1.19,1.23,1.19,1.23,49593,0
2015-10-26,11:30:00,1.22,1.22,1.22,1.22,5414,0
2015-10-26,11:35:00,1.23,1.23,1.21,1.21,12817,0
2015-10-26,12:30:00,1.21,1.21,1.2,1.21,10305,0
2015-10-26,12:45:00,1.22,1.22,1.22,1.22,800,0
2015-10-26,12:50:00,1.22,1.22,1.22,1.22,4122,0
2015-10-26,12:55:00,1.23,1.23,1.23,1.23,4100,0
2015-10-26,13:15:00,1.22,1.22,1.22,1.22,800,0
2015-10-26,13:25:00,1.22,1.22,1.22,1.22,817,0
2015-10-26,13:30:00,1.22,1.23,1.22,1.22,4543,0
2015-10-26,13:40:00,1.22,1.22,1.22,1.22,9118,0
2015-10-26,13:45:00,1.22,1.23,1.22,1.23,7782,0
2015-10-26,14:00:00,1.22,1.22,1.22,1.22,1500,0
2015-10-26,14:05:00,1.22,1.22,1.22,1.22,1019,0
2015-10-26,14:20:00,1.22,1.23,1.22,1.23,11515,0
2015-10-26,14:30:00,1.22,1.22,1.22,1.22,1000,0
2015-10-26,14:40:00,1.22,1.22,1.22,1.22,168,0
2015-10-26,14:45:00,1.23,1.23,1.23,1.23,810,0
2015-10-26,14:50:00,1.23,1.23,1.23,1.23,1000,0
2015-10-26,14:55:00,1.23,1.23,1.23,1.23,1137,0
2015-10-26,15:15:00,1.23,1.23,1.23,1.23,1100,0
2015-10-26,15:20:00,1.23,1.23,1.23,1.23,700,0
2015-10-26,15:40:00,1.23,1.24,1.23,1.24,2706,0
2015-10-26,15:45:00,1.23,1.23,1.23,1.23,647,0
2015-10-26,15:55:00,1.23,1.23,1.23,1.23,4987,0
2015-10-26,16:35:00,1.22,1.22,1.21,1.21,4895,0
2015-10-26,16:45:00,1.2,1.2,1.2,1.2,3200,0
2015-10-26,16:50:00,1.2,1.2,1.18,1.18,32238,0
2015-10-27,09:05:00,1.18,1.22,1.18,1.18,1620,0
2015-10-27,09:15:00,1.19,1.19,1.19,1.19,700,0
2015-10-27,09:20:00,1.2,1.22,1.2,1.22,1100,0
2015-10-27,09:25:00,1.22,1.22,1.22,1.22,1500,0
2015-10-27,09:30:00,1.2,1.2,1.2,1.2,290,0
2015-10-27,09:35:00,1.2,1.2,1.2,1.2,2000,0
2015-10-27,09:50:00,1.2,1.22,1.2,1.22,8091,0
2015-10-27,10:00:00,1.22,1.23,1.22,1.23,2679,0
2015-10-27,10:05:00,1.23,1.23,1.23,1.23,50,0
2015-10-27,10:10:00,1.22,1.22,1.22,1.22,1011,0
2015-10-27,10:20:00,1.22,1.22,1.22,1.22,1239,0
2015-10-27,10:25:00,1.22,1.23,1.22,1.23,7500,0
2015-10-27,10:30:00,1.22,1.22,1.22,1.22,161,0
2015-10-27,10:35:00,1.21,1.21,1.21,1.21,4500,0
2015-10-27,10:40:00,1.21,1.23,1.21,1.23,14333,0
2015-10-27,10:45:00,1.23,1.24,1.23,1.23,21050,0
2015-10-27,10:50:00,1.23,1.23,1.23,1.23,10753,0
2015-10-27,11:05:00,1.23,1.23,1.23,1.23,3381,0
2015-10-27,11:15:00,1.23,1.24,1.23,1.24,267,0
2015-10-27,11:25:00,1.23,1.23,1.23,1.23,1200,0
2015-10-27,11:35:00,1.23,1.23,1.23,1.23,1000,0
2015-10-27,11:45:00,1.23,1.23,1.23,1.23,3000,0
2015-10-27,11:50:00,1.22,1.22,1.22,1.22,8265,0
2015-10-27,11:55:00,1.22,1.22,1.22,1.22,11000,0
2015-10-27,12:00:00,1.22,1.22,1.22,1.22,402,0
2015-10-27,12:25:00,1.22,1.22,1.21,1.21,5550,0
2015-10-27,12:35:00,1.21,1.21,1.21,1.21,12170,0
2015-10-27,12:40:00,1.2,1.2,1.2,1.2,8981,0
2015-10-27,12:45:00,1.21,1.21,1.2,1.2,9628,0
2015-10-27,12:50:00,1.19,1.19,1.19,1.19,21629,0
2015-10-27,12:55:00,1.19,1.19,1.19,1.19,8903,0
2015-10-27,13:05:00,1.19,1.19,1.19,1.19,8846,0
2015-10-27,13:50:00,1.2,1.2,1.2,1.2,2500,0
2015-10-27,13:55:00,1.19,1.19,1.19,1.19,3000,0
2015-10-27,14:25:00,1.19,1.19,1.19,1.19,2043,0
2015-10-27,15:00:00,1.19,1.19,1.19,1.19,8220,0
2015-10-27,15:30:00,1.19,1.19,1.19,1.19,5270,0
2015-10-27,15:50:00,1.19,1.19,1.19,1.19,4800,0
2015-10-27,16:00:00,1.19,1.19,1.19,1.19,1500,0
2015-10-27,16:05:00,1.2,1.2,1.2,1.2,12822,0
2015-10-27,16:15:00,1.21,1.21,1.2,1.2,4000,0
2015-10-27,16:20:00,1.2,1.2,1.2,1.2,5000,0
2015-10-27,16:30:00,1.2,1.2,1.2,1.2,1000,0
2015-10-27,16:50:00,1.2,1.22,1.2,1.22,71000,0
2015-10-28,09:05:00,1.24,1.24,1.24,1.24,16711,0
2015-10-28,09:10:00,1.24,1.24,1.24,1.24,1000,0
2015-10-28,09:25:00,1.22,1.22,1.22,1.22,6633,0
2015-10-28,09:30:00,1.22,1.22,1.22,1.22,3367,0
2015-10-28,09:35:00,1.21,1.21,1.2,1.2,19590,0
2015-10-28,09:40:00,1.21,1.21,1.21,1.21,671,0
2015-10-28,10:00:00,1.22,1.26,1.22,1.26,216969,0
2015-10-28,10:05:00,1.27,1.29,1.27,1.27,86845,0
2015-10-28,10:10:00,1.28,1.28,1.27,1.28,19421,0
2015-10-28,10:15:00,1.28,1.28,1.27,1.27,11225,0
2015-10-28,10:20:00,1.27,1.27,1.27,1.27,1005,0
2015-10-28,10:25:00,1.27,1.27,1.27,1.27,11734,0
2015-10-28,10:30:00,1.27,1.27,1.27,1.27,6411,0
2015-10-28,10:35:00,1.27,1.27,1.27,1.27,5491,0
2015-10-28,10:40:00,1.27,1.28,1.27,1.28,46060,0
2015-10-28,10:45:00,1.28,1.28,1.28,1.28,10936,0
2015-10-28,10:50:00,1.28,1.28,1.28,1.28,3897,0
2015-10-28,10:55:00,1.28,1.29,1.28,1.29,12301,0
2015-10-28,11:00:00,1.28,1.28,1.28,1.28,1000,0
2015-10-28,11:15:00,1.27,1.27,1.27,1.27,323,0
2015-10-28,11:20:00,1.27,1.27,1.27,1.27,6977,0
2015-10-28,11:30:00,1.27,1.28,1.27,1.28,1227,0
2015-10-28,11:50:00,1.26,1.26,1.26,1.26,9000,0
2015-10-28,11:55:00,1.26,1.26,1.26,1.26,100,0
2015-10-28,12:00:00,1.27,1.27,1.27,1.27,1000,0
2015-10-28,12:05:00,1.26,1.26,1.26,1.26,100,0
2015-10-28,12:15:00,1.27,1.27,1.27,1.27,1900,0
2015-10-28,12:20:00,1.27,1.28,1.27,1.28,504,0
2015-10-28,12:25:00,1.27,1.27,1.27,1.27,7000,0
2015-10-28,12:30:00,1.27,1.27,1.27,1.27,7000,0
2015-10-28,12:35:00,1.27,1.28,1.27,1.28,54227,0
2015-10-28,12:40:00,1.29,1.3,1.29,1.29,173246,0
2015-10-28,12:45:00,1.29,1.29,1.28,1.29,14270,0
2015-10-28,12:50:00,1.29,1.3,1.29,1.3,21213,0
2015-10-28,12:55:00,1.29,1.29,1.29,1.29,2000,0
2015-10-28,13:00:00,1.29,1.29,1.28,1.28,4450,0
2015-10-28,13:05:00,1.28,1.28,1.28,1.28,2300,0
2015-10-28,13:10:00,1.28,1.29,1.28,1.29,4000,0
2015-10-28,13:25:00,1.28,1.28,1.27,1.27,12000,0
2015-10-28,13:35:00,1.29,1.29,1.27,1.27,3477,0
2015-10-28,13:45:00,1.27,1.27,1.27,1.27,29223,0
2015-10-28,13:55:00,1.26,1.26,1.25,1.25,44936,0
2015-10-28,14:00:00,1.25,1.25,1.25,1.25,31548,0
2015-10-28,14:05:00,1.25,1.25,1.25,1.25,8566,0
2015-10-28,14:15:00,1.25,1.25,1.25,1.25,5200,0
2015-10-28,14:30:00,1.24,1.25,1.24,1.25,17962,0
2015-10-28,14:45:00,1.25,1.25,1.25,1.25,4000,0
2015-10-28,14:50:00,1.25,1.25,1.24,1.24,5043,0
2015-10-28,15:30:00,1.24,1.24,1.24,1.24,1000,0
2015-10-28,15:50:00,1.25,1.25,1.25,1.25,1157,0
2015-10-28,16:05:00,1.26,1.26,1.26,1.26,2000,0
2015-10-28,16:15:00,1.25,1.25,1.25,1.25,750,0
2015-10-28,16:35:00,1.25,1.25,1.25,1.25,2593,0
2015-10-28,16:45:00,1.24,1.24,1.24,1.24,17288,0
2015-10-28,16:50:00,1.24,1.26,1.24,1.26,39808,0
2015-10-29,09:05:00,1.26,1.27,1.26,1.27,5050,0
2015-10-29,09:25:00,1.26,1.26,1.26,1.26,9689,0
2015-10-29,09:35:00,1.25,1.25,1.24,1.25,13272,0
2015-10-29,09:40:00,1.25,1.27,1.25,1.25,39555,0
2015-10-29,09:45:00,1.25,1.25,1.24,1.24,30195,0
2015-10-29,10:15:00,1.25,1.25,1.25,1.25,2821,0
2015-10-29,10:40:00,1.26,1.27,1.26,1.27,2500,0
2015-10-29,10:45:00,1.26,1.27,1.26,1.27,9591,0
2015-10-29,10:50:00,1.26,1.26,1.26,1.26,34300,0
2015-10-29,10:55:00,1.26,1.26,1.26,1.26,9,0
2015-10-29,11:00:00,1.26,1.26,1.26,1.26,991,0
2015-10-29,11:05:00,1.25,1.25,1.25,1.25,30550,0
2015-10-29,11:10:00,1.25,1.25,1.25,1.25,751,0
2015-10-29,11:25:00,1.25,1.25,1.24,1.24,11203,0
2015-10-29,12:00:00,1.24,1.24,1.24,1.24,150,0
2015-10-29,12:10:00,1.24,1.24,1.24,1.24,2944,0
2015-10-29,12:15:00,1.24,1.24,1.24,1.24,4000,0
2015-10-29,12:25:00,1.24,1.24,1.24,1.24,1016,0
2015-10-29,12:35:00,1.24,1.24,1.24,1.24,10000,0
2015-10-29,12:40:00,1.24,1.24,1.24,1.24,4000,0
2015-10-29,13:15:00,1.24,1.24,1.24,1.24,100,0
2015-10-29,13:20:00,1.23,1.23,1.22,1.22,21066,0
2015-10-29,13:40:00,1.23,1.23,1.23,1.23,2000,0
2015-10-29,14:05:00,1.23,1.23,1.23,1.23,500,0
2015-10-29,14:25:00,1.23,1.23,1.23,1.23,21742,0
2015-10-29,15:00:00,1.23,1.23,1.23,1.23,2000,0
2015-10-29,15:10:00,1.24,1.24,1.24,1.24,1000,0
2015-10-29,15:25:00,1.24,1.25,1.24,1.25,1390,0
2015-10-29,15:35:00,1.24,1.24,1.24,1.24,1690,0
2015-10-29,16:05:00,1.24,1.24,1.24,1.24,300,0
2015-10-29,16:20:00,1.23,1.23,1.23,1.23,6781,0
2015-10-29,16:50:00,1.23,1.23,1.23,1.23,6700,0
2015-10-30,09:10:00,1.23,1.23,1.22,1.22,4400,0
2015-10-30,09:25:00,1.22,1.22,1.22,1.22,4030,0
2015-10-30,09:40:00,1.23,1.23,1.23,1.23,3,0
2015-10-30,09:45:00,1.22,1.22,1.22,1.22,7000,0
2015-10-30,10:00:00,1.23,1.23,1.23,1.23,3003,0
2015-10-30,10:05:00,1.24,1.25,1.24,1.25,4162,0
2015-10-30,10:10:00,1.25,1.25,1.25,1.25,1000,0
2015-10-30,10:20:00,1.25,1.25,1.25,1.25,2000,0
2015-10-30,10:25:00,1.24,1.25,1.24,1.25,17300,0
2015-10-30,10:50:00,1.24,1.24,1.24,1.24,2000,0
2015-10-30,11:00:00,1.24,1.25,1.24,1.25,2139,0
2015-10-30,11:05:00,1.24,1.24,1.23,1.23,17535,0
2015-10-30,11:15:00,1.23,1.23,1.23,1.23,1000,0
2015-10-30,11:25:00,1.24,1.24,1.24,1.24,2500,0
2015-10-30,11:30:00,1.25,1.25,1.25,1.25,82,0
2015-10-30,11:35:00,1.24,1.24,1.24,1.24,3315,0
2015-10-30,11:50:00,1.23,1.23,1.21,1.21,14000,0
2015-10-30,12:15:00,1.23,1.23,1.23,1.23,2,0
2015-10-30,12:50:00,1.22,1.22,1.22,1.22,3000,0
2015-10-30,13:40:00,1.22,1.22,1.22,1.22,1750,0
2015-10-30,13:55:00,1.23,1.23,1.23,1.23,6,0
2015-10-30,14:30:00,1.22,1.22,1.22,1.22,2315,0
2015-10-30,14:40:00,1.21,1.21,1.21,1.21,1500,0
2015-10-30,15:20:00,1.23,1.23,1.23,1.23,30,0
2015-10-30,15:45:00,1.23,1.23,1.23,1.23,5000,0
2015-10-30,15:50:00,1.23,1.23,1.23,1.23,4700,0
2015-10-30,16:05:00,1.22,1.22,1.22,1.22,2500,0
2015-10-30,16:25:00,1.22,1.22,1.22,1.22,7000,0
2015-10-30,16:30:00,1.22,1.22,1.22,1.22,12064,0
2015-10-30,16:35:00,1.22,1.22,1.22,1.22,2000,0
2015-10-30,16:45:00,1.21,1.21,1.21,1.21,31000,0
2015-10-30,16:50:00,1.22,1.23,1.22,1.23,1100,0
2015-11-02,09:05:00,1.22,1.25,1.2,1.25,52798,0
2015-11-02,09:10:00,1.26,1.26,1.25,1.25,4955,0
2015-11-02,09:15:00,1.24,1.24,1.23,1.23,24132,0
2015-11-02,09:25:00,1.23,1.23,1.22,1.22,15500,0
2015-11-02,09:30:00,1.21,1.24,1.2,1.24,52826,0
2015-11-02,09:40:00,1.24,1.24,1.24,1.24,1000,0
2015-11-02,09:45:00,1.24,1.24,1.24,1.24,9000,0
2015-11-02,09:50:00,1.24,1.24,1.24,1.24,400,0
2015-11-02,09:55:00,1.24,1.24,1.24,1.24,3364,0
2015-11-02,10:25:00,1.24,1.24,1.21,1.21,22068,0
2015-11-02,10:50:00,1.22,1.22,1.22,1.22,12600,0
2015-11-02,10:55:00,1.21,1.21,1.21,1.21,4100,0
2015-11-02,11:00:00,1.22,1.22,1.22,1.22,50046,0
2015-11-02,11:10:00,1.22,1.22,1.22,1.22,1000,0
2015-11-02,11:30:00,1.23,1.23,1.23,1.23,6272,0
2015-11-02,11:40:00,1.22,1.22,1.22,1.22,5198,0
2015-11-02,11:50:00,1.22,1.22,1.22,1.22,1577,0
2015-11-02,11:55:00,1.23,1.23,1.23,1.23,800,0
2015-11-02,12:10:00,1.22,1.22,1.22,1.22,300,0
2015-11-02,13:05:00,1.22,1.22,1.22,1.22,4218,0
2015-11-02,13:10:00,1.22,1.22,1.22,1.22,3873,0
2015-11-02,13:15:00,1.22,1.22,1.22,1.22,1909,0
2015-11-02,13:30:00,1.23,1.23,1.23,1.23,4100,0
2015-11-02,13:45:00,1.23,1.24,1.23,1.24,2000,0
2015-11-02,13:50:00,1.22,1.22,1.21,1.21,15000,0
2015-11-02,14:00:00,1.22,1.22,1.22,1.22,3000,0
2015-11-02,14:35:00,1.22,1.22,1.22,1.22,800,0
2015-11-02,14:45:00,1.22,1.22,1.22,1.22,2000,0
2015-11-02,15:00:00,1.23,1.23,1.23,1.23,1150,0
2015-11-02,15:35:00,1.23,1.23,1.22,1.22,2200,0
2015-11-02,16:10:00,1.22,1.22,1.22,1.22,414,0
2015-11-02,16:15:00,1.22,1.22,1.22,1.22,836,0
2015-11-02,16:40:00,1.22,1.22,1.22,1.22,3220,0
2015-11-02,16:50:00,1.22,1.22,1.2,1.2,135917,0
2015-11-03,09:05:00,1.19,1.21,1.19,1.21,24070,0
2015-11-03,09:10:00,1.19,1.19,1.16,1.16,20415,0
2015-11-03,09:15:00,1.16,1.17,1.16,1.17,7916,0
2015-11-03,09:20:00,1.17,1.17,1.17,1.17,11500,0
2015-11-03,09:25:00,1.19,1.19,1.17,1.17,24430,0
2015-11-03,09:30:00,1.17,1.17,1.17,1.17,370,0
2015-11-03,09:35:00,1.17,1.17,1.17,1.17,7381,0
2015-11-03,09:40:00,1.17,1.17,1.17,1.17,950,0
2015-11-03,09:45:00,1.17,1.17,1.16,1.16,13289,0
2015-11-03,09:55:00,1.17,1.17,1.17,1.17,150,0
2015-11-03,10:00:00,1.17,1.17,1.16,1.16,2698,0
2015-11-03,10:05:00,1.17,1.17,1.17,1.17,391,0
2015-11-03,10:20:00,1.17,1.17,1.17,1.17,521,0
2015-11-03,10:25:00,1.18,1.18,1.16,1.16,1355,0
2015-11-03,10:30:00,1.16,1.16,1.16,1.16,7702,0
2015-11-03,10:35:00,1.16,1.16,1.15,1.15,34883,0
2015-11-03,10:40:00,1.15,1.15,1.15,1.15,58540,0
2015-11-03,10:45:00,1.15,1.16,1.14,1.16,11259,0
2015-11-03,10:55:00,1.16,1.16,1.16,1.16,3000,0
2015-11-03,11:00:00,1.15,1.15,1.15,1.15,2000,0
2015-11-03,11:05:00,1.15,1.15,1.15,1.15,2290,0
2015-11-03,11:10:00,1.15,1.15,1.15,1.15,10244,0
2015-11-03,11:25:00,1.16,1.16,1.16,1.16,1900,0
2015-11-03,11:40:00,1.16,1.16,1.16,1.16,2000,0
2015-11-03,11:45:00,1.16,1.16,1.16,1.16,1100,0
2015-11-03,12:15:00,1.17,1.17,1.17,1.17,1,0
2015-11-03,12:20:00,1.16,1.16,1.16,1.16,1000,0
2015-11-03,12:35:00,1.16,1.16,1.16,1.16,1180,0
2015-11-03,13:05:00,1.15,1.15,1.15,1.15,5294,0
2015-11-03,13:20:00,1.15,1.15,1.15,1.15,27963,0
2015-11-03,13:45:00,1.15,1.15,1.15,1.15,23156,0
2015-11-03,13:50:00,1.15,1.15,1.15,1.15,12800,0
2015-11-03,13:55:00,1.15,1.15,1.15,1.15,7200,0
2015-11-03,14:20:00,1.15,1.15,1.15,1.15,5815,0
2015-11-03,14:45:00,1.15,1.15,1.15,1.15,1143,0
2015-11-03,15:10:00,1.15,1.15,1.15,1.15,670,0
2015-11-03,15:15:00,1.15,1.15,1.15,1.15,4100,0
2015-11-03,15:25:00,1.15,1.15,1.15,1.15,2760,0
2015-11-03,15:30:00,1.15,1.15,1.15,1.15,2000,0
2015-11-03,15:40:00,1.14,1.14,1.14,1.14,27772,0
2015-11-03,15:45:00,1.14,1.15,1.14,1.15,4000,0
2015-11-03,15:50:00,1.14,1.15,1.14,1.15,718,0
2015-11-03,16:00:00,1.15,1.16,1.15,1.16,19000,0
2015-11-03,16:10:00,1.15,1.15,1.15,1.15,3000,0
2015-11-03,16:15:00,1.15,1.15,1.15,1.15,2000,0
2015-11-03,16:20:00,1.15,1.15,1.15,1.15,757,0
2015-11-03,16:25:00,1.15,1.15,1.14,1.14,3200,0
2015-11-03,16:30:00,1.15,1.15,1.15,1.15,1959,0
2015-11-03,16:50:00,1.15,1.15,1.14,1.14,40084,0
2015-11-04,09:05:00,1.15,1.15,1.15,1.15,3999,0
2015-11-04,09:15:00,1.17,1.17,1.17,1.17,13,0
2015-11-04,09:50:00,1.16,1.16,1.16,1.16,670,0
2015-11-04,09:55:00,1.16,1.16,1.16,1.16,11430,0
2015-11-04,10:15:00,1.16,1.16,1.16,1.16,1357,0
2015-11-04,10:20:00,1.16,1.16,1.16,1.16,8130,0
2015-11-04,10:25:00,1.15,1.15,1.15,1.15,2013,0
2015-11-04,10:35:00,1.15,1.16,1.15,1.16,7870,0
2015-11-04,10:40:00,1.17,1.17,1.17,1.17,17987,0
2015-11-04,11:25:00,1.17,1.17,1.17,1.17,1000,0
2015-11-04,11:45:00,1.17,1.2,1.17,1.2,68286,0
2015-11-04,11:55:00,1.2,1.2,1.2,1.2,4250,0
2015-11-04,12:05:00,1.2,1.2,1.2,1.2,1000,0
2015-11-04,12:10:00,1.2,1.2,1.2,1.2,11357,0
2015-11-04,12:15:00,1.2,1.2,1.2,1.2,2000,0
2015-11-04,12:20:00,1.19,1.19,1.19,1.19,4500,0
2015-11-04,12:25:00,1.19,1.19,1.19,1.19,500,0
2015-11-04,12:30:00,1.19,1.19,1.19,1.19,1500,0
2015-11-04,12:35:00,1.19,1.19,1.19,1.19,4000,0
2015-11-04,12:40:00,1.19,1.19,1.19,1.19,100,0
2015-11-04,12:45:00,1.2,1.21,1.2,1.21,20082,0
2015-11-04,12:50:00,1.21,1.22,1.21,1.22,3298,0
2015-11-04,12:55:00,1.22,1.22,1.22,1.22,3792,0
2015-11-04,13:00:00,1.21,1.21,1.2,1.2,17116,0
2015-11-04,13:05:00,1.21,1.21,1.21,1.21,1000,0
2015-11-04,13:15:00,1.2,1.2,1.2,1.2,4398,0
2015-11-04,13:20:00,1.2,1.2,1.2,1.2,1560,0
2015-11-04,13:25:00,1.2,1.2,1.2,1.2,330,0
2015-11-04,13:30:00,1.2,1.2,1.2,1.2,4835,0
2015-11-04,13:35:00,1.21,1.21,1.21,1.21,1900,0
2015-11-04,13:40:00,1.21,1.21,1.21,1.21,1000,0
2015-11-04,13:45:00,1.21,1.21,1.21,1.21,920,0
2015-11-04,14:00:00,1.21,1.21,1.21,1.21,12570,0
2015-11-04,14:05:00,1.21,1.23,1.21,1.22,28816,0
2015-11-04,14:10:00,1.22,1.22,1.22,1.22,5670,0
2015-11-04,14:20:00,1.22,1.22,1.2,1.2,18470,0
2015-11-04,14:25:00,1.2,1.2,1.2,1.2,32500,0
2015-11-04,14:30:00,1.2,1.2,1.2,1.2,1700,0
2015-11-04,14:35:00,1.2,1.21,1.2,1.21,10641,0
2015-11-04,14:45:00,1.2,1.2,1.2,1.2,2714,0
2015-11-04,14:50:00,1.2,1.2,1.2,1.2,2286,0
2015-11-04,14:55:00,1.2,1.2,1.19,1.19,28076,0
2015-11-04,15:00:00,1.19,1.19,1.19,1.19,13000,0
2015-11-04,15:25:00,1.19,1.19,1.19,1.19,3023,0
2015-11-04,15:35:00,1.19,1.19,1.19,1.19,1997,0
2015-11-04,15:40:00,1.19,1.19,1.19,1.19,500,0
2015-11-04,16:05:00,1.18,1.18,1.18,1.18,4544,0
2015-11-04,16:10:00,1.18,1.18,1.17,1.17,1320,0
2015-11-04,16:20:00,1.18,1.18,1.17,1.17,3939,0
2015-11-04,16:30:00,1.19,1.19,1.19,1.19,200,0
2015-11-04,16:40:00,1.18,1.18,1.18,1.18,2200,0
2015-11-04,16:45:00,1.17,1.17,1.17,1.17,1000,0
2015-11-04,16:50:00,1.17,1.18,1.17,1.18,5022,0
2015-11-05,09:05:00,1.27,1.36,1.27,1.35,484899,0
2015-11-05,09:10:00,1.35,1.35,1.31,1.32,36878,0
2015-11-05,09:15:00,1.31,1.32,1.3,1.31,49573,0
2015-11-05,09:20:00,1.3,1.3,1.25,1.29,93797,0
2015-11-05,09:25:00,1.28,1.31,1.28,1.3,112873,0
2015-11-05,09:30:00,1.3,1.3,1.28,1.29,27302,0
2015-11-05,09:35:00,1.3,1.31,1.29,1.3,35389,0
2015-11-05,09:40:00,1.3,1.3,1.28,1.29,24447,0
2015-11-05,09:45:00,1.29,1.29,1.27,1.29,28875,0
2015-11-05,09:50:00,1.29,1.29,1.28,1.28,4630,0
2015-11-05,09:55:00,1.28,1.28,1.28,1.28,22710,0
2015-11-05,10:00:00,1.28,1.28,1.27,1.28,8535,0
2015-11-05,10:05:00,1.27,1.27,1.27,1.27,1374,0
2015-11-05,10:10:00,1.28,1.28,1.28,1.28,2304,0
2015-11-05,10:15:00,1.28,1.29,1.28,1.29,24195,0
2015-11-05,10:20:00,1.29,1.29,1.28,1.28,12854,0
2015-11-05,10:25:00,1.28,1.28,1.28,1.28,4638,0
2015-11-05,10:30:00,1.28,1.28,1.27,1.27,18347,0
2015-11-05,10:35:00,1.28,1.28,1.27,1.27,3790,0
2015-11-05,10:40:00,1.29,1.29,1.29,1.29,3000,0
2015-11-05,10:45:00,1.29,1.3,1.29,1.3,62111,0
2015-11-05,10:50:00,1.3,1.3,1.3,1.3,7800,0
2015-11-05,10:55:00,1.3,1.32,1.3,1.32,112602,0
2015-11-05,11:00:00,1.32,1.32,1.32,1.32,19968,0
2015-11-05,11:05:00,1.32,1.32,1.3,1.3,35398,0
2015-11-05,11:10:00,1.31,1.31,1.3,1.3,18147,0
2015-11-05,11:15:00,1.3,1.31,1.3,1.31,4966,0
2015-11-05,11:20:00,1.31,1.31,1.31,1.31,600,0
2015-11-05,11:25:00,1.31,1.32,1.31,1.32,56248,0
2015-11-05,11:30:00,1.32,1.39,1.32,1.39,691848,0
2015-11-05,11:35:00,1.39,1.39,1.37,1.37,100893,0
2015-11-05,11:40:00,1.37,1.39,1.37,1.38,30673,0
2015-11-05,11:45:00,1.38,1.38,1.36,1.37,44358,0
2015-11-05,11:50:00,1.37,1.38,1.37,1.38,25118,0
2015-11-05,11:55:00,1.38,1.39,1.37,1.37,38538,0
2015-11-05,12:00:00,1.37,1.38,1.37,1.38,28429,0
2015-11-05,12:05:00,1.38,1.38,1.37,1.37,9566,0
2015-11-05,12:10:00,1.38,1.38,1.37,1.37,4532,0
2015-11-05,12:15:00,1.38,1.38,1.38,1.38,699,0
2015-11-05,12:20:00,1.38,1.38,1.37,1.37,15898,0
2015-11-05,12:25:00,1.37,1.37,1.36,1.36,56329,0
2015-11-05,12:30:00,1.36,1.36,1.35,1.35,61798,0
2015-11-05,12:35:00,1.35,1.35,1.34,1.35,15640,0
2015-11-05,12:40:00,1.34,1.36,1.34,1.35,26562,0
2015-11-05,12:45:00,1.34,1.34,1.33,1.34,41292,0
2015-11-05,12:50:00,1.35,1.35,1.35,1.35,40000,0
2015-11-05,12:55:00,1.34,1.35,1.34,1.34,5367,0
2015-11-05,13:00:00,1.35,1.35,1.35,1.35,1300,0
2015-11-05,13:05:00,1.33,1.35,1.33,1.35,105147,0
2015-11-05,13:10:00,1.35,1.35,1.35,1.35,630,0
2015-11-05,13:15:00,1.35,1.35,1.35,1.35,13980,0
2015-11-05,13:20:00,1.35,1.35,1.35,1.35,7300,0
2015-11-05,13:25:00,1.35,1.35,1.35,1.35,2700,0
2015-11-05,13:30:00,1.35,1.35,1.35,1.35,3000,0
2015-11-05,13:35:00,1.35,1.36,1.35,1.36,56925,0
2015-11-05,13:40:00,1.36,1.36,1.36,1.36,12000,0
2015-11-05,13:45:00,1.37,1.37,1.36,1.37,39947,0
2015-11-05,13:50:00,1.37,1.37,1.36,1.36,2934,0
2015-11-05,13:55:00,1.37,1.37,1.37,1.37,26801,0
2015-11-05,14:00:00,1.38,1.38,1.36,1.36,4298,0
2015-11-05,14:10:00,1.37,1.37,1.37,1.37,16150,0
2015-11-05,14:20:00,1.36,1.37,1.36,1.37,20395,0
2015-11-05,14:25:00,1.37,1.37,1.37,1.37,8900,0
2015-11-05,14:30:00,1.37,1.38,1.37,1.37,14550,0
2015-11-05,14:35:00,1.37,1.37,1.37,1.37,1500,0
2015-11-05,14:40:00,1.37,1.37,1.37,1.37,15410,0
2015-11-05,14:45:00,1.37,1.37,1.37,1.37,32294,0
2015-11-05,14:50:00,1.37,1.38,1.37,1.38,10835,0
2015-11-05,14:55:00,1.38,1.39,1.38,1.39,77851,0
2015-11-05,15:00:00,1.41,1.42,1.41,1.42,109702,0
2015-11-05,15:05:00,1.42,1.42,1.4,1.4,40305,0
2015-11-05,15:10:00,1.4,1.41,1.4,1.4,44883,0
2015-11-05,15:15:00,1.41,1.41,1.4,1.4,10200,0
2015-11-05,15:20:00,1.41,1.41,1.4,1.41,18146,0
2015-11-05,15:25:00,1.4,1.41,1.39,1.39,65819,0
2015-11-05,15:30:00,1.4,1.44,1.4,1.44,58063,0
2015-11-05,15:35:00,1.44,1.44,1.43,1.43,45645,0
2015-11-05,15:40:00,1.43,1.43,1.43,1.43,8000,0
2015-11-05,15:45:00,1.43,1.43,1.42,1.42,3050,0
2015-11-05,15:50:00,1.43,1.46,1.43,1.46,117210,0
2015-11-05,15:55:00,1.45,1.46,1.44,1.45,30376,0
2015-11-05,16:00:00,1.45,1.48,1.45,1.48,64081,0
2015-11-05,16:05:00,1.47,1.47,1.47,1.47,45992,0
2015-11-05,16:10:00,1.48,1.51,1.48,1.51,106883,0
2015-11-05,16:15:00,1.51,1.52,1.48,1.5,73889,0
2015-11-05,16:20:00,1.49,1.5,1.49,1.49,57786,0
2015-11-05,16:25:00,1.49,1.5,1.49,1.5,6631,0
2015-11-05,16:30:00,1.5,1.52,1.5,1.52,60086,0
2015-11-05,16:35:00,1.51,1.52,1.51,1.51,27725,0
2015-11-05,16:40:00,1.51,1.52,1.5,1.52,17597,0
2015-11-05,16:45:00,1.51,1.52,1.51,1.52,6596,0
2015-11-05,16:50:00,1.52,1.52,1.52,1.52,89629,0
2015-11-06,09:05:00,1.55,1.59,1.45,1.5,431928,0
2015-11-06,09:10:00,1.52,1.54,1.5,1.52,71657,0
2015-11-06,09:15:00,1.52,1.54,1.5,1.54,30821,0
2015-11-06,09:20:00,1.54,1.54,1.48,1.48,113961,0
2015-11-06,09:25:00,1.48,1.51,1.48,1.5,65020,0
2015-11-06,09:30:00,1.5,1.51,1.5,1.51,14967,0
2015-11-06,09:35:00,1.51,1.52,1.51,1.51,32395,0
2015-11-06,09:40:00,1.51,1.52,1.48,1.48,55017,0
2015-11-06,09:45:00,1.49,1.5,1.49,1.49,38772,0
2015-11-06,09:50:00,1.5,1.51,1.5,1.5,18724,0
2015-11-06,09:55:00,1.52,1.54,1.52,1.54,18403,0
2015-11-06,10:00:00,1.54,1.54,1.52,1.53,22846,0
2015-11-06,10:05:00,1.52,1.53,1.52,1.53,13900,0
2015-11-06,10:10:00,1.53,1.54,1.53,1.53,27198,0
2015-11-06,10:15:00,1.54,1.58,1.54,1.57,184698,0
2015-11-06,10:20:00,1.57,1.57,1.54,1.54,48747,0
2015-11-06,10:25:00,1.53,1.54,1.52,1.53,65462,0
2015-11-06,10:30:00,1.53,1.54,1.52,1.53,9841,0
2015-11-06,10:35:00,1.54,1.55,1.54,1.54,36584,0
2015-11-06,10:40:00,1.55,1.55,1.55,1.55,9190,0
2015-11-06,10:45:00,1.55,1.55,1.54,1.54,23544,0
2015-11-06,10:50:00,1.55,1.56,1.55,1.56,15154,0
2015-11-06,10:55:00,1.56,1.57,1.56,1.57,35127,0
2015-11-06,11:00:00,1.57,1.58,1.57,1.58,33404,0
2015-11-06,11:05:00,1.58,1.62,1.58,1.61,233732,0
2015-11-06,11:10:00,1.61,1.64,1.6,1.63,102691,0
2015-11-06,11:15:00,1.62,1.62,1.62,1.62,33189,0
2015-11-06,11:20:00,1.62,1.67,1.62,1.67,176433,0
2015-11-06,11:25:00,1.67,1.68,1.66,1.68,105223,0
2015-11-06,11:30:00,1.68,1.7,1.68,1.68,149006,0
2015-11-06,11:35:00,1.68,1.69,1.65,1.69,196269,0
2015-11-06,11:40:00,1.66,1.68,1.65,1.68,24938,0
2015-11-06,11:45:00,1.68,1.7,1.66,1.7,128940,0
2015-11-06,11:50:00,1.7,1.7,1.67,1.67,51660,0
2015-11-06,11:55:00,1.68,1.68,1.67,1.67,32837,0
2015-11-06,12:00:00,1.69,1.69,1.67,1.69,16128,0
2015-11-06,12:05:00,1.69,1.7,1.69,1.7,75754,0
2015-11-06,12:10:00,1.71,1.72,1.69,1.71,135304,0
2015-11-06,12:15:00,1.71,1.71,1.7,1.7,40110,0
2015-11-06,12:20:00,1.71,1.71,1.69,1.7,52285,0
2015-11-06,12:25:00,1.69,1.69,1.66,1.69,54364,0
2015-11-06,12:30:00,1.69,1.69,1.65,1.65,68306,0
2015-11-06,12:35:00,1.65,1.67,1.64,1.66,44700,0
2015-11-06,12:40:00,1.67,1.69,1.67,1.69,21300,0
2015-11-06,12:45:00,1.69,1.69,1.69,1.69,3356,0
2015-11-06,12:50:00,1.68,1.69,1.67,1.68,43611,0
2015-11-06,12:55:00,1.67,1.69,1.66,1.66,25926,0
2015-11-06,13:00:00,1.66,1.67,1.66,1.67,12823,0
2015-11-06,13:05:00,1.67,1.67,1.65,1.65,71173,0
2015-11-06,13:10:00,1.65,1.67,1.65,1.66,15686,0
2015-11-06,13:15:00,1.66,1.66,1.66,1.66,3000,0
2015-11-06,13:20:00,1.66,1.67,1.66,1.66,7449,0
2015-11-06,13:25:00,1.66,1.67,1.66,1.66,11412,0
2015-11-06,13:30:00,1.65,1.66,1.65,1.66,15284,0
2015-11-06,13:35:00,1.66,1.67,1.66,1.67,25656,0
2015-11-06,13:40:00,1.67,1.68,1.67,1.68,22583,0
2015-11-06,13:45:00,1.67,1.68,1.67,1.67,21383,0
2015-11-06,13:50:00,1.67,1.67,1.67,1.67,3500,0
2015-11-06,13:55:00,1.66,1.67,1.65,1.67,29202,0
2015-11-06,14:00:00,1.67,1.67,1.67,1.67,6448,0
2015-11-06,14:05:00,1.67,1.68,1.67,1.67,13450,0
2015-11-06,14:10:00,1.66,1.66,1.62,1.62,89494,0
2015-11-06,14:15:00,1.64,1.64,1.63,1.63,13929,0
2015-11-06,14:20:00,1.64,1.65,1.63,1.65,15634,0
2015-11-06,14:25:00,1.65,1.65,1.64,1.64,5002,0
2015-11-06,14:30:00,1.65,1.65,1.64,1.65,18800,0
2015-11-06,14:35:00,1.64,1.65,1.64,1.65,6098,0
2015-11-06,14:40:00,1.65,1.65,1.64,1.65,5620,0
2015-11-06,14:45:00,1.66,1.66,1.66,1.66,3526,0
2015-11-06,14:50:00,1.65,1.66,1.65,1.66,3000,0
2015-11-06,14:55:00,1.65,1.66,1.65,1.65,19024,0
2015-11-06,15:00:00,1.67,1.67,1.66,1.66,8700,0
2015-11-06,15:05:00,1.67,1.67,1.66,1.66,35831,0
2015-11-06,15:10:00,1.65,1.66,1.65,1.65,4600,0
2015-11-06,15:15:00,1.66,1.66,1.65,1.66,18999,0
2015-11-06,15:20:00,1.66,1.67,1.65,1.65,7596,0
2015-11-06,15:25:00,1.66,1.66,1.63,1.63,19108,0
2015-11-06,15:30:00,1.65,1.65,1.64,1.65,7350,0
2015-11-06,15:35:00,1.65,1.65,1.65,1.65,23000,0
2015-11-06,15:40:00,1.65,1.66,1.64,1.66,28433,0
2015-11-06,15:45:00,1.65,1.66,1.65,1.66,5000,0
2015-11-06,15:50:00,1.66,1.66,1.66,1.66,4566,0
2015-11-06,15:55:00,1.66,1.67,1.66,1.67,18137,0
2015-11-06,16:00:00,1.67,1.67,1.65,1.66,9344,0
2015-11-06,16:05:00,1.67,1.68,1.67,1.68,126254,0
2015-11-06,16:10:00,1.68,1.71,1.68,1.7,128315,0
2015-11-06,16:15:00,1.68,1.7,1.68,1.68,8565,0
2015-11-06,16:20:00,1.69,1.69,1.67,1.67,12200,0
2015-11-06,16:25:00,1.69,1.69,1.67,1.67,8594,0
2015-11-06,16:30:00,1.69,1.69,1.66,1.66,26074,0
2015-11-06,16:35:00,1.66,1.68,1.63,1.63,63663,0
2015-11-06,16:40:00,1.65,1.66,1.64,1.66,11189,0
2015-11-06,16:45:00,1.67,1.67,1.65,1.67,25967,0
2015-11-06,16:50:00,1.66,1.68,1.65,1.65,44673,0
2015-11-09,09:05:00,1.62,1.65,1.62,1.64,31368,0
2015-11-09,09:10:00,1.63,1.63,1.55,1.6,195929,0
2015-11-09,09:15:00,1.59,1.61,1.57,1.61,75694,0
2015-11-09,09:20:00,1.61,1.62,1.6,1.6,20262,0
2015-11-09,09:25:00,1.6,1.6,1.59,1.59,804,0
2015-11-09,09:30:00,1.59,1.59,1.58,1.58,16222,0
2015-11-09,09:35:00,1.57,1.59,1.57,1.57,60464,0
2015-11-09,09:45:00,1.58,1.62,1.58,1.62,48677,0
2015-11-09,09:50:00,1.63,1.64,1.62,1.63,4512,0
2015-11-09,09:55:00,1.63,1.63,1.61,1.61,4316,0
2015-11-09,10:00:00,1.61,1.61,1.59,1.6,8301,0
2015-11-09,10:05:00,1.59,1.59,1.57,1.59,17360,0
2015-11-09,10:10:00,1.58,1.6,1.58,1.6,8290,0
2015-11-09,10:15:00,1.6,1.61,1.6,1.6,1471,0
2015-11-09,10:20:00,1.6,1.6,1.59,1.59,2634,0
2015-11-09,10:25:00,1.59,1.6,1.59,1.6,5100,0
2015-11-09,10:40:00,1.59,1.59,1.57,1.57,34822,0
2015-11-09,10:45:00,1.57,1.57,1.57,1.57,10963,0
2015-11-09,10:50:00,1.56,1.58,1.56,1.57,2332,0
2015-11-09,10:55:00,1.57,1.58,1.57,1.58,1300,0
2015-11-09,11:00:00,1.57,1.57,1.54,1.55,81396,0
2015-11-09,11:05:00,1.55,1.55,1.54,1.55,9508,0
2015-11-09,11:10:00,1.55,1.57,1.55,1.57,17663,0
2015-11-09,11:15:00,1.57,1.57,1.55,1.55,19308,0
2015-11-09,11:20:00,1.54,1.54,1.53,1.54,74939,0
2015-11-09,11:25:00,1.54,1.54,1.53,1.53,64521,0
2015-11-09,11:30:00,1.53,1.53,1.53,1.53,800,0
2015-11-09,11:40:00,1.53,1.54,1.53,1.54,12820,0
2015-11-09,11:45:00,1.54,1.54,1.53,1.54,50475,0
2015-11-09,11:50:00,1.54,1.54,1.53,1.54,6137,0
2015-11-09,11:55:00,1.54,1.54,1.53,1.53,64320,0
2015-11-09,12:00:00,1.53,1.54,1.53,1.54,4700,0
2015-11-09,12:05:00,1.54,1.54,1.53,1.53,17179,0
2015-11-09,12:10:00,1.53,1.53,1.52,1.52,5305,0
2015-11-09,12:20:00,1.52,1.54,1.52,1.54,16330,0
2015-11-09,12:25:00,1.53,1.54,1.53,1.54,2010,0
2015-11-09,12:30:00,1.54,1.54,1.54,1.54,1507,0
2015-11-09,12:35:00,1.54,1.54,1.51,1.51,37920,0
2015-11-09,12:40:00,1.53,1.53,1.51,1.53,18129,0
2015-11-09,12:45:00,1.52,1.52,1.5,1.51,78200,0
2015-11-09,12:50:00,1.51,1.52,1.48,1.5,221310,0
2015-11-09,12:55:00,1.5,1.5,1.5,1.5,76400,0
2015-11-09,13:00:00,1.5,1.5,1.48,1.49,16387,0
2015-11-09,13:05:00,1.49,1.49,1.47,1.47,25158,0
2015-11-09,13:10:00,1.47,1.48,1.46,1.48,61055,0
2015-11-09,13:15:00,1.49,1.49,1.47,1.48,17600,0
2015-11-09,13:20:00,1.48,1.48,1.48,1.48,4000,0
2015-11-09,13:25:00,1.48,1.48,1.48,1.48,2000,0
2015-11-09,13:30:00,1.49,1.5,1.48,1.5,15969,0
2015-11-09,13:35:00,1.51,1.52,1.49,1.49,33519,0
2015-11-09,13:40:00,1.5,1.5,1.5,1.5,2000,0
2015-11-09,13:45:00,1.51,1.51,1.51,1.51,5877,0
2015-11-09,13:50:00,1.52,1.52,1.51,1.52,5387,0
2015-11-09,13:55:00,1.51,1.51,1.5,1.5,895,0
2015-11-09,14:10:00,1.51,1.52,1.51,1.52,3000,0
2015-11-09,14:15:00,1.51,1.53,1.51,1.53,23869,0
2015-11-09,14:25:00,1.51,1.51,1.51,1.51,1000,0
2015-11-09,14:30:00,1.51,1.51,1.51,1.51,18319,0
2015-11-09,14:35:00,1.51,1.51,1.48,1.48,24411,0
2015-11-09,14:40:00,1.5,1.5,1.5,1.5,1951,0
2015-11-09,14:45:00,1.5,1.5,1.5,1.5,549,0
2015-11-09,14:50:00,1.51,1.51,1.48,1.48,91550,0
2015-11-09,15:00:00,1.48,1.49,1.48,1.49,10019,0
2015-11-09,15:05:00,1.5,1.5,1.5,1.5,1000,0
2015-11-09,15:15:00,1.5,1.5,1.5,1.5,5500,0
2015-11-09,15:25:00,1.49,1.49,1.49,1.49,1500,0
2015-11-09,15:30:00,1.49,1.49,1.49,1.49,200,0
2015-11-09,15:35:00,1.49,1.49,1.49,1.49,1633,0
2015-11-09,15:50:00,1.49,1.49,1.49,1.49,2000,0
2015-11-09,15:55:00,1.49,1.49,1.49,1.49,1649,0
2015-11-09,16:00:00,1.48,1.48,1.47,1.47,21300,0
2015-11-09,16:05:00,1.47,1.47,1.47,1.47,4412,0
2015-11-09,16:10:00,1.47,1.47,1.47,1.47,1727,0
2015-11-09,16:15:00,1.48,1.48,1.48,1.48,1001,0
2015-11-09,16:20:00,1.48,1.48,1.48,1.48,1200,0
2015-11-09,16:25:00,1.48,1.48,1.48,1.48,3141,0
2015-11-09,16:30:00,1.48,1.48,1.48,1.48,250,0
2015-11-09,16:35:00,1.48,1.48,1.48,1.48,4649,0
2015-11-09,16:40:00,1.47,1.47,1.46,1.46,44275,0
2015-11-09,16:50:00,1.43,1.43,1.43,1.43,109985,0
2015-11-10,09:05:00,1.43,1.46,1.43,1.44,61531,0
2015-11-10,09:10:00,1.45,1.45,1.4,1.43,74682,0
2015-11-10,09:15:00,1.43,1.46,1.43,1.46,48470,0
2015-11-10,09:20:00,1.45,1.45,1.45,1.45,7776,0
2015-11-10,09:25:00,1.46,1.48,1.46,1.48,27822,0
2015-11-10,09:30:00,1.48,1.53,1.48,1.53,179479,0
2015-11-10,09:35:00,1.52,1.53,1.52,1.52,19949,0
2015-11-10,09:40:00,1.52,1.54,1.52,1.53,50248,0
2015-11-10,09:45:00,1.53,1.54,1.53,1.54,14522,0
2015-11-10,09:50:00,1.53,1.53,1.51,1.52,17646,0
2015-11-10,09:55:00,1.52,1.52,1.52,1.52,5961,0
2015-11-10,10:00:00,1.52,1.53,1.52,1.53,4500,0
2015-11-10,10:10:00,1.52,1.52,1.52,1.52,11000,0
2015-11-10,10:15:00,1.52,1.52,1.52,1.52,2075,0
2015-11-10,10:35:00,1.51,1.51,1.5,1.5,41342,0
2015-11-10,10:40:00,1.5,1.5,1.48,1.48,42395,0
2015-11-10,10:45:00,1.48,1.48,1.47,1.47,22478,0
2015-11-10,10:50:00,1.48,1.48,1.46,1.48,78438,0
2015-11-10,10:55:00,1.48,1.5,1.48,1.5,2174,0
2015-11-10,11:00:00,1.49,1.49,1.47,1.48,23900,0
2015-11-10,11:05:00,1.48,1.48,1.46,1.46,37870,0
2015-11-10,11:10:00,1.46,1.48,1.46,1.48,71425,0
2015-11-10,11:15:00,1.47,1.47,1.46,1.46,15300,0
2015-11-10,11:20:00,1.47,1.47,1.47,1.47,12000,0
2015-11-10,11:25:00,1.46,1.47,1.45,1.47,34648,0
2015-11-10,11:35:00,1.47,1.47,1.47,1.47,2581,0
2015-11-10,11:40:00,1.47,1.47,1.46,1.46,6232,0
2015-11-10,11:45:00,1.45,1.45,1.45,1.45,20330,0
2015-11-10,11:50:00,1.45,1.45,1.45,1.45,1509,0
2015-11-10,12:00:00,1.46,1.47,1.46,1.47,37854,0
2015-11-10,12:05:00,1.46,1.48,1.46,1.48,4513,0
2015-11-10,12:10:00,1.46,1.48,1.46,1.48,5392,0
2015-11-10,12:15:00,1.48,1.48,1.48,1.48,1501,0
2015-11-10,12:20:00,1.49,1.5,1.49,1.5,21876,0
2015-11-10,12:25:00,1.5,1.5,1.49,1.49,20505,0
2015-11-10,12:30:00,1.48,1.49,1.48,1.48,28604,0
2015-11-10,12:40:00,1.48,1.48,1.48,1.48,3225,0
2015-11-10,12:45:00,1.49,1.49,1.49,1.49,1000,0
2015-11-10,12:50:00,1.49,1.49,1.49,1.49,1000,0
2015-11-10,12:55:00,1.5,1.5,1.49,1.49,2863,0
2015-11-10,13:05:00,1.49,1.49,1.49,1.49,2275,0
2015-11-10,13:10:00,1.5,1.54,1.5,1.54,153455,0
2015-11-10,13:15:00,1.54,1.55,1.54,1.55,10330,0
2015-11-10,13:20:00,1.54,1.54,1.52,1.52,15134,0
2015-11-10,13:25:00,1.53,1.53,1.53,1.53,5204,0
2015-11-10,13:30:00,1.52,1.52,1.51,1.51,9056,0
2015-11-10,13:35:00,1.51,1.52,1.51,1.51,16245,0
2015-11-10,13:40:00,1.51,1.51,1.5,1.51,43006,0
2015-11-10,13:45:00,1.51,1.51,1.51,1.51,1517,0
2015-11-10,13:50:00,1.51,1.52,1.51,1.52,9850,0
2015-11-10,14:00:00,1.51,1.52,1.51,1.52,8000,0
2015-11-10,14:05:00,1.52,1.52,1.52,1.52,700,0
2015-11-10,14:30:00,1.5,1.5,1.5,1.5,9500,0
2015-11-10,14:35:00,1.5,1.5,1.5,1.5,1400,0
2015-11-10,14:45:00,1.5,1.5,1.49,1.49,3595,0
2015-11-10,15:00:00,1.49,1.49,1.49,1.49,1400,0
2015-11-10,15:10:00,1.5,1.5,1.49,1.49,2150,0
2015-11-10,15:15:00,1.49,1.49,1.49,1.49,8970,0
2015-11-10,15:25:00,1.5,1.51,1.5,1.51,5000,0
2015-11-10,15:30:00,1.51,1.51,1.5,1.5,2016,0
2015-11-10,15:35:00,1.51,1.51,1.49,1.49,2100,0
2015-11-10,15:40:00,1.5,1.5,1.5,1.5,1000,0
2015-11-10,15:45:00,1.49,1.49,1.49,1.49,5191,0
2015-11-10,15:50:00,1.49,1.49,1.49,1.49,388,0
2015-11-10,16:00:00,1.5,1.5,1.5,1.5,4000,0
2015-11-10,16:10:00,1.49,1.49,1.49,1.49,200,0
2015-11-10,16:15:00,1.5,1.52,1.5,1.52,17000,0
2015-11-10,16:20:00,1.52,1.52,1.52,1.52,1050,0
2015-11-10,16:25:00,1.51,1.51,1.5,1.5,39564,0
2015-11-10,16:30:00,1.5,1.51,1.5,1.51,7000,0
2015-11-10,16:45:00,1.51,1.51,1.51,1.51,1706,0
2015-11-10,16:50:00,1.5,1.53,1.5,1.53,16533,0
