2015-07-24,09:05:00,0.96,0.96,0.96,0.96,4500,0
2015-07-24,09:25:00,0.96,0.96,0.96,0.96,400,0
2015-07-24,09:30:00,0.96,0.96,0.96,0.96,600,0
2015-07-24,09:55:00,0.96,0.96,0.96,0.96,1004,0
2015-07-24,10:30:00,0.97,0.97,0.97,0.97,1,0
2015-07-24,11:15:00,0.97,0.97,0.96,0.96,2000,0
2015-07-24,11:25:00,0.96,0.96,0.96,0.96,3535,0
2015-07-24,13:05:00,0.97,0.97,0.97,0.97,1000,0
2015-07-24,15:15:00,0.97,0.97,0.97,0.97,3050,0
2015-07-24,16:50:00,0.97,0.97,0.97,0.97,1950,0
2015-07-27,09:25:00,0.97,0.97,0.97,0.97,1000,0
2015-07-27,11:00:00,0.97,0.97,0.97,0.97,6800,0
2015-07-27,12:20:00,0.97,0.98,0.97,0.98,13200,0
2015-07-27,12:25:00,0.98,0.98,0.98,0.98,1000,0
2015-07-27,13:05:00,0.98,0.98,0.98,0.98,500,0
2015-07-27,13:10:00,0.98,0.98,0.98,0.98,500,0
2015-07-27,13:45:00,0.98,0.98,0.98,0.98,1628,0
2015-07-27,14:10:00,0.99,0.99,0.99,0.99,500,0
2015-07-27,14:20:00,0.97,0.98,0.97,0.98,4100,0
2015-07-27,16:50:00,0.97,0.99,0.97,0.99,2001,0
2015-07-28,09:35:00,0.97,0.97,0.97,0.97,3999,0
2015-07-28,09:50:00,0.97,0.97,0.97,0.97,5000,0
2015-07-28,09:55:00,0.96,0.96,0.96,0.96,7,0
2015-07-28,11:35:00,0.97,0.97,0.97,0.97,10000,0
2015-07-28,11:40:00,0.96,0.96,0.96,0.96,1,0
2015-07-28,13:00:00,0.98,0.98,0.98,0.98,1000,0
2015-07-28,13:05:00,0.96,0.96,0.96,0.96,2,0
2015-07-28,15:05:00,0.98,0.98,0.98,0.98,98,0
2015-07-28,15:30:00,0.97,0.97,0.97,0.97,5000,0
2015-07-28,16:50:00,0.98,0.98,0.98,0.98,5600,0
2015-07-29,09:05:00,0.97,0.97,0.97,0.97,1,0
2015-07-29,10:25:00,0.98,0.98,0.98,0.98,1666,0
2015-07-29,11:05:00,0.97,0.97,0.97,0.97,2107,0
2015-07-29,14:10:00,0.98,0.98,0.98,0.98,49,0
2015-07-29,14:45:00,0.97,0.97,0.97,0.97,2,0
2015-07-29,15:30:00,0.98,0.98,0.98,0.98,5713,0
2015-07-29,16:45:00,0.98,0.98,0.97,0.97,45,0
2015-07-29,16:50:00,0.98,0.98,0.98,0.98,1000,0
2015-07-30,09:05:00,0.98,0.98,0.98,0.98,2050,0
2015-07-30,09:45:00,0.97,0.97,0.97,0.97,1,0
2015-07-30,09:55:00,0.97,0.97,0.97,0.97,1,0
2015-07-30,10:15:00,0.97,0.97,0.97,0.97,1,0
2015-07-30,13:55:00,0.97,0.97,0.97,0.97,2,0
2015-07-30,16:00:00,0.97,0.97,0.97,0.97,399,0
2015-07-30,16:50:00,0.98,0.98,0.98,0.98,100,0
2015-07-31,09:30:00,0.97,0.97,0.97,0.97,1,0
2015-07-31,10:45:00,0.97,0.97,0.97,0.97,200,0
2015-07-31,11:40:00,0.97,0.97,0.97,0.97,8400,0
2015-07-31,12:00:00,0.97,0.97,0.97,0.97,3,0
2015-07-31,12:20:00,0.97,0.97,0.97,0.97,2,0
2015-07-31,12:35:00,0.97,0.97,0.97,0.97,1,0
2015-07-31,12:45:00,0.97,0.97,0.97,0.97,2000,0
2015-07-31,13:20:00,0.97,0.97,0.97,0.97,840,0
2015-07-31,13:30:00,0.97,0.97,0.97,0.97,2666,0
2015-07-31,16:20:00,0.97,0.97,0.97,0.97,1,0
2015-08-03,09:05:00,0.96,0.96,0.96,0.96,140,0
2015-08-03,09:20:00,0.97,0.97,0.97,0.97,2478,0
2015-08-03,11:00:00,0.97,0.97,0.96,0.96,4300,0
2015-08-03,11:05:00,0.96,0.96,0.96,0.96,1500,0
2015-08-03,16:25:00,0.97,0.97,0.97,0.97,1444,0
2015-08-03,16:45:00,0.97,0.97,0.97,0.97,13,0
2015-08-03,16:50:00,0.98,0.98,0.98,0.98,100,0
2015-08-04,09:15:00,0.97,0.97,0.97,0.97,3443,0
2015-08-04,10:35:00,0.97,0.97,0.97,0.97,4657,0
2015-08-04,11:00:00,0.97,0.97,0.97,0.97,417,0
2015-08-04,11:05:00,0.97,0.97,0.97,0.97,7,0
2015-08-04,11:15:00,0.97,0.97,0.97,0.97,8,0
2015-08-04,11:20:00,0.97,0.97,0.97,0.97,1101,0
2015-08-04,12:00:00,0.97,0.97,0.97,0.97,1,0
2015-08-04,12:30:00,0.97,0.97,0.97,0.97,1050,0
2015-08-04,13:45:00,0.97,0.97,0.97,0.97,8,0
2015-08-04,13:50:00,0.97,0.97,0.95,0.95,24100,0
2015-08-04,13:55:00,0.97,0.97,0.97,0.97,3500,0
2015-08-04,15:05:00,0.96,0.96,0.96,0.96,569,0
2015-08-04,16:50:00,0.98,0.98,0.98,0.98,100,0
2015-08-05,09:05:00,0.98,0.98,0.98,0.98,91,0
2015-08-05,09:45:00,0.96,0.96,0.96,0.96,900,0
2015-08-05,09:50:00,0.96,0.96,0.96,0.96,2,0
2015-08-05,10:10:00,0.96,0.96,0.96,0.96,1,0
2015-08-05,10:20:00,0.96,0.96,0.96,0.96,733,0
2015-08-05,10:40:00,0.97,0.97,0.97,0.97,6854,0
2015-08-05,11:40:00,0.97,0.97,0.96,0.97,2554,0
2015-08-05,12:10:00,0.97,0.97,0.97,0.97,1000,0
2015-08-05,12:15:00,0.97,0.97,0.97,0.97,7448,0
2015-08-05,12:20:00,0.96,0.96,0.96,0.96,2,0
2015-08-05,12:40:00,0.96,0.96,0.96,0.96,1,0
2015-08-05,13:10:00,0.96,0.96,0.96,0.96,91,0
2015-08-05,15:45:00,0.96,0.96,0.96,0.96,1,0
2015-08-05,16:10:00,0.97,0.97,0.97,0.97,1000,0
2015-08-05,16:15:00,0.97,0.97,0.97,0.97,1000,0
2015-08-05,16:25:00,0.96,0.96,0.96,0.96,200,0
2015-08-05,16:40:00,0.97,0.97,0.97,0.97,2000,0
2015-08-06,10:15:00,0.96,0.96,0.95,0.95,40000,0
2015-08-06,10:25:00,0.95,0.95,0.95,0.95,40000,0
2015-08-06,10:40:00,0.95,0.95,0.95,0.95,800,0
2015-08-06,13:20:00,0.97,0.97,0.97,0.97,6000,0
2015-08-06,13:40:00,0.96,0.96,0.96,0.96,3,0
2015-08-06,13:45:00,0.96,0.96,0.96,0.96,5,0
2015-08-06,16:10:00,0.96,0.96,0.96,0.96,1,0
2015-08-07,09:35:00,0.97,0.98,0.97,0.98,13069,0
2015-08-07,09:55:00,0.99,0.99,0.99,0.99,5819,0
2015-08-07,12:25:00,0.98,0.98,0.98,0.98,1900,0
2015-08-07,12:55:00,0.97,0.97,0.97,0.97,1,0
2015-08-07,13:55:00,0.98,0.98,0.98,0.98,1000,0
2015-08-07,15:25:00,0.97,0.97,0.97,0.97,1,0
2015-08-07,15:50:00,0.97,0.97,0.97,0.97,390,0
2015-08-07,16:45:00,0.97,0.98,0.97,0.98,10010,0
2015-08-07,16:50:00,0.99,0.99,0.99,0.99,5000,0
2015-08-10,09:05:00,0.99,0.99,0.99,0.99,190,0
2015-08-10,09:50:00,0.99,0.99,0.99,0.99,450,0
2015-08-10,10:10:00,0.97,0.97,0.97,0.97,10180,0
2015-08-10,12:25:00,0.97,0.97,0.97,0.97,5000,0
2015-08-10,12:30:00,0.97,0.97,0.97,0.97,2,0
2015-08-10,13:25:00,0.97,0.97,0.97,0.97,2,0
2015-08-10,15:45:00,0.97,0.97,0.97,0.97,9010,0
2015-08-10,16:05:00,0.97,0.97,0.97,0.97,5,0
2015-08-11,10:15:00,0.97,0.97,0.97,0.97,388,0
2015-08-11,10:20:00,0.97,0.97,0.97,0.97,1000,0
2015-08-11,11:20:00,0.97,0.97,0.97,0.97,6000,0
2015-08-11,11:40:00,0.97,0.97,0.97,0.97,1173,0
2015-08-11,12:55:00,0.97,0.97,0.97,0.97,1629,0
2015-08-11,13:00:00,0.97,0.97,0.97,0.97,7674,0
2015-08-11,14:00:00,0.97,0.97,0.97,0.97,3000,0
2015-08-11,15:45:00,0.96,0.96,0.96,0.96,820,0
2015-08-11,16:20:00,0.96,0.96,0.96,0.96,1940,0
2015-08-12,09:05:00,0.96,0.96,0.96,0.96,6200,0
2015-08-12,09:40:00,0.96,0.96,0.96,0.96,1332,0
2015-08-12,09:45:00,0.96,0.96,0.96,0.96,1107,0
2015-08-12,10:20:00,0.96,0.96,0.96,0.96,11000,0
2015-08-12,10:40:00,0.96,0.96,0.96,0.96,132,0
2015-08-12,10:45:00,0.96,0.96,0.96,0.96,100,0
2015-08-12,12:20:00,0.96,0.96,0.96,0.96,3000,0
2015-08-12,13:05:00,0.96,0.96,0.96,0.96,130,0
2015-08-12,13:25:00,0.96,0.96,0.96,0.96,2,0
2015-08-12,15:55:00,0.96,0.96,0.96,0.96,1600,0
2015-08-13,09:05:00,0.96,0.96,0.96,0.96,200,0
2015-08-13,09:40:00,0.96,0.96,0.96,0.96,809,0
2015-08-13,11:30:00,0.97,0.97,0.97,0.97,9000,0
2015-08-13,11:55:00,0.97,0.97,0.96,0.96,3000,0
2015-08-13,12:05:00,0.96,0.96,0.96,0.96,23,0
2015-08-13,16:40:00,0.97,0.97,0.97,0.97,4300,0
2015-08-13,16:45:00,0.97,0.97,0.97,0.97,1100,0
2015-08-13,16:50:00,0.97,0.97,0.97,0.97,100,0
2015-08-14,10:35:00,0.96,0.96,0.96,0.96,30,0
2015-08-14,10:55:00,0.96,0.96,0.96,0.96,32,0
2015-08-14,11:15:00,0.96,0.96,0.96,0.96,3,0
2015-08-14,12:15:00,0.97,0.97,0.97,0.97,2000,0
2015-08-14,16:40:00,0.97,0.97,0.97,0.97,5600,0
2015-08-14,16:50:00,0.97,0.98,0.97,0.98,5100,0
2015-08-17,09:15:00,0.97,0.97,0.97,0.97,2000,0
2015-08-17,10:35:00,0.96,0.96,0.96,0.96,2,0
2015-08-17,10:55:00,0.96,0.96,0.96,0.96,2,0
2015-08-17,11:10:00,0.96,0.96,0.96,0.96,2,0
2015-08-17,11:45:00,0.97,0.97,0.97,0.97,7644,0
2015-08-17,11:50:00,0.97,0.97,0.97,0.97,5525,0
2015-08-17,13:50:00,0.96,0.96,0.96,0.96,1,0
2015-08-17,14:00:00,0.97,0.97,0.97,0.97,10000,0
2015-08-17,15:00:00,0.96,0.96,0.96,0.96,2,0
2015-08-17,15:05:00,0.97,0.97,0.97,0.97,2000,0
2015-08-17,16:25:00,0.96,0.96,0.96,0.96,1,0
2015-08-17,16:40:00,0.96,0.96,0.96,0.96,1,0
2015-08-17,16:50:00,0.97,0.98,0.97,0.98,100,0
2015-08-18,09:05:00,0.97,0.97,0.97,0.97,202,0
2015-08-18,09:10:00,0.97,0.97,0.97,0.97,3,0
2015-08-18,09:25:00,0.97,0.97,0.97,0.97,800,0
2015-08-18,09:55:00,0.97,0.97,0.97,0.97,1,0
2015-08-18,11:10:00,0.97,0.97,0.97,0.97,600,0
2015-08-18,12:50:00,0.97,0.97,0.97,0.97,200,0
2015-08-18,13:00:00,0.97,0.97,0.97,0.97,1,0
2015-08-18,14:05:00,0.97,0.97,0.97,0.97,1,0
2015-08-18,14:25:00,0.97,0.97,0.97,0.97,4,0
2015-08-18,14:40:00,0.97,0.97,0.97,0.97,5400,0
2015-08-18,14:55:00,0.97,0.97,0.97,0.97,1,0
2015-08-19,09:05:00,0.97,0.97,0.97,0.97,1,0
2015-08-19,12:25:00,0.97,0.97,0.97,0.97,3,0
2015-08-19,12:45:00,0.97,0.97,0.97,0.97,1000,0
2015-08-19,14:10:00,0.97,0.97,0.97,0.97,1,0
2015-08-19,14:45:00,0.97,0.97,0.97,0.97,3491,0
2015-08-19,15:15:00,0.97,0.97,0.97,0.97,1,0
2015-08-19,15:20:00,0.97,0.97,0.97,0.97,2358,0
2015-08-19,15:45:00,0.97,0.97,0.97,0.97,1635,0
2015-08-19,15:55:00,0.98,0.98,0.98,0.98,1000,0
2015-08-20,10:35:00,0.97,0.97,0.97,0.97,1000,0
2015-08-20,11:45:00,0.97,0.97,0.97,0.97,2000,0
2015-08-20,12:00:00,0.97,0.97,0.97,0.97,213,0
2015-08-20,12:40:00,0.97,0.97,0.97,0.97,3,0
2015-08-20,13:45:00,0.97,0.97,0.97,0.97,2,0
2015-08-20,15:15:00,0.97,0.97,0.97,0.97,460,0
2015-08-20,15:35:00,0.97,0.97,0.97,0.97,1,0
2015-08-21,09:25:00,0.97,0.97,0.97,0.97,1,0
2015-08-21,10:05:00,0.98,0.98,0.98,0.98,4200,0
2015-08-21,10:40:00,0.97,0.97,0.97,0.97,238,0
2015-08-21,13:10:00,0.97,0.97,0.97,0.97,13997,0
2015-08-21,13:15:00,0.96,0.96,0.96,0.96,214,0
2015-08-21,16:50:00,0.96,0.97,0.96,0.97,29100,0
2015-08-24,09:05:00,0.96,0.96,0.95,0.95,161303,0
2015-08-24,09:10:00,0.95,0.95,0.95,0.95,24521,0
2015-08-24,09:20:00,0.95,0.95,0.95,0.95,678,0
2015-08-24,09:30:00,0.95,0.95,0.95,0.95,4771,0
2015-08-24,09:40:00,0.95,0.95,0.95,0.95,1,0
2015-08-24,10:00:00,0.95,0.95,0.95,0.95,1900,0
2015-08-24,10:40:00,0.95,0.95,0.95,0.95,33081,0
2015-08-24,11:05:00,0.95,0.95,0.95,0.95,5886,0
2015-08-24,11:10:00,0.95,0.95,0.95,0.95,12000,0
2015-08-24,12:10:00,0.95,0.95,0.95,0.95,4050,0
2015-08-24,12:15:00,0.95,0.95,0.95,0.95,12000,0
2015-08-24,12:35:00,0.93,0.93,0.93,0.93,1,0
2015-08-24,12:55:00,0.95,0.95,0.95,0.95,6170,0
2015-08-24,13:35:00,0.93,0.93,0.93,0.93,1,0
2015-08-24,13:45:00,0.93,0.93,0.93,0.93,43,0
2015-08-24,14:10:00,0.94,0.94,0.94,0.94,250,0
2015-08-24,14:30:00,0.93,0.93,0.93,0.93,1000,0
2015-08-24,15:00:00,0.93,0.93,0.93,0.93,224,0
2015-08-24,15:10:00,0.93,0.93,0.93,0.93,200,0
2015-08-24,15:15:00,0.93,0.93,0.93,0.93,1031,0
2015-08-24,15:25:00,0.92,0.92,0.92,0.92,1,0
2015-08-24,16:05:00,0.92,0.92,0.91,0.91,2000,0
2015-08-24,16:20:00,0.91,0.91,0.91,0.91,216,0
2015-08-24,16:40:00,0.9,0.91,0.9,0.91,31034,0
2015-08-24,16:50:00,0.91,0.93,0.91,0.93,4100,0
2015-08-25,10:40:00,0.92,0.92,0.92,0.92,850,0
2015-08-25,11:05:00,0.92,0.92,0.92,0.92,2,0
2015-08-25,12:00:00,0.94,0.94,0.94,0.94,150,0
2015-08-25,15:05:00,0.92,0.92,0.92,0.92,1,0
2015-08-25,16:50:00,0.94,0.94,0.94,0.94,100,0
2015-08-26,09:05:00,0.94,0.94,0.94,0.94,100,0
2015-08-26,09:55:00,0.91,0.91,0.91,0.91,1,0
2015-08-26,10:10:00,0.91,0.91,0.91,0.91,2,0
2015-08-26,13:35:00,0.91,0.91,0.91,0.91,2,0
2015-08-26,13:55:00,0.91,0.91,0.91,0.91,5000,0
2015-08-26,14:00:00,0.92,0.92,0.91,0.91,10959,0
2015-08-26,14:05:00,0.91,0.91,0.91,0.91,641,0
2015-08-26,14:30:00,0.91,0.91,0.91,0.91,250,0
2015-08-26,15:30:00,0.91,0.91,0.91,0.91,3000,0
2015-08-26,16:20:00,0.92,0.92,0.92,0.92,1000,0
2015-08-26,16:50:00,0.94,0.94,0.94,0.94,100,0
2015-08-27,09:30:00,0.91,0.91,0.91,0.91,1,0
2015-08-27,10:25:00,0.94,0.94,0.94,0.94,100,0
2015-08-27,13:10:00,0.92,0.92,0.92,0.92,1,0
2015-08-27,16:50:00,0.91,0.94,0.91,0.94,101,0
2015-08-28,09:05:00,0.94,0.94,0.94,0.94,100,0
2015-08-28,09:45:00,0.92,0.92,0.92,0.92,1,0
2015-08-28,11:30:00,0.94,0.94,0.94,0.94,2,0
2015-08-28,12:30:00,0.94,0.94,0.93,0.93,1742,0
2015-08-28,13:00:00,0.93,0.93,0.93,0.93,3,0
2015-08-28,14:20:00,0.93,0.93,0.93,0.93,462,0
2015-08-28,16:45:00,0.93,0.93,0.93,0.93,5000,0
2015-08-28,16:50:00,0.94,0.94,0.94,0.94,955,0
2015-08-31,09:05:00,0.93,0.93,0.93,0.93,5,0
2015-08-31,09:15:00,0.93,0.93,0.93,0.93,2595,0
2015-08-31,09:40:00,0.92,0.92,0.92,0.92,2,0
2015-08-31,11:30:00,0.92,0.92,0.92,0.92,6305,0
2015-08-31,11:40:00,0.92,0.92,0.92,0.92,2192,0
2015-08-31,11:45:00,0.91,0.91,0.91,0.91,7161,0
2015-08-31,12:05:00,0.92,0.92,0.92,0.92,760,0
2015-08-31,13:55:00,0.9,0.9,0.9,0.9,84,0
2015-08-31,15:05:00,0.91,0.91,0.9,0.9,10518,0
2015-08-31,15:15:00,0.9,0.9,0.9,0.9,200,0
2015-08-31,15:30:00,0.92,0.92,0.92,0.92,2,0
2015-08-31,15:40:00,0.9,0.9,0.9,0.9,1,0
2015-08-31,15:45:00,0.92,0.92,0.92,0.92,2221,0
2015-09-01,09:05:00,0.9,0.9,0.9,0.9,44,0
2015-09-01,09:35:00,0.92,0.92,0.92,0.92,3450,0
2015-09-01,11:20:00,0.9,0.9,0.9,0.9,8482,0
2015-09-01,11:50:00,0.91,0.91,0.91,0.91,1500,0
2015-09-01,12:20:00,0.92,0.92,0.92,0.92,1329,0
2015-09-01,13:00:00,0.9,0.9,0.9,0.9,531,0
2015-09-01,13:45:00,0.9,0.9,0.9,0.9,2,0
2015-09-01,15:10:00,0.9,0.9,0.9,0.9,2800,0
2015-09-01,16:50:00,0.92,0.92,0.92,0.92,2600,0
2015-09-02,09:05:00,0.92,0.92,0.92,0.92,750,0
2015-09-02,10:25:00,0.91,0.91,0.9,0.9,3611,0
2015-09-02,10:50:00,0.9,0.9,0.9,0.9,390,0
2015-09-02,10:55:00,0.9,0.9,0.89,0.89,2000,0
2015-09-02,11:05:00,0.89,0.89,0.89,0.89,5721,0
2015-09-02,11:25:00,0.89,0.89,0.89,0.89,2279,0
2015-09-02,11:45:00,0.89,0.89,0.89,0.89,1000,0
2015-09-02,12:15:00,0.91,0.91,0.91,0.91,1000,0
2015-09-02,12:20:00,0.91,0.91,0.91,0.91,1600,0
2015-09-02,12:30:00,0.92,0.92,0.92,0.92,53,0
2015-09-02,13:50:00,0.91,0.91,0.88,0.88,5400,0
2015-09-02,15:25:00,0.89,0.89,0.89,0.89,24,0
2015-09-02,15:45:00,0.89,0.89,0.89,0.89,272,0
2015-09-02,16:50:00,0.9,0.9,0.9,0.9,1100,0
2015-09-03,10:15:00,0.89,0.89,0.89,0.89,2200,0
2015-09-03,10:30:00,0.89,0.89,0.89,0.89,1,0
2015-09-03,11:05:00,0.89,0.89,0.89,0.89,599,0
2015-09-03,11:40:00,0.88,0.88,0.88,0.88,166,0
2015-09-03,13:50:00,0.88,0.88,0.88,0.88,4590,0
2015-09-03,14:05:00,0.88,0.88,0.88,0.88,1050,0
2015-09-03,14:15:00,0.87,0.87,0.87,0.87,1800,0
2015-09-03,14:40:00,0.87,0.88,0.87,0.88,2800,0
2015-09-03,14:50:00,0.88,0.88,0.88,0.88,3204,0
2015-09-03,16:00:00,0.88,0.88,0.88,0.88,3000,0
2015-09-03,16:25:00,0.88,0.88,0.88,0.88,4800,0
2015-09-03,16:35:00,0.87,0.87,0.87,0.87,460,0
2015-09-03,16:40:00,0.88,0.9,0.88,0.9,4607,0
2015-09-03,16:45:00,0.87,0.87,0.87,0.87,20,0
2015-09-03,16:50:00,0.9,0.9,0.9,0.9,100,0
2015-09-04,10:10:00,0.9,0.9,0.9,0.9,1300,0
2015-09-04,10:30:00,0.88,0.88,0.88,0.88,26,0
2015-09-04,10:35:00,0.88,0.88,0.88,0.88,874,0
2015-09-04,10:40:00,0.87,0.87,0.87,0.87,2094,0
2015-09-04,10:50:00,0.87,0.87,0.87,0.87,1,0
2015-09-04,10:55:00,0.87,0.87,0.87,0.87,1,0
2015-09-04,11:10:00,0.89,0.89,0.89,0.89,480,0
2015-09-04,14:40:00,0.87,0.87,0.87,0.87,2,0
2015-09-04,15:10:00,0.89,0.89,0.89,0.89,1000,0
2015-09-04,15:35:00,0.87,0.87,0.87,0.87,2,0
2015-09-04,16:20:00,0.89,0.89,0.89,0.89,1000,0
2015-09-07,09:05:00,0.89,0.89,0.89,0.89,100,0
2015-09-07,11:30:00,0.87,0.87,0.87,0.87,1019,0
2015-09-07,12:00:00,0.87,0.87,0.87,0.87,181,0
2015-09-07,16:05:00,0.89,0.89,0.89,0.89,370,0
2015-09-07,16:20:00,0.88,0.88,0.88,0.88,2520,0
2015-09-07,16:40:00,0.88,0.88,0.88,0.88,300,0
2015-09-07,16:50:00,0.89,0.89,0.89,0.89,200,0
2015-09-08,10:30:00,0.86,0.86,0.86,0.86,2016,0
2015-09-08,11:30:00,0.86,0.86,0.86,0.86,1,0
2015-09-08,11:50:00,0.86,0.86,0.86,0.86,3,0
2015-09-08,12:50:00,0.88,0.88,0.88,0.88,2000,0
2015-09-08,13:30:00,0.87,0.87,0.87,0.87,2000,0
2015-09-08,14:40:00,0.88,0.88,0.88,0.88,7500,0
2015-09-08,14:55:00,0.87,0.87,0.87,0.87,500,0
2015-09-08,16:25:00,0.87,0.87,0.87,0.87,2920,0
2015-09-09,09:10:00,0.87,0.87,0.87,0.87,7080,0
2015-09-09,09:20:00,0.88,0.88,0.88,0.88,400,0
2015-09-09,09:50:00,0.88,0.88,0.88,0.88,1,0
2015-09-09,11:15:00,0.88,0.88,0.88,0.88,1,0
2015-09-09,11:20:00,0.88,0.88,0.88,0.88,2,0
2015-09-09,11:25:00,0.88,0.88,0.88,0.88,1,0
2015-09-09,12:25:00,0.88,0.88,0.88,0.88,1,0
2015-09-09,12:30:00,0.88,0.88,0.88,0.88,500,0
2015-09-09,12:40:00,0.89,0.9,0.89,0.9,12000,0
2015-09-09,14:30:00,0.88,0.88,0.88,0.88,1,0
2015-09-09,16:50:00,0.9,0.9,0.9,0.9,100,0
2015-09-10,10:50:00,0.88,0.88,0.88,0.88,2,0
2015-09-10,11:00:00,0.88,0.88,0.88,0.88,302,0
2015-09-10,11:40:00,0.88,0.88,0.88,0.88,1216,0
2015-09-10,12:50:00,0.88,0.88,0.88,0.88,2400,0
2015-09-10,13:15:00,0.88,0.88,0.88,0.88,2094,0
2015-09-10,13:35:00,0.87,0.87,0.87,0.87,1,0
2015-09-10,13:55:00,0.87,0.87,0.87,0.87,2000,0
2015-09-10,14:05:00,0.87,0.87,0.87,0.87,2400,0
2015-09-10,15:05:00,0.88,0.88,0.87,0.87,439,0
2015-09-10,16:00:00,0.87,0.87,0.87,0.87,1,0
2015-09-10,16:10:00,0.87,0.87,0.87,0.87,2,0
2015-09-10,16:50:00,0.88,0.9,0.87,0.87,3470,0
2015-09-11,09:05:00,0.89,0.89,0.89,0.89,100,0
2015-09-11,13:10:00,0.87,0.87,0.87,0.87,1,0
2015-09-11,14:05:00,0.87,0.87,0.87,0.87,3,0
2015-09-11,15:25:00,0.88,0.88,0.88,0.88,9500,0
2015-09-11,16:25:00,0.87,0.87,0.87,0.87,17,0
2015-09-11,16:50:00,0.89,0.89,0.89,0.89,100,0
2015-09-14,09:05:00,0.88,0.88,0.88,0.88,1100,0
2015-09-14,10:00:00,0.89,0.89,0.89,0.89,10,0
2015-09-14,10:10:00,0.88,0.89,0.88,0.89,1193,0
2015-09-14,11:35:00,0.89,0.89,0.89,0.89,508,0
2015-09-14,11:40:00,0.88,0.88,0.88,0.88,2,0
2015-09-14,14:10:00,0.88,0.88,0.88,0.88,1,0
2015-09-14,16:35:00,0.9,0.9,0.9,0.9,3829,0
2015-09-14,16:50:00,0.91,0.91,0.91,0.91,100,0
2015-09-15,09:05:00,0.91,0.91,0.91,0.91,990,0
2015-09-15,09:20:00,0.88,0.88,0.88,0.88,1,0
2015-09-15,12:25:00,0.88,0.88,0.88,0.88,1,0
2015-09-15,13:35:00,0.88,0.88,0.88,0.88,2,0
2015-09-15,15:00:00,0.88,0.88,0.88,0.88,25,0
2015-09-15,16:15:00,0.91,0.92,0.91,0.92,26957,0
2015-09-15,16:20:00,0.92,0.92,0.92,0.92,1500,0
2015-09-15,16:50:00,0.89,0.92,0.89,0.92,104,0
2015-09-16,09:05:00,0.9,0.9,0.9,0.9,300,0
2015-09-16,09:20:00,0.9,0.9,0.9,0.9,2300,0
2015-09-16,09:45:00,0.92,0.92,0.92,0.92,2000,0
2015-09-16,10:10:00,0.91,0.91,0.91,0.91,500,0
2015-09-16,10:20:00,0.92,0.92,0.92,0.92,1157,0
2015-09-16,11:45:00,0.92,0.92,0.92,0.92,3407,0
2015-09-16,11:55:00,0.92,0.92,0.89,0.89,25887,0
2015-09-16,12:20:00,0.89,0.89,0.89,0.89,10554,0
2015-09-16,12:30:00,0.9,0.9,0.9,0.9,2,0
2015-09-16,13:25:00,0.9,0.9,0.9,0.9,1146,0
2015-09-16,14:40:00,0.9,0.9,0.89,0.89,10500,0
2015-09-16,15:10:00,0.9,0.9,0.9,0.9,1200,0
2015-09-16,15:25:00,0.9,0.9,0.9,0.9,16,0
2015-09-16,15:50:00,0.9,0.9,0.89,0.89,785,0
2015-09-16,15:55:00,0.9,0.9,0.9,0.9,2000,0
2015-09-16,16:15:00,0.89,0.89,0.89,0.89,1,0
2015-09-16,16:35:00,0.89,0.89,0.89,0.89,614,0
2015-09-16,16:50:00,0.91,0.91,0.91,0.91,300,0
2015-09-17,09:05:00,0.89,0.89,0.89,0.89,1,0
2015-09-17,10:25:00,0.89,0.89,0.89,0.89,1,0
2015-09-17,10:55:00,0.89,0.89,0.89,0.89,1,0
2015-09-17,11:15:00,0.89,0.89,0.89,0.89,4,0
2015-09-17,15:05:00,0.9,0.9,0.9,0.9,5000,0
2015-09-17,16:45:00,0.91,0.91,0.91,0.91,100,0
2015-09-18,09:05:00,0.9,0.9,0.9,0.9,9911,0
2015-09-18,09:40:00,0.9,0.91,0.9,0.91,2000,0
2015-09-18,09:50:00,0.91,0.91,0.9,0.9,1502,0
2015-09-18,10:20:00,0.9,0.9,0.9,0.9,100,0
2015-09-18,12:25:00,0.9,0.9,0.9,0.9,2,0
2015-09-18,12:30:00,0.91,0.91,0.91,0.91,2089,0
2015-09-18,12:35:00,0.92,0.92,0.92,0.92,14572,0
2015-09-18,13:20:00,0.92,0.92,0.92,0.92,5000,0
2015-09-18,13:25:00,0.92,0.92,0.92,0.92,1928,0
2015-09-18,13:35:00,0.91,0.91,0.91,0.91,2,0
2015-09-18,14:15:00,0.91,0.91,0.91,0.91,1,0
2015-09-18,15:05:00,0.91,0.91,0.91,0.91,2500,0
2015-09-18,15:50:00,0.91,0.91,0.91,0.91,1,0
2015-09-18,16:25:00,0.92,0.92,0.92,0.92,1280,0
2015-09-18,16:45:00,0.91,0.91,0.91,0.91,1836,0
2015-09-18,16:50:00,0.92,0.92,0.92,0.92,611,0
2015-09-21,10:25:00,0.92,0.92,0.92,0.92,474,0
2015-09-21,10:30:00,0.93,0.94,0.93,0.94,58000,0
2015-09-21,10:50:00,0.94,0.94,0.94,0.94,17354,0
2015-09-21,11:45:00,0.94,0.94,0.94,0.94,1,0
2015-09-21,12:25:00,0.94,0.94,0.94,0.94,800,0
2015-09-21,12:30:00,0.94,0.94,0.94,0.94,1778,0
2015-09-21,12:55:00,0.94,0.94,0.94,0.94,683,0
2015-09-21,14:30:00,0.93,0.93,0.93,0.93,4780,0
2015-09-21,14:35:00,0.93,0.93,0.93,0.93,6608,0
2015-09-21,14:55:00,0.93,0.93,0.93,0.93,1,0
2015-09-21,15:00:00,0.94,0.94,0.94,0.94,800,0
2015-09-21,15:40:00,0.93,0.93,0.93,0.93,1,0
2015-09-21,16:20:00,0.94,0.94,0.94,0.94,224,0
2015-09-21,16:50:00,0.94,0.95,0.94,0.95,4921,0
2015-09-22,10:15:00,0.93,0.93,0.93,0.93,2000,0
2015-09-22,10:35:00,0.94,0.94,0.94,0.94,36,0
2015-09-22,10:45:00,0.95,0.95,0.95,0.95,10,0
2015-09-22,10:50:00,0.95,0.95,0.95,0.95,5000,0
2015-09-22,12:20:00,0.94,0.94,0.94,0.94,10,0
2015-09-22,12:25:00,0.94,0.94,0.94,0.94,600,0
2015-09-22,12:35:00,0.94,0.94,0.94,0.94,472,0
2015-09-22,12:45:00,0.94,0.94,0.94,0.94,4,0
2015-09-22,13:25:00,0.94,0.94,0.94,0.94,1,0
2015-09-22,13:50:00,0.94,0.94,0.94,0.94,2,0
2015-09-22,14:45:00,0.94,0.94,0.94,0.94,875,0
2015-09-22,15:00:00,0.93,0.93,0.93,0.93,2,0
2015-09-22,15:25:00,0.93,0.93,0.93,0.93,7998,0
2015-09-22,15:35:00,0.92,0.92,0.92,0.92,1,0
2015-09-22,16:50:00,0.94,0.94,0.94,0.94,100,0
2015-09-23,10:25:00,0.92,0.92,0.92,0.92,1,0
2015-09-23,11:40:00,0.92,0.92,0.92,0.92,1,0
2015-09-23,11:50:00,0.92,0.92,0.92,0.92,1,0
2015-09-23,13:05:00,0.92,0.92,0.92,0.92,373,0
2015-09-23,13:30:00,0.92,0.92,0.92,0.92,5895,0
2015-09-23,13:45:00,0.91,0.91,0.91,0.91,3,0
2015-09-23,13:50:00,0.92,0.92,0.92,0.92,415,0
2015-09-23,14:15:00,0.91,0.91,0.91,0.91,5351,0
2015-09-23,14:20:00,0.9,0.9,0.9,0.9,8861,0
2015-09-23,14:25:00,0.9,0.91,0.9,0.91,13534,0
2015-09-23,14:55:00,0.9,0.9,0.9,0.9,1,0
2015-09-23,15:50:00,0.9,0.9,0.9,0.9,1,0
2015-09-23,16:40:00,0.91,0.91,0.91,0.91,1400,0
2015-09-23,16:50:00,0.92,0.92,0.92,0.92,30,0
2015-09-24,10:20:00,0.9,0.9,0.9,0.9,1,0
2015-09-24,10:50:00,0.9,0.9,0.9,0.9,12306,0
2015-09-24,11:10:00,0.9,0.9,0.9,0.9,2000,0
2015-09-24,11:40:00,0.89,0.89,0.89,0.89,19,0
2015-09-24,11:55:00,0.89,0.89,0.89,0.89,8,0
2015-09-24,12:00:00,0.89,0.89,0.89,0.89,3,0
2015-09-24,12:40:00,0.89,0.89,0.89,0.89,1495,0
2015-09-24,12:55:00,0.9,0.9,0.9,0.9,128,0
2015-09-24,13:20:00,0.89,0.89,0.89,0.89,24,0
2015-09-24,16:10:00,0.9,0.9,0.9,0.9,47872,0
2015-09-24,16:15:00,0.91,0.96,0.91,0.95,101130,0
2015-09-24,16:40:00,0.94,0.94,0.94,0.94,1716,0
2015-09-24,16:50:00,0.94,0.94,0.94,0.94,6284,0
2015-09-25,09:10:00,0.93,0.93,0.93,0.93,4,0
2015-09-25,09:35:00,0.93,0.93,0.93,0.93,2,0
2015-09-25,10:15:00,0.92,0.92,0.92,0.92,1,0
2015-09-25,10:35:00,0.92,0.92,0.92,0.92,1,0
2015-09-25,10:55:00,0.92,0.92,0.92,0.92,4,0
2015-09-25,11:30:00,0.93,0.93,0.91,0.91,30000,0
2015-09-25,11:35:00,0.91,0.91,0.91,0.91,69000,0
2015-09-25,14:10:00,0.91,0.91,0.91,0.91,5,0
2015-09-25,14:20:00,0.91,0.91,0.91,0.91,23171,0
2015-09-25,15:25:00,0.91,0.91,0.91,0.91,4000,0
2015-09-25,16:10:00,0.91,0.91,0.91,0.91,6000,0
2015-09-25,16:15:00,0.91,0.91,0.91,0.91,18200,0
2015-09-25,16:20:00,0.91,0.91,0.91,0.91,2555,0
2015-09-25,16:25:00,0.91,0.91,0.91,0.91,4000,0
2015-09-25,16:50:00,0.92,0.92,0.92,0.92,100,0
2015-09-28,09:05:00,0.91,0.91,0.91,0.91,1,0
2015-09-28,09:40:00,0.91,0.91,0.91,0.91,2,0
2015-09-28,09:50:00,0.91,0.91,0.91,0.91,1,0
2015-09-28,10:00:00,0.91,0.91,0.91,0.91,4000,0
2015-09-28,11:50:00,0.9,0.9,0.9,0.9,1,0
2015-09-28,12:10:00,0.9,0.9,0.9,0.9,5,0
2015-09-28,13:45:00,0.91,0.91,0.91,0.91,200,0
2015-09-28,13:50:00,0.91,0.91,0.91,0.91,1,0
2015-09-28,14:45:00,0.92,0.92,0.92,0.92,1500,0
2015-09-28,15:45:00,0.91,0.91,0.9,0.9,20000,0
2015-09-28,15:50:00,0.9,0.9,0.9,0.9,237,0
2015-09-28,16:05:00,0.89,0.89,0.88,0.88,50000,0
2015-09-28,16:10:00,0.88,0.88,0.88,0.88,12763,0
2015-09-28,16:25:00,0.87,0.87,0.87,0.87,1,0
2015-09-28,16:50:00,0.88,0.91,0.88,0.91,3110,0
2015-09-29,09:05:00,0.87,0.9,0.87,0.9,102,0
2015-09-29,09:55:00,0.9,0.9,0.9,0.9,830,0
2015-09-29,10:40:00,0.89,0.89,0.89,0.89,2000,0
2015-09-29,11:25:00,0.88,0.88,0.88,0.88,2,0
2015-09-29,11:55:00,0.89,0.89,0.88,0.88,1500,0
2015-09-29,12:00:00,0.88,0.88,0.88,0.88,1000,0
2015-09-29,12:10:00,0.88,0.88,0.88,0.88,1000,0
2015-09-29,12:25:00,0.88,0.88,0.88,0.88,1698,0
2015-09-29,13:25:00,0.88,0.88,0.88,0.88,1,0
2015-09-29,14:15:00,0.88,0.88,0.88,0.88,4600,0
2015-09-29,15:20:00,0.88,0.88,0.88,0.88,11708,0
2015-09-29,16:10:00,0.88,0.88,0.88,0.88,4,0
2015-09-29,16:35:00,0.88,0.88,0.88,0.88,288,0
2015-09-29,16:45:00,0.88,0.88,0.88,0.88,6500,0
2015-09-29,16:50:00,0.89,0.9,0.89,0.9,1000,0
2015-09-30,09:35:00,0.88,0.88,0.88,0.88,1,0
2015-09-30,10:00:00,0.88,0.88,0.88,0.88,1,0
2015-09-30,10:05:00,0.9,0.9,0.9,0.9,3670,0
2015-09-30,10:35:00,0.88,0.88,0.88,0.88,2,0
2015-09-30,11:15:00,0.9,0.9,0.9,0.9,2,0
2015-09-30,11:40:00,0.9,0.9,0.9,0.9,20,0
2015-09-30,11:45:00,0.9,0.9,0.9,0.9,1764,0
2015-09-30,11:50:00,0.9,0.9,0.9,0.9,68214,0
2015-09-30,12:00:00,0.89,0.89,0.89,0.89,1,0
2015-09-30,13:45:00,0.89,0.89,0.89,0.89,1,0
2015-09-30,15:35:00,0.89,0.89,0.89,0.89,1000,0
2015-09-30,16:30:00,0.88,0.88,0.88,0.88,1,0
2015-09-30,16:35:00,0.88,0.88,0.88,0.88,324,0
2015-09-30,16:50:00,0.88,0.9,0.88,0.88,95887,0
2015-10-01,09:25:00,0.88,0.88,0.88,0.88,5180,0
2015-10-01,09:30:00,0.88,0.88,0.88,0.88,4820,0
2015-10-01,09:35:00,0.88,0.88,0.88,0.88,6000,0
2015-10-01,10:20:00,0.88,0.88,0.88,0.88,1555,0
2015-10-01,10:25:00,0.88,0.88,0.88,0.88,12000,0
2015-10-01,11:00:00,0.88,0.88,0.88,0.88,11,0
2015-10-01,11:05:00,0.88,0.88,0.88,0.88,8224,0
2015-10-01,11:10:00,0.87,0.88,0.87,0.88,1777,0
2015-10-01,11:15:00,0.88,0.88,0.88,0.88,10000,0
2015-10-01,11:25:00,0.88,0.88,0.88,0.88,234,0
2015-10-01,11:35:00,0.88,0.88,0.88,0.88,7000,0
2015-10-01,11:40:00,0.88,0.88,0.88,0.88,9060,0
2015-10-01,12:05:00,0.88,0.88,0.88,0.88,1,0
2015-10-01,12:10:00,0.88,0.88,0.88,0.88,8000,0
2015-10-01,12:25:00,0.88,0.88,0.88,0.88,5929,0
2015-10-01,12:30:00,0.88,0.88,0.88,0.88,2071,0
2015-10-01,13:40:00,0.88,0.88,0.88,0.88,7029,0
2015-10-01,13:45:00,0.87,0.87,0.87,0.87,2,0
2015-10-01,14:50:00,0.88,0.88,0.88,0.88,5000,0
2015-10-01,15:05:00,0.88,0.88,0.88,0.88,8971,0
2015-10-01,15:20:00,0.88,0.88,0.88,0.88,7000,0
2015-10-01,15:25:00,0.88,0.88,0.88,0.88,1,0
2015-10-01,15:55:00,0.88,0.88,0.88,0.88,1,0
2015-10-01,16:05:00,0.88,0.88,0.88,0.88,4627,0
2015-10-01,16:10:00,0.88,0.88,0.88,0.88,15000,0
2015-10-01,16:25:00,0.88,0.88,0.88,0.88,6500,0
2015-10-01,16:40:00,0.87,0.87,0.87,0.87,2,0
2015-10-01,16:50:00,0.89,0.89,0.89,0.89,900,0
2015-10-02,09:20:00,0.87,0.87,0.87,0.87,1,0
2015-10-02,10:55:00,0.88,0.88,0.88,0.88,2,0
2015-10-02,11:45:00,0.88,0.88,0.88,0.88,3,0
2015-10-02,12:10:00,0.88,0.88,0.88,0.88,2,0
2015-10-02,13:05:00,0.89,0.89,0.89,0.89,587,0
2015-10-02,13:10:00,0.89,0.89,0.89,0.89,500,0
2015-10-02,14:30:00,0.88,0.88,0.88,0.88,1,0
2015-10-02,14:35:00,0.88,0.88,0.88,0.88,3992,0
2015-10-02,14:40:00,0.87,0.87,0.87,0.87,3,0
2015-10-02,15:10:00,0.88,0.88,0.88,0.88,1179,0
2015-10-02,16:00:00,0.87,0.87,0.87,0.87,12,0
2015-10-05,10:40:00,0.88,0.88,0.88,0.88,1,0
2015-10-05,12:05:00,0.88,0.88,0.88,0.88,5506,0
2015-10-05,12:15:00,0.88,0.88,0.88,0.88,2,0
2015-10-05,13:05:00,0.87,0.87,0.87,0.87,1,0
2015-10-05,13:15:00,0.88,0.88,0.88,0.88,1000,0
2015-10-05,13:20:00,0.88,0.88,0.88,0.88,187,0
2015-10-05,13:40:00,0.87,0.87,0.87,0.87,2000,0
2015-10-05,14:15:00,0.87,0.87,0.87,0.87,1,0
2015-10-05,15:15:00,0.88,0.88,0.88,0.88,2813,0
2015-10-05,16:15:00,0.88,0.88,0.88,0.88,187,0
2015-10-05,16:40:00,0.87,0.87,0.87,0.87,4313,0
2015-10-06,09:05:00,0.89,0.89,0.89,0.89,12,0
2015-10-06,09:50:00,0.87,0.87,0.87,0.87,5,0
2015-10-06,10:00:00,0.87,0.87,0.87,0.87,1,0
2015-10-06,10:10:00,0.87,0.87,0.87,0.87,1,0
2015-10-06,10:40:00,0.87,0.87,0.87,0.87,3,0
2015-10-06,11:20:00,0.87,0.87,0.87,0.87,1160,0
2015-10-06,11:55:00,0.87,0.87,0.87,0.87,1,0
2015-10-06,12:35:00,0.88,0.88,0.88,0.88,7,0
2015-10-06,13:15:00,0.88,0.88,0.88,0.88,1,0
2015-10-06,14:05:00,0.87,0.87,0.87,0.87,2,0
2015-10-06,15:40:00,0.87,0.87,0.87,0.87,12000,0
2015-10-06,15:50:00,0.87,0.87,0.87,0.87,1,0
2015-10-06,15:55:00,0.87,0.87,0.87,0.87,2,0
2015-10-06,16:25:00,0.88,0.88,0.88,0.88,2000,0
2015-10-06,16:50:00,0.88,0.88,0.88,0.88,10000,0
2015-10-07,11:50:00,0.88,0.88,0.88,0.88,5,0
2015-10-07,13:35:00,0.88,0.88,0.88,0.88,655,0
2015-10-07,13:40:00,0.88,0.88,0.88,0.88,1,0
2015-10-07,16:45:00,0.88,0.88,0.88,0.88,800,0
2015-10-07,16:50:00,0.9,0.9,0.9,0.9,1786,0
2015-10-08,09:05:00,0.9,0.9,0.9,0.9,9,0
2015-10-08,09:10:00,0.9,0.9,0.9,0.9,500,0
2015-10-08,11:00:00,0.88,0.88,0.88,0.88,2,0
2015-10-08,11:40:00,0.88,0.88,0.88,0.88,2,0
2015-10-08,12:55:00,0.9,0.9,0.89,0.89,554,0
2015-10-08,13:35:00,0.89,0.89,0.89,0.89,60,0
2015-10-08,14:20:00,0.89,0.89,0.89,0.89,1,0
2015-10-08,15:35:00,0.89,0.89,0.89,0.89,423,0
2015-10-08,15:45:00,0.88,0.88,0.88,0.88,2127,0
2015-10-08,16:20:00,0.88,0.88,0.88,0.88,3000,0
2015-10-09,09:10:00,0.88,0.88,0.88,0.88,5400,0
2015-10-09,09:50:00,0.9,0.9,0.9,0.9,500,0
2015-10-09,10:25:00,0.88,0.88,0.88,0.88,1,0
2015-10-09,10:35:00,0.88,0.88,0.88,0.88,2000,0
2015-10-09,10:40:00,0.88,0.88,0.88,0.88,2,0
2015-10-09,10:45:00,0.88,0.88,0.88,0.88,1,0
2015-10-09,11:00:00,0.88,0.88,0.88,0.88,1,0
2015-10-09,11:35:00,0.89,0.89,0.89,0.89,1000,0
2015-10-09,12:50:00,0.89,0.89,0.89,0.89,2,0
2015-10-09,13:00:00,0.9,0.9,0.9,0.9,4000,0
2015-10-09,13:20:00,0.9,0.9,0.9,0.9,5143,0
2015-10-09,14:55:00,0.9,0.9,0.9,0.9,6000,0
2015-10-09,15:20:00,0.89,0.89,0.89,0.89,1500,0
2015-10-09,16:10:00,0.89,0.89,0.89,0.89,2,0
2015-10-09,16:35:00,0.9,0.9,0.9,0.9,1100,0
2015-10-12,09:40:00,0.89,0.89,0.89,0.89,1000,0
2015-10-12,10:30:00,0.89,0.89,0.89,0.89,6,0
2015-10-12,10:50:00,0.89,0.89,0.89,0.89,1,0
2015-10-12,11:45:00,0.89,0.89,0.89,0.89,1,0
2015-10-12,12:00:00,0.89,0.89,0.89,0.89,28,0
2015-10-12,12:10:00,0.89,0.89,0.89,0.89,1,0
2015-10-12,12:25:00,0.89,0.89,0.89,0.89,7300,0
2015-10-12,12:30:00,0.89,0.89,0.89,0.89,2700,0
2015-10-12,12:40:00,0.9,0.9,0.9,0.9,6000,0
2015-10-12,12:50:00,0.89,0.89,0.89,0.89,1,0
2015-10-12,13:45:00,0.89,0.89,0.89,0.89,1,0
2015-10-12,14:30:00,0.89,0.89,0.89,0.89,3,0
2015-10-12,16:15:00,0.89,0.89,0.89,0.89,20,0
2015-10-12,16:40:00,0.89,0.89,0.89,0.89,2,0
2015-10-13,10:40:00,0.88,0.88,0.88,0.88,35,0
2015-10-13,11:40:00,0.89,0.89,0.89,0.89,285,0
2015-10-13,14:40:00,0.89,0.89,0.89,0.89,23,0
2015-10-13,15:20:00,0.9,0.9,0.9,0.9,500,0
2015-10-13,15:35:00,0.9,0.9,0.9,0.9,692,0
2015-10-13,16:50:00,0.9,0.9,0.9,0.9,20120,0
2015-10-14,09:05:00,0.88,0.88,0.88,0.88,3,0
2015-10-14,09:15:00,0.9,0.9,0.9,0.9,4112,0
2015-10-14,09:20:00,0.91,0.96,0.91,0.94,69918,0
2015-10-14,09:25:00,0.94,0.94,0.94,0.94,1835,0
2015-10-14,09:30:00,0.94,0.94,0.94,0.94,5593,0
2015-10-14,09:45:00,0.94,0.94,0.94,0.94,504,0
2015-10-14,10:00:00,0.92,0.92,0.92,0.92,5000,0
2015-10-14,10:10:00,0.92,0.92,0.91,0.91,4220,0
2015-10-14,10:35:00,0.91,0.91,0.91,0.91,520,0
2015-10-14,10:40:00,0.92,0.92,0.92,0.92,4923,0
2015-10-14,10:50:00,0.92,0.92,0.92,0.92,5000,0
2015-10-14,11:20:00,0.92,0.93,0.92,0.93,1311,0
2015-10-14,11:25:00,0.93,0.93,0.93,0.93,4524,0
2015-10-14,11:30:00,0.94,0.94,0.94,0.94,10000,0
2015-10-14,11:40:00,0.94,0.94,0.94,0.94,10740,0
2015-10-14,11:45:00,0.94,0.94,0.94,0.94,7163,0
2015-10-14,11:50:00,0.95,0.96,0.95,0.96,15126,0
2015-10-14,11:55:00,0.96,0.96,0.96,0.96,6954,0
2015-10-14,12:05:00,0.94,0.94,0.94,0.94,14004,0
2015-10-14,12:35:00,0.96,0.96,0.96,0.96,3290,0
2015-10-14,12:50:00,0.97,0.97,0.97,0.97,3259,0
2015-10-14,12:55:00,0.97,0.97,0.97,0.97,236,0
2015-10-14,13:00:00,0.97,0.97,0.97,0.97,6710,0
2015-10-14,13:15:00,0.97,0.97,0.97,0.97,1000,0
2015-10-14,13:20:00,0.96,0.96,0.96,0.96,3465,0
2015-10-14,13:25:00,0.96,0.96,0.96,0.96,3333,0
2015-10-14,13:45:00,0.95,0.95,0.95,0.95,42,0
2015-10-14,14:10:00,0.95,0.95,0.95,0.95,5,0
2015-10-14,15:10:00,0.96,0.96,0.96,0.96,50,0
2015-10-14,15:35:00,0.95,0.95,0.95,0.95,1000,0
2015-10-14,15:45:00,0.96,0.96,0.96,0.96,5590,0
2015-10-14,16:25:00,0.95,0.95,0.95,0.95,1453,0
2015-10-14,16:30:00,0.95,0.95,0.95,0.95,1090,0
2015-10-14,16:50:00,0.95,0.95,0.95,0.95,1100,0
2015-10-15,09:05:00,0.95,0.95,0.95,0.95,1957,0
2015-10-15,09:10:00,0.95,0.95,0.95,0.95,4650,0
2015-10-15,09:15:00,0.96,0.96,0.95,0.95,3271,0
2015-10-15,09:35:00,0.96,0.96,0.96,0.96,3630,0
2015-10-15,09:40:00,0.96,0.96,0.96,0.96,500,0
2015-10-15,09:50:00,0.96,0.96,0.96,0.96,1,0
2015-10-15,10:35:00,0.96,0.96,0.96,0.96,4000,0
2015-10-15,10:45:00,0.96,0.96,0.96,0.96,450,0
2015-10-15,11:05:00,0.96,0.96,0.95,0.95,3000,0
2015-10-15,11:10:00,0.96,0.96,0.96,0.96,3000,0
2015-10-15,11:40:00,0.95,0.95,0.95,0.95,27694,0
2015-10-15,11:45:00,0.97,0.99,0.97,0.99,51836,0
2015-10-15,11:50:00,0.97,0.97,0.97,0.97,894,0
2015-10-15,12:05:00,0.98,0.98,0.97,0.97,5168,0
2015-10-15,12:10:00,0.97,0.97,0.97,0.97,7489,0
2015-10-15,12:15:00,0.98,0.98,0.98,0.98,500,0
2015-10-15,13:15:00,0.97,0.97,0.97,0.97,3000,0
2015-10-15,13:35:00,0.98,0.98,0.98,0.98,1000000,0
2015-10-15,13:40:00,0.98,0.99,0.98,0.99,43150,0
2015-10-15,13:45:00,0.99,1,0.99,1,9990,0
2015-10-15,13:55:00,1,1,1,1,1494,0
2015-10-15,14:00:00,1,1,1,1,608,0
2015-10-15,14:45:00,1,1,1,1,32000,0
2015-10-15,14:50:00,1,1,1,1,10300,0
2015-10-15,14:55:00,1,1,1,1,82419,0
2015-10-15,15:05:00,1.01,1.01,1.01,1.01,15300,0
2015-10-15,15:10:00,1.02,1.02,1.02,1.02,2000,0
2015-10-15,15:25:00,1.02,1.02,1.02,1.02,17500,0
2015-10-15,15:45:00,1.03,1.03,1.03,1.03,13147,0
2015-10-15,15:55:00,1.02,1.02,1.02,1.02,500,0
2015-10-15,16:05:00,1.03,1.03,1.03,1.03,5427,0
2015-10-15,16:10:00,1.03,1.03,1.03,1.03,142,0
2015-10-15,16:15:00,1.02,1.02,1.01,1.01,11400,0
2015-10-15,16:25:00,1.01,1.01,1.01,1.01,13777,0
2015-10-15,16:30:00,1.01,1.02,1.01,1.02,7123,0
2015-10-15,16:50:00,1.02,1.02,1.02,1.02,10250,0
2015-10-16,09:05:00,1.03,1.03,1.01,1.01,8302,0
2015-10-16,09:15:00,1.03,1.03,1.03,1.03,500,0
2015-10-16,09:35:00,1.01,1.01,1,1,6000,0
2015-10-16,09:40:00,1,1,1,1,3001,0
2015-10-16,09:50:00,1,1,1,1,1703,0
2015-10-16,10:05:00,1,1,1,1,1,0
2015-10-16,10:10:00,1,1,1,1,6884,0
2015-10-16,10:15:00,1,1,1,1,35,0
2015-10-16,10:20:00,1.02,1.02,1,1,12000,0
2015-10-16,10:25:00,1.02,1.02,1,1,3001,0
2015-10-16,10:50:00,1,1,1,1,2499,0
2015-10-16,10:55:00,0.99,0.99,0.99,0.99,1247,0
2015-10-16,11:50:00,0.99,0.99,0.99,0.99,1,0
2015-10-16,13:45:00,1,1,1,1,1201,0
2015-10-16,14:25:00,1,1,1,1,1500,0
2015-10-16,14:35:00,1,1,1,1,2,0
2015-10-16,14:40:00,1,1,1,1,469,0
2015-10-16,14:55:00,1.01,1.01,1.01,1.01,1000,0
2015-10-16,16:05:00,1.01,1.01,1.01,1.01,100,0
2015-10-16,16:20:00,1.01,1.01,1.01,1.01,2000,0
2015-10-16,16:50:00,1,1,1,1,12000,0
2015-10-19,09:05:00,0.99,0.99,0.99,0.99,10,0
2015-10-19,09:10:00,1,1,1,1,3416,0
2015-10-19,09:50:00,1,1,1,1,1,0
2015-10-19,10:20:00,1,1,1,1,2583,0
2015-10-19,10:25:00,0.99,0.99,0.99,0.99,22839,0
2015-10-19,10:50:00,0.97,0.97,0.97,0.97,48,0
2015-10-19,11:15:00,0.99,0.99,0.99,0.99,777,0
2015-10-19,11:20:00,0.97,0.97,0.97,0.97,2,0
2015-10-19,11:25:00,0.97,0.97,0.97,0.97,1,0
2015-10-19,12:50:00,0.98,0.99,0.98,0.99,4005,0
2015-10-19,16:05:00,0.99,0.99,0.99,0.99,5000,0
2015-10-19,16:35:00,0.99,1,0.99,1,1000,0
2015-10-19,16:50:00,0.99,0.99,0.99,0.99,5000,0
2015-10-20,09:10:00,0.98,0.98,0.98,0.98,80,0
2015-10-20,09:45:00,0.98,0.98,0.98,0.98,2915,0
2015-10-20,10:45:00,0.98,0.98,0.98,0.98,1000,0
2015-10-20,11:45:00,0.98,0.98,0.98,0.98,254,0
2015-10-20,11:55:00,0.98,0.98,0.98,0.98,105,0
2015-10-20,12:30:00,0.98,0.98,0.98,0.98,7,0
2015-10-20,12:55:00,0.98,0.98,0.98,0.98,5,0
2015-10-20,13:05:00,0.98,0.98,0.98,0.98,2000,0
2015-10-20,13:35:00,0.98,0.98,0.98,0.98,1000,0
2015-10-20,13:40:00,0.98,0.98,0.98,0.98,1,0
2015-10-20,14:45:00,0.99,0.99,0.99,0.99,5000,0
2015-10-20,14:50:00,0.99,0.99,0.98,0.98,1438,0
2015-10-20,15:00:00,0.98,0.98,0.98,0.98,1500,0
2015-10-20,15:50:00,0.98,0.98,0.98,0.98,4,0
2015-10-20,16:00:00,0.98,0.98,0.98,0.98,2,0
2015-10-20,16:10:00,0.98,0.98,0.98,0.98,350,0
2015-10-20,16:20:00,0.98,0.98,0.98,0.98,1000,0
2015-10-20,16:25:00,0.98,0.98,0.98,0.98,2000,0
2015-10-20,16:50:00,0.99,0.99,0.97,0.97,7100,0
2015-10-21,10:30:00,0.97,0.98,0.97,0.98,3001,0
2015-10-21,10:55:00,0.97,0.97,0.97,0.97,1,0
2015-10-21,11:25:00,0.98,0.98,0.98,0.98,1,0
2015-10-21,12:10:00,0.98,0.98,0.98,0.98,2785,0
2015-10-21,12:20:00,0.97,0.97,0.97,0.97,9985,0
2015-10-21,12:25:00,0.96,0.96,0.96,0.96,1196,0
2015-10-21,12:35:00,0.96,0.96,0.96,0.96,80,0
2015-10-21,13:00:00,0.96,0.96,0.96,0.96,10967,0
2015-10-21,13:10:00,0.95,0.95,0.95,0.95,150,0
2015-10-21,14:20:00,0.95,0.95,0.95,0.95,2,0
2015-10-21,14:35:00,0.95,0.95,0.95,0.95,10,0
2015-10-21,15:20:00,0.96,0.96,0.96,0.96,337,0
2015-10-21,15:50:00,0.97,0.97,0.97,0.97,800,0
2015-10-21,16:35:00,0.97,0.98,0.97,0.98,27702,0
2015-10-21,16:40:00,0.99,1.01,0.99,1.01,21362,0
2015-10-21,16:45:00,1,1.01,1,1.01,11002,0
2015-10-21,16:50:00,1.01,1.01,1.01,1.01,435,0
2015-10-22,09:05:00,1.01,1.01,1.01,1.01,84,0
2015-10-22,09:20:00,0.99,0.99,0.99,0.99,3600,0
2015-10-22,09:25:00,0.99,0.99,0.99,0.99,5050,0
2015-10-22,09:30:00,0.99,0.99,0.99,0.99,300,0
2015-10-22,10:00:00,0.98,0.98,0.98,0.98,2,0
2015-10-22,10:35:00,0.98,0.98,0.98,0.98,2,0
2015-10-22,11:35:00,0.99,0.99,0.99,0.99,3000,0
2015-10-22,11:45:00,0.98,0.98,0.98,0.98,1,0
2015-10-22,12:15:00,0.98,0.98,0.98,0.98,1,0
2015-10-22,13:25:00,0.98,0.98,0.98,0.98,1,0
2015-10-22,14:20:00,0.99,0.99,0.99,0.99,1879,0
2015-10-22,14:30:00,0.99,0.99,0.99,0.99,921,0
2015-10-22,14:50:00,0.98,0.98,0.98,0.98,1,0
2015-10-22,16:10:00,0.98,0.98,0.98,0.98,1,0
2015-10-22,16:50:00,0.99,0.99,0.99,0.99,400,0
2015-10-23,09:45:00,1,1,1,1,5929,0
2015-10-23,10:30:00,1,1,1,1,4071,0
2015-10-23,10:45:00,1,1,1,1,800,0
2015-10-23,10:55:00,1,1,1,1,1667,0
2015-10-23,11:00:00,1,1,1,1,608,0
2015-10-23,11:20:00,1,1,1,1,8606,0
2015-10-23,12:25:00,0.98,0.98,0.98,0.98,2,0
2015-10-23,12:35:00,0.98,0.98,0.98,0.98,1,0
2015-10-23,13:15:00,0.98,0.98,0.98,0.98,6953,0
2015-10-23,14:15:00,0.98,0.98,0.98,0.98,1500,0
2015-10-23,15:25:00,0.97,0.97,0.97,0.97,1,0
2015-10-23,15:50:00,0.97,0.97,0.97,0.97,1,0
2015-10-23,16:45:00,0.98,0.98,0.98,0.98,130,0
2015-10-23,16:50:00,0.97,0.98,0.97,0.98,7167,0
2015-10-26,09:30:00,0.97,0.97,0.97,0.97,2932,0
2015-10-26,10:40:00,0.97,0.97,0.97,0.97,1,0
2015-10-26,10:50:00,0.97,0.97,0.97,0.97,1,0
2015-10-26,11:05:00,0.97,0.97,0.97,0.97,10495,0
2015-10-26,12:15:00,0.97,0.97,0.97,0.97,3000,0
2015-10-26,12:55:00,0.96,0.96,0.96,0.96,4000,0
2015-10-26,13:05:00,0.96,0.96,0.96,0.96,1100,0
2015-10-26,14:05:00,0.96,0.96,0.96,0.96,1,0
2015-10-26,14:15:00,0.96,0.96,0.96,0.96,1,0
2015-10-26,14:45:00,0.96,0.96,0.95,0.95,2175,0
2015-10-26,15:00:00,0.95,0.95,0.93,0.93,33600,0
2015-10-26,15:05:00,0.94,0.94,0.94,0.94,197,0
2015-10-26,15:30:00,0.95,0.95,0.94,0.94,24235,0
2015-10-26,15:45:00,0.95,0.95,0.95,0.95,356,0
2015-10-26,16:35:00,0.94,0.94,0.94,0.94,2,0
2015-10-26,16:40:00,0.94,0.94,0.94,0.94,30,0
2015-10-26,16:50:00,0.95,0.95,0.95,0.95,1057,0
2015-10-27,09:15:00,0.95,0.95,0.95,0.95,1800,0
2015-10-27,09:45:00,0.95,0.95,0.95,0.95,1400,0
2015-10-27,10:05:00,0.94,0.94,0.94,0.94,2,0
2015-10-27,10:30:00,0.95,0.95,0.95,0.95,4772,0
2015-10-27,10:40:00,0.94,0.94,0.94,0.94,18796,0
2015-10-27,11:50:00,0.93,0.93,0.93,0.93,5,0
2015-10-27,12:15:00,0.95,0.95,0.93,0.93,14904,0
2015-10-27,13:55:00,0.93,0.93,0.93,0.93,675,0
2015-10-27,14:40:00,0.93,0.93,0.93,0.93,1,0
2015-10-27,15:00:00,0.94,0.94,0.94,0.94,4000,0
2015-10-27,15:05:00,0.93,0.93,0.93,0.93,250,0
2015-10-28,09:05:00,0.96,0.98,0.96,0.98,48000,0
2015-10-28,09:10:00,0.97,0.97,0.97,0.97,6100,0
2015-10-28,09:50:00,0.95,0.95,0.95,0.95,3000,0
2015-10-28,10:15:00,0.94,0.94,0.94,0.94,2,0
2015-10-28,10:30:00,0.95,0.95,0.95,0.95,2000,0
2015-10-28,11:30:00,0.95,0.95,0.95,0.95,2000,0
2015-10-28,11:45:00,0.95,0.95,0.95,0.95,4,0
2015-10-28,11:50:00,0.95,0.95,0.95,0.95,35,0
2015-10-28,11:55:00,0.95,0.95,0.95,0.95,2,0
2015-10-28,13:00:00,0.95,0.95,0.94,0.94,15957,0
2015-10-28,13:40:00,0.95,0.95,0.95,0.95,1089,0
2015-10-28,14:20:00,0.94,0.94,0.94,0.94,1000,0
2015-10-28,14:25:00,0.94,0.94,0.94,0.94,1930,0
2015-10-28,14:30:00,0.94,0.94,0.94,0.94,4000,0
2015-10-28,15:30:00,0.94,0.94,0.94,0.94,2429,0
2015-10-28,16:00:00,0.94,0.94,0.94,0.94,871,0
2015-10-28,16:40:00,0.94,0.94,0.94,0.94,2100,0
2015-10-28,16:50:00,0.94,0.94,0.94,0.94,1600,0
2015-10-29,09:20:00,0.95,0.95,0.94,0.94,3300,0
2015-10-29,09:25:00,0.94,0.94,0.94,0.94,3400,0
2015-10-29,09:50:00,0.94,0.94,0.94,0.94,1600,0
2015-10-29,10:05:00,0.94,0.94,0.94,0.94,4744,0
2015-10-29,11:05:00,0.93,0.93,0.93,0.93,108,0
2015-10-29,11:20:00,0.93,0.93,0.93,0.93,19691,0
2015-10-29,13:20:00,0.93,0.93,0.93,0.93,8000,0
2015-10-29,16:00:00,0.92,0.92,0.92,0.92,12027,0
2015-10-29,16:25:00,0.91,0.91,0.91,0.91,270,0
2015-10-29,16:50:00,0.92,0.92,0.92,0.92,8150,0
2015-10-30,09:15:00,0.91,0.91,0.91,0.91,5256,0
2015-10-30,09:30:00,0.92,0.92,0.92,0.92,2000,0
2015-10-30,10:20:00,0.91,0.91,0.91,0.91,280,0
2015-10-30,10:35:00,0.92,0.92,0.92,0.92,1500,0
2015-10-30,10:55:00,0.92,0.92,0.92,0.92,1000,0
2015-10-30,11:55:00,0.91,0.91,0.91,0.91,10676,0
2015-10-30,12:05:00,0.91,0.91,0.91,0.91,3,0
2015-10-30,12:15:00,0.91,0.91,0.91,0.91,1502,0
2015-10-30,12:55:00,0.91,0.91,0.91,0.91,1,0
2015-10-30,13:05:00,0.91,0.91,0.91,0.91,1500,0
2015-10-30,13:20:00,0.92,0.92,0.92,0.92,1000,0
2015-10-30,13:35:00,0.91,0.91,0.91,0.91,306,0
2015-10-30,14:40:00,0.92,0.92,0.92,0.92,520,0
2015-10-30,15:15:00,0.91,0.91,0.91,0.91,365,0
2015-10-30,15:50:00,0.91,0.91,0.91,0.91,1,0
2015-10-30,16:10:00,0.93,0.93,0.93,0.93,3000,0
2015-11-02,10:15:00,0.91,0.91,0.91,0.91,3007,0
2015-11-02,11:10:00,0.91,0.91,0.91,0.91,1105,0
2015-11-02,11:40:00,0.91,0.91,0.91,0.91,438,0
2015-11-02,12:25:00,0.92,0.92,0.92,0.92,2000,0
2015-11-02,12:35:00,0.92,0.92,0.92,0.92,1000,0
2015-11-02,12:40:00,0.91,0.91,0.91,0.91,3,0
2015-11-02,13:00:00,0.92,0.92,0.92,0.92,6480,0
2015-11-02,13:30:00,0.91,0.91,0.91,0.91,2000,0
2015-11-02,13:35:00,0.92,0.92,0.92,0.92,2000,0
2015-11-02,13:50:00,0.91,0.91,0.91,0.91,1,0
2015-11-02,14:35:00,0.91,0.91,0.91,0.91,1,0
2015-11-02,14:45:00,0.92,0.93,0.92,0.93,12565,0
2015-11-02,15:30:00,0.91,0.91,0.91,0.91,560,0
2015-11-02,16:05:00,0.92,0.92,0.92,0.92,2164,0
2015-11-02,16:20:00,0.91,0.91,0.91,0.91,81,0
2015-11-02,16:45:00,0.92,0.92,0.92,0.92,250,0
2015-11-02,16:50:00,0.92,0.92,0.91,0.91,20000,0
2015-11-03,09:05:00,0.91,0.91,0.91,0.91,14,0
2015-11-03,10:25:00,0.91,0.91,0.9,0.9,19636,0
2015-11-03,10:30:00,0.9,0.9,0.9,0.9,15000,0
2015-11-03,10:35:00,0.9,0.9,0.9,0.9,1246,0
2015-11-03,10:40:00,0.9,0.9,0.9,0.9,1754,0
2015-11-03,10:45:00,0.9,0.9,0.9,0.9,46,0
2015-11-03,11:40:00,0.9,0.9,0.9,0.9,5000,0
2015-11-03,13:20:00,0.91,0.91,0.91,0.91,200,0
2015-11-03,13:45:00,0.9,0.9,0.9,0.9,1,0
2015-11-03,14:10:00,0.9,0.9,0.89,0.89,22072,0
2015-11-03,14:15:00,0.88,0.88,0.88,0.88,2000,0
2015-11-03,14:25:00,0.88,0.88,0.87,0.87,15800,0
2015-11-03,14:30:00,0.88,0.88,0.88,0.88,10000,0
2015-11-03,14:35:00,0.88,0.88,0.88,0.88,1,0
2015-11-03,14:45:00,0.89,0.89,0.89,0.89,2001,0
2015-11-03,14:55:00,0.89,0.89,0.89,0.89,1,0
2015-11-03,15:10:00,0.89,0.89,0.89,0.89,3128,0
2015-11-03,15:25:00,0.88,0.88,0.88,0.88,6000,0
2015-11-03,15:40:00,0.89,0.89,0.89,0.89,1000,0
2015-11-03,16:05:00,0.88,0.88,0.88,0.88,3960,0
2015-11-03,16:15:00,0.88,0.88,0.88,0.88,1,0
2015-11-03,16:20:00,0.88,0.88,0.88,0.88,3,0
2015-11-03,16:30:00,0.88,0.88,0.88,0.88,10800,0
2015-11-03,16:50:00,0.89,0.89,0.89,0.89,26907,0
2015-11-04,09:05:00,0.9,0.9,0.9,0.9,1000,0
2015-11-04,10:35:00,0.89,0.89,0.89,0.89,1000,0
2015-11-04,10:40:00,0.89,0.89,0.89,0.89,500,0
2015-11-04,10:55:00,0.88,0.88,0.88,0.88,3602,0
2015-11-04,11:00:00,0.88,0.88,0.88,0.88,3313,0
2015-11-04,11:15:00,0.89,0.89,0.88,0.88,1200,0
2015-11-04,11:20:00,0.88,0.88,0.88,0.88,1000,0
2015-11-04,11:45:00,0.88,0.88,0.88,0.88,11,0
2015-11-04,12:45:00,0.88,0.88,0.88,0.88,18614,0
2015-11-04,13:40:00,0.9,0.9,0.9,0.9,5500,0
2015-11-04,13:55:00,0.9,0.9,0.89,0.89,8000,0
2015-11-04,14:05:00,0.9,0.9,0.9,0.9,1000,0
2015-11-04,14:20:00,0.88,0.88,0.88,0.88,10,0
2015-11-04,15:35:00,0.9,0.9,0.88,0.88,600,0
2015-11-04,16:50:00,0.88,0.9,0.88,0.9,6162,0
2015-11-05,09:05:00,0.9,0.9,0.9,0.9,500,0
2015-11-05,09:10:00,0.88,0.88,0.88,0.88,20000,0
2015-11-05,09:55:00,0.89,0.89,0.89,0.89,3600,0
2015-11-05,10:50:00,0.9,0.9,0.9,0.9,1760,0
2015-11-05,12:10:00,0.88,0.88,0.88,0.88,9001,0
2015-11-05,12:55:00,0.88,0.88,0.88,0.88,1000,0
2015-11-05,14:00:00,0.88,0.88,0.88,0.88,3,0
2015-11-05,14:35:00,0.88,0.88,0.88,0.88,2943,0
2015-11-05,15:55:00,0.87,0.87,0.87,0.87,3,0
2015-11-05,16:50:00,0.88,0.88,0.88,0.88,500,0
2015-11-06,09:10:00,0.89,0.89,0.89,0.89,2000,0
2015-11-06,09:15:00,0.88,0.88,0.88,0.88,5000,0
2015-11-06,09:20:00,0.87,0.87,0.87,0.87,17665,0
2015-11-06,09:25:00,0.87,0.87,0.87,0.87,200,0
2015-11-06,09:35:00,0.87,0.87,0.87,0.87,12344,0
2015-11-06,09:40:00,0.86,0.86,0.84,0.84,23700,0
2015-11-06,09:50:00,0.87,0.87,0.87,0.87,5000,0
2015-11-06,10:55:00,0.86,0.86,0.86,0.86,68,0
2015-11-06,11:05:00,0.86,0.86,0.85,0.85,10000,0
2015-11-06,11:35:00,0.86,0.86,0.85,0.85,4459,0
2015-11-06,11:40:00,0.85,0.85,0.85,0.85,1,0
2015-11-06,11:45:00,0.86,0.86,0.86,0.86,5000,0
2015-11-06,12:20:00,0.86,0.86,0.86,0.86,2000,0
2015-11-06,13:00:00,0.87,0.87,0.87,0.87,290,0
2015-11-06,14:20:00,0.86,0.86,0.86,0.86,1,0
2015-11-06,15:00:00,0.86,0.86,0.86,0.86,5699,0
2015-11-06,15:05:00,0.85,0.85,0.85,0.85,15923,0
2015-11-06,16:15:00,0.85,0.85,0.85,0.85,2,0
2015-11-06,16:20:00,0.87,0.87,0.87,0.87,111,0
2015-11-09,09:05:00,0.87,0.87,0.87,0.87,2600,0
2015-11-09,09:15:00,0.87,0.87,0.87,0.87,170,0
2015-11-09,10:20:00,0.86,0.86,0.86,0.86,1000,0
2015-11-09,10:30:00,0.86,0.86,0.86,0.86,11000,0
2015-11-09,11:05:00,0.86,0.86,0.85,0.85,12565,0
2015-11-09,11:10:00,0.85,0.85,0.85,0.85,8500,0
2015-11-09,11:50:00,0.85,0.85,0.85,0.85,3,0
2015-11-09,12:15:00,0.86,0.86,0.86,0.86,1500,0
2015-11-09,14:30:00,0.86,0.86,0.86,0.86,7770,0
2015-11-09,14:50:00,0.86,0.86,0.86,0.86,124,0
2015-11-09,15:05:00,0.86,0.86,0.86,0.86,3333,0
2015-11-09,15:35:00,0.86,0.86,0.85,0.85,16734,0
2015-11-09,15:55:00,0.85,0.85,0.85,0.85,2500,0
2015-11-09,16:00:00,0.85,0.85,0.85,0.85,2766,0
2015-11-09,16:50:00,0.87,0.87,0.87,0.87,123,0
2015-11-10,09:15:00,0.87,0.87,0.87,0.87,1886,0
2015-11-10,11:45:00,0.86,0.86,0.86,0.86,2,0
2015-11-10,12:05:00,0.86,0.86,0.86,0.86,400,0
2015-11-10,12:15:00,0.86,0.87,0.86,0.87,1001,0
2015-11-10,13:40:00,0.87,0.87,0.87,0.87,3000,0
2015-11-10,13:45:00,0.87,0.87,0.87,0.87,4230,0
2015-11-10,13:55:00,0.87,0.87,0.87,0.87,4230,0
2015-11-10,14:00:00,0.87,0.87,0.87,0.87,4230,0
2015-11-10,14:50:00,0.87,0.87,0.87,0.87,2000,0
2015-11-10,16:05:00,0.86,0.86,0.86,0.86,1070,0
2015-11-10,16:25:00,0.86,0.86,0.86,0.86,1000,0
2015-11-10,16:35:00,0.87,0.87,0.87,0.87,6000,0
