Date,Time,Open,High,Low,Close,Volume,OpenInt
2015-10-21,09:05:00,11.15,11.15,10.9,10.96,12776,0
2015-10-21,09:10:00,11.03,11.15,11.03,11.15,7876,0
2015-10-21,09:15:00,11.15,11.15,11,11.13,10334,0
2015-10-21,09:20:00,11.1,11.13,11,11,2329,0
2015-10-21,09:25:00,11.05,11.08,11.05,11.08,301,0
2015-10-21,09:30:00,11.05,11.05,10.97,10.97,350,0
2015-10-21,09:35:00,11,11,10.97,10.97,1659,0
2015-10-21,09:45:00,11,11.04,11,11.04,1715,0
2015-10-21,09:50:00,11.04,11.04,11.04,11.04,530,0
2015-10-21,09:55:00,11,11.08,11,11.08,579,0
2015-10-21,10:00:00,11.08,11.08,11.07,11.07,143,0
2015-10-21,10:05:00,11.07,11.07,11.07,11.07,375,0
2015-10-21,10:15:00,11.07,11.1,11.07,11.09,1842,0
2015-10-21,10:25:00,11.08,11.08,11.08,11.08,555,0
2015-10-21,10:35:00,11.09,11.09,11.05,11.05,1190,0
2015-10-21,10:40:00,11.02,11.02,11,11,1357,0
2015-10-21,10:50:00,11.04,11.08,11.04,11.08,1081,0
2015-10-21,10:55:00,11.07,11.07,11.07,11.07,867,0
2015-10-21,11:00:00,11.06,11.06,11.05,11.05,45,0
2015-10-21,11:10:00,11.05,11.05,11.05,11.05,220,0
2015-10-21,11:15:00,11.05,11.05,11.04,11.04,966,0
2015-10-21,11:20:00,11.04,11.08,11.03,11.03,3744,0
2015-10-21,11:25:00,11.08,11.08,11.08,11.08,5,0
2015-10-21,11:35:00,11.08,11.14,11.08,11.14,5355,0
2015-10-21,11:40:00,11.13,11.14,11.13,11.14,22,0
2015-10-21,11:45:00,11.13,11.13,11.03,11.03,2698,0
2015-10-21,11:50:00,11.03,11.03,11.03,11.03,4402,0
2015-10-21,11:55:00,11.04,11.1,11.04,11.1,1400,0
2015-10-21,12:15:00,11.01,11.02,11.01,11.02,897,0
2015-10-21,12:20:00,11.02,11.05,11.02,11.05,2266,0
2015-10-21,12:30:00,11.05,11.05,11.05,11.05,868,0
2015-10-21,12:35:00,11.05,11.1,11.05,11.06,3220,0
2015-10-21,12:45:00,11.08,11.08,11.08,11.08,500,0
2015-10-21,13:00:00,11.08,11.08,11.08,11.08,500,0
2015-10-21,13:05:00,11.09,11.1,11.06,11.06,1816,0
2015-10-21,13:10:00,11.1,11.1,11.06,11.06,2554,0
2015-10-21,13:15:00,11.06,11.06,11.06,11.06,2849,0
2015-10-21,13:30:00,11.06,11.06,11.06,11.06,722,0
2015-10-21,13:35:00,11.05,11.05,11.05,11.05,12,0
2015-10-21,13:40:00,11.05,11.05,11.05,11.05,257,0
2015-10-21,13:45:00,11.05,11.05,11.05,11.05,50,0
2015-10-21,14:00:00,11.05,11.05,11.05,11.05,504,0
2015-10-21,14:05:00,11.02,11.02,11.01,11.01,1052,0
2015-10-21,14:20:00,11.02,11.02,11.02,11.02,103,0
2015-10-21,14:45:00,11.02,11.02,11.02,11.02,5,0
2015-10-21,14:55:00,11.02,11.02,11,11.01,3131,0
2015-10-21,15:00:00,11.01,11.01,11.01,11.01,100,0
2015-10-21,15:05:00,11,11,11,11,4835,0
2015-10-21,15:45:00,11,11,11,11,100,0
2015-10-21,15:50:00,11,11,11,11,200,0
2015-10-21,16:05:00,11,11,11,11,318,0
2015-10-21,16:10:00,11,11,11,11,900,0
2015-10-21,16:15:00,11.03,11.04,11,11,1161,0
2015-10-21,16:30:00,11,11,10.96,10.96,1526,0
2015-10-21,16:35:00,10.96,10.96,10.95,10.95,7310,0
2015-10-21,16:40:00,10.95,10.95,10.9,10.9,3252,0
2015-10-21,16:45:00,10.89,10.89,10.86,10.86,1100,0
2015-10-21,16:50:00,10.9,10.9,10.86,10.9,3544,0
2015-10-22,09:05:00,10.83,10.9,10.83,10.9,1340,0
2015-10-22,09:25:00,10.93,10.93,10.9,10.9,1206,0
2015-10-22,09:45:00,10.91,10.91,10.9,10.9,300,0
2015-10-22,09:50:00,10.9,10.9,10.9,10.9,854,0
2015-10-22,10:30:00,10.85,10.85,10.84,10.84,737,0
2015-10-22,10:35:00,10.84,10.87,10.84,10.87,591,0
2015-10-22,10:45:00,10.84,10.84,10.84,10.84,570,0
2015-10-22,10:55:00,10.83,10.87,10.82,10.87,1270,0
2015-10-22,11:00:00,10.82,10.82,10.82,10.82,100,0
2015-10-22,11:05:00,10.82,10.82,10.82,10.82,100,0
2015-10-22,11:50:00,10.82,10.82,10.82,10.82,1703,0
2015-10-22,12:05:00,10.83,10.83,10.83,10.83,200,0
2015-10-22,12:10:00,10.83,10.95,10.83,10.95,160,0
2015-10-22,12:55:00,10.93,10.95,10.93,10.95,711,0
2015-10-22,13:00:00,10.85,10.85,10.85,10.85,160,0
2015-10-22,13:05:00,10.85,10.85,10.85,10.85,40,0
2015-10-22,13:25:00,10.85,10.85,10.85,10.85,600,0
2015-10-22,13:35:00,10.85,10.85,10.82,10.82,1000,0
2015-10-22,13:40:00,10.9,10.9,10.9,10.9,150,0
2015-10-22,13:55:00,10.82,10.82,10.82,10.82,406,0
2015-10-22,14:00:00,10.82,10.82,10.82,10.82,18,0
2015-10-22,14:20:00,10.89,10.89,10.89,10.89,90,0
2015-10-22,14:25:00,10.83,10.83,10.83,10.83,1,0
2015-10-22,14:50:00,10.83,10.85,10.83,10.83,823,0
2015-10-22,14:55:00,10.83,10.83,10.83,10.83,500,0
2015-10-22,15:00:00,10.83,10.88,10.83,10.88,258,0
2015-10-22,15:05:00,10.89,10.89,10.89,10.89,40,0
2015-10-22,15:35:00,10.88,10.89,10.83,10.89,487,0
2015-10-22,16:00:00,10.89,10.9,10.89,10.9,2082,0
2015-10-22,16:10:00,10.85,10.85,10.83,10.83,4274,0
2015-10-22,16:15:00,10.83,10.85,10.83,10.85,226,0
2015-10-22,16:20:00,10.85,10.85,10.85,10.85,105,0
2015-10-22,16:35:00,10.85,10.85,10.85,10.85,212,0
2015-10-22,16:40:00,10.83,10.83,10.8,10.8,1496,0
2015-10-22,16:45:00,10.85,10.85,10.79,10.79,260,0
2015-10-22,16:50:00,10.77,10.9,10.76,10.9,2364,0
2015-10-23,09:05:00,10.9,10.9,10.9,10.9,1237,0
2015-10-23,09:15:00,10.9,10.9,10.9,10.9,2000,0
2015-10-23,09:30:00,10.81,10.81,10.81,10.81,700,0
2015-10-23,09:35:00,10.9,10.9,10.9,10.9,200,0
2015-10-23,09:40:00,10.85,10.85,10.85,10.85,100,0
2015-10-23,09:45:00,10.9,10.9,10.9,10.9,30,0
2015-10-23,10:15:00,10.8,10.8,10.8,10.8,2500,0
2015-10-23,10:20:00,10.76,10.76,10.75,10.75,2908,0
2015-10-23,10:30:00,10.75,10.75,10.74,10.74,689,0
2015-10-23,10:35:00,10.76,10.76,10.76,10.76,110,0
2015-10-23,10:45:00,10.74,10.74,10.74,10.74,754,0
2015-10-23,10:55:00,10.76,10.76,10.76,10.76,18,0
2015-10-23,11:10:00,10.8,10.8,10.75,10.75,1920,0
2015-10-23,11:15:00,10.75,10.75,10.75,10.75,100,0
2015-10-23,11:25:00,10.75,10.75,10.75,10.75,50,0
2015-10-23,11:35:00,10.83,10.83,10.83,10.83,6,0
2015-10-23,11:40:00,10.8,10.8,10.8,10.8,300,0
2015-10-23,11:45:00,10.78,10.78,10.78,10.78,210,0
2015-10-23,11:50:00,10.78,10.78,10.75,10.75,1900,0
2015-10-23,11:55:00,10.83,10.83,10.83,10.83,948,0
2015-10-23,12:05:00,10.76,10.83,10.75,10.83,991,0
2015-10-23,12:10:00,10.75,10.75,10.75,10.75,1000,0
2015-10-23,12:30:00,10.75,10.75,10.75,10.75,341,0
2015-10-23,12:55:00,10.76,10.76,10.75,10.75,620,0
2015-10-23,13:00:00,10.75,10.75,10.75,10.75,23,0
2015-10-23,13:10:00,10.75,10.75,10.75,10.75,18,0
2015-10-23,13:20:00,10.75,10.75,10.75,10.75,351,0
2015-10-23,13:30:00,10.75,10.75,10.75,10.75,570,0
2015-10-23,13:35:00,10.75,10.75,10.75,10.75,130,0
2015-10-23,13:40:00,10.75,10.75,10.75,10.75,2580,0
2015-10-23,13:45:00,10.74,10.74,10.74,10.74,140,0
2015-10-23,13:50:00,10.83,10.83,10.83,10.83,136,0
2015-10-23,14:20:00,10.83,10.83,10.76,10.76,1040,0
2015-10-23,14:30:00,10.83,10.83,10.83,10.83,100,0
2015-10-23,15:10:00,10.76,10.76,10.76,10.76,150,0
2015-10-23,15:15:00,10.77,10.82,10.77,10.82,486,0
2015-10-23,15:55:00,10.8,10.8,10.8,10.8,400,0
2015-10-23,16:00:00,10.8,10.8,10.78,10.78,2365,0
2015-10-23,16:05:00,10.78,10.78,10.78,10.78,1100,0
2015-10-23,16:10:00,10.78,10.78,10.78,10.78,450,0
2015-10-23,16:15:00,10.78,10.78,10.78,10.78,622,0
2015-10-23,16:25:00,10.79,10.79,10.78,10.78,2247,0
2015-10-23,16:35:00,10.77,10.77,10.76,10.76,520,0
2015-10-23,16:40:00,10.78,10.78,10.78,10.78,309,0
2015-10-23,16:45:00,10.76,10.76,10.76,10.76,513,0
2015-10-23,16:50:00,10.76,10.76,10.76,10.76,5435,0
2015-10-26,09:05:00,10.89,10.89,10.89,10.89,615,0
2015-10-26,09:10:00,10.89,10.89,10.77,10.88,710,0
2015-10-26,09:40:00,10.88,10.88,10.88,10.88,300,0
2015-10-26,10:00:00,10.8,10.8,10.8,10.8,1,0
2015-10-26,10:05:00,10.88,10.88,10.88,10.88,1155,0
2015-10-26,10:10:00,10.88,10.89,10.88,10.88,2243,0
2015-10-26,10:15:00,10.88,10.89,10.88,10.89,727,0
2015-10-26,10:20:00,10.89,10.95,10.89,10.9,3586,0
2015-10-26,10:30:00,10.91,10.91,10.88,10.88,2634,0
2015-10-26,10:35:00,10.88,10.88,10.87,10.87,5074,0
2015-10-26,10:40:00,10.88,10.88,10.88,10.88,160,0
2015-10-26,10:45:00,10.84,10.84,10.8,10.8,3195,0
2015-10-26,10:50:00,10.8,10.8,10.8,10.8,1800,0
2015-10-26,10:55:00,10.83,10.83,10.83,10.83,30,0
2015-10-26,11:10:00,10.8,10.86,10.8,10.86,423,0
2015-10-26,11:25:00,10.83,10.83,10.83,10.83,200,0
2015-10-26,11:35:00,10.81,10.81,10.81,10.81,80,0
2015-10-26,11:40:00,10.81,10.81,10.81,10.81,200,0
2015-10-26,11:55:00,10.8,10.8,10.8,10.8,1110,0
2015-10-26,12:05:00,10.8,10.8,10.8,10.8,1900,0
2015-10-26,12:10:00,10.8,10.8,10.8,10.8,100,0
2015-10-26,12:15:00,10.86,10.86,10.8,10.8,467,0
2015-10-26,12:30:00,10.8,10.8,10.8,10.8,608,0
2015-10-26,12:40:00,10.81,10.81,10.81,10.81,560,0
2015-10-26,12:45:00,10.87,10.87,10.87,10.87,5020,0
2015-10-26,12:55:00,10.87,10.87,10.87,10.87,363,0
2015-10-26,13:05:00,10.82,10.82,10.8,10.8,2360,0
2015-10-26,13:10:00,10.8,10.8,10.75,10.75,1062,0
2015-10-26,13:20:00,10.8,10.8,10.8,10.8,3,0
2015-10-26,13:45:00,10.8,10.8,10.8,10.8,70,0
2015-10-26,13:50:00,10.8,10.8,10.8,10.8,167,0
2015-10-26,13:55:00,10.8,10.85,10.8,10.85,970,0
2015-10-26,14:10:00,10.85,10.85,10.85,10.85,1000,0
2015-10-26,14:15:00,10.85,10.85,10.85,10.85,680,0
2015-10-26,15:00:00,10.81,10.81,10.81,10.81,214,0
2015-10-26,15:10:00,10.81,10.81,10.81,10.81,31,0
2015-10-26,15:30:00,10.81,10.81,10.81,10.81,631,0
2015-10-26,15:40:00,10.81,10.81,10.81,10.81,400,0
2015-10-26,15:55:00,10.81,10.81,10.81,10.81,800,0
2015-10-26,16:00:00,10.82,10.82,10.82,10.82,200,0
2015-10-26,16:05:00,10.82,10.82,10.82,10.82,92,0
2015-10-26,16:10:00,10.82,10.82,10.82,10.82,2097,0
2015-10-26,16:15:00,10.82,10.82,10.82,10.82,156,0
2015-10-26,16:35:00,10.85,10.9,10.85,10.9,5220,0
2015-10-26,16:40:00,10.89,10.89,10.89,10.89,250,0
2015-10-26,16:45:00,10.9,10.9,10.9,10.9,850,0
2015-10-26,16:50:00,10.85,10.85,10.85,10.85,6313,0
2015-10-27,09:05:00,10.82,10.9,10.82,10.85,522,0
2015-10-27,09:25:00,10.85,10.85,10.82,10.82,169,0
2015-10-27,10:05:00,10.88,10.9,10.88,10.9,3000,0
2015-10-27,10:10:00,10.82,10.82,10.82,10.82,20,0
2015-10-27,10:20:00,10.82,10.82,10.82,10.82,460,0
2015-10-27,10:25:00,10.82,10.82,10.82,10.82,4,0
2015-10-27,10:30:00,10.9,10.9,10.9,10.9,1670,0
2015-10-27,10:35:00,10.82,10.82,10.82,10.82,98,0
2015-10-27,10:50:00,10.82,10.82,10.82,10.82,36,0
2015-10-27,11:00:00,10.82,10.82,10.82,10.82,7,0
2015-10-27,11:05:00,10.82,10.82,10.82,10.82,810,0
2015-10-27,11:20:00,10.82,10.82,10.82,10.82,406,0
2015-10-27,11:45:00,10.82,10.82,10.82,10.82,1053,0
2015-10-27,11:55:00,10.85,10.89,10.85,10.89,2165,0
2015-10-27,12:00:00,10.85,10.85,10.85,10.85,15,0
2015-10-27,12:05:00,10.82,10.82,10.82,10.82,1171,0
2015-10-27,12:10:00,10.85,10.85,10.85,10.85,5,0
2015-10-27,12:15:00,10.85,10.88,10.85,10.88,1615,0
2015-10-27,12:20:00,10.86,10.86,10.85,10.85,5500,0
2015-10-27,12:25:00,10.85,10.86,10.85,10.86,750,0
2015-10-27,12:30:00,10.86,10.86,10.86,10.86,250,0
2015-10-27,12:40:00,10.88,10.88,10.85,10.85,10457,0
2015-10-27,12:55:00,10.82,10.82,10.82,10.82,461,0
2015-10-27,13:10:00,10.8,10.8,10.8,10.8,1500,0
2015-10-27,13:20:00,10.8,10.8,10.8,10.8,914,0
2015-10-27,14:00:00,10.8,10.8,10.76,10.76,7862,0
2015-10-27,14:05:00,10.76,10.76,10.76,10.76,40,0
2015-10-27,14:30:00,10.76,10.76,10.76,10.76,200,0
2015-10-27,14:35:00,10.79,10.79,10.79,10.79,12562,0
2015-10-27,14:40:00,10.76,10.76,10.75,10.75,98,0
2015-10-27,14:45:00,10.76,10.76,10.75,10.75,700,0
2015-10-27,14:50:00,10.76,10.76,10.75,10.75,439,0
2015-10-27,15:00:00,10.79,10.79,10.79,10.79,1720,0
2015-10-27,15:15:00,10.79,10.79,10.79,10.79,290,0
2015-10-27,15:30:00,10.74,10.74,10.74,10.74,1000,0
2015-10-27,15:35:00,10.75,10.75,10.75,10.75,280,0
2015-10-27,15:45:00,10.78,10.78,10.78,10.78,281,0
2015-10-27,16:05:00,10.78,10.78,10.78,10.78,3000,0
2015-10-27,16:30:00,10.74,10.74,10.74,10.74,1670,0
2015-10-27,16:40:00,10.74,10.74,10.74,10.74,500,0
2015-10-27,16:50:00,10.76,10.77,10.76,10.77,688,0
2015-10-28,09:05:00,10.82,10.87,10.82,10.87,2173,0
2015-10-28,09:10:00,10.77,10.87,10.77,10.87,1849,0
2015-10-28,09:15:00,10.85,10.85,10.83,10.85,1585,0
2015-10-28,09:20:00,10.85,10.87,10.85,10.87,8,0
2015-10-28,09:30:00,10.85,10.89,10.85,10.89,3845,0
2015-10-28,09:35:00,10.84,10.84,10.84,10.84,798,0
2015-10-28,09:55:00,10.85,10.93,10.85,10.93,13793,0
2015-10-28,10:00:00,10.93,10.95,10.93,10.95,4570,0
2015-10-28,10:05:00,10.95,11.06,10.88,11.06,21993,0
2015-10-28,10:15:00,11.03,11.03,11.01,11.01,1044,0
2015-10-28,10:20:00,11,11,11,11,500,0
2015-10-28,10:35:00,11,11.03,11,11.01,5049,0
2015-10-28,10:40:00,11.01,11.01,11.01,11.01,501,0
2015-10-28,10:50:00,11,11,11,11,200,0
2015-10-28,10:55:00,11,11,11,11,1249,0
2015-10-28,11:00:00,11,11,11,11,148,0
2015-10-28,11:10:00,11,11,11,11,1352,0
2015-10-28,11:25:00,11,11.02,11,11,800,0
2015-10-28,11:45:00,11,11,10.97,10.97,1003,0
2015-10-28,12:00:00,11,11,11,11,1000,0
2015-10-28,12:05:00,11.02,11.02,11.02,11.02,402,0
2015-10-28,12:20:00,11,11.05,11,11.05,1664,0
2015-10-28,12:40:00,11.03,11.04,11.03,11.04,460,0
2015-10-28,12:45:00,11,11,11,11,1,0
2015-10-28,12:50:00,11.03,11.04,11.03,11.04,1250,0
2015-10-28,13:00:00,11.03,11.03,11.03,11.03,750,0
2015-10-28,13:05:00,11.03,11.03,11.03,11.03,280,0
2015-10-28,13:10:00,11.03,11.04,11.03,11.03,3646,0
2015-10-28,13:15:00,11.04,11.04,11.04,11.04,1220,0
2015-10-28,13:25:00,11.04,11.04,11.04,11.04,381,0
2015-10-28,13:30:00,11.04,11.04,11.04,11.04,500,0
2015-10-28,13:40:00,11.02,11.02,11.02,11.02,500,0
2015-10-28,13:50:00,11.02,11.02,11.02,11.02,1000,0
2015-10-28,14:00:00,11.02,11.02,11.02,11.02,1508,0
2015-10-28,14:10:00,11.04,11.04,11.02,11.02,2108,0
2015-10-28,14:15:00,11.02,11.02,11.02,11.02,992,0
2015-10-28,14:20:00,11,11,10.91,10.95,21278,0
2015-10-28,14:30:00,10.95,10.99,10.95,10.99,10903,0
2015-10-28,14:35:00,11,11,11,11,2,0
2015-10-28,14:45:00,10.99,10.99,10.99,10.99,122,0
2015-10-28,14:50:00,11,11,11,11,2500,0
2015-10-28,15:45:00,10.95,10.95,10.95,10.95,357,0
2015-10-28,15:55:00,10.99,11,10.99,11,230,0
2015-10-28,16:05:00,10.95,10.95,10.95,10.95,100,0
2015-10-28,16:15:00,10.95,10.95,10.95,10.95,900,0
2015-10-28,16:20:00,10.99,10.99,10.99,10.99,110,0
2015-10-28,16:30:00,11,11,11,11,201,0
2015-10-28,16:35:00,10.99,10.99,10.99,10.99,740,0
2015-10-28,16:45:00,10.97,11.06,10.97,11.06,10206,0
2015-10-28,16:50:00,10.99,10.99,10.99,10.99,715,0
2015-10-29,09:05:00,10.99,10.99,10.99,10.99,3297,0
2015-10-29,09:10:00,11,11,11,11,143,0
2015-10-29,09:15:00,11,11.06,11,11.06,3522,0
2015-10-29,09:20:00,11.08,11.12,11.08,11.12,4550,0
2015-10-29,09:25:00,11.12,11.12,11.12,11.12,1155,0
2015-10-29,09:30:00,11.11,11.11,11.11,11.11,13,0
2015-10-29,09:40:00,11.03,11.04,11,11,1240,0
2015-10-29,09:45:00,11,11,11,11,100,0
2015-10-29,09:50:00,10.98,10.98,10.98,10.98,1890,0
2015-10-29,09:55:00,10.99,10.99,10.96,10.96,6199,0
2015-10-29,10:00:00,11.02,11.02,10.94,10.94,201,0
2015-10-29,10:15:00,10.99,10.99,10.9,10.9,2896,0
2015-10-29,10:30:00,10.98,11.03,10.98,11.03,3050,0
2015-10-29,10:50:00,11.03,11.03,11.03,11.03,12,0
2015-10-29,10:55:00,11.03,11.03,11.03,11.03,1000,0
2015-10-29,11:00:00,11.05,11.05,11.05,11.05,624,0
2015-10-29,11:05:00,10.95,10.95,10.95,10.95,91,0
2015-10-29,11:20:00,11.05,11.05,11.05,11.05,20,0
2015-10-29,11:25:00,11.05,11.05,11.05,11.05,680,0
2015-10-29,11:30:00,11.05,11.05,11.05,11.05,320,0
2015-10-29,11:45:00,11.04,11.04,11.04,11.04,377,0
2015-10-29,12:10:00,10.97,10.97,10.97,10.97,10,0
2015-10-29,12:20:00,10.97,10.97,10.97,10.97,500,0
2015-10-29,12:30:00,10.97,10.97,10.97,10.97,40,0
2015-10-29,12:35:00,10.97,10.97,10.97,10.97,12,0
2015-10-29,12:40:00,10.97,10.97,10.97,10.97,47,0
2015-10-29,12:50:00,10.97,10.97,10.97,10.97,3875,0
2015-10-29,13:05:00,10.97,10.97,10.97,10.97,500,0
2015-10-29,13:10:00,10.97,10.97,10.97,10.97,200,0
2015-10-29,13:20:00,10.96,11,10.96,11,5767,0
2015-10-29,13:35:00,10.98,10.98,10.98,10.98,700,0
2015-10-29,13:45:00,11,11,11,11,1000,0
2015-10-29,14:15:00,11,11,11,11,50,0
2015-10-29,14:35:00,10.99,11,10.99,11,600,0
2015-10-29,14:40:00,11,11,11,11,180,0
2015-10-29,14:45:00,10.99,10.99,10.96,10.96,5427,0
2015-10-29,15:05:00,11,11,11,11,300,0
2015-10-29,15:10:00,11,11,11,11,168,0
2015-10-29,15:15:00,10.96,10.96,10.96,10.96,503,0
2015-10-29,15:25:00,10.96,10.96,10.96,10.96,651,0
2015-10-29,15:30:00,10.96,10.96,10.96,10.96,1000,0
2015-10-29,15:35:00,10.96,10.96,10.92,10.92,14200,0
2015-10-29,15:40:00,10.91,10.95,10.91,10.95,7187,0
2015-10-29,15:45:00,10.95,10.95,10.95,10.95,263,0
2015-10-29,15:50:00,10.92,10.92,10.92,10.92,100,0
2015-10-29,15:55:00,10.99,10.99,10.99,10.99,15000,0
2015-10-29,16:15:00,11,11,11,11,103,0
2015-10-29,16:20:00,11,11,11,11,200,0
2015-10-29,16:25:00,11,11,11,11,184,0
2015-10-29,16:40:00,10.99,10.99,10.99,10.99,10000,0
2015-10-29,16:45:00,10.93,10.93,10.93,10.93,99,0
2015-10-29,16:50:00,10.99,10.99,10.9,10.9,11002,0
2015-10-30,09:05:00,10.91,10.93,10.91,10.93,3172,0
2015-10-30,09:10:00,10.94,10.99,10.94,10.99,4900,0
2015-10-30,09:20:00,10.98,10.98,10.98,10.98,143,0
2015-10-30,09:25:00,10.98,10.99,10.95,10.95,4297,0
2015-10-30,09:30:00,11,11.02,11,11.02,6953,0
2015-10-30,09:35:00,11.02,11.04,11.02,11.04,839,0
2015-10-30,09:40:00,11.02,11.02,11.02,11.02,1414,0
2015-10-30,09:50:00,10.97,11.02,10.97,11.02,383,0
2015-10-30,10:00:00,11,11,11,11,300,0
2015-10-30,10:05:00,10.98,10.98,10.98,10.98,200,0
2015-10-30,10:25:00,11.01,11.01,11.01,11.01,120,0
2015-10-30,10:30:00,11.01,11.08,11.01,11.08,3672,0
2015-10-30,10:35:00,11.08,11.08,11.08,11.08,300,0
2015-10-30,10:40:00,11.06,11.06,11.04,11.04,1100,0
2015-10-30,10:45:00,11.05,11.06,11.04,11.04,273,0
2015-10-30,10:50:00,11.04,11.04,11.04,11.04,375,0
2015-10-30,10:55:00,11.03,11.03,11.03,11.03,600,0
2015-10-30,11:00:00,11.03,11.03,11.03,11.03,1330,0
2015-10-30,11:05:00,11.03,11.03,11.03,11.03,250,0
2015-10-30,11:10:00,11.02,11.02,11.02,11.02,517,0
2015-10-30,11:25:00,11.01,11.01,10.99,10.99,1000,0
2015-10-30,11:35:00,11.02,11.02,11,11,1230,0
2015-10-30,11:45:00,11,11,11,11,196,0
2015-10-30,12:00:00,10.99,11,10.99,11,7167,0
2015-10-30,12:25:00,11,11,11,11,307,0
2015-10-30,12:50:00,10.98,10.98,10.98,10.98,500,0
2015-10-30,12:55:00,11,11.03,11,11,5225,0
2015-10-30,13:00:00,11,11,11,11,270,0
2015-10-30,13:05:00,11,11.03,11,11.03,258,0
2015-10-30,13:10:00,11.03,11.05,11.03,11.05,2700,0
2015-10-30,13:25:00,10.98,10.98,10.98,10.98,3,0
2015-10-30,13:45:00,11.03,11.03,11.03,11.03,900,0
2015-10-30,13:50:00,11.03,11.03,11.03,11.03,100,0
2015-10-30,14:05:00,11,11,10.99,10.99,2000,0
2015-10-30,14:20:00,10.98,10.98,10.98,10.98,6373,0
2015-10-30,14:25:00,11,11,11,11,127,0
2015-10-30,14:40:00,10.98,10.98,10.98,10.98,347,0
2015-10-30,14:45:00,10.98,10.98,10.98,10.98,900,0
2015-10-30,14:50:00,10.98,10.98,10.98,10.98,194,0
2015-10-30,15:25:00,11,11,11,11,783,0
2015-10-30,15:30:00,11,11.03,11,11.03,4223,0
2015-10-30,15:50:00,11,11,11,11,660,0
2015-10-30,16:00:00,11,11,11,11,185,0
2015-10-30,16:05:00,11.02,11.05,11.02,11.04,4215,0
2015-10-30,16:10:00,11.04,11.04,11.04,11.04,605,0
2015-10-30,16:15:00,11.02,11.02,11.02,11.02,400,0
2015-10-30,16:35:00,11.02,11.02,11.02,11.02,200,0
2015-10-30,16:40:00,11.02,11.02,11.02,11.02,1900,0
2015-10-30,16:45:00,11.04,11.04,11.04,11.04,1621,0
2015-10-30,16:50:00,11.04,11.05,11.01,11.05,18856,0
2015-11-02,09:05:00,11.1,11.1,11.1,11.1,1044,0
2015-11-02,09:10:00,11.09,11.09,11.09,11.09,10,0
2015-11-02,09:30:00,11.09,11.09,11.09,11.09,210,0
2015-11-02,09:40:00,11.09,11.11,11.09,11.11,4626,0
2015-11-02,09:50:00,11.11,11.16,11.11,11.16,6123,0
2015-11-02,09:55:00,11.19,11.33,11.19,11.33,24604,0
2015-11-02,10:00:00,11.32,11.37,11.32,11.36,8376,0
2015-11-02,10:05:00,11.31,11.35,11.31,11.34,3268,0
2015-11-02,10:10:00,11.34,11.35,11.33,11.35,612,0
2015-11-02,10:15:00,11.32,11.33,11.26,11.27,13885,0
2015-11-02,10:20:00,11.33,11.33,11.33,11.33,45,0
2015-11-02,10:25:00,11.33,11.33,11.33,11.33,618,0
2015-11-02,10:30:00,11.34,11.44,11.34,11.43,19057,0
2015-11-02,10:35:00,11.43,11.43,11.4,11.4,1589,0
2015-11-02,10:40:00,11.44,11.6,11.43,11.6,27787,0
2015-11-02,10:45:00,11.55,11.6,11.55,11.59,11615,0
2015-11-02,10:50:00,11.58,11.62,11.58,11.58,2777,0
2015-11-02,10:55:00,11.58,11.58,11.52,11.52,785,0
2015-11-02,11:00:00,11.58,11.58,11.57,11.57,412,0
2015-11-02,11:05:00,11.57,11.59,11.51,11.51,2771,0
2015-11-02,11:10:00,11.51,11.51,11.51,11.51,1000,0
2015-11-02,11:15:00,11.57,11.58,11.57,11.58,4400,0
2015-11-02,11:20:00,11.58,11.59,11.58,11.58,3292,0
2015-11-02,11:25:00,11.58,11.58,11.55,11.55,1247,0
2015-11-02,11:30:00,11.51,11.52,11.51,11.51,3512,0
2015-11-02,11:35:00,11.54,11.55,11.54,11.55,1953,0
2015-11-02,11:40:00,11.55,11.59,11.55,11.59,9303,0
2015-11-02,11:45:00,11.57,11.58,11.57,11.57,800,0
2015-11-02,11:50:00,11.57,11.57,11.57,11.57,663,0
2015-11-02,11:55:00,11.55,11.55,11.55,11.55,400,0
2015-11-02,12:00:00,11.51,11.51,11.51,11.51,12,0
2015-11-02,12:05:00,11.51,11.54,11.51,11.54,1800,0
2015-11-02,12:10:00,11.54,11.54,11.54,11.54,624,0
2015-11-02,12:15:00,11.51,11.53,11.51,11.53,3200,0
2015-11-02,12:20:00,11.52,11.53,11.49,11.49,4610,0
2015-11-02,12:25:00,11.48,11.5,11.48,11.5,165,0
2015-11-02,12:30:00,11.5,11.5,11.5,11.5,134,0
2015-11-02,12:35:00,11.5,11.51,11.5,11.51,846,0
2015-11-02,12:40:00,11.51,11.65,11.51,11.65,25860,0
2015-11-02,12:45:00,11.65,11.67,11.6,11.6,4665,0
2015-11-02,12:50:00,11.6,11.65,11.6,11.65,895,0
2015-11-02,12:55:00,11.66,11.7,11.6,11.7,12761,0
2015-11-02,13:00:00,11.7,11.77,11.69,11.75,27059,0
2015-11-02,13:05:00,11.7,11.76,11.7,11.7,4498,0
2015-11-02,13:10:00,11.7,11.7,11.69,11.69,4100,0
2015-11-02,13:15:00,11.7,11.7,11.67,11.67,1209,0
2015-11-02,13:20:00,11.7,11.74,11.7,11.7,1411,0
2015-11-02,13:25:00,11.7,11.7,11.7,11.7,310,0
2015-11-02,13:30:00,11.7,11.7,11.69,11.7,1374,0
2015-11-02,13:35:00,11.67,11.67,11.67,11.67,490,0
2015-11-02,13:40:00,11.67,11.68,11.67,11.68,2541,0
2015-11-02,13:45:00,11.69,11.69,11.69,11.69,1490,0
2015-11-02,13:50:00,11.67,11.67,11.67,11.67,931,0
2015-11-02,13:55:00,11.66,11.66,11.66,11.66,100,0
2015-11-02,14:00:00,11.65,11.69,11.61,11.69,3904,0
2015-11-02,14:05:00,11.68,11.68,11.66,11.66,1180,0
2015-11-02,14:10:00,11.69,11.7,11.69,11.7,4992,0
2015-11-02,14:15:00,11.7,11.74,11.7,11.74,1398,0
2015-11-02,14:20:00,11.72,11.74,11.72,11.74,1581,0
2015-11-02,14:25:00,11.72,11.73,11.72,11.73,3227,0
2015-11-02,14:30:00,11.72,11.75,11.72,11.75,5961,0
2015-11-02,14:35:00,11.7,11.7,11.67,11.67,5324,0
2015-11-02,14:45:00,11.68,11.68,11.68,11.68,6,0
2015-11-02,14:50:00,11.68,11.68,11.68,11.68,1,0
2015-11-02,14:55:00,11.69,11.76,11.69,11.76,5555,0
2015-11-02,15:05:00,11.75,11.84,11.75,11.84,21393,0
2015-11-02,15:10:00,11.84,11.88,11.84,11.88,7774,0
2015-11-02,15:15:00,11.86,11.86,11.75,11.85,2437,0
2015-11-02,15:20:00,11.84,11.85,11.8,11.85,1172,0
2015-11-02,15:25:00,11.85,11.88,11.81,11.88,13946,0
2015-11-02,15:30:00,11.87,11.87,11.8,11.8,272,0
2015-11-02,15:35:00,11.8,11.88,11.8,11.88,8226,0
2015-11-02,15:40:00,11.88,11.88,11.82,11.86,1214,0
2015-11-02,15:45:00,11.8,11.85,11.8,11.8,2172,0
2015-11-02,15:50:00,11.8,11.85,11.8,11.82,3142,0
2015-11-02,15:55:00,11.82,11.85,11.82,11.85,5264,0
2015-11-02,16:00:00,11.86,11.86,11.81,11.81,2170,0
2015-11-02,16:05:00,11.81,11.81,11.8,11.8,3999,0
2015-11-02,16:10:00,11.8,11.8,11.8,11.8,1592,0
2015-11-02,16:15:00,11.74,11.85,11.74,11.85,1451,0
2015-11-02,16:20:00,11.84,11.84,11.84,11.84,50,0
2015-11-02,16:25:00,11.73,11.73,11.73,11.73,870,0
2015-11-02,16:30:00,11.8,11.8,11.8,11.8,750,0
2015-11-02,16:35:00,11.8,11.8,11.71,11.71,2562,0
2015-11-02,16:40:00,11.79,11.79,11.79,11.79,3920,0
2015-11-02,16:45:00,11.78,11.8,11.75,11.8,3754,0
2015-11-02,16:50:00,11.8,11.87,11.75,11.87,16818,0
2015-11-03,09:05:00,11.81,11.9,11.81,11.81,7213,0
2015-11-03,09:15:00,11.9,11.9,11.87,11.87,1407,0
2015-11-03,09:20:00,11.9,12,11.87,11.9,27914,0
2015-11-03,09:25:00,11.95,11.99,11.9,11.9,10412,0
2015-11-03,09:30:00,11.99,12,11.91,11.99,26303,0
2015-11-03,09:35:00,11.98,11.99,11.88,11.97,1761,0
2015-11-03,09:40:00,11.94,11.94,11.9,11.94,462,0
2015-11-03,09:45:00,11.92,11.97,11.92,11.97,8150,0
2015-11-03,09:50:00,11.97,12,11.92,12,7640,0
2015-11-03,09:55:00,11.98,12,11.97,12,1771,0
2015-11-03,10:00:00,11.99,11.99,11.99,11.99,1,0
2015-11-03,10:05:00,11.94,11.96,11.9,11.96,3509,0
2015-11-03,10:10:00,11.94,11.94,11.94,11.94,900,0
2015-11-03,10:15:00,11.94,11.94,11.94,11.94,256,0
2015-11-03,10:20:00,11.94,11.94,11.8,11.8,10153,0
2015-11-03,10:25:00,11.78,11.8,11.7,11.8,15003,0
2015-11-03,10:30:00,11.79,11.79,11.72,11.72,2524,0
2015-11-03,10:35:00,11.74,11.79,11.72,11.72,786,0
2015-11-03,10:40:00,11.76,11.76,11.61,11.67,12984,0
2015-11-03,10:45:00,11.63,11.72,11.62,11.72,12943,0
2015-11-03,10:50:00,11.69,11.69,11.65,11.65,1876,0
2015-11-03,10:55:00,11.68,11.68,11.68,11.68,101,0
2015-11-03,11:00:00,11.65,11.68,11.65,11.68,992,0
2015-11-03,11:05:00,11.66,11.69,11.65,11.69,1022,0
2015-11-03,11:10:00,11.65,11.66,11.64,11.64,2200,0
2015-11-03,11:15:00,11.64,11.64,11.64,11.64,90,0
2015-11-03,11:25:00,11.69,11.7,11.66,11.7,2313,0
2015-11-03,11:30:00,11.79,11.79,11.66,11.66,187,0
2015-11-03,11:40:00,11.78,11.8,11.78,11.8,1608,0
2015-11-03,11:45:00,11.71,11.71,11.71,11.71,45,0
2015-11-03,11:55:00,11.71,11.79,11.71,11.79,68,0
2015-11-03,12:05:00,11.79,11.79,11.79,11.79,590,0
2015-11-03,12:15:00,11.75,11.75,11.75,11.75,200,0
2015-11-03,12:20:00,11.75,11.75,11.66,11.71,6281,0
2015-11-03,12:25:00,11.7,11.7,11.7,11.7,441,0
2015-11-03,12:30:00,11.7,11.7,11.7,11.7,685,0
2015-11-03,12:35:00,11.7,11.77,11.7,11.77,459,0
2015-11-03,12:50:00,11.77,11.77,11.71,11.71,4247,0
2015-11-03,12:55:00,11.71,11.76,11.71,11.76,249,0
2015-11-03,13:05:00,11.75,11.75,11.7,11.75,770,0
2015-11-03,13:10:00,11.75,11.8,11.75,11.8,100,0
2015-11-03,13:15:00,11.79,11.84,11.79,11.84,550,0
2015-11-03,13:20:00,11.84,11.84,11.84,11.84,1200,0
2015-11-03,13:25:00,11.84,11.84,11.84,11.84,500,0
2015-11-03,13:30:00,11.84,11.85,11.84,11.85,854,0
2015-11-03,13:45:00,11.82,11.85,11.8,11.85,891,0
2015-11-03,13:50:00,11.84,11.87,11.8,11.87,2485,0
2015-11-03,13:55:00,11.87,11.88,11.87,11.88,1322,0
2015-11-03,14:00:00,11.87,11.87,11.87,11.87,500,0
2015-11-03,14:05:00,11.85,11.85,11.8,11.8,568,0
2015-11-03,14:10:00,11.8,11.8,11.8,11.8,1451,0
2015-11-03,14:20:00,11.73,11.73,11.73,11.73,60,0
2015-11-03,14:25:00,11.8,11.85,11.8,11.85,355,0
2015-11-03,14:45:00,11.8,11.8,11.8,11.8,500,0
2015-11-03,14:50:00,11.85,11.85,11.85,11.85,535,0
2015-11-03,14:55:00,11.86,11.86,11.85,11.85,1318,0
2015-11-03,15:05:00,11.86,11.88,11.85,11.88,740,0
2015-11-03,15:10:00,11.88,11.95,11.88,11.95,12576,0
2015-11-03,15:15:00,11.94,11.94,11.9,11.9,319,0
2015-11-03,15:20:00,11.91,11.91,11.9,11.9,2977,0
2015-11-03,15:30:00,11.9,11.94,11.9,11.94,8624,0
2015-11-03,15:35:00,11.95,11.95,11.95,11.95,3141,0
2015-11-03,15:40:00,11.94,11.94,11.94,11.94,1100,0
2015-11-03,15:45:00,11.94,11.94,11.91,11.91,6112,0
2015-11-03,15:55:00,11.94,11.95,11.91,11.91,2786,0
2015-11-03,16:00:00,11.95,11.96,11.95,11.95,286,0
2015-11-03,16:10:00,11.95,11.95,11.91,11.95,1359,0
2015-11-03,16:15:00,11.91,11.91,11.91,11.91,3999,0
2015-11-03,16:30:00,11.93,12,11.93,12,103757,0
2015-11-03,16:35:00,11.95,12.23,11.95,12.23,56737,0
2015-11-03,16:40:00,12.23,12.39,12.19,12.39,37841,0
2015-11-03,16:45:00,12.38,12.69,12.38,12.61,75857,0
2015-11-03,16:50:00,12.55,12.6,12.47,12.6,61178,0
2015-11-04,09:05:00,12.7,12.73,12.68,12.7,16975,0
2015-11-04,09:10:00,12.66,12.66,12.51,12.51,11917,0
2015-11-04,09:15:00,12.59,12.59,12.5,12.5,10725,0
2015-11-04,09:20:00,12.52,12.7,12.52,12.7,8448,0
2015-11-04,09:25:00,12.69,12.7,12.69,12.7,2147,0
2015-11-04,09:30:00,12.7,12.75,12.61,12.75,2479,0
2015-11-04,09:35:00,12.7,12.96,12.7,12.9,46702,0
2015-11-04,09:40:00,12.9,12.97,12.8,12.9,70812,0
2015-11-04,09:45:00,12.9,12.95,12.82,12.91,7376,0
2015-11-04,09:50:00,12.93,12.97,12.91,12.93,1658,0
2015-11-04,09:55:00,12.95,12.97,12.95,12.97,7064,0
2015-11-04,10:00:00,12.92,13.1,12.9,12.99,40339,0
2015-11-04,10:05:00,12.95,12.99,12.89,12.89,9626,0
2015-11-04,10:10:00,12.89,12.9,12.79,12.79,17422,0
2015-11-04,10:15:00,12.79,12.8,12.78,12.79,12520,0
2015-11-04,10:20:00,12.9,12.9,12.8,12.89,2447,0
2015-11-04,10:25:00,12.82,12.82,12.75,12.8,9522,0
2015-11-04,10:30:00,12.76,12.8,12.75,12.8,881,0
2015-11-04,10:35:00,12.73,12.73,12.6,12.65,9718,0
2015-11-04,10:40:00,12.61,12.7,12.6,12.6,1550,0
2015-11-04,10:45:00,12.68,12.68,12.58,12.58,4386,0
2015-11-04,10:50:00,12.57,12.68,12.57,12.67,2122,0
2015-11-04,10:55:00,12.67,12.68,12.67,12.68,715,0
2015-11-04,11:00:00,12.6,12.68,12.6,12.68,2940,0
2015-11-04,11:05:00,12.7,12.7,12.7,12.7,60,0
2015-11-04,11:10:00,12.68,12.76,12.68,12.76,3237,0
2015-11-04,11:20:00,12.7,12.7,12.7,12.7,629,0
2015-11-04,11:25:00,12.68,12.81,12.68,12.78,3035,0
2015-11-04,11:30:00,12.78,12.78,12.78,12.78,1018,0
2015-11-04,11:35:00,12.84,12.84,12.78,12.78,1832,0
2015-11-04,11:40:00,12.76,12.85,12.76,12.85,3529,0
2015-11-04,11:45:00,12.89,12.9,12.89,12.9,1870,0
2015-11-04,11:50:00,12.91,12.91,12.85,12.85,1700,0
2015-11-04,11:55:00,12.85,12.87,12.83,12.83,4168,0
2015-11-04,12:00:00,12.85,12.85,12.83,12.83,1035,0
2015-11-04,12:05:00,12.85,12.85,12.8,12.85,7180,0
2015-11-04,12:15:00,12.85,12.85,12.81,12.81,2770,0
2015-11-04,12:20:00,12.94,12.94,12.94,12.94,25,0
2015-11-04,12:25:00,12.85,12.96,12.85,12.96,2509,0
2015-11-04,12:30:00,12.98,13.13,12.98,13.13,17604,0
2015-11-04,12:35:00,12.97,12.97,12.88,12.88,2000,0
2015-11-04,12:40:00,13,13.1,13,13.09,4812,0
2015-11-04,12:45:00,13.1,13.13,13.1,13.1,2969,0
2015-11-04,12:50:00,13.1,13.13,13.07,13.07,12432,0
2015-11-04,12:55:00,13.09,13.13,13.01,13.13,7058,0
2015-11-04,13:05:00,13.16,13.22,12.91,13.03,34272,0
2015-11-04,13:10:00,13.02,13.19,12.97,13,27939,0
2015-11-04,13:15:00,13.08,13.12,13,13.1,9859,0
2015-11-04,13:20:00,12.97,13.12,12.97,13.04,5084,0
2015-11-04,13:25:00,13.12,13.13,13.1,13.12,9642,0
2015-11-04,13:30:00,13.16,13.18,13.16,13.18,1077,0
2015-11-04,13:35:00,13.14,13.18,13.06,13.15,3972,0
2015-11-04,13:40:00,13.1,13.17,13.1,13.17,1406,0
2015-11-04,13:45:00,13.16,13.16,13.15,13.16,1152,0
2015-11-04,13:50:00,13.13,13.16,13.13,13.13,1860,0
2015-11-04,13:55:00,13.06,13.1,13.06,13.1,4500,0
2015-11-04,14:00:00,13.15,13.15,13.08,13.08,1270,0
2015-11-04,14:05:00,13.16,13.18,13.15,13.18,5050,0
2015-11-04,14:10:00,13.15,13.17,13.11,13.11,1676,0
2015-11-04,14:15:00,13.11,13.17,13.11,13.17,400,0
2015-11-04,14:20:00,13.17,13.18,13.17,13.18,1006,0
2015-11-04,14:25:00,13.18,13.18,13.11,13.11,526,0
2015-11-04,14:30:00,13.11,13.11,13.11,13.11,1290,0
2015-11-04,14:35:00,13.12,13.17,13.11,13.17,1696,0
2015-11-04,14:40:00,13.17,13.19,13.17,13.19,6458,0
2015-11-04,14:45:00,13.2,13.42,13.2,13.4,50131,0
2015-11-04,14:50:00,13.4,13.47,13.4,13.47,6117,0
2015-11-04,14:55:00,13.48,13.49,13.4,13.49,2543,0
2015-11-04,15:00:00,13.45,13.47,13.31,13.39,3715,0
2015-11-04,15:05:00,13.39,13.47,13.33,13.44,9851,0
2015-11-04,15:10:00,13.35,13.43,13.34,13.4,1341,0
2015-11-04,15:15:00,13.4,13.43,13.4,13.43,1001,0
2015-11-04,15:20:00,13.42,13.43,13.35,13.42,2132,0
2015-11-04,15:25:00,13.42,13.43,13.35,13.42,3590,0
2015-11-04,15:30:00,13.4,13.4,13.4,13.4,50,0
2015-11-04,15:35:00,13.35,13.4,13.35,13.4,3442,0
2015-11-04,15:40:00,13.39,13.4,13.36,13.36,1207,0
2015-11-04,15:45:00,13.35,13.38,13.35,13.38,513,0
2015-11-04,15:50:00,13.38,13.39,13.29,13.29,5805,0
2015-11-04,15:55:00,13.29,13.33,13.29,13.29,2332,0
2015-11-04,16:00:00,13.32,13.32,13.2,13.23,17764,0
2015-11-04,16:05:00,13.21,13.21,13.14,13.14,7925,0
2015-11-04,16:10:00,13.22,13.32,13.22,13.3,5501,0
2015-11-04,16:15:00,13.33,13.39,13.3,13.3,2486,0
2015-11-04,16:20:00,13.22,13.22,13.12,13.15,13324,0
2015-11-04,16:25:00,13.15,13.15,13.1,13.1,2174,0
2015-11-04,16:30:00,13.1,13.1,13.06,13.06,5362,0
2015-11-04,16:35:00,13.08,13.08,13.06,13.07,3280,0
2015-11-04,16:40:00,13.16,13.23,13.15,13.23,9172,0
2015-11-04,16:45:00,13.23,13.23,13.06,13.06,15600,0
2015-11-04,16:50:00,13.2,13.2,13.09,13.2,29804,0
2015-11-05,09:05:00,13.02,13.24,13,13.17,12939,0
2015-11-05,09:10:00,13.2,13.2,13.17,13.2,544,0
2015-11-05,09:15:00,13.2,13.2,13.17,13.17,912,0
2015-11-05,09:20:00,13.17,13.2,13.17,13.2,1279,0
2015-11-05,09:25:00,13.17,13.17,13,13,34570,0
2015-11-05,09:30:00,13,13.1,13,13.1,2723,0
2015-11-05,09:35:00,13.01,13.07,13,13,4667,0
2015-11-05,09:40:00,13.01,13.07,13.01,13.07,1106,0
2015-11-05,09:45:00,13.07,13.17,13.07,13.17,4618,0
2015-11-05,09:50:00,13.16,13.17,13.16,13.17,6400,0
2015-11-05,09:55:00,13.17,13.35,13.17,13.35,8247,0
2015-11-05,10:00:00,13.35,13.46,13.35,13.38,16786,0
2015-11-05,10:05:00,13.41,13.45,13.38,13.4,14465,0
2015-11-05,10:10:00,13.4,13.41,13.4,13.4,1189,0
2015-11-05,10:15:00,13.44,13.74,13.44,13.59,53742,0
2015-11-05,10:20:00,13.59,13.6,13.5,13.5,9892,0
2015-11-05,10:25:00,13.5,13.57,13.5,13.5,19781,0
2015-11-05,10:30:00,13.55,13.59,13.55,13.59,1000,0
2015-11-05,10:35:00,13.59,13.6,13.51,13.51,6136,0
2015-11-05,10:45:00,13.52,13.59,13.5,13.5,6391,0
2015-11-05,10:50:00,13.52,13.55,13.5,13.5,2757,0
2015-11-05,10:55:00,13.51,13.59,13.5,13.5,1574,0
2015-11-05,11:00:00,13.51,13.58,13.51,13.51,5140,0
2015-11-05,11:05:00,13.52,13.57,13.51,13.52,1388,0
2015-11-05,11:10:00,13.52,13.58,13.51,13.51,3853,0
2015-11-05,11:15:00,13.52,13.52,13.41,13.41,21879,0
2015-11-05,11:20:00,13.41,13.75,13.39,13.51,237711,0
2015-11-05,11:25:00,13.52,13.75,13.52,13.72,2310,0
2015-11-05,11:30:00,13.71,13.73,13.61,13.73,11790,0
2015-11-05,11:35:00,13.7,13.72,13.7,13.72,2632,0
2015-11-05,11:40:00,13.72,13.72,13.69,13.72,829,0
2015-11-05,11:45:00,13.67,13.72,13.65,13.72,5564,0
2015-11-05,11:50:00,13.72,13.72,13.71,13.71,4203,0
2015-11-05,11:55:00,13.71,13.83,13.7,13.79,48981,0
2015-11-05,12:00:00,13.75,13.83,13.75,13.8,5124,0
2015-11-05,12:05:00,13.79,13.96,13.79,13.96,26743,0
2015-11-05,12:10:00,13.97,13.97,13.86,13.86,6142,0
2015-11-05,12:15:00,13.86,13.86,13.86,13.86,3465,0
2015-11-05,12:20:00,13.86,13.92,13.8,13.9,5343,0
2015-11-05,12:25:00,13.9,13.9,13.88,13.88,6604,0
2015-11-05,12:30:00,13.9,13.9,13.85,13.85,3286,0
2015-11-05,12:35:00,13.82,13.85,13.75,13.84,14739,0
2015-11-05,12:40:00,13.83,13.84,13.82,13.84,2081,0
2015-11-05,12:45:00,13.76,13.92,13.76,13.92,5127,0
2015-11-05,12:50:00,13.9,13.9,13.8,13.8,1038,0
2015-11-05,12:55:00,13.8,13.88,13.8,13.88,3104,0
2015-11-05,13:00:00,13.88,13.89,13.84,13.87,8219,0
2015-11-05,13:05:00,13.86,13.87,13.86,13.87,2986,0
2015-11-05,13:10:00,13.88,13.88,13.88,13.88,350,0
2015-11-05,13:15:00,13.88,13.9,13.84,13.84,3050,0
2015-11-05,13:25:00,13.88,13.88,13.8,13.88,994,0
2015-11-05,13:30:00,13.87,13.87,13.87,13.87,136,0
2015-11-05,13:35:00,13.87,13.87,13.85,13.85,5405,0
2015-11-05,13:40:00,13.85,13.9,13.85,13.9,985,0
2015-11-05,13:45:00,13.84,13.89,13.81,13.89,1077,0
2015-11-05,13:55:00,13.83,13.89,13.7,13.75,23483,0
2015-11-05,14:00:00,13.78,13.82,13.76,13.8,3052,0
2015-11-05,14:05:00,13.8,13.83,13.8,13.8,2319,0
2015-11-05,14:10:00,13.8,13.83,13.8,13.8,3873,0
2015-11-05,14:15:00,13.8,13.8,13.8,13.8,802,0
2015-11-05,14:20:00,13.8,13.8,13.8,13.8,246,0
2015-11-05,14:25:00,13.76,13.8,13.75,13.8,2965,0
2015-11-05,14:35:00,13.8,13.9,13.8,13.9,27100,0
2015-11-05,14:40:00,13.8,13.9,13.8,13.83,1250,0
2015-11-05,14:45:00,13.8,13.8,13.8,13.8,1000,0
2015-11-05,14:50:00,13.78,13.78,13.76,13.76,1525,0
2015-11-05,14:55:00,13.78,13.78,13.75,13.78,2480,0
2015-11-05,15:00:00,13.78,13.78,13.76,13.76,1067,0
2015-11-05,15:05:00,13.78,13.79,13.76,13.78,1011,0
2015-11-05,15:10:00,13.76,13.8,13.75,13.8,12591,0
2015-11-05,15:15:00,13.83,13.95,13.83,13.95,30833,0
2015-11-05,15:20:00,13.96,14.24,13.91,14.23,133264,0
2015-11-05,15:25:00,14.24,14.32,14.24,14.32,36288,0
2015-11-05,15:35:00,14.35,14.45,14.16,14.36,238900,0
2015-11-05,15:40:00,14.4,14.65,14.31,14.5,93615,0
2015-11-05,15:45:00,14.5,14.52,14.41,14.5,9565,0
2015-11-05,15:50:00,14.41,14.5,14.41,14.48,4126,0
2015-11-05,15:55:00,14.48,14.53,14.48,14.53,10215,0
2015-11-05,16:00:00,14.53,14.6,14.5,14.5,9158,0
2015-11-05,16:05:00,14.5,14.54,14.5,14.54,6270,0
2015-11-05,16:10:00,14.53,14.55,14.5,14.5,4630,0
2015-11-05,16:15:00,14.5,14.5,14.49,14.5,3500,0
2015-11-05,16:20:00,14.5,14.5,14.49,14.49,4083,0
2015-11-05,16:25:00,14.5,14.5,14.49,14.49,5042,0
2015-11-05,16:30:00,14.5,14.53,14.49,14.53,1356,0
2015-11-05,16:35:00,14.52,14.53,14.49,14.5,3236,0
2015-11-05,16:40:00,14.5,14.54,14.5,14.5,2023,0
2015-11-05,16:45:00,14.5,14.54,14.49,14.49,5280,0
2015-11-05,16:50:00,14.5,14.54,14.49,14.5,39414,0
2015-11-06,09:05:00,14.5,14.88,14.5,14.8,47235,0
2015-11-06,09:10:00,14.8,14.8,14.66,14.66,2520,0
2015-11-06,09:15:00,14.66,14.69,14.47,14.47,23379,0
2015-11-06,09:20:00,14.47,14.7,14.47,14.7,8521,0
2015-11-06,09:25:00,14.7,14.7,14.5,14.55,6042,0
2015-11-06,09:30:00,14.55,14.7,14.48,14.69,24921,0
2015-11-06,09:35:00,14.7,14.79,14.7,14.78,4635,0
2015-11-06,09:40:00,14.71,14.71,14.5,14.5,21652,0
2015-11-06,09:45:00,14.51,14.56,14.5,14.56,14088,0
2015-11-06,09:50:00,14.5,14.56,14.5,14.51,8884,0
2015-11-06,09:55:00,14.51,14.53,14.49,14.49,25092,0
2015-11-06,10:00:00,14.49,14.55,14.47,14.47,13348,0
2015-11-06,10:05:00,14.5,14.5,14.48,14.48,1030,0
2015-11-06,10:10:00,14.48,14.54,14.48,14.54,911,0
2015-11-06,10:15:00,14.54,14.54,14.5,14.52,4587,0
2015-11-06,10:20:00,14.52,14.54,14.5,14.5,4776,0
2015-11-06,10:25:00,14.5,14.52,14.5,14.51,2640,0
2015-11-06,10:30:00,14.54,14.54,14.47,14.47,939,0
2015-11-06,10:35:00,14.5,14.5,14.41,14.41,16637,0
2015-11-06,10:40:00,14.45,14.5,14.41,14.48,3471,0
2015-11-06,10:45:00,14.41,14.45,14.41,14.42,1388,0
2015-11-06,10:50:00,14.42,14.42,14.41,14.41,801,0
2015-11-06,10:55:00,14.41,14.45,14.4,14.4,11714,0
2015-11-06,11:00:00,14.4,14.4,14.31,14.31,3411,0
2015-11-06,11:05:00,14.39,14.4,14.31,14.31,3571,0
2015-11-06,11:10:00,14.4,14.4,14.32,14.32,3236,0
2015-11-06,11:15:00,14.31,14.37,14.31,14.33,5758,0
2015-11-06,11:20:00,14.33,14.45,14.31,14.45,16173,0
2015-11-06,11:25:00,14.45,14.45,14.23,14.23,8106,0
2015-11-06,11:30:00,14.23,14.39,14.21,14.21,6806,0
2015-11-06,11:35:00,14.21,14.33,14.21,14.22,7462,0
2015-11-06,11:40:00,14.22,14.3,14.22,14.23,1313,0
2015-11-06,11:45:00,14.23,14.3,14.21,14.21,8823,0
2015-11-06,11:50:00,14.3,14.3,14.21,14.22,3162,0
2015-11-06,11:55:00,14.25,14.3,14.22,14.22,1440,0
2015-11-06,12:00:00,14.22,14.25,14.22,14.22,988,0
2015-11-06,12:05:00,14.25,14.25,14.21,14.25,6126,0
2015-11-06,12:10:00,14.21,14.21,14.2,14.2,2760,0
2015-11-06,12:15:00,14.2,14.2,14.09,14.2,6895,0
2015-11-06,12:20:00,14.21,14.25,14.21,14.25,1021,0
2015-11-06,12:25:00,14.22,14.22,14.09,14.1,13023,0
2015-11-06,12:30:00,14.22,14.22,14.09,14.2,6932,0
2015-11-06,12:35:00,14.1,14.2,14.1,14.15,1385,0
2015-11-06,12:40:00,14.11,14.11,14.09,14.09,2913,0
2015-11-06,12:45:00,14.09,14.09,14.09,14.09,743,0
2015-11-06,12:50:00,14.09,14.15,14.06,14.06,6826,0
2015-11-06,12:55:00,14.05,14.05,14,14.01,15326,0
2015-11-06,13:00:00,14.03,14.03,14.02,14.02,926,0
2015-11-06,13:05:00,14.07,14.15,14.07,14.11,5414,0
2015-11-06,13:10:00,14.15,14.15,14.13,14.15,1293,0
2015-11-06,13:15:00,14.13,14.13,14,14.01,10159,0
2015-11-06,13:20:00,14.01,14.12,14,14.12,12799,0
2015-11-06,13:25:00,14.05,14.12,14.01,14.12,5635,0
2015-11-06,13:30:00,14.1,14.13,14.01,14.1,1989,0
2015-11-06,13:35:00,14.1,14.13,14.02,14.13,1038,0
2015-11-06,13:40:00,14.06,14.13,14.06,14.13,2074,0
2015-11-06,13:45:00,14.15,14.5,14.1,14.5,21537,0
2015-11-06,13:50:00,14.49,14.5,14.3,14.3,2801,0
2015-11-06,13:55:00,14.3,14.47,14.23,14.31,2316,0
2015-11-06,14:00:00,14.28,14.5,14.28,14.4,12522,0
2015-11-06,14:05:00,14.4,14.6,14.4,14.5,16695,0
2015-11-06,14:10:00,14.5,14.6,14.5,14.59,6077,0
2015-11-06,14:15:00,14.51,14.59,14.51,14.55,1195,0
2015-11-06,14:20:00,14.55,14.59,14.51,14.55,746,0
2015-11-06,14:25:00,14.59,14.59,14.5,14.5,3986,0
2015-11-06,14:30:00,14.5,14.5,14.42,14.42,7977,0
2015-11-06,14:40:00,14.42,14.42,14.42,14.42,2594,0
2015-11-06,14:45:00,14.42,14.49,14.42,14.49,364,0
2015-11-06,14:50:00,14.49,14.5,14.49,14.5,3352,0
2015-11-06,14:55:00,14.54,14.59,14.54,14.59,4667,0
2015-11-06,15:00:00,14.58,14.58,14.58,14.58,236,0
2015-11-06,15:05:00,14.58,14.58,14.5,14.5,1600,0
2015-11-06,15:10:00,14.58,14.58,14.58,14.58,248,0
2015-11-06,15:15:00,14.58,14.58,14.58,14.58,30,0
2015-11-06,15:20:00,14.57,14.58,14.57,14.58,1719,0
2015-11-06,15:25:00,14.55,14.55,14.5,14.5,1294,0
2015-11-06,15:30:00,14.5,14.5,14.5,14.5,126,0
2015-11-06,15:35:00,14.57,14.57,14.51,14.57,1200,0
2015-11-06,15:40:00,14.51,14.51,14.51,14.51,202,0
2015-11-06,15:45:00,14.51,14.51,14.5,14.5,16821,0
2015-11-06,15:50:00,14.52,14.57,14.52,14.57,224,0
2015-11-06,15:55:00,14.55,14.57,14.55,14.57,2840,0
2015-11-06,16:00:00,14.55,14.55,14.5,14.5,2696,0
2015-11-06,16:05:00,14.52,14.52,14.5,14.5,3736,0
2015-11-06,16:10:00,14.5,14.5,14.49,14.49,2736,0
2015-11-06,16:15:00,14.49,14.5,14.49,14.5,6384,0
2015-11-06,16:20:00,14.5,14.5,14.5,14.5,657,0
2015-11-06,16:25:00,14.5,14.5,14.5,14.5,625,0
2015-11-06,16:30:00,14.49,14.53,14.49,14.49,1833,0
2015-11-06,16:35:00,14.49,14.53,14.49,14.53,2796,0
2015-11-06,16:40:00,14.53,14.58,14.53,14.58,2913,0
2015-11-06,16:45:00,14.58,14.58,14.56,14.56,911,0
2015-11-06,16:50:00,14.56,14.56,14.51,14.51,5167,0
2015-11-09,09:05:00,14.58,14.58,14.51,14.58,10978,0
2015-11-09,09:10:00,14.58,14.58,14.5,14.55,6135,0
2015-11-09,09:15:00,14.58,14.58,14.51,14.58,3961,0
2015-11-09,09:20:00,14.58,14.58,14.51,14.55,5863,0
2015-11-09,09:25:00,14.51,14.51,14.47,14.47,1171,0
2015-11-09,09:30:00,14.47,14.47,14.47,14.47,1607,0
2015-11-09,09:35:00,14.47,14.5,14.47,14.47,1058,0
2015-11-09,09:40:00,14.5,14.53,14.5,14.53,663,0
2015-11-09,09:45:00,14.47,14.55,14.47,14.55,7149,0
2015-11-09,09:50:00,14.56,14.56,14.56,14.56,1377,0
2015-11-09,09:55:00,14.56,14.58,14.55,14.55,6466,0
2015-11-09,10:00:00,14.48,14.51,14.47,14.5,1762,0
2015-11-09,10:05:00,14.54,14.54,14.54,14.54,500,0
2015-11-09,10:10:00,14.5,14.5,14.47,14.47,3637,0
2015-11-09,10:15:00,14.5,14.5,14.5,14.5,350,0
2015-11-09,10:20:00,14.47,14.55,14.47,14.55,2216,0
2015-11-09,10:25:00,14.5,14.58,14.5,14.58,1348,0
2015-11-09,10:30:00,14.57,14.57,14.51,14.51,679,0
2015-11-09,10:35:00,14.57,14.57,14.57,14.57,120,0
2015-11-09,10:40:00,14.51,14.51,14.51,14.51,121,0
2015-11-09,10:45:00,14.51,14.51,14.51,14.51,130,0
2015-11-09,10:50:00,14.5,14.5,14.5,14.5,559,0
2015-11-09,10:55:00,14.5,14.5,14.5,14.5,699,0
2015-11-09,11:00:00,14.5,14.51,14.5,14.51,2574,0
2015-11-09,11:05:00,14.51,14.51,14.51,14.51,126,0
2015-11-09,11:10:00,14.55,14.55,14.51,14.55,117,0
2015-11-09,11:15:00,14.57,14.58,14.57,14.58,1569,0
2015-11-09,11:20:00,14.52,14.58,14.5,14.58,1315,0
2015-11-09,11:25:00,14.58,14.58,14.55,14.55,818,0
2015-11-09,11:30:00,14.58,14.58,14.58,14.58,607,0
2015-11-09,11:35:00,14.56,14.56,14.56,14.56,100,0
2015-11-09,11:40:00,14.55,14.58,14.55,14.55,5051,0
2015-11-09,11:45:00,14.58,14.58,14.58,14.58,31,0
2015-11-09,11:50:00,14.58,14.65,14.58,14.65,1864,0
2015-11-09,11:55:00,14.68,14.87,14.55,14.6,11353,0
2015-11-09,12:00:00,14.6,14.67,14.56,14.67,1313,0
2015-11-09,12:05:00,14.56,14.56,14.56,14.56,220,0
2015-11-09,12:10:00,14.62,14.62,14.6,14.6,247,0
2015-11-09,12:15:00,14.63,14.65,14.63,14.65,1480,0
2015-11-09,12:20:00,14.65,14.65,14.65,14.65,1100,0
2015-11-09,12:25:00,14.62,14.65,14.62,14.65,520,0
2015-11-09,12:30:00,14.65,14.77,14.6,14.77,2222,0
2015-11-09,12:35:00,14.63,14.8,14.6,14.7,6582,0
2015-11-09,12:40:00,14.7,14.7,14.7,14.7,645,0
2015-11-09,12:45:00,14.79,14.8,14.79,14.8,6072,0
2015-11-09,12:50:00,14.8,14.8,14.8,14.8,1319,0
2015-11-09,12:55:00,14.72,14.72,14.72,14.72,70,0
2015-11-09,13:00:00,14.79,14.79,14.72,14.79,1953,0
2015-11-09,13:05:00,14.8,14.8,14.63,14.63,2839,0
2015-11-09,13:10:00,14.79,14.79,14.61,14.62,1618,0
2015-11-09,13:15:00,14.79,14.79,14.79,14.79,1354,0
2015-11-09,13:25:00,14.7,14.75,14.7,14.75,159,0
2015-11-09,13:30:00,14.75,14.75,14.75,14.75,500,0
2015-11-09,13:40:00,14.73,14.73,14.73,14.73,32,0
2015-11-09,13:45:00,14.75,14.75,14.75,14.75,67,0
2015-11-09,13:55:00,14.73,14.73,14.7,14.7,51,0
2015-11-09,14:05:00,14.7,14.73,14.64,14.73,401,0
2015-11-09,14:15:00,14.7,14.7,14.7,14.7,120,0
2015-11-09,14:20:00,14.66,14.73,14.66,14.73,747,0
2015-11-09,14:25:00,14.73,14.73,14.73,14.73,130,0
2015-11-09,14:30:00,14.66,14.66,14.64,14.64,450,0
2015-11-09,14:35:00,14.64,14.64,14.64,14.64,38,0
2015-11-09,14:40:00,14.73,14.75,14.73,14.75,4148,0
2015-11-09,14:45:00,14.75,14.78,14.75,14.76,14049,0
2015-11-09,14:50:00,14.78,14.78,14.76,14.78,458,0
2015-11-09,14:55:00,14.76,14.79,14.75,14.78,5020,0
2015-11-09,15:00:00,14.79,14.85,14.79,14.85,14786,0
2015-11-09,15:05:00,14.85,14.85,14.85,14.85,998,0
2015-11-09,15:10:00,14.87,14.87,14.87,14.87,632,0
2015-11-09,15:20:00,14.87,14.94,14.87,14.94,14508,0
2015-11-09,15:25:00,14.94,14.98,14.93,14.93,28861,0
2015-11-09,15:30:00,14.93,15.08,14.93,15.05,65178,0
2015-11-09,15:35:00,15.07,15.08,15,15,8321,0
2015-11-09,15:40:00,15,15.23,14.99,15.2,35957,0
2015-11-09,15:45:00,15.2,15.23,15.15,15.15,5831,0
2015-11-09,15:50:00,15.13,15.23,15.1,15.23,9549,0
2015-11-09,15:55:00,15.21,15.23,15.15,15.23,4216,0
2015-11-09,16:00:00,15.23,15.3,15.23,15.3,7560,0
2015-11-09,16:05:00,15.3,15.45,15.3,15.45,8677,0
2015-11-09,16:10:00,15.45,15.5,15.45,15.48,9317,0
2015-11-09,16:15:00,15.45,15.45,15.33,15.35,8344,0
2015-11-09,16:20:00,15.33,15.35,15.21,15.24,32249,0
2015-11-09,16:25:00,15.25,15.3,15.25,15.3,2278,0
2015-11-09,16:30:00,15.3,15.48,15.3,15.48,6700,0
2015-11-09,16:35:00,15.4,15.4,15.26,15.26,3030,0
2015-11-09,16:40:00,15.27,15.3,15.27,15.27,501,0
2015-11-09,16:45:00,15.3,15.39,15.3,15.39,2754,0
2015-11-09,16:50:00,15.4,15.45,15.3,15.3,15143,0
2015-11-10,09:05:00,15.4,15.9,15.4,15.9,94565,0
2015-11-10,09:10:00,15.9,15.9,15.85,15.87,33898,0
2015-11-10,09:15:00,15.85,15.87,15.53,15.6,27578,0
2015-11-10,09:20:00,15.52,15.7,15.47,15.55,14203,0
2015-11-10,09:25:00,15.69,15.83,15.69,15.83,22541,0
2015-11-10,09:30:00,15.83,15.84,15.71,15.77,8991,0
2015-11-10,09:35:00,15.78,15.79,15.73,15.79,10574,0
2015-11-10,09:40:00,15.79,15.79,15.75,15.79,12399,0
2015-11-10,09:45:00,15.75,15.79,15.7,15.79,8264,0
2015-11-10,09:50:00,15.78,15.79,15.77,15.77,8167,0
2015-11-10,09:55:00,15.77,15.77,15.77,15.77,2000,0
2015-11-10,10:00:00,15.72,15.72,15.62,15.65,11937,0
2015-11-10,10:05:00,15.65,15.8,15.65,15.8,5860,0
2015-11-10,10:10:00,15.8,15.85,15.79,15.85,18888,0
2015-11-10,10:15:00,15.85,15.87,15.81,15.87,6606,0
2015-11-10,10:20:00,15.87,15.87,15.82,15.85,729,0
2015-11-10,10:25:00,15.85,15.86,15.85,15.85,4889,0
2015-11-10,10:30:00,15.85,15.88,15.81,15.88,15199,0
2015-11-10,10:35:00,15.88,15.94,15.88,15.94,29032,0
2015-11-10,10:40:00,15.93,16.15,15.91,16.15,58098,0
2015-11-10,10:45:00,16.15,16.19,16.01,16.18,40372,0
2015-11-10,10:50:00,16.18,16.35,16.18,16.34,61169,0
2015-11-10,10:55:00,16.34,16.38,16.22,16.25,6668,0
2015-11-10,11:00:00,16.3,16.4,16.3,16.4,10579,0
2015-11-10,11:05:00,16.39,16.4,16.35,16.39,4369,0
2015-11-10,11:10:00,16.4,16.4,16.02,16.02,18375,0
2015-11-10,11:15:00,16.15,16.23,16.15,16.23,4090,0
2015-11-10,11:20:00,16.23,16.3,16.2,16.3,10772,0
2015-11-10,11:25:00,16.29,16.3,16.2,16.25,15034,0
2015-11-10,11:30:00,16.25,16.28,16.22,16.25,985,0
2015-11-10,11:35:00,16.25,16.25,16.22,16.22,2069,0
2015-11-10,11:40:00,16.22,16.22,16.15,16.22,4878,0
2015-11-10,11:45:00,16.22,16.29,16.22,16.22,2565,0
2015-11-10,11:50:00,16.25,16.3,16.24,16.3,4533,0
2015-11-10,11:55:00,16.35,16.4,16.33,16.39,5763,0
2015-11-10,12:00:00,16.39,16.4,16.35,16.38,9167,0
2015-11-10,12:05:00,16.4,16.4,16.36,16.36,3216,0
2015-11-10,12:10:00,16.36,16.4,16.36,16.39,2971,0
2015-11-10,12:15:00,16.39,16.4,16.39,16.4,2012,0
2015-11-10,12:20:00,16.4,16.48,16.4,16.44,15531,0
2015-11-10,12:25:00,16.47,16.7,16.47,16.66,67672,0
2015-11-10,12:30:00,16.73,16.9,16.73,16.9,40631,0
2015-11-10,12:35:00,16.9,16.9,16.81,16.89,32701,0
2015-11-10,12:40:00,16.85,16.9,16.85,16.9,32233,0
2015-11-10,12:45:00,16.9,16.94,16.82,16.94,24587,0
2015-11-10,12:50:00,16.94,16.94,16.93,16.93,7340,0
2015-11-10,13:00:00,16.9,16.92,16.9,16.92,20816,0
2015-11-10,13:25:00,16.93,16.94,16.91,16.91,42227,0
2015-11-10,13:30:00,16.93,16.94,16.93,16.93,4359,0
2015-11-10,13:35:00,16.99,17.1,16.93,17.1,49868,0
2015-11-10,13:40:00,17.1,17.15,17.05,17.15,11135,0
2015-11-10,13:45:00,17.15,17.15,17,17,4349,0
2015-11-10,13:50:00,17,17.1,16.99,17.1,10487,0
2015-11-10,13:55:00,17.12,17.12,17.05,17.12,4644,0
2015-11-10,14:00:00,17.12,17.3,17.12,17.3,16857,0
2015-11-10,14:05:00,17.3,17.35,17.21,17.25,4374,0
2015-11-10,14:10:00,17.21,17.3,17.17,17.17,22788,0
2015-11-10,14:15:00,17.16,17.19,17.05,17.06,6121,0
2015-11-10,14:20:00,17.1,17.1,17,17,7283,0
2015-11-10,14:25:00,17.1,17.1,16.99,17.05,4666,0
2015-11-10,14:30:00,17.1,17.1,17,17,2281,0
2015-11-10,14:35:00,17,17,16.99,17,3395,0
2015-11-10,14:40:00,16.99,17,16.99,16.99,15126,0
2015-11-10,14:45:00,17,17,16.93,16.93,17571,0
2015-11-10,14:50:00,16.93,16.95,16.93,16.93,14312,0
2015-11-10,14:55:00,16.93,17,16.93,17,9674,0
2015-11-10,15:00:00,16.99,17,16.95,17,4062,0
2015-11-10,15:05:00,17,17,16.95,16.96,3798,0
2015-11-10,15:10:00,16.99,16.99,16.51,16.78,32702,0
2015-11-10,15:15:00,16.6,16.78,15.3,15.3,103692,0
2015-11-10,15:30:00,15.1,15.1,14.51,14.95,57445,0
2015-11-10,15:35:00,14.8,14.97,14.22,14.5,77442,0
2015-11-10,15:40:00,14.3,14.5,14.26,14.4,35906,0
2015-11-10,15:45:00,14.45,14.94,14.35,14.7,47777,0
2015-11-10,15:50:00,14.7,14.7,14.41,14.46,11877,0
2015-11-10,15:55:00,14.52,14.66,14.5,14.6,9628,0
2015-11-10,16:00:00,14.6,14.95,14.6,14.95,15059,0
2015-11-10,16:05:00,14.95,15.11,14.7,14.8,15434,0
2015-11-10,16:10:00,14.8,14.8,14.5,14.7,8938,0
2015-11-10,16:15:00,14.75,14.77,14.65,14.75,6079,0
2015-11-10,16:20:00,14.73,14.73,14.35,14.44,62307,0
2015-11-10,16:25:00,14.44,14.73,14.35,14.59,18587,0
2015-11-10,16:30:00,14.59,14.69,14.47,14.65,6569,0
2015-11-10,16:35:00,14.65,14.67,14.48,14.54,28550,0
2015-11-10,16:40:00,14.54,14.54,14.45,14.47,37730,0
2015-11-10,16:45:00,14.5,14.55,14.48,14.5,24026,0
2015-11-10,16:50:00,14.5,14.58,14.48,14.5,123239,0
