Date,Time,Open,High,Low,Close,Volume,OpenInt
2014-04-30,09:25:00,56.09,56.09,55.3,55.3,26029,0
2014-04-30,09:50:00,55.69,55.69,55.69,55.69,24000,0
2014-04-30,10:15:00,56.47,56.47,56.47,56.47,400,0
2014-04-30,10:50:00,55.64,55.64,55.64,55.64,200,0
2014-04-30,11:05:00,54.96,54.96,54.96,54.96,50000,0
2014-04-30,11:30:00,55.38,55.38,55.38,55.38,3,0
2014-04-30,11:35:00,55.38,55.38,55.38,55.38,12,0
2014-04-30,15:05:00,56.17,56.17,55.8,55.8,1663,0
2014-05-02,12:35:00,55.75,55.75,55.75,55.75,30,0
2014-05-06,09:15:00,57,57,57,57,11,0
2014-05-06,12:40:00,58.05,58.05,58.05,58.05,9,0
2014-05-06,16:50:00,58.1,58.1,58.1,58.1,8600,0
2014-05-07,16:50:00,56.85,56.85,56.85,56.85,5000,0
2014-05-08,10:00:00,56.9,56.9,56.9,56.9,500,0
2014-05-08,16:20:00,56.5,56.5,56.5,56.5,200,0
2014-05-08,16:50:00,55.77,55.77,55.77,55.77,150,0
2014-05-09,14:30:00,55.71,55.71,55.71,55.71,35,0
2014-05-12,11:40:00,56,56,56,56,15,0
2014-05-12,14:50:00,55.71,55.71,55.71,55.71,487,0
2014-05-13,11:35:00,55.54,55.54,55.54,55.54,20,0
2014-05-14,09:40:00,55.54,55.54,55.54,55.54,12,0
2014-05-15,09:05:00,55,55,55,55,5,0
2014-05-15,15:20:00,55.5,55.54,55.5,55.54,143,0
2014-05-19,13:40:00,56.2,56.2,56.2,56.2,400,0
2014-05-22,09:40:00,56.2,56.2,56.2,56.2,6,0
2014-05-22,11:00:00,56.52,56.52,56.52,56.52,7,0
2014-05-22,13:45:00,57,57,57,57,175,0
2014-05-22,14:50:00,57.57,57.57,57.57,57.57,275,0
2014-05-22,16:50:00,58,58,58,58,32,0
2014-05-23,16:50:00,58,58,58,58,19,0
2014-05-26,11:45:00,57.7,57.7,57.7,57.7,21729,0
2014-05-27,09:55:00,58,58,58,58,5,0
2014-05-27,10:00:00,58.01,58.01,58.01,58.01,50,0
2014-05-27,11:30:00,58.11,58.11,58.11,58.11,20,0
2014-05-27,16:50:00,58.33,58.33,58.33,58.33,3800,0
2014-06-03,14:30:00,56.75,56.75,53.18,56.43,31500,0
2014-06-04,10:25:00,56.67,56.67,53.01,53.01,10500,0
2014-06-04,15:20:00,56.47,56.5,56.47,56.5,5571,0
2014-06-06,16:00:00,58.2,58.2,58.2,58.2,475,0
2014-06-09,09:05:00,57.7,57.7,57.7,57.7,16,0
2014-06-10,16:25:00,58.21,58.21,58.21,58.21,5400,0
2014-06-11,10:30:00,58.22,58.22,58.22,58.22,7,0
2014-06-11,11:40:00,58.8,58.8,58.8,58.8,7000,0
2014-06-11,13:25:00,58.29,58.29,58.29,58.29,6,0
2014-06-11,16:45:00,58.88,58.88,58.88,58.88,3100,0
2014-06-12,09:05:00,55.94,55.94,55.94,55.94,9,0
2014-06-12,11:25:00,57.91,57.91,57.91,57.91,3,0
2014-06-16,11:10:00,58.09,58.09,58.09,58.09,6,0
2014-06-16,15:50:00,58.09,58.09,58.09,58.09,500,0
2014-06-16,16:15:00,58.87,59,58.87,59,930,0
2014-06-16,16:45:00,58.94,58.94,58.94,58.94,7250,0
2014-06-17,15:25:00,58.3,58.3,58.3,58.3,50,0
2014-06-18,15:45:00,57.9,57.9,57.53,57.53,18,0
2014-06-18,16:45:00,58,58,58,58,500,0
2014-06-20,09:50:00,57.73,57.73,57.73,57.73,12,0
2014-06-20,14:20:00,58.3,58.3,58.3,58.3,125,0
2014-06-20,14:30:00,58.3,58.3,58.3,58.3,125,0
2014-06-20,14:50:00,58.3,58.3,58.3,58.3,125,0
2014-06-20,15:00:00,58.3,58.3,58.3,58.3,75,0
2014-06-20,15:05:00,59.1,59.1,59.1,59.1,20050,0
2014-06-20,15:20:00,59.38,59.38,59.38,59.38,125,0
2014-06-20,15:30:00,59.35,59.46,59.35,59.46,125,0
2014-06-20,15:45:00,59.43,59.43,59.43,59.43,125,0
2014-06-20,15:55:00,59.42,59.42,59.42,59.42,125,0
2014-06-20,16:05:00,59.42,59.42,59.42,59.42,125,0
2014-06-20,16:10:00,59.47,59.47,59.47,59.47,15000,0
2014-06-20,16:15:00,59.5,59.5,59.5,59.5,125,0
2014-06-20,16:35:00,59.5,59.84,59.5,59.84,125,0
2014-06-20,16:40:00,59.78,59.78,59.78,59.78,10000,0
2014-06-20,16:45:00,59.9,59.97,59.9,59.97,5125,0
2014-06-20,16:50:00,60.34,60.34,60.34,60.34,500,0
2014-06-23,11:40:00,59.29,59.29,59.29,59.29,8100,0
2014-06-23,14:20:00,59,59,58.92,58.92,228,0
2014-06-23,16:50:00,59.2,59.2,59.2,59.2,10,0
2014-06-24,09:10:00,59.68,59.68,59.68,59.68,5,0
2014-06-24,16:05:00,59.62,59.65,59.62,59.65,10,0
2014-06-25,09:45:00,59.93,59.93,59.93,59.93,4,0
2014-06-26,09:05:00,60.85,60.85,60.85,60.85,5,0
2014-06-26,10:25:00,59.65,59.65,59.65,59.65,1990,0
2014-06-26,12:00:00,59,59.82,59,59.82,45,0
2014-06-26,12:05:00,60.9,60.9,60.9,60.9,7,0
2014-06-26,15:30:00,59.65,59.65,59.65,59.65,500,0
2014-06-26,15:40:00,59.7,59.7,59.7,59.7,22,0
2014-06-26,15:45:00,59.7,59.7,59.7,59.7,1300,0
2014-06-26,16:50:00,59.7,59.7,59.7,59.7,7,0
2014-06-27,09:05:00,60.9,60.9,60.9,60.9,3,0
2014-06-27,10:35:00,59.85,59.85,59.85,59.85,1,0
2014-06-27,16:50:00,60.12,60.12,60.12,60.12,10,0
2014-06-30,10:55:00,59.7,60,59.7,60,8763,0
2014-06-30,16:50:00,59.3,59.3,59.3,59.3,500,0
2014-07-01,10:30:00,58.8,58.8,58.8,58.8,5500,0
2014-07-04,14:40:00,60,60,60,60,60,0
2014-07-04,16:15:00,60,60,60,60,420,0
2014-07-07,10:40:00,59.4,59.4,59.4,59.4,4,0
2014-07-08,09:50:00,58.89,58.89,58.89,58.89,200,0
2014-07-08,14:35:00,58.59,58.59,58.59,58.59,400,0
2014-07-09,11:35:00,58.45,58.45,58.45,58.45,380,0
2014-07-09,14:00:00,59.65,59.65,59.65,59.65,380,0
2014-07-10,16:50:00,58.57,58.57,58.57,58.57,30,0
2014-07-11,09:10:00,58.5,58.5,58.5,58.5,1400,0
2014-07-11,09:15:00,58.5,58.5,58.5,58.5,90,0
2014-07-11,09:30:00,58.53,58.53,58.45,58.45,7000,0
2014-07-11,15:10:00,58.3,58.3,58.3,58.3,555,0
2014-07-11,16:45:00,58.57,58.57,58.57,58.57,26000,0
2014-07-14,15:35:00,58.3,58.3,58.3,58.3,400,0
2014-07-14,16:50:00,58.41,58.41,58.41,58.41,30000,0
2014-07-15,12:00:00,58.12,58.12,58.12,58.12,160,0
2014-07-15,14:10:00,58.2,58.2,58.2,58.2,1001,0
2014-07-15,15:45:00,58.04,58.04,58.04,58.04,360,0
2014-07-15,16:40:00,58.55,58.55,58.55,58.55,15000,0
2014-07-15,16:50:00,58.55,58.55,58.55,58.55,5000,0
2014-07-16,13:10:00,58.5,58.5,58.5,58.5,200,0
2014-07-16,14:55:00,58.5,58.59,58.5,58.59,328,0
2014-07-16,16:35:00,58.64,58.64,58.64,58.64,10195,0
2014-07-17,10:15:00,58.32,58.32,58.32,58.32,300,0
2014-07-17,12:05:00,59.5,61,59.5,61,413,0
2014-07-18,09:05:00,55.04,55.04,55.04,55.04,1,0
2014-07-18,09:55:00,59.26,59.26,59.26,59.26,200,0
2014-07-18,13:15:00,59,59,59,59,200,0
2014-07-18,13:20:00,59,59.02,59,59.02,286,0
2014-07-21,10:45:00,58.79,58.79,58.79,58.79,500,0
2014-07-21,14:10:00,59,59,59,59,300,0
2014-07-22,09:30:00,59,59,59,59,141,0
2014-07-22,10:35:00,58.98,59.2,58.98,59.2,500,0
2014-07-22,10:50:00,58.98,58.98,58.98,58.98,100,0
2014-07-23,10:00:00,58.63,58.63,58.63,58.63,250,0
2014-07-23,10:55:00,59.32,59.32,59.32,59.32,300,0
2014-07-24,14:40:00,60.01,60.01,60.01,60.01,256,0
2014-07-25,10:10:00,60.5,60.5,60.5,60.5,300,0
2014-07-25,10:25:00,60.46,60.46,60.46,60.46,23,0
2014-07-25,11:15:00,60.41,60.41,60.41,60.41,400,0
2014-07-28,09:05:00,56.51,56.51,56.51,56.51,3,0
2014-07-28,09:10:00,59.92,59.92,59.92,59.92,3,0
2014-07-31,09:05:00,56.92,56.92,56.92,56.92,22,0
2014-07-31,15:45:00,59.73,59.73,59.71,59.71,2250,0
2014-07-31,16:50:00,60,60,60,60,77,0
2014-08-01,16:50:00,59.14,59.14,59.14,59.14,900,0
2014-08-05,12:10:00,60.85,60.85,60.85,60.85,1000,0
2014-08-05,12:25:00,58.82,58.82,58.82,58.82,7,0
2014-08-05,16:25:00,58.82,58.82,58.67,58.67,2120,0
2014-08-14,10:40:00,58.59,58.59,58.59,58.59,3,0
2014-08-18,09:15:00,58.59,58.59,58.59,58.59,1,0
2014-08-21,11:45:00,59.81,59.81,59.81,59.81,31,0
2014-08-22,09:10:00,60,60,60,60,7,0
2014-08-22,11:30:00,60.1,60.1,60.1,60.1,45,0
2014-08-27,16:30:00,60.8,60.8,60.8,60.8,225,0
2014-08-27,16:35:00,60.9,60.9,60.9,60.9,500,0
2014-08-28,10:50:00,61.38,61.38,61.38,61.38,17,0
2014-08-28,16:50:00,62.1,62.1,62.1,62.1,190,0
2014-09-01,11:35:00,63,63,63,63,1,0
2014-09-02,10:00:00,63.14,63.14,63.14,63.14,1540,0
2014-09-02,13:30:00,63.58,63.58,63.58,63.58,981,0
2014-09-04,16:50:00,62.25,62.25,62.25,62.25,9000,0
2014-09-08,09:05:00,62,62,62,62,3,0
2014-09-08,10:30:00,62.39,62.39,62.39,62.39,9,0
2014-09-11,09:45:00,64.11,64.11,64.11,64.11,1900,0
2014-09-15,10:45:00,61.92,61.92,61.92,61.92,1,0
2014-09-18,13:50:00,62,62,62,62,44,0
2014-09-19,15:05:00,63.2,63.2,63.2,63.2,20000,0
2014-09-19,16:30:00,63.19,63.19,63.19,63.19,3500,0
2014-09-19,16:35:00,63.1,63.1,63.1,63.1,1000,0
2014-09-19,16:45:00,63.1,63.1,63.1,63.1,2000,0
2014-09-19,16:50:00,63.7,63.7,63.7,63.7,3500,0
2014-09-22,16:50:00,63.76,63.76,63.76,63.76,365,0
2014-09-23,13:50:00,62.6,62.6,62.6,62.6,22,0
2014-09-25,09:10:00,62,62,62,62,1,0
2014-09-25,10:20:00,62.26,62.26,62.26,62.26,2,0
2014-09-25,10:25:00,63.43,63.43,63.43,63.43,1,0
2014-09-25,11:35:00,63,63,63,63,2178,0
2014-09-25,15:25:00,62.5,62.5,62.5,62.5,3465,0
2014-09-25,16:50:00,62.5,62.5,62.5,62.5,22,0
2014-09-26,16:50:00,63,63,63,63,355,0
2014-09-30,09:30:00,63,63.76,63,63.76,39,0
2014-09-30,10:50:00,64.05,64.05,64.05,64.05,7,0
2014-09-30,12:45:00,64.1,64.1,64.1,64.1,1,0
2014-09-30,14:05:00,64.7,64.7,64.7,64.7,1160,0
2014-10-06,11:30:00,63.92,63.92,63.92,63.92,37,0
2014-10-08,16:45:00,63.8,63.89,63.8,63.89,3000,0
2014-10-09,10:25:00,63.75,63.75,63.75,63.75,500,0
2014-10-13,16:25:00,64.65,64.65,64.65,64.65,8255,0
2014-10-14,09:10:00,64.34,64.34,64.34,64.34,50,0
2014-10-14,13:10:00,64.2,64.2,64.2,64.2,3700,0
2014-10-14,16:50:00,64.2,64.2,64.2,64.2,70,0
2014-10-16,12:55:00,60.49,60.49,60.49,60.49,1000,0
2014-10-16,14:00:00,59.66,59.66,59.66,59.66,50,0
2014-10-16,15:50:00,60.64,60.64,60.64,60.64,1000,0
2014-10-20,14:00:00,60.24,60.24,60.24,60.24,1,0
2014-10-20,16:45:00,60.04,60.04,60.04,60.04,11,0
2014-10-22,13:00:00,60.6,60.6,60.6,60.6,3,0
2014-11-06,09:05:00,60.6,60.6,60.6,60.6,4,0
2014-11-06,13:45:00,63,63,63,63,119,0
2014-11-13,09:05:00,57,57,57,57,3,0
2014-11-13,09:25:00,62.6,62.6,62.6,62.6,3,0
2014-11-18,10:10:00,62.72,62.72,62.72,62.72,3,0
2014-11-20,11:15:00,62.8,62.8,62.8,62.8,12,0
2014-11-25,15:45:00,62.8,62.8,62.8,62.8,2,0
2014-11-26,14:45:00,62.5,62.5,62.5,62.5,3,0
2014-11-27,13:30:00,62.81,62.81,62.81,62.81,3,0
2014-11-27,14:15:00,62.83,62.83,62.83,62.83,50,0
2014-12-02,16:50:00,65.02,65.02,65.02,65.02,683,0
2014-12-03,11:05:00,66,66,66,66,70,0
2014-12-03,14:05:00,66.73,66.73,66.73,66.73,24,0
2014-12-05,11:15:00,65.38,65.38,65.38,65.38,1,0
2014-12-05,12:20:00,65.23,65.23,65.23,65.23,16,0
2014-12-08,11:35:00,61.01,61.01,61.01,61.01,1,0
2014-12-09,09:05:00,60.11,65.26,60.11,65.26,17,0
2014-12-09,10:35:00,65.24,65.24,65.24,65.24,9,0
2014-12-09,10:40:00,65.24,65.24,65.24,65.24,2,0
2014-12-09,13:20:00,65.83,65.83,65.83,65.83,526,0
2014-12-09,15:15:00,65.31,65.31,65.31,65.31,13,0
2014-12-09,16:20:00,65.36,65.36,65.36,65.36,48,0
2014-12-09,16:50:00,66.04,66.04,66.04,66.04,714,0
2014-12-10,09:10:00,65.4,65.4,65.4,65.4,19,0
2014-12-15,10:05:00,65.28,65.28,65.28,65.28,3,0
2014-12-18,09:05:00,61,61,61,61,4,0
2014-12-18,10:00:00,65.62,65.62,65.62,65.62,4,0
2014-12-19,09:35:00,66.9,66.9,66.9,66.9,2000,0
2014-12-19,10:00:00,67.2,67.2,67.2,67.2,2000,0
2014-12-19,10:20:00,67.2,67.2,67.2,67.2,3000,0
2014-12-19,11:05:00,67.2,67.2,67.2,67.2,2000,0
2014-12-19,12:15:00,67.5,67.5,67.5,67.5,6000,0
2014-12-19,14:50:00,67.5,67.5,67.5,67.5,2000,0
2014-12-19,15:45:00,67.6,67.6,67.6,67.6,2000,0
2014-12-19,16:15:00,66.9,66.9,66.9,66.9,15000,0
2014-12-19,16:35:00,66.1,66.1,66.1,66.1,10000,0
2014-12-19,16:50:00,65.96,67.01,65.96,67.01,13000,0
2014-12-22,09:20:00,68,68,68,68,1364,0
2014-12-22,11:25:00,68,68,68,68,1500,0
2014-12-22,12:25:00,68.26,68.26,68.26,68.26,1000,0
2014-12-22,13:20:00,68.55,68.55,68.55,68.55,400,0
2014-12-22,13:50:00,68.65,68.65,68.65,68.65,500,0
2014-12-22,14:30:00,68.37,68.37,68.37,68.37,1000,0
2014-12-22,15:30:00,68.29,68.29,68.29,68.29,800,0
2014-12-22,16:00:00,68.44,68.44,68.44,68.44,500,0
2014-12-22,16:15:00,68.45,68.45,68.45,68.45,300,0
2014-12-23,09:10:00,68.56,68.56,68.56,68.56,100,0
2014-12-23,09:50:00,69.11,69.11,69.11,69.11,167,0
2014-12-23,10:50:00,68.9,68.9,68.9,68.9,100,0
2014-12-23,12:35:00,69.06,69.06,69.06,69.06,100,0
2014-12-23,14:20:00,69.51,69.51,69.51,69.51,100,0
2014-12-23,16:05:00,69.95,69.95,69.95,69.95,100,0
2014-12-23,16:15:00,71.32,71.32,71.32,71.32,56,0
2015-01-07,12:15:00,71.02,71.02,71.02,71.02,7,0
2015-01-08,12:15:00,70.44,70.44,70.44,70.44,1,0
2015-01-19,15:35:00,73.36,73.36,73.36,73.36,600,0
2015-01-27,13:30:00,73.3,73.3,73.3,73.3,9,0
2015-01-27,16:40:00,72.24,72.24,72.24,72.24,62,0
2015-02-03,09:05:00,72.19,72.19,72.19,72.19,7,0
2015-02-06,09:05:00,70,70,70,70,9,0
2015-02-06,09:10:00,74.17,74.17,74.17,74.17,10,0
2015-02-06,13:05:00,74.27,74.27,74.27,74.27,11,0
2015-02-09,10:30:00,74.49,74.49,74.49,74.49,15,0
2015-02-17,16:45:00,75,75,75,75,11,0
2015-02-23,14:45:00,77.75,77.75,77.75,77.75,40,0
2015-02-25,10:55:00,81.43,81.43,81.43,81.43,11652,0
2015-02-26,09:05:00,81.43,81.43,81.43,81.43,210,0
2015-02-26,13:10:00,80,80,80,80,7,0
2015-02-26,14:45:00,80,80,80,80,13,0
2015-02-26,16:05:00,80,80,80,80,6,0
2015-02-26,16:50:00,79.12,79.12,79.12,79.12,10,0
2015-02-27,09:05:00,79.12,79.12,79.12,79.12,5,0
2015-02-27,12:35:00,80,80,80,80,4,0
2015-03-02,16:45:00,82.51,82.67,82.51,82.67,304,0
2015-03-03,16:20:00,81.69,81.69,81.69,81.69,13,0
2015-03-18,10:20:00,81.61,81.61,81.61,81.61,210,0
2015-03-18,11:00:00,81.69,81.69,81.69,81.69,4,0
2015-03-18,11:55:00,81.8,81.8,81.8,81.8,1500,0
2015-03-19,09:05:00,75.1,81.58,75.1,81.58,10,0
2015-03-23,11:45:00,80.47,80.47,80.47,80.47,1,0
2015-03-23,16:35:00,80.16,80.16,80.16,80.16,2770,0
2015-03-24,15:40:00,79.38,79.38,79.38,79.38,7,0
2015-03-26,16:50:00,76.06,76.06,75.64,75.64,10056,0
2015-03-27,10:35:00,76.5,76.5,76.5,76.5,75,0
2015-03-27,16:35:00,78.47,78.47,78.47,78.47,400,0
2015-03-31,09:10:00,79.4,79.4,79.4,79.4,11,0
2015-03-31,13:05:00,78,78,78,78,24,0
2015-03-31,16:15:00,77.5,77.5,77.5,77.5,61,0
2015-03-31,16:50:00,77.17,77.17,77.17,77.17,200,0
2015-04-02,09:35:00,77.15,77.15,77.15,77.15,220,0
2015-04-02,11:00:00,77.94,77.94,77.94,77.94,23,0
2015-04-08,11:45:00,79.4,79.47,79.4,79.47,25,0
2015-04-09,12:25:00,78.62,78.62,78.62,78.62,9,0
2015-04-10,15:40:00,77.63,77.63,77.63,77.63,2,0
2015-04-13,16:05:00,78.8,78.8,78.8,78.8,35,0
2015-04-13,16:45:00,78.9,78.9,78.9,78.9,1,0
2015-04-17,10:55:00,78.9,78.9,78.9,78.9,75,0
2015-04-17,11:25:00,77.5,77.5,77.5,77.5,9,0
2015-04-20,16:45:00,76.46,76.46,76.46,76.46,4625,0
2015-04-23,15:55:00,75.5,75.5,75.5,75.5,1,0
2015-04-24,15:40:00,75.5,75.5,75.5,75.5,1,0
2015-04-24,16:40:00,76.5,76.5,76.5,76.5,57,0
2015-04-28,09:05:00,69.05,75.4,69.05,75.4,12,0
2015-04-28,11:15:00,74.8,74.8,74.8,74.8,3,0
2015-04-29,14:30:00,74.8,74.8,74.8,74.8,9,0
2015-05-04,16:40:00,72.5,72.5,72.5,72.5,1,0
2015-05-05,15:35:00,72.2,72.2,72.2,72.2,157,0
2015-05-06,12:05:00,72.1,72.1,72.1,72.1,150,0
2015-05-06,14:35:00,72.41,72.41,72.41,72.41,1,0
2015-05-07,16:50:00,72.15,72.15,72.15,72.15,75,0
2015-05-08,10:30:00,72.4,72.4,72.4,72.4,10,0
2015-05-15,11:35:00,73.81,73.81,73.81,73.81,39,0
2015-06-05,09:15:00,70,70,70,70,4,0
2015-06-05,14:00:00,73.02,73.02,73.02,73.02,3,0
2015-06-05,14:45:00,73.25,73.25,73.25,73.25,5,0
2015-06-10,09:05:00,70,70,70,70,1,0
2015-06-17,11:45:00,71.22,71.22,71.22,71.22,4,0
2015-06-17,12:15:00,71.25,71.25,71.25,71.25,12,0
2015-06-19,12:00:00,71.27,71.27,71.27,71.27,4,0
2015-06-19,13:15:00,71.1,71.1,71.1,71.1,11495,0
2015-06-19,13:50:00,70.29,70.29,70.29,70.29,3,0
2015-06-22,16:50:00,70.77,70.77,70.77,70.77,112,0
2015-06-23,09:05:00,68,72.42,68,72.42,112,0
2015-06-30,13:55:00,72.91,73.19,72.91,73.19,2850,0
2015-06-30,14:05:00,73.54,73.55,73.54,73.55,2400,0
2015-06-30,14:10:00,73.52,73.53,73.52,73.53,2000,0
2015-06-30,15:55:00,73.75,73.75,73.75,73.75,457,0
2015-06-30,16:50:00,72.62,72.68,72.62,72.68,1950,0
2015-07-13,10:05:00,75,75,75,75,3,0
2015-07-20,09:15:00,76.24,76.24,76.24,76.24,37,0
2015-07-31,15:00:00,74.39,74.39,74.39,74.39,550,0
2015-08-03,14:05:00,75.73,75.73,75.73,75.73,3,0
2015-08-04,15:10:00,76.15,76.15,76.15,76.15,39,0
2015-08-10,09:10:00,76,76,76,76,3,0
2015-08-24,12:35:00,75.62,75.62,75.62,75.62,542,0
2015-09-01,15:40:00,78.1,78.1,78.1,78.1,7707,0
2015-09-03,13:35:00,78.65,78.65,78.65,78.65,1,0
2015-09-10,12:50:00,73.04,73.04,73.04,73.04,4,0
2015-09-11,13:30:00,73.92,73.92,73.92,73.92,100,0
2015-09-15,10:05:00,73.9,73.9,73.9,73.9,22,0
2015-09-21,16:45:00,74.48,74.48,74.48,74.48,3,0
2015-09-29,15:05:00,77.5,77.5,77.5,77.5,150,0
2015-10-01,09:10:00,80,80,80,80,26,0
2015-10-01,11:30:00,79.69,79.69,79.69,79.69,16,0
2015-10-02,13:45:00,78.98,78.98,78.98,78.98,7,0
