2015-11-19,09:05:00,23,23.06,23,23.06,1598,0
2015-11-19,09:10:00,23.1,23.1,23.1,23.1,267,0
2015-11-19,09:15:00,23.1,23.29,23.1,23.29,1795,0
2015-11-19,09:20:00,23.3,23.4,23.3,23.4,4890,0
2015-11-19,09:25:00,23.4,23.48,23.4,23.48,3963,0
2015-11-19,09:30:00,23.41,23.41,23.1,23.19,12416,0
2015-11-19,09:35:00,23.19,23.29,23.19,23.29,2095,0
2015-11-19,09:40:00,23.24,23.24,23.11,23.11,1788,0
2015-11-19,09:45:00,23.11,23.2,23.11,23.2,862,0
2015-11-19,09:50:00,23.18,23.24,23,23.1,10629,0
2015-11-19,09:55:00,23.1,23.1,23,23,1801,0
2015-11-19,10:00:00,22.95,22.95,22.4,22.43,22579,0
2015-11-19,10:05:00,22.43,22.65,22.31,22.56,8540,0
2015-11-19,10:10:00,22.46,22.67,22.46,22.67,2923,0
2015-11-19,10:15:00,22.72,22.85,22.72,22.85,329,0
2015-11-19,10:20:00,22.84,22.84,22.75,22.84,2402,0
2015-11-19,10:25:00,22.77,22.77,22.77,22.77,606,0
2015-11-19,10:30:00,22.83,22.84,22.77,22.77,493,0
2015-11-19,10:35:00,22.77,22.77,22.76,22.76,629,0
2015-11-19,10:40:00,22.8,22.8,22.75,22.75,174,0
2015-11-19,10:45:00,22.76,22.8,22.76,22.76,405,0
2015-11-19,10:50:00,22.82,22.85,22.82,22.83,1441,0
2015-11-19,10:55:00,22.81,22.85,22.8,22.8,1118,0
2015-11-19,11:00:00,22.82,22.85,22.82,22.85,481,0
2015-11-19,11:05:00,22.8,22.85,22.8,22.83,513,0
2015-11-19,11:10:00,22.83,22.87,22.83,22.85,710,0
2015-11-19,11:15:00,22.87,22.87,22.78,22.78,100,0
2015-11-19,11:20:00,22.8,22.8,22.78,22.78,1873,0
2015-11-19,11:25:00,22.78,22.78,22.75,22.75,1158,0
2015-11-19,11:30:00,22.72,22.8,22.72,22.8,828,0
2015-11-19,11:35:00,22.8,22.8,22.8,22.8,279,0
2015-11-19,11:40:00,22.7,22.7,22.62,22.68,4385,0
2015-11-19,11:45:00,22.67,22.7,22.67,22.7,1991,0
2015-11-19,11:50:00,22.75,22.75,22.7,22.7,3016,0
2015-11-19,11:55:00,22.6,22.7,22.6,22.6,1185,0
2015-11-19,12:00:00,22.7,22.7,22.61,22.61,913,0
2015-11-19,12:05:00,22.61,22.65,22.61,22.65,1545,0
2015-11-19,12:10:00,22.7,22.79,22.7,22.79,2423,0
2015-11-19,12:15:00,22.79,22.79,22.79,22.79,250,0
2015-11-19,12:20:00,22.79,22.79,22.74,22.74,683,0
2015-11-19,12:25:00,22.74,22.75,22.68,22.68,1223,0
2015-11-19,12:30:00,22.66,22.66,22.61,22.61,569,0
2015-11-19,12:40:00,22.61,22.61,22.6,22.61,1388,0
2015-11-19,12:50:00,22.61,22.68,22.61,22.68,1235,0
2015-11-19,12:55:00,22.68,22.68,22.68,22.68,300,0
2015-11-19,13:00:00,22.7,22.77,22.7,22.77,309,0
2015-11-19,13:05:00,22.77,22.77,22.7,22.76,509,0
2015-11-19,13:10:00,22.7,22.7,22.7,22.7,105,0
2015-11-19,13:15:00,22.7,22.77,22.69,22.77,1115,0
2015-11-19,13:20:00,22.69,22.69,22.68,22.68,468,0
2015-11-19,13:25:00,22.7,22.7,22.68,22.68,1095,0
2015-11-19,13:30:00,22.7,22.7,22.69,22.69,4256,0
2015-11-19,13:35:00,22.68,22.69,22.66,22.66,1408,0
2015-11-19,13:45:00,22.66,22.69,22.66,22.69,723,0
2015-11-19,13:50:00,22.66,22.66,22.66,22.66,440,0
2015-11-19,13:55:00,22.66,22.66,22.66,22.66,105,0
2015-11-19,14:05:00,22.66,22.7,22.66,22.7,1620,0
2015-11-19,14:15:00,22.7,22.7,22.7,22.7,174,0
2015-11-19,14:20:00,22.7,22.7,22.66,22.66,900,0
2015-11-19,14:25:00,22.69,22.69,22.65,22.65,3219,0
2015-11-19,14:30:00,22.63,22.63,22.63,22.63,484,0
2015-11-19,14:35:00,22.68,22.68,22.68,22.68,25,0
2015-11-19,14:40:00,22.63,22.63,22.63,22.63,448,0
2015-11-19,14:45:00,22.63,22.63,22.63,22.63,248,0
2015-11-19,14:50:00,22.63,22.63,22.63,22.63,105,0
2015-11-19,14:55:00,22.67,22.67,22.67,22.67,20,0
2015-11-19,15:00:00,22.64,22.64,22.62,22.62,2058,0
2015-11-19,15:05:00,22.62,22.7,22.62,22.7,2962,0
2015-11-19,15:10:00,22.68,22.68,22.62,22.62,387,0
2015-11-19,15:15:00,22.69,22.69,22.64,22.64,305,0
2015-11-19,15:25:00,22.65,22.65,22.64,22.64,448,0
2015-11-19,15:30:00,22.65,22.65,22.65,22.65,24,0
2015-11-19,15:35:00,22.65,22.69,22.65,22.69,1123,0
2015-11-19,15:45:00,22.69,22.7,22.65,22.65,1508,0
2015-11-19,15:55:00,22.69,22.7,22.69,22.69,823,0
2015-11-19,16:00:00,22.7,22.7,22.69,22.69,192,0
2015-11-19,16:05:00,22.69,22.69,22.65,22.65,866,0
2015-11-19,16:10:00,22.65,22.65,22.65,22.65,229,0
2015-11-19,16:15:00,22.66,22.68,22.65,22.68,1494,0
2015-11-19,16:20:00,22.68,22.73,22.67,22.73,2366,0
2015-11-19,16:25:00,22.75,22.75,22.75,22.75,354,0
2015-11-19,16:30:00,22.73,22.73,22.73,22.73,519,0
2015-11-19,16:35:00,22.7,22.73,22.7,22.7,1873,0
2015-11-19,16:40:00,22.7,22.77,22.7,22.77,3415,0
2015-11-19,16:45:00,22.79,22.79,22.79,22.79,100,0
2015-11-19,16:50:00,22.79,22.79,22.71,22.71,5257,0
2015-11-20,09:05:00,22.6,22.6,22.59,22.59,3075,0
2015-11-20,09:10:00,22.65,22.7,22.65,22.7,185,0
2015-11-20,09:15:00,22.71,23.13,22.71,23.13,4591,0
2015-11-20,09:20:00,23,23,23,23,315,0
2015-11-20,09:30:00,23,23,22.96,22.96,345,0
2015-11-20,09:40:00,22.96,22.96,22.9,22.9,2759,0
2015-11-20,09:45:00,22.85,22.89,22.85,22.89,241,0
2015-11-20,09:55:00,22.85,22.9,22.85,22.9,1505,0
2015-11-20,10:00:00,22.9,22.99,22.9,22.96,790,0
2015-11-20,10:05:00,22.97,22.99,22.97,22.99,950,0
2015-11-20,10:10:00,22.99,22.99,22.94,22.94,1623,0
2015-11-20,10:15:00,22.83,22.83,22.83,22.83,175,0
2015-11-20,10:20:00,22.81,22.81,22.8,22.8,826,0
2015-11-20,10:25:00,22.81,22.88,22.8,22.88,882,0
2015-11-20,10:30:00,22.91,22.91,22.9,22.91,549,0
2015-11-20,10:35:00,22.91,22.91,22.91,22.91,326,0
2015-11-20,10:45:00,22.94,22.94,22.92,22.92,530,0
2015-11-20,10:50:00,22.98,23,22.96,23,1184,0
2015-11-20,10:55:00,23,23,23,23,300,0
2015-11-20,11:00:00,23,23,23,23,793,0
2015-11-20,11:05:00,23,23,23,23,1245,0
2015-11-20,11:10:00,22.96,22.96,22.95,22.95,489,0
2015-11-20,11:15:00,22.98,22.98,22.95,22.98,283,0
2015-11-20,11:20:00,22.92,22.92,22.88,22.88,869,0
2015-11-20,11:25:00,22.88,22.88,22.86,22.86,1122,0
2015-11-20,11:30:00,22.77,22.77,22.76,22.76,822,0
2015-11-20,11:35:00,22.76,22.76,22.76,22.76,390,0
2015-11-20,11:40:00,22.76,22.76,22.76,22.76,188,0
2015-11-20,11:45:00,22.77,22.77,22.77,22.77,223,0
2015-11-20,11:50:00,22.82,22.82,22.82,22.82,286,0
2015-11-20,12:05:00,22.82,22.82,22.82,22.82,322,0
2015-11-20,12:15:00,22.82,22.82,22.71,22.79,849,0
2015-11-20,12:20:00,22.79,22.79,22.79,22.79,70,0
2015-11-20,12:25:00,22.72,22.79,22.72,22.79,200,0
2015-11-20,12:30:00,22.71,22.77,22.7,22.7,21738,0
2015-11-20,12:35:00,22.72,22.72,22.61,22.61,566,0
2015-11-20,12:40:00,22.61,22.67,22.61,22.66,803,0
2015-11-20,12:45:00,22.63,22.63,22.56,22.56,6741,0
2015-11-20,12:50:00,22.65,22.65,22.58,22.6,791,0
2015-11-20,12:55:00,22.61,22.66,22.61,22.66,1343,0
2015-11-20,13:00:00,22.62,22.62,22.62,22.62,100,0
2015-11-20,13:05:00,22.62,22.69,22.62,22.62,842,0
2015-11-20,13:10:00,22.69,22.69,22.69,22.69,150,0
2015-11-20,13:15:00,22.67,22.67,22.67,22.67,573,0
2015-11-20,13:20:00,22.69,22.7,22.68,22.7,1187,0
2015-11-20,13:30:00,22.73,22.73,22.67,22.7,583,0
2015-11-20,13:35:00,22.76,22.76,22.76,22.76,653,0
2015-11-20,13:40:00,22.76,22.77,22.76,22.76,912,0
2015-11-20,13:45:00,22.82,22.82,22.82,22.82,160,0
2015-11-20,13:55:00,22.82,22.82,22.8,22.8,381,0
2015-11-20,14:00:00,22.8,22.8,22.8,22.8,703,0
2015-11-20,14:05:00,22.78,22.82,22.78,22.82,325,0
2015-11-20,14:10:00,22.82,22.82,22.82,22.82,66,0
2015-11-20,14:15:00,22.82,22.84,22.82,22.84,761,0
2015-11-20,14:20:00,22.86,22.99,22.86,22.97,1642,0
2015-11-20,14:25:00,22.97,22.97,22.97,22.97,368,0
2015-11-20,14:30:00,22.97,22.97,22.92,22.93,3326,0
2015-11-20,14:35:00,22.97,22.97,22.93,22.93,524,0
2015-11-20,14:40:00,22.85,22.85,22.85,22.85,2,0
2015-11-20,14:45:00,22.85,22.85,22.85,22.85,1964,0
2015-11-20,14:50:00,22.78,22.87,22.78,22.87,275,0
2015-11-20,14:55:00,22.8,22.81,22.78,22.8,2556,0
2015-11-20,15:00:00,22.8,22.8,22.75,22.75,2288,0
2015-11-20,15:15:00,22.79,22.8,22.79,22.8,1182,0
2015-11-20,15:20:00,22.76,22.76,22.76,22.76,270,0
2015-11-20,15:25:00,22.75,22.75,22.75,22.75,584,0
2015-11-20,15:35:00,22.75,22.75,22.65,22.65,4081,0
2015-11-20,15:40:00,22.6,22.65,22.55,22.65,2919,0
2015-11-20,15:45:00,22.7,22.7,22.63,22.63,264,0
2015-11-20,15:50:00,22.7,22.73,22.7,22.73,2683,0
2015-11-20,16:00:00,22.74,22.8,22.74,22.74,610,0
2015-11-20,16:05:00,22.75,22.81,22.75,22.81,1265,0
2015-11-20,16:10:00,22.81,22.81,22.71,22.71,1577,0
2015-11-20,16:15:00,22.71,22.75,22.71,22.75,1902,0
2015-11-20,16:20:00,22.75,22.85,22.74,22.85,2552,0
2015-11-20,16:25:00,22.83,22.84,22.55,22.55,6031,0
2015-11-20,16:30:00,22.7,22.7,22.53,22.55,1550,0
2015-11-20,16:35:00,22.61,22.68,22.57,22.68,1174,0
2015-11-20,16:40:00,22.68,22.68,22.68,22.68,723,0
2015-11-20,16:45:00,22.67,22.68,22.63,22.68,1288,0
2015-11-20,16:50:00,22.63,22.66,22.5,22.5,9536,0
2015-11-23,09:05:00,22.61,22.69,22.61,22.61,1019,0
2015-11-23,09:10:00,22.61,22.69,22.61,22.65,1278,0
2015-11-23,09:15:00,22.67,22.67,22.55,22.55,2124,0
2015-11-23,09:20:00,22.61,22.61,22.53,22.53,666,0
2015-11-23,09:25:00,22.53,22.53,22.53,22.53,1100,0
2015-11-23,09:30:00,22.55,22.55,22.55,22.55,700,0
2015-11-23,09:35:00,22.6,22.6,22.6,22.6,343,0
2015-11-23,09:40:00,22.55,22.55,22.5,22.5,880,0
2015-11-23,09:45:00,22.55,22.59,22.55,22.59,630,0
2015-11-23,09:50:00,22.6,22.6,22.56,22.56,290,0
2015-11-23,09:55:00,22.56,22.6,22.56,22.6,570,0
2015-11-23,10:00:00,22.56,22.56,22.56,22.56,1000,0
2015-11-23,10:10:00,22.56,22.61,22.56,22.61,161,0
2015-11-23,10:15:00,22.56,22.56,22.56,22.56,695,0
2015-11-23,10:35:00,22.6,22.6,22.6,22.6,557,0
2015-11-23,10:40:00,22.59,22.59,22.59,22.59,35,0
2015-11-23,10:45:00,22.6,22.6,22.6,22.6,512,0
2015-11-23,11:00:00,22.62,22.62,22.62,22.62,50,0
2015-11-23,11:05:00,22.62,22.62,22.62,22.62,200,0
2015-11-23,11:25:00,22.67,22.67,22.67,22.67,300,0
2015-11-23,11:30:00,22.62,22.67,22.61,22.61,740,0
2015-11-23,11:35:00,22.66,22.66,22.61,22.61,450,0
2015-11-23,11:45:00,22.66,22.67,22.66,22.66,563,0
2015-11-23,12:00:00,22.66,22.72,22.66,22.72,1185,0
2015-11-23,12:05:00,22.73,22.75,22.73,22.75,500,0
2015-11-23,12:10:00,22.72,22.72,22.72,22.72,47,0
2015-11-23,12:15:00,22.72,22.72,22.67,22.67,433,0
2015-11-23,12:20:00,22.67,22.67,22.6,22.6,1451,0
2015-11-23,12:25:00,22.62,22.62,22.59,22.59,590,0
2015-11-23,12:30:00,22.56,22.56,22.52,22.52,869,0
2015-11-23,12:35:00,22.5,22.5,22.5,22.5,893,0
2015-11-23,12:40:00,22.5,22.5,22.5,22.5,668,0
2015-11-23,12:45:00,22.5,22.5,22.5,22.5,708,0
2015-11-23,12:50:00,22.5,22.5,22.5,22.5,435,0
2015-11-23,13:00:00,22.51,22.51,22.51,22.51,295,0
2015-11-23,13:05:00,22.52,22.52,22.5,22.52,1666,0
2015-11-23,13:10:00,22.52,22.52,22.52,22.52,213,0
2015-11-23,13:15:00,22.53,22.53,22.51,22.51,238,0
2015-11-23,13:20:00,22.51,22.51,22.51,22.51,220,0
2015-11-23,13:25:00,22.53,22.53,22.53,22.53,50,0
2015-11-23,13:30:00,22.53,22.53,22.53,22.53,519,0
2015-11-23,13:35:00,22.52,22.52,22.52,22.52,88,0
2015-11-23,13:40:00,22.52,22.52,22.52,22.52,220,0
2015-11-23,13:45:00,22.52,22.52,22.52,22.52,196,0
2015-11-23,13:50:00,22.51,22.53,22.51,22.53,1194,0
2015-11-23,13:55:00,22.52,22.52,22.52,22.52,176,0
2015-11-23,14:00:00,22.52,22.52,22.5,22.51,3411,0
2015-11-23,14:20:00,22.52,22.54,22.52,22.54,1264,0
2015-11-23,14:25:00,22.54,22.55,22.54,22.55,100,0
2015-11-23,14:30:00,22.55,22.55,22.5,22.5,5009,0
2015-11-23,14:35:00,22.5,22.5,22.49,22.49,3287,0
2015-11-23,14:50:00,22.49,22.49,22.46,22.46,5082,0
2015-11-23,14:55:00,22.45,22.45,22.4,22.4,1024,0
2015-11-23,15:00:00,22.4,22.4,22.4,22.4,6117,0
2015-11-23,15:05:00,22.42,22.47,22.42,22.47,1110,0
2015-11-23,15:10:00,22.42,22.42,22.42,22.42,2608,0
2015-11-23,15:15:00,22.42,22.42,22.4,22.4,1920,0
2015-11-23,15:20:00,22.4,22.41,22.02,22.11,13435,0
2015-11-23,15:25:00,22.11,22.2,22.03,22.19,9990,0
2015-11-23,15:30:00,22.06,22.16,22.06,22.15,5936,0
2015-11-23,15:35:00,22.15,22.21,22.15,22.21,2476,0
2015-11-23,15:40:00,22.15,22.15,22.09,22.09,677,0
2015-11-23,15:45:00,22.1,22.12,22.1,22.12,1290,0
2015-11-23,15:50:00,22.08,22.1,22.08,22.1,455,0
2015-11-23,15:55:00,22.08,22.1,22.03,22.03,2801,0
2015-11-23,16:00:00,22.03,22.03,21.67,21.73,22814,0
2015-11-23,16:05:00,21.71,21.9,21.71,21.88,2674,0
2015-11-23,16:10:00,21.88,21.88,21.66,21.67,4513,0
2015-11-23,16:15:00,21.67,22.02,21.67,21.9,9729,0
2015-11-23,16:20:00,21.96,22.06,21.83,22,2139,0
2015-11-23,16:25:00,22,22.07,22,22,1896,0
2015-11-23,16:30:00,21.95,21.98,21.92,21.95,4892,0
2015-11-23,16:35:00,21.94,21.94,21.89,21.9,6356,0
2015-11-23,16:40:00,21.93,21.95,21.89,21.9,6819,0
2015-11-23,16:45:00,21.9,21.95,21.83,21.84,19514,0
2015-11-23,16:50:00,21.8,21.82,21.67,21.7,19140,0
2015-11-24,09:05:00,21.65,22,21.65,21.72,13471,0
2015-11-24,09:10:00,21.75,21.88,21.75,21.83,1554,0
2015-11-24,09:15:00,21.87,21.87,21.83,21.83,2394,0
2015-11-24,09:20:00,21.83,21.89,21.83,21.89,3525,0
2015-11-24,09:25:00,21.89,21.95,21.89,21.95,3459,0
2015-11-24,09:30:00,21.95,22.1,21.95,22.09,14703,0
2015-11-24,09:35:00,22.09,22.23,22.09,22.23,3876,0
2015-11-24,09:40:00,22.3,22.3,22.3,22.3,1143,0
2015-11-24,09:45:00,22.35,22.35,22.24,22.24,3374,0
2015-11-24,09:50:00,22.29,22.29,22.07,22.1,1756,0
2015-11-24,09:55:00,22.1,22.23,22.07,22.23,4880,0
2015-11-24,10:00:00,22.1,22.23,22.1,22.23,745,0
2015-11-24,10:05:00,22.23,22.23,22.14,22.14,835,0
2015-11-24,10:10:00,22.14,22.14,22.04,22.04,10613,0
2015-11-24,10:15:00,22.01,22.07,22,22.07,3835,0
2015-11-24,10:20:00,22.04,22.08,22.04,22.05,2229,0
2015-11-24,10:25:00,22.05,22.08,22.05,22.08,2848,0
2015-11-24,10:30:00,22.08,22.1,22.05,22.05,4050,0
2015-11-24,10:35:00,22.06,22.09,22.05,22.05,5633,0
2015-11-24,10:40:00,22.06,22.09,22.05,22.09,8262,0
2015-11-24,10:45:00,22.06,22.09,22.05,22.05,1740,0
2015-11-24,10:50:00,22.05,22.08,22.05,22.06,2421,0
2015-11-24,10:55:00,22.06,22.06,22.06,22.06,381,0
2015-11-24,11:00:00,22.06,22.07,22.06,22.07,5482,0
2015-11-24,11:05:00,22.08,22.08,22.06,22.06,645,0
2015-11-24,11:10:00,22.07,22.08,22.06,22.07,3396,0
2015-11-24,11:15:00,22.06,22.06,22.06,22.06,396,0
2015-11-24,11:20:00,22.06,22.08,22.06,22.07,4204,0
2015-11-24,11:25:00,22.08,22.1,22.08,22.1,3547,0
2015-11-24,11:30:00,22.08,22.11,22.08,22.11,3204,0
2015-11-24,11:40:00,22.11,22.16,22.11,22.16,1367,0
2015-11-24,11:45:00,22.11,22.14,22.11,22.14,1268,0
2015-11-24,11:50:00,22.12,22.12,22.11,22.11,490,0
2015-11-24,11:55:00,22.12,22.12,22.07,22.07,882,0
2015-11-24,12:00:00,22.07,22.07,22.07,22.07,2270,0
2015-11-24,12:05:00,22.08,22.08,22.08,22.08,3082,0
2015-11-24,12:10:00,22.08,22.08,22.07,22.07,2207,0
2015-11-24,12:15:00,22.07,22.07,22.07,22.07,1240,0
2015-11-24,12:20:00,22.08,22.08,22.08,22.08,842,0
2015-11-24,12:25:00,22.07,22.07,22.07,22.07,5203,0
2015-11-24,12:30:00,22.07,22.07,22.07,22.07,756,0
2015-11-24,12:35:00,22.07,22.07,22.05,22.05,2822,0
2015-11-24,12:40:00,22.07,22.07,22.05,22.05,931,0
2015-11-24,12:45:00,22.05,22.05,22.05,22.05,1566,0
2015-11-24,12:50:00,22.02,22.02,22,22,3880,0
2015-11-24,12:55:00,22.01,22.06,22,22.06,5223,0
2015-11-24,13:00:00,22.05,22.06,22,22,4287,0
2015-11-24,13:05:00,22.05,22.05,21.9,21.93,8827,0
2015-11-24,13:10:00,21.89,21.95,21.89,21.95,649,0
2015-11-24,13:15:00,21.89,21.94,21.88,21.94,1680,0
2015-11-24,13:20:00,21.86,21.94,21.86,21.9,3314,0
2015-11-24,13:25:00,21.93,21.93,21.9,21.9,1531,0
2015-11-24,13:30:00,21.9,21.9,21.87,21.87,1884,0
2015-11-24,13:35:00,21.87,21.9,21.86,21.86,1139,0
2015-11-24,13:40:00,21.86,21.86,21.85,21.86,2094,0
2015-11-24,13:45:00,21.9,21.9,21.86,21.86,808,0
2015-11-24,13:50:00,21.86,21.9,21.81,21.89,6678,0
2015-11-24,13:55:00,21.95,22.04,21.95,22.04,12493,0
2015-11-24,14:00:00,21.91,21.91,21.9,21.91,873,0
2015-11-24,14:05:00,21.91,21.91,21.9,21.9,2234,0
2015-11-24,14:10:00,21.92,22,21.92,22,1272,0
2015-11-24,14:15:00,21.92,21.92,21.82,21.85,2277,0
2015-11-24,14:20:00,21.81,21.81,21.81,21.81,500,0
2015-11-24,14:25:00,21.85,21.85,21.8,21.8,3815,0
2015-11-24,14:30:00,21.75,21.79,21.75,21.79,3355,0
2015-11-24,14:35:00,21.78,21.79,21.7,21.7,3115,0
2015-11-24,14:40:00,21.7,21.7,21.66,21.66,3386,0
2015-11-24,14:45:00,21.66,21.66,21.6,21.6,6306,0
2015-11-24,14:50:00,21.54,21.54,21.54,21.54,535,0
2015-11-24,14:55:00,21.53,21.53,21.52,21.53,1371,0
2015-11-24,15:00:00,21.52,21.56,21.52,21.52,5757,0
2015-11-24,15:05:00,21.52,21.52,21.52,21.52,642,0
2015-11-24,15:10:00,21.53,21.54,21.53,21.54,1231,0
2015-11-24,15:15:00,21.53,21.55,21.52,21.55,3333,0
2015-11-24,15:20:00,21.57,21.57,21.53,21.53,763,0
2015-11-24,15:25:00,21.54,21.54,21.52,21.52,2848,0
2015-11-24,15:30:00,21.52,21.53,21.52,21.52,3828,0
2015-11-24,15:35:00,21.52,21.55,21.52,21.55,7196,0
2015-11-24,15:40:00,21.58,21.6,21.58,21.6,3091,0
2015-11-24,15:45:00,21.6,21.6,21.55,21.55,3717,0
2015-11-24,15:50:00,21.55,21.6,21.55,21.6,2084,0
2015-11-24,15:55:00,21.56,21.56,21.52,21.56,2284,0
2015-11-24,16:00:00,21.56,21.56,21.52,21.56,2338,0
2015-11-24,16:05:00,21.52,21.56,21.52,21.56,986,0
2015-11-24,16:10:00,21.52,21.56,21.52,21.56,2425,0
2015-11-24,16:15:00,21.56,21.8,21.56,21.8,5243,0
2015-11-24,16:20:00,21.8,21.8,21.72,21.73,3041,0
2015-11-24,16:25:00,21.66,21.66,21.64,21.64,726,0
2015-11-24,16:30:00,21.64,21.64,21.6,21.61,5360,0
2015-11-24,16:35:00,21.61,21.64,21.6,21.6,2685,0
2015-11-24,16:40:00,21.54,21.56,21.5,21.55,12017,0
2015-11-24,16:45:00,21.55,21.55,21.55,21.55,100,0
2015-11-24,16:50:00,21.52,21.55,21.33,21.33,36113,0
2015-11-25,09:05:00,21.33,21.8,21.33,21.8,8010,0
2015-11-25,09:10:00,21.79,22.3,21.79,22.3,13868,0
2015-11-25,09:15:00,22.25,22.25,22.02,22.02,6497,0
2015-11-25,09:20:00,22.03,22.15,22.03,22.15,300,0
2015-11-25,09:25:00,22.05,22.15,22.05,22.05,600,0
2015-11-25,09:30:00,22.14,22.18,22.14,22.18,1563,0
2015-11-25,09:35:00,22.18,22.19,22.18,22.18,1171,0
2015-11-25,09:40:00,22.18,22.18,22.14,22.14,1807,0
2015-11-25,09:45:00,22.07,22.18,22.07,22.18,211,0
2015-11-25,09:50:00,22.1,22.1,22.08,22.08,1405,0
2015-11-25,09:55:00,22.18,22.2,22.1,22.2,856,0
2015-11-25,10:05:00,22.11,22.19,22.11,22.19,3070,0
2015-11-25,10:10:00,22.16,22.17,22.16,22.17,911,0
2015-11-25,10:15:00,22.2,22.22,22.2,22.22,1544,0
2015-11-25,10:20:00,22.22,22.25,22.22,22.23,2469,0
2015-11-25,10:25:00,22.23,22.25,22.23,22.25,451,0
2015-11-25,10:30:00,22.24,22.24,22.2,22.2,5560,0
2015-11-25,10:35:00,22.2,22.29,22.2,22.29,5918,0
2015-11-25,10:40:00,22.3,22.48,22.3,22.48,9095,0
2015-11-25,10:45:00,22.48,22.49,22.45,22.49,2025,0
2015-11-25,10:50:00,22.49,22.5,22.45,22.45,1541,0
2015-11-25,10:55:00,22.43,22.45,22.43,22.45,209,0
2015-11-25,11:00:00,22.45,22.45,22.45,22.45,900,0
2015-11-25,11:05:00,22.43,22.43,22.41,22.41,983,0
2015-11-25,11:10:00,22.39,22.39,22.38,22.38,734,0
2015-11-25,11:15:00,22.39,22.4,22.37,22.37,1324,0
2015-11-25,11:20:00,22.35,22.35,22.35,22.35,208,0
2015-11-25,11:25:00,22.35,22.35,22.28,22.28,4020,0
2015-11-25,11:30:00,22.3,22.3,22.3,22.3,536,0
2015-11-25,11:35:00,22.29,22.29,22.29,22.29,242,0
2015-11-25,11:40:00,22.33,22.5,22.33,22.5,4248,0
2015-11-25,11:45:00,22.49,22.74,22.49,22.68,5646,0
2015-11-25,11:50:00,22.68,22.68,22.65,22.65,384,0
2015-11-25,11:55:00,22.7,22.7,22.68,22.68,1400,0
2015-11-25,12:00:00,22.67,22.68,22.59,22.68,1278,0
2015-11-25,12:05:00,22.61,22.65,22.6,22.65,1025,0
2015-11-25,12:10:00,22.61,22.61,22.61,22.61,744,0
2015-11-25,12:15:00,22.63,22.71,22.63,22.71,1249,0
2015-11-25,12:20:00,22.73,22.97,22.73,22.92,11542,0
2015-11-25,12:25:00,22.95,22.98,22.92,22.92,2962,0
2015-11-25,12:30:00,22.97,22.97,22.93,22.93,910,0
2015-11-25,12:35:00,22.98,22.98,22.98,22.98,1214,0
2015-11-25,12:40:00,22.99,22.99,22.93,22.93,2008,0
2015-11-25,12:45:00,22.96,22.98,22.96,22.98,68,0
2015-11-25,12:50:00,22.95,22.97,22.9,22.94,2294,0
2015-11-25,12:55:00,22.97,22.97,22.97,22.97,41,0
2015-11-25,13:00:00,22.97,22.97,22.91,22.91,1994,0
2015-11-25,13:05:00,22.89,22.89,22.85,22.87,2040,0
2015-11-25,13:10:00,22.87,22.9,22.87,22.9,856,0
2015-11-25,13:15:00,22.85,22.85,22.85,22.85,1098,0
2015-11-25,13:20:00,22.86,22.86,22.86,22.86,667,0
2015-11-25,13:25:00,22.9,22.92,22.86,22.92,1545,0
2015-11-25,13:30:00,22.91,23.1,22.91,23.01,14771,0
2015-11-25,13:35:00,23.1,23.15,23.09,23.15,1426,0
2015-11-25,13:40:00,23.16,23.2,23.16,23.2,155,0
2015-11-25,13:45:00,23.23,23.33,23.23,23.31,2503,0
2015-11-25,13:50:00,23.35,23.46,23.34,23.46,4226,0
2015-11-25,13:55:00,23.5,23.6,23.5,23.6,6275,0
2015-11-25,14:00:00,23.6,23.95,23.59,23.94,18177,0
2015-11-25,14:05:00,23.9,23.9,23.67,23.67,4131,0
2015-11-25,14:10:00,23.67,23.67,23.3,23.3,7062,0
2015-11-25,14:15:00,23.32,23.54,23.12,23.54,1951,0
2015-11-25,14:20:00,23.54,23.54,23.35,23.51,630,0
2015-11-25,14:25:00,23.51,23.51,23.4,23.5,518,0
2015-11-25,14:30:00,23.4,23.51,23.4,23.51,3171,0
2015-11-25,14:35:00,23.45,23.5,23.42,23.42,3330,0
2015-11-25,14:40:00,23.41,23.41,23.41,23.41,398,0
2015-11-25,14:45:00,23.43,23.48,23.42,23.43,1924,0
2015-11-25,14:50:00,23.48,23.49,23.42,23.48,1977,0
2015-11-25,14:55:00,23.47,23.48,23.47,23.47,1056,0
2015-11-25,15:00:00,23.46,23.46,23.43,23.43,843,0
2015-11-25,15:05:00,23.42,23.47,23.3,23.32,2704,0
2015-11-25,15:10:00,23.3,23.47,23.11,23.13,4262,0
2015-11-25,15:15:00,23.1,23.33,23.1,23.33,833,0
2015-11-25,15:20:00,23.23,23.3,23.23,23.3,360,0
2015-11-25,15:25:00,23.23,23.23,23.22,23.22,808,0
2015-11-25,15:30:00,23.13,23.13,23.13,23.13,1346,0
2015-11-25,15:35:00,23.13,23.13,23.09,23.1,2780,0
2015-11-25,15:40:00,23.1,23.1,23.1,23.1,1759,0
2015-11-25,15:45:00,23.05,23.05,23.01,23.01,1654,0
2015-11-25,15:50:00,23.01,23.05,23.01,23.05,1327,0
2015-11-25,15:55:00,23.05,23.05,23.05,23.05,800,0
2015-11-25,16:00:00,23.05,23.1,23,23,10346,0
2015-11-25,16:05:00,23,23,22.74,22.74,3078,0
2015-11-25,16:10:00,22.75,22.85,22.75,22.85,727,0
2015-11-25,16:15:00,22.85,22.95,22.8,22.95,1960,0
2015-11-25,16:20:00,22.95,22.95,22.84,22.84,1578,0
2015-11-25,16:25:00,22.85,22.85,22.85,22.85,2572,0
2015-11-25,16:30:00,22.88,22.91,22.88,22.91,2546,0
2015-11-25,16:35:00,22.91,22.91,22.9,22.9,2542,0
2015-11-25,16:40:00,22.87,22.87,22.8,22.82,6656,0
2015-11-25,16:45:00,22.8,22.88,22.78,22.88,1180,0
2015-11-25,16:50:00,22.88,22.88,22.63,22.77,11432,0
2015-11-26,09:05:00,22.77,23.2,22.77,23.2,10375,0
2015-11-26,09:10:00,23.17,23.2,23.1,23.1,3290,0
2015-11-26,09:15:00,23.02,23.02,22.92,22.92,2511,0
2015-11-26,09:20:00,22.95,22.95,22.78,22.89,2346,0
2015-11-26,09:25:00,22.89,22.89,22.83,22.83,131,0
2015-11-26,09:30:00,22.89,22.89,22.89,22.89,2515,0
2015-11-26,09:35:00,22.89,22.9,22.86,22.9,3901,0
2015-11-26,09:40:00,22.95,23.1,22.95,23.08,3786,0
2015-11-26,09:45:00,23.1,23.1,23.05,23.1,1059,0
2015-11-26,09:50:00,23.18,23.19,23.18,23.19,321,0
2015-11-26,10:00:00,23.05,23.05,23,23,722,0
2015-11-26,10:05:00,23.03,23.03,23,23,400,0
2015-11-26,10:10:00,23,23,23,23,843,0
2015-11-26,10:15:00,23,23,22.93,22.96,1645,0
2015-11-26,10:20:00,23.05,23.05,22.93,23.02,750,0
2015-11-26,10:25:00,23,23.08,23,23.08,1493,0
2015-11-26,10:30:00,23.1,23.15,23.08,23.1,2485,0
2015-11-26,10:35:00,23,23.15,23,23.01,2398,0
2015-11-26,10:45:00,23.01,23.01,23.01,23.01,22,0
2015-11-26,10:50:00,23.01,23.12,23.01,23.09,405,0
2015-11-26,10:55:00,23.09,23.12,23.09,23.12,776,0
2015-11-26,11:00:00,23.14,23.14,23.14,23.14,190,0
2015-11-26,11:05:00,23.14,23.14,23.14,23.14,226,0
2015-11-26,11:10:00,23.14,23.14,23.13,23.13,200,0
2015-11-26,11:15:00,23.14,23.14,23.12,23.12,1049,0
2015-11-26,11:20:00,23.12,23.12,23.11,23.11,445,0
2015-11-26,11:25:00,23.11,23.12,23.11,23.11,2494,0
2015-11-26,11:30:00,23.05,23.11,23.05,23.11,736,0
2015-11-26,11:35:00,23.11,23.15,23.11,23.15,647,0
2015-11-26,11:40:00,23.14,23.15,23.11,23.15,1571,0
2015-11-26,11:45:00,23.07,23.13,23.05,23.13,3820,0
2015-11-26,12:05:00,23.05,23.05,23.05,23.05,813,0
2015-11-26,12:10:00,23.05,23.08,23.05,23.08,3470,0
2015-11-26,12:15:00,23.05,23.1,23.05,23.1,595,0
2015-11-26,12:20:00,23.06,23.06,23.05,23.05,3994,0
2015-11-26,12:30:00,23.01,23.01,23.01,23.01,501,0
2015-11-26,12:40:00,23.02,23.02,23.01,23.01,209,0
2015-11-26,12:45:00,23.01,23.01,22.95,22.95,5822,0
2015-11-26,12:50:00,22.9,22.9,22.9,22.9,285,0
2015-11-26,13:00:00,22.9,22.9,22.9,22.9,935,0
2015-11-26,13:05:00,22.9,22.9,22.88,22.88,150,0
2015-11-26,13:15:00,22.88,22.9,22.88,22.88,4646,0
2015-11-26,13:20:00,22.86,22.9,22.83,22.9,2690,0
2015-11-26,13:25:00,22.88,22.88,22.88,22.88,118,0
2015-11-26,13:30:00,22.88,22.9,22.88,22.9,201,0
2015-11-26,13:35:00,22.94,22.94,22.94,22.94,156,0
2015-11-26,13:40:00,22.96,22.96,22.96,22.96,232,0
2015-11-26,13:45:00,22.94,22.94,22.88,22.9,1517,0
2015-11-26,13:55:00,22.9,22.9,22.9,22.9,350,0
2015-11-26,14:00:00,22.85,22.85,22.85,22.85,34,0
2015-11-26,14:10:00,22.88,22.9,22.88,22.9,700,0
2015-11-26,14:15:00,22.95,22.95,22.9,22.9,654,0
2015-11-26,14:20:00,22.9,22.9,22.9,22.9,40,0
2015-11-26,14:30:00,22.9,22.9,22.85,22.85,3037,0
2015-11-26,14:35:00,22.85,22.85,22.84,22.84,462,0
2015-11-26,14:40:00,22.84,22.84,22.7,22.71,12021,0
2015-11-26,14:45:00,22.71,22.71,22.71,22.71,150,0
2015-11-26,14:50:00,22.78,22.78,22.77,22.78,1410,0
2015-11-26,14:55:00,22.78,22.85,22.78,22.85,190,0
2015-11-26,15:05:00,22.78,22.78,22.65,22.65,4912,0
2015-11-26,15:10:00,22.62,22.75,22.6,22.75,529,0
2015-11-26,15:15:00,22.79,22.79,22.79,22.79,733,0
2015-11-26,15:20:00,22.61,22.69,22.61,22.69,380,0
2015-11-26,15:25:00,22.66,22.66,22.66,22.66,1453,0
2015-11-26,15:30:00,22.66,22.7,22.66,22.7,403,0
2015-11-26,15:35:00,22.8,22.8,22.6,22.6,2464,0
2015-11-26,15:40:00,22.65,22.65,22.65,22.65,180,0
2015-11-26,15:45:00,22.65,22.65,22.65,22.65,100,0
2015-11-26,15:50:00,22.6,22.61,22.6,22.6,400,0
2015-11-26,15:55:00,22.6,22.7,22.6,22.66,1547,0
2015-11-26,16:00:00,22.68,22.79,22.68,22.79,421,0
2015-11-26,16:05:00,22.79,22.8,22.75,22.79,1060,0
2015-11-26,16:10:00,22.79,22.79,22.79,22.79,556,0
2015-11-26,16:15:00,22.7,22.7,22.5,22.5,2519,0
2015-11-26,16:20:00,22.7,22.79,22.62,22.79,2308,0
2015-11-26,16:25:00,22.79,22.79,22.75,22.75,700,0
2015-11-26,16:30:00,22.76,22.79,22.76,22.79,1268,0
2015-11-26,16:35:00,22.79,22.79,22.78,22.78,1452,0
2015-11-26,16:40:00,22.79,22.79,22.77,22.79,1974,0
2015-11-26,16:45:00,22.79,22.79,22.7,22.7,2104,0
2015-11-26,16:50:00,22.7,22.79,22.65,22.79,4808,0
2015-11-27,09:05:00,23.07,23.1,23,23,3110,0
2015-11-27,09:10:00,23,23.07,23,23,3514,0
2015-11-27,09:15:00,23,23,23,23,1165,0
2015-11-27,09:20:00,23,23,23,23,956,0
2015-11-27,09:25:00,23,23,23,23,237,0
2015-11-27,09:30:00,23.01,23.01,23.01,23.01,130,0
2015-11-27,09:35:00,23,23.04,23,23,953,0
2015-11-27,09:40:00,23.04,23.04,23,23,3595,0
2015-11-27,09:45:00,23,23,22.93,23,5624,0
2015-11-27,09:50:00,23,23,22.92,22.95,1019,0
2015-11-27,09:55:00,22.95,23,22.93,23,709,0
2015-11-27,10:00:00,22.93,22.93,22.93,22.93,139,0
2015-11-27,10:05:00,23,23,22.93,22.93,435,0
2015-11-27,10:10:00,23,23,22.95,22.95,935,0
2015-11-27,10:15:00,22.94,22.94,22.94,22.94,130,0
2015-11-27,10:20:00,22.94,23,22.94,23,678,0
2015-11-27,10:25:00,23,23,23,23,600,0
2015-11-27,10:30:00,22.95,22.95,22.95,22.95,249,0
2015-11-27,10:35:00,22.94,23,22.94,23,239,0
2015-11-27,10:40:00,23,23,22.94,22.94,936,0
2015-11-27,10:45:00,22.94,22.94,22.94,22.94,1350,0
2015-11-27,10:50:00,22.94,23,22.94,22.95,764,0
2015-11-27,10:55:00,22.95,23,22.94,23,896,0
2015-11-27,11:00:00,23.01,23.01,23,23,170,0
2015-11-27,11:05:00,22.94,23,22.94,23,1131,0
2015-11-27,11:10:00,23,23.07,23,23.07,869,0
2015-11-27,11:15:00,23.05,23.05,23,23,4223,0
2015-11-27,11:20:00,23,23.04,22.95,23.04,3240,0
2015-11-27,11:25:00,23,23,23,23,132,0
2015-11-27,11:30:00,23,23,23,23,83,0
2015-11-27,11:35:00,23,23,23,23,1501,0
2015-11-27,11:40:00,22.97,22.97,22.97,22.97,140,0
2015-11-27,11:45:00,22.97,22.97,22.97,22.97,477,0
2015-11-27,11:50:00,22.97,23.02,22.97,23.02,952,0
2015-11-27,11:55:00,23.02,23.02,23.02,23.02,24,0
2015-11-27,12:00:00,22.97,23.02,22.97,23,2589,0
2015-11-27,12:05:00,23,23,22.97,22.97,526,0
2015-11-27,12:10:00,23,23,22.97,22.97,358,0
2015-11-27,12:15:00,22.97,22.98,22.97,22.98,579,0
2015-11-27,12:20:00,22.97,23.02,22.97,22.97,2163,0
2015-11-27,12:30:00,22.97,23,22.97,23,4098,0
2015-11-27,12:35:00,22.97,22.97,22.97,22.97,373,0
2015-11-27,12:40:00,23.01,23.01,22.97,22.97,524,0
2015-11-27,12:45:00,22.97,23,22.97,22.97,1485,0
2015-11-27,12:50:00,22.97,22.97,22.97,22.97,376,0
2015-11-27,13:00:00,22.97,23,22.97,23,3437,0
2015-11-27,13:05:00,22.97,22.97,22.97,22.97,251,0
2015-11-27,13:10:00,22.97,23.02,22.97,23.02,2089,0
2015-11-27,13:20:00,23.02,23.07,23.02,23.07,2000,0
2015-11-27,13:25:00,22.98,23.06,22.98,23.06,2333,0
2015-11-27,13:30:00,23,23,23,23,179,0
2015-11-27,13:35:00,23.05,23.05,23,23,1652,0
2015-11-27,13:40:00,23,23,23,23,579,0
2015-11-27,13:45:00,23,23,23,23,165,0
2015-11-27,13:50:00,23,23,23,23,1139,0
2015-11-27,13:55:00,23,23.03,23,23,1882,0
2015-11-27,14:00:00,23.04,23.05,23.04,23.05,300,0
2015-11-27,14:05:00,23,23.05,23,23.05,619,0
2015-11-27,14:10:00,23.01,23.01,23,23,1877,0
2015-11-27,14:15:00,23.04,23.04,23.04,23.04,2,0
2015-11-27,14:20:00,23,23,23,23,1120,0
2015-11-27,14:25:00,23,23,23,23,299,0
2015-11-27,14:30:00,23,23,23,23,1216,0
2015-11-27,14:40:00,23,23,23,23,1087,0
2015-11-27,14:45:00,23,23,23,23,8,0
2015-11-27,14:50:00,23,23.03,23,23.03,555,0
2015-11-27,14:55:00,23.03,23.03,23,23.03,1393,0
2015-11-27,15:00:00,23,23,23,23,311,0
2015-11-27,15:05:00,23,23,23,23,3208,0
2015-11-27,15:15:00,23,23,23,23,4249,0
2015-11-27,15:20:00,23,23,23,23,1588,0
2015-11-27,15:25:00,23,23,23,23,629,0
2015-11-27,15:30:00,23,23,23,23,1112,0
2015-11-27,15:35:00,23,23,23,23,170,0
2015-11-27,15:40:00,23,23,23,23,592,0
2015-11-27,15:45:00,23,23,23,23,1493,0
2015-11-27,15:50:00,23,23.02,22.99,23,7805,0
2015-11-27,15:55:00,23,23,22.98,22.99,7581,0
2015-11-27,16:00:00,23,23,23,23,3810,0
2015-11-27,16:05:00,23,23,23,23,20728,0
2015-11-27,16:10:00,23.01,23.01,22.99,22.99,1378,0
2015-11-27,16:15:00,22.99,23,22.98,22.98,23367,0
2015-11-27,16:20:00,22.97,23,22.96,22.96,3288,0
2015-11-27,16:25:00,23,23,23,23,883,0
2015-11-27,16:30:00,23,23.05,23,23.05,22432,0
2015-11-27,16:35:00,23.02,23.02,23.02,23.02,6549,0
2015-11-27,16:40:00,23.09,23.09,23.08,23.08,611,0
2015-11-27,16:45:00,23.08,23.18,23.08,23.18,3345,0
2015-11-27,16:50:00,23.15,23.3,23.12,23.25,6675,0
2015-11-30,09:05:00,23.5,23.5,23.47,23.47,847,0
2015-11-30,09:10:00,23.32,23.38,23.3,23.38,2070,0
2015-11-30,09:15:00,23.3,23.3,23.3,23.3,556,0
2015-11-30,09:20:00,23.3,23.3,23.26,23.26,210,0
2015-11-30,09:25:00,23.26,23.26,23.18,23.22,2059,0
2015-11-30,09:30:00,23.15,23.15,22.92,22.92,2307,0
2015-11-30,09:35:00,23.09,23.09,23,23,831,0
2015-11-30,09:40:00,23.07,23.07,23.07,23.07,200,0
2015-11-30,09:45:00,23.07,23.12,23.07,23.12,325,0
2015-11-30,09:50:00,23.2,23.2,23.2,23.2,200,0
2015-11-30,09:55:00,23.2,23.25,23.2,23.2,613,0
2015-11-30,10:00:00,23.3,23.36,23.3,23.36,664,0
2015-11-30,10:05:00,23.27,23.33,23.27,23.33,1094,0
2015-11-30,10:10:00,23.35,23.35,23.35,23.35,215,0
2015-11-30,10:15:00,23.36,23.36,23.3,23.3,534,0
2015-11-30,10:20:00,23.3,23.39,23.27,23.27,469,0
2015-11-30,10:25:00,23.33,23.33,23.33,23.33,85,0
2015-11-30,10:30:00,23.37,23.37,23.35,23.37,704,0
2015-11-30,10:35:00,23.35,23.36,23.35,23.36,330,0
2015-11-30,10:40:00,23.4,23.49,23.4,23.45,2024,0
2015-11-30,10:45:00,23.45,23.45,23.45,23.45,500,0
2015-11-30,10:50:00,23.41,23.41,23.41,23.41,15,0
2015-11-30,10:55:00,23.47,23.48,23.47,23.48,550,0
2015-11-30,11:00:00,23.49,23.49,23.42,23.42,1228,0
2015-11-30,11:05:00,23.39,23.39,23.31,23.31,496,0
2015-11-30,11:10:00,23.3,23.3,23.21,23.21,507,0
2015-11-30,11:15:00,23.22,23.25,23.22,23.25,400,0
2015-11-30,11:20:00,23.28,23.28,23.28,23.28,15,0
2015-11-30,11:25:00,23.28,23.3,23.28,23.28,320,0
2015-11-30,11:35:00,23.41,23.41,23.41,23.41,300,0
2015-11-30,11:40:00,23.39,23.4,23.39,23.4,582,0
2015-11-30,11:45:00,23.35,23.36,23.35,23.36,1167,0
2015-11-30,12:00:00,23.38,23.39,23.38,23.39,400,0
2015-11-30,12:05:00,23.36,23.36,23,23,2948,0
2015-11-30,12:10:00,23.01,23.09,23.01,23.09,300,0
2015-11-30,12:15:00,23.09,23.13,23.09,23.13,729,0
2015-11-30,12:20:00,23.19,23.19,23.19,23.19,275,0
2015-11-30,12:25:00,23.11,23.11,23.11,23.11,50,0
2015-11-30,12:30:00,23.2,23.2,23.2,23.2,1672,0
2015-11-30,12:50:00,23.19,23.19,23.15,23.15,400,0
2015-11-30,12:55:00,23.15,23.15,23.15,23.15,200,0
2015-11-30,13:00:00,23.15,23.15,23.15,23.15,100,0
2015-11-30,13:10:00,23.17,23.17,23.12,23.17,685,0
2015-11-30,13:15:00,23.15,23.15,23.15,23.15,15,0
2015-11-30,13:20:00,23.15,23.16,23.14,23.14,2050,0
2015-11-30,13:25:00,23.17,23.17,23.17,23.17,521,0
2015-11-30,13:35:00,23.17,23.17,23.17,23.17,85,0
2015-11-30,13:40:00,23.17,23.17,23.17,23.17,751,0
2015-11-30,13:45:00,23.15,23.15,23.14,23.14,400,0
2015-11-30,13:55:00,23.14,23.14,23.14,23.14,475,0
2015-11-30,14:00:00,23.14,23.14,23.04,23.04,2264,0
2015-11-30,14:05:00,23.04,23.06,22.96,22.96,1332,0
2015-11-30,14:10:00,22.96,22.96,22.96,22.96,689,0
2015-11-30,14:15:00,22.96,22.96,22.91,22.91,1490,0
2015-11-30,14:20:00,22.91,22.95,22.91,22.95,62,0
2015-11-30,14:25:00,22.94,22.94,22.94,22.94,100,0
2015-11-30,14:30:00,22.91,22.91,22.91,22.91,428,0
2015-11-30,14:35:00,22.92,22.92,22.92,22.92,50,0
2015-11-30,14:40:00,22.91,22.94,22.91,22.94,413,0
2015-11-30,14:45:00,22.91,22.91,22.9,22.9,2931,0
2015-11-30,14:50:00,22.91,22.91,22.85,22.85,2065,0
2015-11-30,14:55:00,22.82,22.82,22.81,22.81,389,0
2015-11-30,15:00:00,22.85,22.85,22.8,22.8,2466,0
2015-11-30,15:05:00,22.8,22.81,22.8,22.81,395,0
2015-11-30,15:10:00,22.8,22.8,22.6,22.63,8575,0
2015-11-30,15:15:00,22.68,22.89,22.62,22.89,1635,0
2015-11-30,15:20:00,22.89,23,22.89,23,1105,0
2015-11-30,15:25:00,22.99,23,22.99,22.99,600,0
2015-11-30,15:35:00,22.99,22.99,22.99,22.99,366,0
2015-11-30,15:40:00,22.91,22.92,22.89,22.89,2968,0
2015-11-30,15:45:00,22.79,22.8,22.75,22.75,2839,0
2015-11-30,15:50:00,22.74,22.74,22.66,22.66,2785,0
2015-11-30,15:55:00,22.67,22.7,22.66,22.68,1673,0
2015-11-30,16:00:00,22.68,22.68,22.68,22.68,437,0
2015-11-30,16:05:00,22.68,22.7,22.65,22.7,1729,0
2015-11-30,16:10:00,22.7,22.7,22.7,22.7,317,0
2015-11-30,16:15:00,22.7,22.7,22.68,22.7,714,0
2015-11-30,16:20:00,22.68,22.7,22.66,22.7,2406,0
2015-11-30,16:25:00,22.7,22.7,22.69,22.7,1766,0
2015-11-30,16:30:00,22.7,22.7,22.69,22.7,1026,0
2015-11-30,16:35:00,22.69,22.69,22.67,22.67,663,0
2015-11-30,16:40:00,22.67,22.7,22.67,22.68,894,0
2015-11-30,16:45:00,22.7,22.7,22.68,22.7,1185,0
2015-11-30,16:50:00,22.68,22.7,22.59,22.59,27784,0
2015-12-01,09:05:00,22.7,22.7,22.7,22.7,1252,0
2015-12-01,09:10:00,22.7,22.7,22.7,22.7,969,0
2015-12-01,09:15:00,22.77,22.99,22.77,22.81,747,0
2015-12-01,09:20:00,22.83,22.88,22.83,22.88,741,0
2015-12-01,09:25:00,22.97,22.97,22.87,22.9,2463,0
2015-12-01,09:30:00,22.98,22.98,22.89,22.89,823,0
2015-12-01,09:35:00,22.88,22.88,22.88,22.88,596,0
2015-12-01,09:40:00,22.89,22.96,22.89,22.96,303,0
2015-12-01,09:45:00,22.96,22.96,22.89,22.89,737,0
2015-12-01,09:50:00,22.89,22.92,22.89,22.89,322,0
2015-12-01,09:55:00,22.92,22.92,22.92,22.92,181,0
2015-12-01,10:00:00,22.92,22.92,22.91,22.91,756,0
2015-12-01,10:05:00,22.86,22.86,22.86,22.86,81,0
2015-12-01,10:10:00,22.81,22.81,22.81,22.81,81,0
2015-12-01,10:15:00,22.85,22.85,22.85,22.85,255,0
2015-12-01,10:20:00,22.89,22.96,22.89,22.96,305,0
2015-12-01,10:25:00,22.89,22.89,22.89,22.89,720,0
2015-12-01,10:30:00,22.88,22.9,22.82,22.9,351,0
2015-12-01,10:35:00,22.89,22.89,22.89,22.89,46,0
2015-12-01,10:40:00,22.91,22.95,22.91,22.91,398,0
2015-12-01,10:45:00,22.91,22.91,22.91,22.91,98,0
2015-12-01,10:50:00,22.91,22.93,22.91,22.93,972,0
2015-12-01,10:55:00,22.9,22.9,22.82,22.82,263,0
2015-12-01,11:00:00,22.85,22.85,22.85,22.85,98,0
2015-12-01,11:05:00,22.85,22.85,22.85,22.85,354,0
2015-12-01,11:10:00,22.85,22.85,22.82,22.82,578,0
2015-12-01,11:15:00,22.82,22.82,22.82,22.82,200,0
2015-12-01,11:20:00,22.82,22.82,22.74,22.79,1796,0
2015-12-01,11:25:00,22.73,22.73,22.71,22.71,1050,0
2015-12-01,11:30:00,22.71,22.76,22.71,22.76,321,0
2015-12-01,11:35:00,22.8,22.8,22.76,22.76,877,0
2015-12-01,11:40:00,22.83,22.84,22.83,22.84,1292,0
2015-12-01,11:45:00,22.84,22.93,22.84,22.93,675,0
2015-12-01,11:50:00,22.87,22.92,22.87,22.92,910,0
2015-12-01,11:55:00,22.93,22.93,22.88,22.88,798,0
2015-12-01,12:00:00,22.9,22.9,22.9,22.9,443,0
2015-12-01,12:05:00,22.86,22.86,22.86,22.86,98,0
2015-12-01,12:10:00,22.92,22.93,22.86,22.9,5290,0
2015-12-01,12:15:00,22.89,22.95,22.89,22.95,786,0
2015-12-01,12:25:00,22.94,22.94,22.94,22.94,210,0
2015-12-01,12:30:00,22.94,22.94,22.94,22.94,212,0
2015-12-01,12:35:00,22.94,22.94,22.94,22.94,1194,0
2015-12-01,12:40:00,22.94,22.94,22.91,22.94,618,0
2015-12-01,12:45:00,22.94,22.94,22.94,22.94,255,0
2015-12-01,12:50:00,22.93,22.94,22.92,22.92,589,0
2015-12-01,12:55:00,22.91,22.91,22.91,22.91,178,0
2015-12-01,13:00:00,22.9,22.9,22.9,22.9,245,0
2015-12-01,13:05:00,22.92,22.92,22.9,22.9,514,0
2015-12-01,13:10:00,22.9,22.9,22.9,22.9,375,0
2015-12-01,13:15:00,22.92,22.94,22.92,22.94,5167,0
2015-12-01,13:20:00,22.93,22.94,22.93,22.94,414,0
2015-12-01,13:25:00,22.93,22.93,22.92,22.92,2742,0
2015-12-01,13:30:00,22.94,22.94,22.92,22.93,938,0
2015-12-01,13:35:00,22.93,22.93,22.93,22.93,1058,0
2015-12-01,13:40:00,22.92,22.92,22.92,22.92,483,0
2015-12-01,13:45:00,22.9,22.9,22.9,22.9,298,0
2015-12-01,13:50:00,22.93,22.93,22.93,22.93,61,0
2015-12-01,13:55:00,22.91,22.91,22.9,22.9,655,0
2015-12-01,14:00:00,22.93,22.93,22.91,22.91,160,0
2015-12-01,14:05:00,22.91,22.92,22.91,22.92,508,0
2015-12-01,14:10:00,22.91,22.91,22.9,22.9,1092,0
2015-12-01,14:15:00,22.9,22.9,22.9,22.9,223,0
2015-12-01,14:20:00,22.91,22.93,22.9,22.93,925,0
2015-12-01,14:25:00,22.9,22.9,22.9,22.9,198,0
2015-12-01,14:30:00,22.9,22.91,22.9,22.9,792,0
2015-12-01,14:35:00,22.9,22.9,22.9,22.9,454,0
2015-12-01,14:40:00,22.91,22.94,22.91,22.94,2093,0
2015-12-01,14:45:00,22.94,22.94,22.92,22.92,416,0
2015-12-01,14:50:00,22.92,22.94,22.92,22.94,557,0
2015-12-01,14:55:00,22.92,22.94,22.92,22.94,1963,0
2015-12-01,15:00:00,22.93,22.94,22.93,22.93,1342,0
2015-12-01,15:05:00,22.93,22.93,22.93,22.93,531,0
2015-12-01,15:10:00,22.92,22.92,22.91,22.91,388,0
2015-12-01,15:15:00,22.9,22.9,22.9,22.9,1683,0
2015-12-01,15:20:00,22.9,22.91,22.9,22.9,400,0
2015-12-01,15:25:00,22.91,22.96,22.91,22.96,2797,0
2015-12-01,15:30:00,22.98,22.98,22.96,22.96,230,0
2015-12-01,15:35:00,22.98,22.99,22.98,22.99,3521,0
2015-12-01,15:40:00,22.99,22.99,22.99,22.99,864,0
2015-12-01,15:45:00,22.99,22.99,22.99,22.99,460,0
2015-12-01,15:50:00,22.99,22.99,22.97,22.99,806,0
2015-12-01,15:55:00,22.99,22.99,22.99,22.99,250,0
2015-12-01,16:00:00,22.99,22.99,22.99,22.99,1311,0
2015-12-01,16:05:00,22.97,22.99,22.94,22.94,19763,0
2015-12-01,16:15:00,22.94,22.94,22.92,22.92,614,0
2015-12-01,16:20:00,22.91,22.92,22.91,22.92,300,0
2015-12-01,16:25:00,22.91,22.91,22.9,22.9,547,0
2015-12-01,16:30:00,22.91,22.91,22.9,22.9,4744,0
2015-12-01,16:35:00,22.9,22.9,22.9,22.9,225,0
2015-12-01,16:40:00,22.91,22.99,22.91,22.93,5830,0
2015-12-01,16:45:00,22.91,22.91,22.9,22.9,6641,0
2015-12-01,16:50:00,22.9,22.91,22.9,22.9,20251,0
2015-12-02,09:05:00,22.92,23.17,22.92,23.17,737,0
2015-12-02,09:15:00,23.14,23.15,23.14,23.15,845,0
2015-12-02,09:25:00,23.15,23.16,23.14,23.16,1644,0
2015-12-02,09:30:00,23.03,23.05,23.01,23.01,1266,0
2015-12-02,09:35:00,23.12,23.12,23.02,23.02,1031,0
2015-12-02,09:40:00,23.12,23.16,23.02,23.12,1735,0
2015-12-02,09:45:00,23.15,23.15,23.03,23.15,1423,0
2015-12-02,09:55:00,23.1,23.14,23.05,23.14,1189,0
2015-12-02,10:00:00,23.05,23.05,23.05,23.05,25,0
2015-12-02,10:05:00,23.1,23.1,23.1,23.1,900,0
2015-12-02,10:15:00,23.1,23.1,23.1,23.1,1200,0
2015-12-02,10:20:00,23.05,23.05,23.02,23.03,2424,0
2015-12-02,10:30:00,23.08,23.08,23.02,23.02,1191,0
2015-12-02,10:35:00,23.02,23.05,23.01,23.01,675,0
2015-12-02,10:40:00,23.01,23.01,23.01,23.01,1032,0
2015-12-02,10:45:00,23.01,23.01,22.9,22.9,14032,0
2015-12-02,10:50:00,22.85,22.86,22.61,22.85,3763,0
2015-12-02,10:55:00,22.67,22.68,22.67,22.68,511,0
2015-12-02,11:00:00,22.82,22.83,22.66,22.83,3130,0
2015-12-02,11:05:00,22.83,22.87,22.7,22.7,783,0
2015-12-02,11:10:00,22.86,22.91,22.86,22.87,1437,0
2015-12-02,11:15:00,22.92,22.92,22.92,22.92,200,0
2015-12-02,11:20:00,22.91,22.98,22.91,22.98,577,0
2015-12-02,11:30:00,23,23,23,23,674,0
2015-12-02,11:35:00,23,23,23,23,1,0
2015-12-02,11:40:00,22.92,22.92,22.9,22.9,1963,0
2015-12-02,11:45:00,22.9,22.9,22.9,22.9,724,0
2015-12-02,11:50:00,22.88,22.88,22.88,22.88,242,0
2015-12-02,12:00:00,22.76,22.87,22.65,22.65,3549,0
2015-12-02,12:05:00,22.6,22.6,22.52,22.52,2575,0
2015-12-02,12:10:00,22.52,22.62,22.51,22.53,1744,0
2015-12-02,12:15:00,22.55,22.6,22.55,22.55,1277,0
2015-12-02,12:20:00,22.6,22.6,22.55,22.6,1532,0
2015-12-02,12:25:00,22.6,22.6,22.6,22.6,40,0
2015-12-02,12:30:00,22.56,22.6,22.56,22.6,1375,0
2015-12-02,12:35:00,22.6,22.6,22.57,22.6,903,0
2015-12-02,12:40:00,22.65,22.65,22.65,22.65,995,0
2015-12-02,12:45:00,22.73,22.84,22.73,22.84,265,0
2015-12-02,12:50:00,22.93,22.93,22.9,22.9,2645,0
2015-12-02,12:55:00,22.95,22.95,22.95,22.95,50,0
2015-12-02,13:00:00,22.95,22.95,22.95,22.95,396,0
2015-12-02,13:05:00,22.96,22.96,22.96,22.96,10,0
2015-12-02,13:10:00,22.91,22.96,22.91,22.92,1315,0
2015-12-02,13:15:00,22.92,22.92,22.92,22.92,587,0
2015-12-02,13:20:00,22.94,22.94,22.91,22.91,886,0
2015-12-02,13:25:00,22.91,22.91,22.91,22.91,789,0
2015-12-02,13:30:00,22.9,22.9,22.9,22.9,1095,0
2015-12-02,13:35:00,22.9,22.9,22.85,22.85,414,0
2015-12-02,13:45:00,22.83,22.83,22.83,22.83,696,0
2015-12-02,13:55:00,22.84,22.84,22.7,22.7,3659,0
2015-12-02,14:00:00,22.7,22.7,22.69,22.69,1483,0
2015-12-02,14:05:00,22.61,22.61,22.61,22.61,455,0
2015-12-02,14:10:00,22.61,22.62,22.61,22.61,1815,0
2015-12-02,14:15:00,22.61,22.63,22.55,22.63,2847,0
2015-12-02,14:20:00,22.55,22.62,22.55,22.62,2158,0
2015-12-02,14:25:00,22.55,22.61,22.55,22.61,583,0
2015-12-02,14:30:00,22.56,22.56,22.56,22.56,509,0
2015-12-02,14:35:00,22.56,22.57,22.56,22.56,702,0
2015-12-02,14:40:00,22.56,22.61,22.56,22.61,2189,0
2015-12-02,14:45:00,22.63,22.76,22.63,22.76,2315,0
2015-12-02,14:55:00,22.8,22.8,22.72,22.8,757,0
2015-12-02,15:00:00,22.79,22.79,22.79,22.79,1479,0
2015-12-02,15:05:00,22.79,22.88,22.74,22.88,1909,0
2015-12-02,15:10:00,22.82,22.9,22.75,22.76,1418,0
2015-12-02,15:15:00,22.89,22.89,22.89,22.89,711,0
2015-12-02,15:20:00,22.88,22.9,22.88,22.9,638,0
2015-12-02,15:25:00,22.93,22.93,22.93,22.93,1044,0
2015-12-02,15:30:00,22.93,22.93,22.93,22.93,1023,0
2015-12-02,15:35:00,22.95,23,22.95,22.99,1712,0
2015-12-02,15:40:00,22.96,22.98,22.96,22.96,537,0
2015-12-02,15:45:00,22.96,22.99,22.96,22.99,921,0
2015-12-02,15:50:00,22.96,22.96,22.9,22.9,1744,0
2015-12-02,15:55:00,22.9,22.9,22.9,22.9,250,0
2015-12-02,16:00:00,22.91,22.91,22.91,22.91,100,0
2015-12-02,16:05:00,22.97,22.97,22.97,22.97,912,0
2015-12-02,16:10:00,22.97,22.99,22.93,22.99,1425,0
2015-12-02,16:20:00,22.94,22.99,22.94,22.99,950,0
2015-12-02,16:35:00,22.99,22.99,22.94,22.94,1876,0
2015-12-02,16:40:00,22.94,22.98,22.88,22.88,719,0
2015-12-02,16:45:00,22.83,22.83,22.8,22.8,1943,0
2015-12-02,16:50:00,22.75,23,22.61,23,11480,0
2015-12-03,09:05:00,23,23,23,23,394,0
2015-12-03,09:15:00,22.97,22.97,22.97,22.97,2,0
2015-12-03,09:20:00,22.87,22.94,22.87,22.94,1417,0
2015-12-03,09:25:00,22.85,22.85,22.85,22.85,590,0
2015-12-03,09:30:00,22.85,22.9,22.85,22.86,931,0
2015-12-03,09:35:00,22.86,22.86,22.8,22.8,1299,0
2015-12-03,09:40:00,22.72,22.72,22.63,22.63,1663,0
2015-12-03,09:45:00,22.67,22.71,22.64,22.65,1174,0
2015-12-03,09:55:00,22.71,22.71,22.7,22.7,784,0
2015-12-03,10:00:00,22.72,22.72,22.66,22.66,892,0
2015-12-03,10:05:00,22.69,22.72,22.69,22.72,1256,0
2015-12-03,10:10:00,22.72,22.72,22.72,22.72,750,0
2015-12-03,10:15:00,22.72,22.73,22.72,22.73,644,0
2015-12-03,10:20:00,22.81,22.81,22.73,22.73,570,0
2015-12-03,10:25:00,22.73,22.73,22.73,22.73,600,0
2015-12-03,10:30:00,22.73,22.76,22.73,22.75,513,0
2015-12-03,10:35:00,22.73,22.73,22.7,22.73,1487,0
2015-12-03,10:45:00,22.73,22.73,22.7,22.7,985,0
2015-12-03,10:50:00,22.69,22.69,22.69,22.69,156,0
2015-12-03,10:55:00,22.69,22.69,22.64,22.64,634,0
2015-12-03,11:00:00,22.63,22.63,22.62,22.62,462,0
2015-12-03,11:05:00,22.63,22.63,22.63,22.63,1364,0
2015-12-03,11:10:00,22.69,22.69,22.69,22.69,115,0
2015-12-03,11:15:00,22.69,22.69,22.69,22.69,222,0
2015-12-03,11:20:00,22.69,22.69,22.69,22.69,188,0
2015-12-03,11:25:00,22.65,22.65,22.65,22.65,64,0
2015-12-03,11:30:00,22.69,22.69,22.66,22.66,210,0
2015-12-03,11:35:00,22.66,22.66,22.66,22.66,822,0
2015-12-03,11:45:00,22.67,22.67,22.65,22.66,855,0
2015-12-03,11:50:00,22.66,22.66,22.65,22.65,247,0
2015-12-03,11:55:00,22.65,22.65,22.65,22.65,451,0
2015-12-03,12:00:00,22.63,22.66,22.62,22.66,869,0
2015-12-03,12:10:00,22.66,22.66,22.66,22.66,262,0
2015-12-03,12:15:00,22.66,22.66,22.66,22.66,203,0
2015-12-03,12:20:00,22.64,22.64,22.63,22.63,513,0
2015-12-03,12:25:00,22.66,22.7,22.62,22.62,2223,0
2015-12-03,12:30:00,22.68,22.68,22.68,22.68,100,0
2015-12-03,12:35:00,22.7,22.7,22.7,22.7,400,0
2015-12-03,12:45:00,22.7,22.7,22.7,22.7,203,0
2015-12-03,12:50:00,22.66,22.66,22.66,22.66,1072,0
2015-12-03,12:55:00,22.63,22.67,22.63,22.66,750,0
2015-12-03,13:00:00,22.66,22.66,22.66,22.66,100,0
2015-12-03,13:10:00,22.64,22.66,22.64,22.66,290,0
2015-12-03,13:15:00,22.66,22.7,22.66,22.7,850,0
2015-12-03,13:20:00,22.7,22.7,22.67,22.67,759,0
2015-12-03,13:25:00,22.67,22.7,22.67,22.7,289,0
2015-12-03,13:30:00,22.73,22.73,22.73,22.73,20,0
2015-12-03,13:40:00,22.68,22.68,22.6,22.6,1330,0
2015-12-03,13:45:00,22.6,22.6,22.57,22.57,916,0
2015-12-03,13:55:00,22.62,22.62,22.62,22.62,198,0
2015-12-03,14:00:00,22.57,22.57,22.5,22.5,7697,0
2015-12-03,14:05:00,22.5,22.5,22.5,22.5,354,0
2015-12-03,14:10:00,22.5,22.51,22.5,22.51,325,0
2015-12-03,14:15:00,22.52,22.52,22.52,22.52,63,0
2015-12-03,14:20:00,22.52,22.53,22.52,22.53,870,0
2015-12-03,14:25:00,22.54,22.55,22.53,22.55,1490,0
2015-12-03,14:30:00,22.55,22.55,22.53,22.53,3564,0
2015-12-03,14:35:00,22.57,22.57,22.57,22.57,189,0
2015-12-03,14:40:00,22.53,22.53,22.5,22.5,4246,0
2015-12-03,14:45:00,22.5,22.51,22.5,22.5,14411,0
2015-12-03,14:50:00,22.5,22.54,22.5,22.5,9085,0
2015-12-03,14:55:00,22.54,22.62,22.54,22.6,1873,0
2015-12-03,15:00:00,22.55,22.6,22.52,22.52,1261,0
2015-12-03,15:05:00,22.52,22.54,22.52,22.52,1345,0
2015-12-03,15:10:00,22.51,22.51,22.4,22.4,9742,0
2015-12-03,15:15:00,22.41,22.41,22.23,22.23,19597,0
2015-12-03,15:20:00,22.23,22.43,22.23,22.43,3537,0
2015-12-03,15:25:00,22.42,22.42,22.39,22.39,235,0
2015-12-03,15:30:00,22.39,22.39,22.38,22.38,1418,0
2015-12-03,15:35:00,22.32,22.32,22.32,22.32,976,0
2015-12-03,15:40:00,22.34,22.38,22.31,22.32,6484,0
2015-12-03,15:45:00,22.44,22.44,22.34,22.42,1296,0
2015-12-03,15:50:00,22.4,22.66,22.4,22.66,2508,0
2015-12-03,15:55:00,22.66,22.66,22.66,22.66,70,0
2015-12-03,16:00:00,22.66,22.66,22.65,22.65,386,0
2015-12-03,16:05:00,22.65,22.66,22.65,22.66,557,0
2015-12-03,16:10:00,22.65,22.65,22.65,22.65,196,0
2015-12-03,16:15:00,22.6,22.66,22.59,22.66,1409,0
2015-12-03,16:20:00,22.65,22.66,22.6,22.6,448,0
2015-12-03,16:25:00,22.66,22.66,22.61,22.61,612,0
2015-12-03,16:30:00,22.66,22.71,22.66,22.71,1244,0
2015-12-03,16:35:00,22.66,22.72,22.66,22.72,258,0
2015-12-03,16:40:00,22.67,22.67,22.5,22.5,3033,0
2015-12-03,16:45:00,22.52,22.52,22.41,22.46,4800,0
2015-12-03,16:50:00,22.42,22.48,22.42,22.45,6288,0
2015-12-04,09:05:00,22.3,22.3,22.21,22.3,1984,0
2015-12-04,09:10:00,22.3,22.45,22.3,22.39,2177,0
2015-12-04,09:25:00,22.33,22.39,22.33,22.39,110,0
2015-12-04,09:30:00,22.39,22.41,22.32,22.32,1430,0
2015-12-04,09:35:00,22.32,22.33,22.32,22.33,300,0
2015-12-04,09:40:00,22.35,22.35,22.35,22.35,686,0
2015-12-04,09:45:00,22.35,22.35,22.32,22.32,673,0
2015-12-04,09:50:00,22.32,22.32,22.1,22.1,8460,0
2015-12-04,09:55:00,22.1,22.1,22.02,22.09,2386,0
2015-12-04,10:00:00,22.04,22.11,22.04,22.08,3463,0
2015-12-04,10:05:00,22.1,22.19,22.02,22.19,3408,0
2015-12-04,10:10:00,22.2,22.24,22.19,22.24,6050,0
2015-12-04,10:15:00,22.24,22.24,22.24,22.24,10,0
2015-12-04,10:20:00,22.19,22.19,22.15,22.17,2498,0
2015-12-04,10:25:00,22.2,22.26,22.17,22.26,19698,0
2015-12-04,10:30:00,22.3,22.33,22.3,22.31,2543,0
2015-12-04,10:35:00,22.35,22.43,22.35,22.43,3351,0
2015-12-04,10:40:00,22.42,22.61,22.42,22.61,6613,0
2015-12-04,10:45:00,22.65,22.66,22.46,22.46,6163,0
2015-12-04,10:50:00,22.42,22.54,22.35,22.53,48575,0
2015-12-04,10:55:00,22.48,22.48,22.37,22.48,3895,0
2015-12-04,11:00:00,22.48,22.48,22.48,22.48,24,0
2015-12-04,11:05:00,22.48,22.48,22.43,22.43,195,0
2015-12-04,11:10:00,22.45,22.45,22.45,22.45,830,0
2015-12-04,11:15:00,22.42,22.45,22.42,22.45,169,0
2015-12-04,11:20:00,22.42,22.44,22.4,22.4,1843,0
2015-12-04,11:25:00,22.4,22.4,22.4,22.4,3956,0
2015-12-04,11:35:00,22.4,22.4,22.4,22.4,1595,0
2015-12-04,11:45:00,22.41,22.58,22.41,22.48,2555,0
2015-12-04,11:50:00,22.54,22.54,22.46,22.46,623,0
2015-12-04,11:55:00,22.46,22.46,22.34,22.34,1885,0
2015-12-04,12:00:00,22.36,22.39,22.36,22.37,1958,0
2015-12-04,12:05:00,22.4,22.4,22.39,22.4,918,0
2015-12-04,12:10:00,22.41,22.42,22.41,22.42,410,0
2015-12-04,12:15:00,22.45,22.45,22.45,22.45,400,0
2015-12-04,12:20:00,22.43,22.45,22.43,22.45,1532,0
2015-12-04,12:25:00,22.45,22.53,22.45,22.49,1058,0
2015-12-04,12:30:00,22.47,22.47,22.41,22.41,2145,0
2015-12-04,12:35:00,22.44,22.44,22.41,22.41,673,0
2015-12-04,12:40:00,22.39,22.39,22.39,22.39,1172,0
2015-12-04,12:45:00,22.38,22.38,22.31,22.31,1895,0
2015-12-04,12:50:00,22.35,22.4,22.35,22.4,1771,0
2015-12-04,12:55:00,22.34,22.35,22.34,22.35,489,0
2015-12-04,13:00:00,22.35,22.39,22.35,22.39,621,0
2015-12-04,13:05:00,22.43,22.47,22.43,22.47,954,0
2015-12-04,13:10:00,22.47,22.47,22.47,22.47,240,0
2015-12-04,13:15:00,22.44,22.44,22.44,22.44,50,0
2015-12-04,13:20:00,22.41,22.41,22.4,22.41,1559,0
2015-12-04,13:25:00,22.33,22.4,22.33,22.33,345,0
2015-12-04,13:30:00,22.4,22.4,22.4,22.4,1040,0
2015-12-04,13:35:00,22.38,22.38,22.38,22.38,218,0
2015-12-04,13:40:00,22.38,22.38,22.38,22.38,983,0
2015-12-04,13:50:00,22.38,22.38,22.38,22.38,133,0
2015-12-04,13:55:00,22.38,22.38,22.35,22.35,2866,0
2015-12-04,14:00:00,22.37,22.38,22.33,22.33,1077,0
2015-12-04,14:05:00,22.35,22.35,22.32,22.32,322,0
2015-12-04,14:10:00,22.32,22.37,22.32,22.33,1772,0
2015-12-04,14:15:00,22.33,22.35,22.32,22.32,30790,0
2015-12-04,14:20:00,22.33,22.4,22.33,22.39,2746,0
2015-12-04,14:25:00,22.37,22.37,22.37,22.37,1,0
2015-12-04,14:30:00,22.39,22.44,22.39,22.44,1138,0
2015-12-04,14:35:00,22.52,22.59,22.52,22.55,1320,0
2015-12-04,14:40:00,22.53,22.53,22.41,22.41,1848,0
2015-12-04,14:45:00,22.41,22.51,22.41,22.51,2913,0
2015-12-04,14:50:00,22.55,22.56,22.55,22.56,647,0
2015-12-04,14:55:00,22.6,22.67,22.54,22.54,4317,0
2015-12-04,15:00:00,22.53,22.53,22.46,22.46,856,0
2015-12-04,15:05:00,22.46,22.47,22.41,22.47,1031,0
2015-12-04,15:10:00,22.5,22.5,22.41,22.41,1240,0
2015-12-04,15:15:00,22.42,22.42,22.4,22.4,11978,0
2015-12-04,15:20:00,22.4,22.44,22.4,22.4,802,0
2015-12-04,15:25:00,22.4,22.41,22.4,22.4,3720,0
2015-12-04,15:30:00,22.41,22.5,22.41,22.5,3059,0
2015-12-04,15:35:00,22.5,22.5,22.5,22.5,200,0
2015-12-04,15:40:00,22.47,22.5,22.47,22.5,938,0
2015-12-04,15:45:00,22.5,22.5,22.44,22.47,865,0
2015-12-04,15:50:00,22.5,22.7,22.49,22.68,5524,0
2015-12-04,15:55:00,22.68,22.88,22.66,22.88,5423,0
2015-12-04,16:00:00,22.88,22.9,22.82,22.82,4231,0
2015-12-04,16:05:00,22.81,22.82,22.67,22.7,4848,0
2015-12-04,16:10:00,22.67,22.74,22.65,22.65,6685,0
2015-12-04,16:15:00,22.68,22.68,22.68,22.68,1927,0
2015-12-04,16:20:00,22.72,22.82,22.72,22.82,2547,0
2015-12-04,16:25:00,22.82,22.82,22.8,22.82,2924,0
2015-12-04,16:30:00,22.8,22.81,22.8,22.81,535,0
2015-12-04,16:35:00,22.82,22.82,22.81,22.82,1048,0
2015-12-04,16:40:00,22.82,22.82,22.8,22.82,2195,0
2015-12-04,16:45:00,22.82,22.82,22.8,22.81,5004,0
2015-12-04,16:50:00,22.81,22.82,22.81,22.81,14071,0
