2015-01-14,13:40:00,4.22,4.22,4.22,4.22,5,0
2015-01-15,09:30:00,4.22,4.22,4.22,4.22,1476,0
2015-01-15,09:35:00,4.22,4.22,4.22,4.22,650,0
2015-01-15,10:20:00,4.07,4.07,4.07,4.07,227,0
2015-01-15,14:10:00,4.24,4.25,4.24,4.25,2492,0
2015-01-15,14:15:00,4.38,4.38,4.38,4.38,148,0
2015-01-15,14:20:00,4.38,4.38,4.38,4.38,200,0
2015-01-15,14:25:00,4.5,4.5,4.5,4.5,34,0
2015-01-15,16:25:00,4.21,4.21,4.21,4.21,5,0
2015-01-15,16:30:00,4.21,4.21,4.15,4.15,3,0
2015-01-15,16:50:00,4.35,4.35,4.35,4.35,50,0
2015-01-16,10:00:00,4.1,4.1,4.1,4.1,1820,0
2015-01-16,11:30:00,4.31,4.31,4.31,4.31,1,0
2015-01-19,10:35:00,4.12,4.12,4.12,4.12,499,0
2015-01-19,11:45:00,4.3,4.3,4.3,4.3,1,0
2015-01-19,15:55:00,4.12,4.12,4.11,4.11,1480,0
2015-01-20,09:05:00,4.05,4.05,4.05,4.05,400,0
2015-01-20,11:15:00,4.05,4.05,4.05,4.05,200,0
2015-01-20,12:05:00,4.22,4.22,4.22,4.22,649,0
2015-01-20,13:15:00,4.05,4.05,4.05,4.05,1,0
2015-01-20,13:40:00,4.05,4.05,4.05,4.05,1012,0
2015-01-20,13:50:00,4.05,4.05,4.05,4.05,494,0
2015-01-21,10:15:00,4.15,4.15,4.15,4.15,250,0
2015-01-21,11:45:00,4,4,4,4,61721,0
2015-01-21,12:25:00,4,4,4,4,100,0
2015-01-21,15:50:00,4,4.15,4,4.15,180,0
2015-01-22,09:35:00,4.05,4.05,4.05,4.05,351,0
2015-01-22,10:10:00,4.15,4.15,4.15,4.15,77,0
2015-01-22,10:45:00,4.05,4.05,4.05,4.05,1754,0
2015-01-22,11:40:00,4.1,4.1,4.1,4.1,1,0
2015-01-23,09:05:00,4.15,4.15,4.15,4.15,480,0
2015-01-23,11:45:00,3.99,3.99,3.96,3.96,357,0
2015-01-23,14:45:00,4.09,4.09,4.09,4.09,1,0
2015-01-23,16:50:00,4.1,4.15,4.1,4.15,2,0
2015-01-26,09:05:00,4.15,4.15,4.15,4.15,1000,0
2015-01-26,14:55:00,4,4,4,4,1875,0
2015-01-26,15:05:00,4,4,4,4,280,0
2015-01-26,15:10:00,3.82,3.82,3.82,3.82,280,0
2015-01-26,15:15:00,4,4,4,4,1000,0
2015-01-26,16:50:00,4.04,4.04,4.04,4.04,1,0
2015-01-27,11:55:00,3.9,3.9,3.9,3.9,5,0
2015-01-27,12:45:00,4.04,4.04,4.04,4.04,5,0
2015-01-27,16:05:00,4.04,4.04,4.04,4.04,700,0
2015-01-28,09:05:00,4.01,4.01,4.01,4.01,20,0
2015-01-28,10:05:00,3.86,3.86,3.86,3.86,77,0
2015-01-28,11:35:00,4,4,4,4,1300,0
2015-01-28,12:30:00,4,4,4,4,600,0
2015-01-28,13:05:00,4,4,4,4,300,0
2015-01-29,09:05:00,4,4,4,4,10,0
2015-01-29,16:35:00,4,4,4,4,10,0
2015-01-30,09:05:00,4,4,4,4,10,0
2015-01-30,14:20:00,4,4,4,4,525,0
2015-01-30,14:55:00,3.93,3.93,3.9,3.9,8304,0
2015-01-30,15:30:00,3.9,3.9,3.9,3.9,300,0
2015-01-30,15:40:00,3.9,3.9,3.9,3.9,967,0
2015-01-30,15:45:00,3.9,3.9,3.9,3.9,494,0
2015-01-30,16:00:00,3.9,3.9,3.9,3.9,430,0
2015-01-30,16:15:00,3.9,3.9,3.9,3.9,600,0
2015-01-30,16:30:00,3.9,3.9,3.9,3.9,250,0
2015-01-30,16:40:00,3.9,3.9,3.9,3.9,750,0
2015-01-30,16:45:00,3.9,3.9,3.9,3.9,1000,0
2015-01-30,16:50:00,3.9,3.9,3.9,3.9,1000,0
2015-02-02,12:40:00,3.89,3.89,3.89,3.89,280,0
2015-02-02,12:45:00,3.88,3.88,3.88,3.88,4135,0
2015-02-02,15:00:00,3.89,3.89,3.89,3.89,74,0
2015-02-02,16:50:00,3.98,3.98,3.98,3.98,5,0
2015-02-03,11:50:00,3.91,3.91,3.9,3.9,666,0
2015-02-03,12:05:00,3.9,3.9,3.9,3.9,4636,0
2015-02-03,12:10:00,3.9,3.9,3.9,3.9,1928,0
2015-02-03,12:50:00,3.9,3.9,3.9,3.9,171,0
2015-02-03,16:50:00,4,4,4,4,50,0
2015-02-04,09:40:00,4,4,4,4,50,0
2015-02-04,09:50:00,4,4,4,4,85,0
2015-02-04,12:10:00,4,4,4,4,450,0
2015-02-04,15:10:00,4,4,4,4,750,0
2015-02-05,09:20:00,4.05,4.05,4.05,4.05,440,0
2015-02-05,12:20:00,3.88,3.88,3.88,3.88,500,0
2015-02-05,13:05:00,4.04,4.04,4.04,4.04,1,0
2015-02-06,14:10:00,3.98,3.99,3.98,3.99,400,0
2015-02-06,14:55:00,3.99,3.99,3.99,3.99,2000,0
2015-02-09,09:05:00,3.99,3.99,3.99,3.99,2,0
2015-02-09,11:00:00,3.86,3.86,3.86,3.86,10,0
2015-02-09,11:10:00,3.86,3.86,3.86,3.86,213,0
2015-02-09,11:40:00,3.88,3.88,3.88,3.88,259,0
2015-02-09,14:20:00,3.94,3.94,3.94,3.94,2000,0
2015-02-10,09:15:00,3.94,3.94,3.94,3.94,1,0
2015-02-10,11:50:00,3.94,3.94,3.94,3.94,260,0
2015-02-10,16:50:00,3.94,3.94,3.94,3.94,88,0
2015-02-11,09:05:00,3.8,3.8,3.8,3.8,18,0
2015-02-11,09:15:00,3.9,3.94,3.9,3.94,600,0
2015-02-11,13:15:00,3.88,3.88,3.88,3.88,432,0
2015-02-11,16:40:00,3.94,3.94,3.94,3.94,1,0
2015-02-12,13:40:00,3.98,3.98,3.98,3.98,12,0
2015-02-12,14:55:00,3.94,3.94,3.94,3.94,500,0
2015-02-12,15:35:00,3.88,3.88,3.88,3.88,15,0
2015-02-12,16:25:00,3.89,3.89,3.89,3.89,1000,0
2015-02-12,16:50:00,3.97,3.97,3.97,3.97,10,0
2015-02-13,09:55:00,3.9,3.9,3.9,3.9,301,0
2015-02-13,10:00:00,3.9,3.9,3.9,3.9,354,0
2015-02-13,10:10:00,3.9,3.94,3.9,3.94,46,0
2015-02-13,13:45:00,3.93,3.93,3.93,3.93,254,0
2015-02-16,09:40:00,3.9,3.9,3.9,3.9,775,0
2015-02-16,10:05:00,3.9,3.9,3.9,3.9,148,0
2015-02-16,12:15:00,3.9,3.9,3.9,3.9,500,0
2015-02-16,14:35:00,3.9,3.9,3.9,3.9,277,0
2015-02-16,14:40:00,3.98,3.98,3.98,3.98,1,0
2015-02-17,10:05:00,3.95,3.95,3.95,3.95,380,0
2015-02-17,12:10:00,3.9,3.9,3.9,3.9,400,0
2015-02-17,14:30:00,3.9,3.9,3.89,3.89,370,0
2015-02-17,15:30:00,3.98,3.98,3.98,3.98,1,0
2015-02-18,09:25:00,3.9,3.9,3.9,3.9,400,0
2015-02-18,10:25:00,3.9,3.9,3.9,3.9,700,0
2015-02-18,14:30:00,3.95,3.95,3.95,3.95,1,0
2015-02-18,14:50:00,3.9,3.9,3.9,3.9,500,0
2015-02-18,14:55:00,3.95,3.95,3.95,3.95,1,0
2015-02-18,15:10:00,3.9,3.9,3.9,3.9,500,0
2015-02-18,15:25:00,3.94,3.94,3.94,3.94,1,0
2015-02-19,14:25:00,3.9,3.9,3.9,3.9,900,0
2015-02-19,16:50:00,3.93,3.93,3.93,3.93,200,0
2015-02-20,09:05:00,3.93,3.93,3.93,3.93,5,0
2015-02-20,15:10:00,3.89,3.89,3.88,3.88,990,0
2015-02-20,16:40:00,3.88,3.88,3.88,3.88,365,0
2015-02-23,12:25:00,3.92,3.92,3.92,3.92,2,0
2015-02-24,11:50:00,3.92,3.92,3.92,3.92,2,0
2015-02-24,12:00:00,3.88,3.88,3.88,3.88,100,0
2015-02-24,16:35:00,3.9,3.92,3.9,3.92,2098,0
2015-02-24,16:50:00,3.92,3.92,3.92,3.92,692,0
2015-02-25,15:55:00,3.92,3.92,3.92,3.92,1,0
2015-02-25,16:00:00,3.89,3.89,3.89,3.89,1500,0
2015-02-25,16:50:00,3.89,3.89,3.89,3.89,500,0
2015-02-26,15:00:00,3.9,3.9,3.9,3.9,141,0
2015-02-27,12:05:00,3.9,3.9,3.9,3.9,740,0
2015-02-27,12:40:00,3.9,3.9,3.9,3.9,2159,0
2015-02-27,13:15:00,3.9,3.9,3.9,3.9,74,0
2015-02-27,14:05:00,3.9,3.9,3.9,3.9,126,0
2015-02-27,16:50:00,3.98,3.98,3.98,3.98,50,0
2015-03-02,10:40:00,3.98,3.98,3.98,3.98,110,0
2015-03-02,12:55:00,3.91,3.91,3.91,3.91,200,0
2015-03-02,15:50:00,3.9,3.9,3.9,3.9,100,0
2015-03-02,16:00:00,3.9,3.9,3.9,3.9,1,0
2015-03-03,10:55:00,3.9,3.9,3.9,3.9,200,0
2015-03-03,14:50:00,3.9,3.9,3.9,3.9,1410,0
2015-03-03,16:50:00,3.9,3.9,3.9,3.9,289,0
2015-03-04,09:05:00,3.9,3.9,3.9,3.9,1282,0
2015-03-04,11:30:00,3.88,3.88,3.8,3.8,500,0
2015-03-04,14:50:00,3.81,3.81,3.81,3.81,481,0
2015-03-04,15:15:00,3.9,3.9,3.9,3.9,1,0
2015-03-05,09:05:00,3.9,3.9,3.9,3.9,750,0
2015-03-05,14:15:00,3.81,3.81,3.81,3.81,100,0
2015-03-05,14:30:00,3.9,3.9,3.9,3.9,1,0
2015-03-05,15:00:00,3.86,3.86,3.86,3.86,3000,0
2015-03-05,16:40:00,3.9,3.9,3.9,3.9,1,0
2015-03-06,14:15:00,3.85,3.85,3.85,3.85,400,0
2015-03-06,14:30:00,3.85,3.85,3.85,3.85,125,0
2015-03-06,15:55:00,3.81,3.81,3.8,3.8,854,0
2015-03-06,16:50:00,3.85,3.85,3.85,3.85,750,0
2015-03-09,09:30:00,3.85,3.85,3.85,3.85,100,0
2015-03-09,10:35:00,3.85,3.85,3.85,3.85,1200,0
2015-03-09,11:15:00,3.8,3.8,3.8,3.8,50,0
2015-03-09,12:20:00,3.8,3.8,3.8,3.8,370,0
2015-03-09,14:15:00,3.81,3.81,3.81,3.81,300,0
2015-03-09,14:40:00,3.8,3.8,3.8,3.8,1387,0
2015-03-10,10:45:00,3.8,3.8,3.8,3.8,360,0
2015-03-10,13:50:00,3.75,3.75,3.75,3.75,1610,0
2015-03-10,14:55:00,3.8,3.8,3.8,3.8,270,0
2015-03-10,16:15:00,3.75,3.8,3.75,3.8,848,0
2015-03-11,10:25:00,3.75,3.75,3.75,3.75,300,0
2015-03-11,14:20:00,3.75,3.75,3.75,3.75,2650,0
2015-03-11,15:10:00,3.7,3.7,3.7,3.7,5000,0
2015-03-11,15:30:00,3.72,3.77,3.72,3.77,100,0
2015-03-11,16:20:00,3.7,3.7,3.7,3.7,200,0
2015-03-11,16:45:00,3.7,3.7,3.7,3.7,100,0
2015-03-11,16:50:00,3.7,3.7,3.62,3.62,2575,0
2015-03-12,09:05:00,3.62,3.62,3.62,3.62,400,0
2015-03-12,09:15:00,3.63,3.63,3.63,3.63,85,0
2015-03-12,10:05:00,3.69,3.7,3.69,3.7,960,0
2015-03-12,11:55:00,3.65,3.65,3.61,3.61,3577,0
2015-03-12,12:00:00,3.61,3.61,3.61,3.61,400,0
2015-03-12,12:15:00,3.61,3.61,3.61,3.61,3000,0
2015-03-12,12:20:00,3.61,3.61,3.61,3.61,199,0
2015-03-12,14:35:00,3.61,3.61,3.61,3.61,1400,0
2015-03-12,15:45:00,3.59,3.59,3.59,3.59,500,0
2015-03-12,15:50:00,3.68,3.68,3.68,3.68,50,0
2015-03-13,11:00:00,3.65,3.65,3.65,3.65,3000,0
2015-03-13,11:20:00,3.65,3.65,3.65,3.65,900,0
2015-03-13,12:00:00,3.65,3.65,3.65,3.65,250,0
2015-03-13,14:45:00,3.63,3.63,3.63,3.63,428,0
2015-03-13,15:40:00,3.64,3.64,3.63,3.63,2239,0
2015-03-16,09:45:00,3.6,3.6,3.6,3.6,1000,0
2015-03-16,09:50:00,3.59,3.59,3.58,3.58,5095,0
2015-03-16,11:30:00,3.6,3.6,3.6,3.6,50,0
2015-03-16,12:35:00,3.6,3.6,3.6,3.6,1000,0
2015-03-16,14:35:00,3.57,3.57,3.57,3.57,340,0
2015-03-16,16:40:00,3.64,3.64,3.64,3.64,250,0
2015-03-17,13:20:00,3.65,3.65,3.65,3.65,500,0
2015-03-17,16:00:00,3.6,3.6,3.6,3.6,132,0
2015-03-17,16:50:00,3.64,3.64,3.64,3.64,200,0
2015-03-18,09:05:00,3.61,3.61,3.61,3.61,89,0
2015-03-18,10:40:00,3.61,3.61,3.61,3.61,100000,0
2015-03-18,10:45:00,3.69,3.69,3.68,3.68,2905,0
2015-03-18,12:30:00,3.69,3.69,3.69,3.69,6854,0
2015-03-18,12:35:00,3.69,3.69,3.69,3.69,1300,0
2015-03-18,13:30:00,3.69,3.69,3.69,3.69,134,0
2015-03-18,14:05:00,3.63,3.63,3.62,3.62,42100,0
2015-03-18,14:15:00,3.62,3.62,3.62,3.62,5000,0
2015-03-18,14:35:00,3.65,3.65,3.65,3.65,2900,0
2015-03-18,16:20:00,3.69,3.7,3.69,3.7,4500,0
2015-03-18,16:25:00,3.7,3.7,3.7,3.7,2000,0
2015-03-18,16:30:00,3.7,3.7,3.7,3.7,411,0
2015-03-18,16:45:00,3.7,3.8,3.7,3.8,117348,0
2015-03-18,16:50:00,3.89,4,3.8,4,4990,0
2015-03-19,09:05:00,4,4,4,4,6240,0
2015-03-19,09:20:00,4.04,4.04,4.04,4.04,182,0
2015-03-19,09:25:00,4.04,4.04,4.04,4.04,163,0
2015-03-19,09:35:00,4.04,4.04,4.04,4.04,2095,0
2015-03-19,10:05:00,4.04,4.04,4.04,4.04,52,0
2015-03-19,12:30:00,4.02,4.02,4.02,4.02,450,0
2015-03-19,14:55:00,4,4,4,4,600,0
2015-03-19,15:05:00,4,4.08,4,4.08,10657,0
2015-03-19,16:25:00,4.08,4.08,4.08,4.08,343,0
2015-03-19,16:45:00,4.08,4.12,4.08,4.12,1356,0
2015-03-19,16:50:00,4.18,4.2,4.18,4.2,10270,0
2015-03-20,09:05:00,4.05,4.05,4.05,4.05,3855,0
2015-03-20,09:15:00,4.02,4.02,4.02,4.02,500,0
2015-03-20,09:25:00,4.02,4.02,4.02,4.02,1048,0
2015-03-20,09:30:00,4.02,4.02,4.02,4.02,452,0
2015-03-20,09:35:00,4.01,4.01,4.01,4.01,170,0
2015-03-20,09:40:00,4.01,4.01,4,4,2145,0
2015-03-20,09:50:00,4,4,4,4,2000,0
2015-03-20,10:15:00,4,4,4,4,4000,0
2015-03-20,11:15:00,3.87,3.87,3.87,3.87,468,0
2015-03-20,11:25:00,3.87,3.87,3.87,3.87,545,0
2015-03-20,11:35:00,3.95,3.95,3.95,3.95,1300,0
2015-03-20,11:55:00,3.87,3.87,3.87,3.87,20,0
2015-03-20,12:35:00,3.95,3.95,3.95,3.95,250,0
2015-03-20,14:30:00,3.88,3.88,3.88,3.88,3000,0
2015-03-20,14:45:00,4,4,4,4,1,0
2015-03-20,15:25:00,3.95,3.95,3.95,3.95,1000,0
2015-03-20,15:35:00,3.99,3.99,3.99,3.99,295,0
2015-03-20,16:50:00,3.98,3.98,3.98,3.98,1000,0
2015-03-23,09:35:00,3.97,3.99,3.97,3.99,2272,0
2015-03-23,09:50:00,4,4,4,4,5,0
2015-03-23,10:45:00,4,4,4,4,723,0
2015-03-23,11:15:00,4,4,4,4,3000,0
2015-03-23,11:20:00,4,4,4,4,3000,0
2015-03-23,11:25:00,3.97,3.97,3.97,3.97,74,0
2015-03-23,12:05:00,3.97,3.97,3.97,3.97,250,0
2015-03-23,12:20:00,3.98,3.98,3.98,3.98,436,0
2015-03-23,14:45:00,3.98,3.98,3.98,3.98,64,0
2015-03-23,14:50:00,3.98,3.98,3.98,3.98,151,0
2015-03-23,14:55:00,4,4,4,4,4525,0
2015-03-23,16:50:00,4,4,4,4,3677,0
2015-03-24,09:05:00,4.15,4.15,4.15,4.15,700,0
2015-03-25,14:05:00,4,4,4,4,88190,0
2015-03-25,14:35:00,4.07,4.19,4.07,4.19,6000,0
2015-03-25,14:50:00,4.19,4.23,4.19,4.23,1345,0
2015-03-25,14:55:00,4.23,4.23,4.23,4.23,2000,0
2015-03-25,15:10:00,4.22,4.22,4.22,4.22,250,0
2015-03-25,15:15:00,4.22,4.28,4.01,4.28,108036,0
2015-03-25,15:25:00,4.24,4.25,4.24,4.25,3000,0
2015-03-25,16:50:00,4.25,4.49,4.25,4.49,8059,0
2015-03-26,09:05:00,4.21,4.21,4.21,4.21,148,0
2015-03-26,09:30:00,4.25,4.25,4.25,4.25,50000,0
2015-03-26,10:55:00,4.25,4.25,4.25,4.25,350,0
2015-03-26,15:40:00,4.25,4.25,4.25,4.25,1000,0
2015-03-26,16:45:00,4.3,4.3,4.3,4.3,1,0
2015-03-27,15:35:00,4.3,4.3,4.3,4.3,2,0
2015-03-27,15:50:00,4.3,4.3,4.3,4.3,117,0
2015-03-27,16:30:00,4.25,4.25,4.25,4.25,70000,0
2015-03-27,16:35:00,4.3,4.3,4.3,4.3,1,0
2015-03-30,09:05:00,4.3,4.3,4.3,4.3,150,0
2015-03-30,13:15:00,4.25,4.25,4.25,4.25,140,0
2015-03-30,14:35:00,4.25,4.25,4.21,4.21,1807,0
2015-03-30,14:40:00,4.15,4.3,4.12,4.3,241,0
2015-03-30,16:40:00,4.33,4.33,4.33,4.33,1,0
2015-03-30,16:45:00,4.33,4.45,4.33,4.45,2200,0
2015-03-31,14:00:00,4.3,4.3,4.3,4.3,2296,0
2015-03-31,15:15:00,4.37,4.37,4.37,4.37,1,0
2015-03-31,15:45:00,4.35,4.45,4.35,4.45,6385,0
2015-03-31,16:50:00,4.48,4.55,4.48,4.55,1785,0
2015-04-01,09:05:00,4.8,4.8,4.8,4.8,65,0
2015-04-01,09:25:00,4.8,4.8,4.8,4.8,163,0
2015-04-01,11:55:00,4.79,4.79,4.79,4.79,30,0
2015-04-01,12:25:00,4.78,4.79,4.78,4.79,600,0
2015-04-02,09:05:00,4.7,4.7,4.7,4.7,605,0
2015-04-02,12:45:00,4.45,4.45,4.45,4.45,500,0
2015-04-02,13:20:00,4.55,4.65,4.55,4.65,530,0
2015-04-02,13:25:00,4.6,4.6,4.6,4.6,70,0
2015-04-02,13:45:00,4.65,4.65,4.65,4.65,30,0
2015-04-02,14:15:00,4.41,4.41,4.4,4.4,500,0
2015-04-02,14:20:00,4.4,4.4,4.4,4.4,370,0
2015-04-02,15:45:00,4.58,4.6,4.58,4.6,2,0
2015-04-02,16:00:00,4.5,4.5,4.5,4.5,1497,0
2015-04-02,16:15:00,4.5,4.5,4.5,4.5,1652,0
2015-04-02,16:20:00,4.5,4.5,4.5,4.5,5,0
2015-04-02,16:30:00,4.59,4.59,4.59,4.59,1,0
2015-04-07,09:05:00,4.6,4.62,4.6,4.62,450,0
2015-04-07,09:15:00,4.41,4.41,4.41,4.41,1000,0
2015-04-07,09:45:00,4.41,4.41,4.41,4.41,2000,0
2015-04-07,10:00:00,4.41,4.41,4.41,4.41,2776,0
2015-04-07,10:05:00,4.59,4.59,4.59,4.59,1,0
2015-04-07,10:55:00,4.55,4.55,4.55,4.55,1000,0
2015-04-07,11:10:00,4.55,4.55,4.55,4.55,1712,0
2015-04-07,11:35:00,4.59,4.6,4.59,4.6,3600,0
2015-04-07,11:40:00,4.6,4.6,4.6,4.6,1769,0
2015-04-07,11:50:00,4.6,4.6,4.6,4.6,631,0
2015-04-07,13:05:00,4.6,4.6,4.6,4.6,617,0
2015-04-07,16:50:00,4.6,4.6,4.6,4.6,3370,0
2015-04-08,09:50:00,4.43,4.43,4.43,4.43,160,0
2015-04-08,12:40:00,4.5,4.5,4.5,4.5,1111,0
2015-04-08,13:40:00,4.5,4.5,4.5,4.5,4150,0
2015-04-08,16:15:00,4.55,4.55,4.55,4.55,50000,0
2015-04-08,16:40:00,4.59,4.61,4.59,4.61,5200,0
2015-04-08,16:50:00,4.8,4.8,4.8,4.8,5289,0
2015-04-09,09:05:00,4.8,4.8,4.8,4.8,22,0
2015-04-09,10:50:00,4.5,4.5,4.5,4.5,2000,0
2015-04-09,14:30:00,4.74,4.74,4.74,4.74,1,0
2015-04-09,15:10:00,4.74,4.75,4.74,4.75,56220,0
2015-04-09,15:50:00,4.75,4.8,4.75,4.8,5000,0
2015-04-09,16:45:00,4.79,4.8,4.79,4.8,4000,0
2015-04-09,16:50:00,4.8,4.8,4.8,4.8,1112,0
2015-04-10,09:30:00,4.75,4.75,4.75,4.75,1000,0
2015-04-10,12:20:00,4.51,4.51,4.51,4.51,1816,0
2015-04-10,15:25:00,4.75,4.75,4.75,4.75,23,0
2015-04-10,16:50:00,4.74,4.74,4.74,4.74,184,0
2015-04-13,09:05:00,4.74,4.74,4.74,4.74,422,0
2015-04-13,10:40:00,4.56,4.56,4.56,4.56,1000,0
2015-04-13,10:50:00,4.56,4.56,4.55,4.55,2205,0
2015-04-13,11:25:00,4.55,4.6,4.55,4.6,2000,0
2015-04-13,13:45:00,4.52,4.52,4.51,4.51,2489,0
2015-04-13,14:40:00,4.55,4.55,4.55,4.55,2000,0
2015-04-13,14:45:00,4.55,4.55,4.55,4.55,535,0
2015-04-13,16:40:00,4.55,4.55,4.55,4.55,146,0
2015-04-13,16:50:00,4.55,4.55,4.55,4.55,1555,0
2015-04-14,16:50:00,4.65,4.65,4.65,4.65,20,0
2015-04-15,16:50:00,4.67,4.67,4.67,4.67,20,0
2015-04-16,11:15:00,4.65,4.67,4.65,4.67,7913,0
2015-04-16,14:45:00,4.67,4.67,4.67,4.67,625,0
2015-04-16,15:20:00,4.7,4.7,4.7,4.7,75,0
2015-04-16,15:50:00,4.67,4.67,4.67,4.67,1462,0
2015-04-16,16:50:00,4.72,4.72,4.72,4.72,250,0
2015-04-17,12:00:00,4.55,4.55,4.55,4.55,368,0
2015-04-17,16:50:00,4.74,4.74,4.74,4.74,1,0
2015-04-21,09:05:00,4.67,4.67,4.67,4.67,80,0
2015-04-22,15:45:00,4.67,4.67,4.67,4.67,1,0
2015-04-23,15:35:00,4.67,4.67,4.67,4.67,1285,0
2015-04-24,10:10:00,4.45,4.45,4.45,4.45,1690,0
2015-04-24,10:20:00,4.55,4.55,4.55,4.55,5000,0
2015-04-24,11:05:00,4.55,4.55,4.55,4.55,310,0
2015-04-24,11:10:00,4.55,4.55,4.55,4.55,977,0
2015-04-24,16:50:00,4.66,4.66,4.66,4.66,10,0
2015-04-27,10:10:00,4.66,4.67,4.66,4.67,3000,0
2015-04-27,13:00:00,4.59,4.59,4.59,4.59,966,0
2015-04-27,13:20:00,4.59,4.59,4.59,4.59,3713,0
2015-04-28,16:25:00,4.45,4.45,4.45,4.45,723,0
2015-04-29,09:05:00,4.45,4.45,4.45,4.45,732,0
2015-04-29,10:45:00,4.45,4.45,4.45,4.45,1515,0
2015-04-29,10:55:00,4.45,4.45,4.45,4.45,90182,0
2015-04-29,11:00:00,4.51,4.51,4.51,4.51,888,0
2015-04-29,12:10:00,4.55,4.55,4.55,4.55,170,0
2015-04-29,12:45:00,4.55,4.55,4.55,4.55,1962,0
2015-04-29,14:35:00,4.55,4.55,4.55,4.55,60000,0
2015-04-29,14:50:00,4.55,4.55,4.55,4.55,2868,0
2015-04-29,15:25:00,4.51,4.51,4.51,4.51,495,0
2015-04-29,15:30:00,4.51,4.51,4.51,4.51,617,0
2015-04-29,15:35:00,4.51,4.51,4.51,4.51,3001,0
2015-04-29,16:30:00,4.51,4.51,4.51,4.51,3000,0
2015-04-30,13:10:00,4.41,4.41,4.41,4.41,148,0
2015-04-30,13:40:00,4.51,4.51,4.51,4.51,3703,0
2015-04-30,14:30:00,4.51,4.51,4.45,4.45,3000,0
2015-04-30,15:15:00,4.6,4.6,4.6,4.6,1,0
2015-05-04,09:05:00,4.67,4.67,4.67,4.67,400,0
2015-05-04,15:20:00,4.45,4.45,4.45,4.45,5000,0
2015-05-05,09:55:00,4.52,4.52,4.52,4.52,1660,0
2015-05-05,12:15:00,4.5,4.5,4.5,4.5,2500,0
2015-05-05,14:30:00,4.5,4.5,4.5,4.5,3318,0
2015-05-05,16:10:00,4.5,4.5,4.5,4.5,250,0
2015-05-06,09:05:00,4.5,4.5,4.5,4.5,52,0
2015-05-07,10:00:00,4.5,4.5,4.5,4.5,3703,0
2015-05-07,11:35:00,4.51,4.51,4.51,4.51,300,0
2015-05-07,12:00:00,4.51,4.51,4.51,4.51,250,0
2015-05-08,09:05:00,4.5,4.5,4.5,4.5,122,0
2015-05-08,09:50:00,4.5,4.5,4.45,4.45,2000,0
2015-05-08,13:25:00,4.45,4.45,4.45,4.45,370,0
2015-05-08,15:45:00,4.45,4.45,4.45,4.45,15903,0
2015-05-08,15:50:00,4.45,4.45,4.45,4.45,5161,0
2015-05-08,16:05:00,4.57,4.57,4.57,4.57,1,0
2015-05-11,09:40:00,4.42,4.42,4.42,4.42,422,0
2015-05-11,13:20:00,4.62,4.62,4.62,4.62,17,0
2015-05-12,10:30:00,4.51,4.51,4.51,4.51,438,0
2015-05-12,10:50:00,4.5,4.5,4.5,4.5,1670,0
2015-05-12,10:55:00,4.45,4.45,4.42,4.42,40096,0
2015-05-12,13:40:00,4.51,4.51,4.51,4.51,20,0
2015-05-12,13:55:00,4.42,4.42,4.42,4.42,808,0
2015-05-12,15:55:00,4.51,4.51,4.51,4.51,6,0
2015-05-12,16:25:00,4.51,4.51,4.51,4.51,136,0
2015-05-12,16:45:00,4.6,4.65,4.6,4.65,130,0
2015-05-13,09:20:00,4.5,4.5,4.5,4.5,1670,0
2015-05-13,09:55:00,4.5,4.5,4.5,4.5,330,0
2015-05-13,16:40:00,4.57,4.57,4.57,4.57,1,0
2015-05-14,15:45:00,4.62,4.62,4.62,4.62,1,0
2015-05-14,16:25:00,4.51,4.51,4.51,4.51,370,0
2015-05-14,16:50:00,4.64,4.64,4.64,4.64,10,0
2015-05-15,11:35:00,4.51,4.51,4.5,4.5,17125,0
2015-05-15,11:40:00,4.49,4.5,4.48,4.5,6170,0
2015-05-15,12:10:00,4.5,4.5,4.5,4.5,5505,0
2015-05-15,14:45:00,4.48,4.48,4.48,4.48,712,0
2015-05-15,14:55:00,4.52,4.52,4.52,4.52,8,0
2015-05-15,15:00:00,4.48,4.48,4.48,4.48,400,0
2015-05-15,15:55:00,4.52,4.52,4.52,4.52,1,0
2015-05-15,16:50:00,4.64,4.64,4.64,4.64,10,0
2015-05-19,09:50:00,4.5,4.5,4.5,4.5,34489,0
2015-05-19,10:55:00,4.5,4.5,4.5,4.5,1670,0
2015-05-19,11:35:00,4.63,4.63,4.63,4.63,15,0
2015-05-19,15:20:00,4.51,4.51,4.51,4.51,586,0
2015-05-19,15:40:00,4.6,4.6,4.6,4.6,6,0
2015-05-19,16:50:00,4.51,4.51,4.51,4.51,3835,0
2015-05-20,09:55:00,4.5,4.5,4.5,4.5,8500,0
2015-05-20,10:00:00,4.5,4.5,4.5,4.5,803,0
2015-05-20,10:05:00,4.5,4.5,4.5,4.5,200,0
2015-05-20,10:50:00,4.5,4.5,4.5,4.5,265,0
2015-05-20,13:00:00,4.48,4.48,4.48,4.48,269,0
2015-05-20,16:50:00,4.5,4.5,4.5,4.5,10139,0
2015-05-21,09:05:00,4.48,4.48,4.48,4.48,43,0
2015-05-21,09:20:00,4.48,4.48,4.48,4.48,207,0
2015-05-21,11:25:00,4.48,4.48,4.48,4.48,2297,0
2015-05-21,12:20:00,4.49,4.49,4.49,4.49,2000,0
2015-05-21,13:40:00,4.62,4.62,4.62,4.62,10,0
2015-05-22,10:00:00,4.49,4.49,4.49,4.49,1285,0
2015-05-22,12:05:00,4.48,4.48,4.48,4.48,518,0
2015-05-22,12:25:00,4.48,4.48,4.48,4.48,305,0
2015-05-22,12:35:00,4.61,4.61,4.61,4.61,10,0
2015-05-22,16:50:00,4.48,4.48,4.48,4.48,74,0
2015-05-25,09:05:00,4.5,4.5,4.5,4.5,7,0
2015-05-25,09:50:00,4.61,4.61,4.61,4.61,5,0
2015-05-25,10:15:00,4.5,4.5,4.5,4.5,472,0
2015-05-25,10:45:00,4.5,4.5,4.5,4.5,84,0
2015-05-25,10:50:00,4.59,4.6,4.59,4.6,3285,0
2015-05-25,11:35:00,4.59,4.59,4.59,4.59,315,0
2015-05-25,12:00:00,4.5,4.6,4.5,4.6,1611,0
2015-05-25,12:40:00,4.61,4.62,4.61,4.62,1100,0
2015-05-25,13:55:00,4.62,4.62,4.62,4.62,2353,0
2015-05-25,15:20:00,4.5,4.5,4.5,4.5,166,0
2015-05-25,15:50:00,4.5,4.5,4.5,4.5,5113,0
2015-05-25,16:45:00,4.62,4.62,4.62,4.62,1,0
2015-05-25,16:50:00,4.62,4.62,4.62,4.62,499,0
2015-05-26,09:40:00,4.6,4.6,4.6,4.6,966,0
2015-05-26,09:45:00,4.6,4.6,4.6,4.6,3121,0
2015-05-26,11:55:00,4.6,4.6,4.6,4.6,1000,0
2015-05-27,11:30:00,4.6,4.6,4.6,4.6,40,0
2015-05-27,11:55:00,4.6,4.6,4.6,4.6,117,0
2015-05-27,13:30:00,4.6,4.6,4.6,4.6,2000,0
2015-05-27,16:20:00,4.6,4.6,4.6,4.6,2000,0
2015-05-28,11:20:00,4.6,4.6,4.6,4.6,65,0
2015-05-28,12:40:00,4.6,4.6,4.6,4.6,2000,0
2015-05-28,15:00:00,4.6,4.6,4.6,4.6,1000,0
2015-05-28,15:10:00,4.61,4.62,4.61,4.62,8230,0
2015-05-28,15:50:00,4.65,4.73,4.65,4.73,5473,0
2015-05-28,16:05:00,4.76,4.8,4.76,4.8,115,0
2015-05-28,16:45:00,4.8,4.8,4.8,4.8,2527,0
2015-05-28,16:50:00,4.96,4.96,4.96,4.96,1297,0
2015-05-29,09:25:00,4.95,4.95,4.95,4.95,400,0
2015-05-29,09:55:00,4.95,4.95,4.95,4.95,500,0
2015-05-29,12:20:00,4.89,4.89,4.89,4.89,480,0
2015-05-29,13:00:00,4.86,4.86,4.86,4.86,102,0
2015-05-29,15:30:00,4.81,4.81,4.81,4.81,100,0
2015-05-29,15:35:00,4.81,4.81,4.81,4.81,245,0
2015-05-29,16:50:00,4.8,4.8,4.8,4.8,4,0
2015-06-01,10:00:00,4.66,4.66,4.66,4.66,1300,0
2015-06-01,10:30:00,4.8,4.8,4.8,4.8,1,0
2015-06-02,09:40:00,4.8,4.8,4.8,4.8,182,0
2015-06-02,10:45:00,4.8,4.8,4.8,4.8,1000,0
2015-06-02,11:30:00,4.8,4.8,4.8,4.8,100,0
2015-06-02,15:00:00,4.8,4.8,4.8,4.8,361,0
2015-06-02,16:45:00,4.8,4.8,4.8,4.8,14251,0
2015-06-03,10:40:00,4.7,4.7,4.7,4.7,4,0
2015-06-03,12:55:00,4.8,4.8,4.8,4.8,1000,0
2015-06-03,13:00:00,4.8,4.8,4.8,4.8,1,0
2015-06-03,13:55:00,4.8,4.8,4.8,4.8,97,0
2015-06-03,15:25:00,4.8,4.8,4.8,4.8,200,0
2015-06-03,15:40:00,4.8,4.8,4.8,4.8,1000,0
2015-06-05,09:05:00,4.83,4.83,4.83,4.83,5,0
2015-06-05,10:25:00,4.8,4.8,4.8,4.8,500,0
2015-06-05,10:30:00,4.8,4.8,4.8,4.8,10000,0
2015-06-05,10:45:00,4.8,4.8,4.8,4.8,150,0
2015-06-05,14:30:00,4.8,4.8,4.8,4.8,1000,0
2015-06-08,09:30:00,4.8,4.8,4.8,4.8,200,0
2015-06-08,09:35:00,4.8,4.8,4.8,4.8,200,0
2015-06-08,09:40:00,4.8,4.8,4.8,4.8,99,0
2015-06-08,10:30:00,4.8,4.8,4.8,4.8,1000,0
2015-06-08,14:05:00,4.8,4.8,4.8,4.8,10000,0
2015-06-08,15:30:00,4.8,4.8,4.8,4.8,10000,0
2015-06-08,15:35:00,4.8,4.8,4.8,4.8,1000,0
2015-06-08,15:40:00,4.8,4.8,4.8,4.8,10000,0
2015-06-08,16:10:00,4.8,4.8,4.8,4.8,73,0
2015-06-08,16:35:00,4.83,4.83,4.83,4.83,1,0
2015-06-09,10:10:00,4.8,4.8,4.8,4.8,600,0
2015-06-09,13:05:00,4.8,4.8,4.8,4.8,5000,0
2015-06-09,14:30:00,4.8,4.8,4.8,4.8,150,0
2015-06-09,16:20:00,4.83,4.83,4.83,4.83,1,0
2015-06-10,09:10:00,4.83,4.86,4.83,4.86,500,0
2015-06-10,10:40:00,4.8,4.8,4.8,4.8,80,0
2015-06-10,11:00:00,4.8,4.8,4.8,4.8,370,0
2015-06-10,12:40:00,4.82,4.82,4.82,4.82,300,0
2015-06-10,15:25:00,4.86,4.86,4.86,4.86,2849,0
2015-06-10,15:35:00,4.85,4.85,4.85,4.85,10000,0
2015-06-10,15:40:00,4.9,4.9,4.9,4.9,2900,0
2015-06-10,16:35:00,4.95,4.95,4.95,4.95,100,0
2015-06-11,16:15:00,4.95,4.95,4.95,4.95,1,0
2015-06-15,13:05:00,4.75,4.75,4.75,4.75,1580,0
2015-06-19,10:05:00,4.7,4.7,4.7,4.7,50,0
2015-06-19,16:20:00,4.75,4.75,4.75,4.75,1,0
2015-06-22,09:15:00,4.8,4.8,4.8,4.8,56,0
2015-06-22,14:35:00,4.8,4.8,4.8,4.8,900,0
2015-06-22,14:40:00,4.8,4.8,4.8,4.8,500,0
2015-06-23,15:55:00,4.8,4.8,4.8,4.8,3924,0
2015-06-23,16:25:00,4.82,4.98,4.82,4.98,11851,0
2015-06-24,09:05:00,4.7,4.7,4.7,4.7,370,0
2015-06-24,10:00:00,4.93,4.93,4.93,4.93,500,0
2015-06-24,11:10:00,4.92,4.94,4.92,4.94,8800,0
2015-06-24,11:30:00,4.93,4.93,4.93,4.93,3000,0
2015-06-24,12:05:00,4.93,4.93,4.93,4.93,3000,0
2015-06-24,13:10:00,4.93,4.93,4.93,4.93,2000,0
2015-06-24,15:20:00,4.94,4.94,4.94,4.94,1500,0
2015-06-24,15:55:00,4.94,4.94,4.94,4.94,20,0
2015-06-24,16:20:00,4.94,4.94,4.94,4.94,300,0
2015-06-24,16:50:00,4.95,4.95,4.95,4.95,11207,0
2015-06-25,14:35:00,4.95,4.95,4.95,4.95,1,0
2015-06-25,16:00:00,4.8,4.8,4.8,4.8,202784,0
2015-06-25,16:25:00,4.8,4.95,4.8,4.95,100001,0
2015-06-26,10:20:00,4.8,4.8,4.8,4.8,100000,0
2015-06-26,10:40:00,4.75,4.75,4.75,4.75,108,0
2015-06-26,11:25:00,4.95,4.95,4.95,4.95,50,0
2015-06-29,09:10:00,4.76,4.76,4.76,4.76,300,0
2015-06-30,09:05:00,4.76,4.76,4.76,4.76,450,0
2015-06-30,13:15:00,4.83,4.83,4.83,4.83,1,0
2015-07-01,09:05:00,4.76,4.76,4.76,4.76,100,0
2015-07-01,10:15:00,4.76,4.76,4.76,4.76,740,0
2015-07-01,12:45:00,4.88,4.88,4.88,4.88,20,0
2015-07-02,15:05:00,4.9,4.9,4.9,4.9,1,0
2015-07-03,14:15:00,4.89,4.89,4.89,4.89,5,0
2015-07-03,15:35:00,4.8,4.8,4.8,4.8,54945,0
2015-07-03,16:35:00,4.9,4.9,4.9,4.9,1,0
2015-07-06,11:25:00,4.8,4.8,4.8,4.8,3,0
2015-07-06,11:30:00,4.9,4.9,4.9,4.9,10,0
2015-07-07,10:45:00,4.9,4.9,4.9,4.9,10,0
2015-07-07,13:10:00,4.9,4.9,4.9,4.9,500,0
2015-07-08,12:40:00,4.9,4.9,4.9,4.9,10,0
2015-07-08,13:20:00,4.76,4.76,4.76,4.76,185,0
2015-07-08,13:35:00,4.76,4.76,4.76,4.76,1500,0
2015-07-09,14:05:00,4.8,4.8,4.8,4.8,5,0
2015-07-09,14:10:00,4.76,4.76,4.76,4.76,5,0
2015-07-10,10:40:00,4.8,4.8,4.8,4.8,5,0
2015-07-10,10:45:00,4.76,4.76,4.76,4.76,5,0
2015-07-10,13:15:00,4.76,4.76,4.76,4.76,1000,0
2015-07-10,15:10:00,4.76,4.76,4.7,4.7,7765,0
2015-07-10,16:35:00,4.73,4.73,4.73,4.73,1,0
2015-07-13,16:25:00,4.73,4.73,4.73,4.73,5,0
2015-07-16,09:05:00,4.76,4.76,4.76,4.76,2132,0
2015-07-17,11:35:00,4.89,4.89,4.89,4.89,10,0
2015-07-17,14:30:00,4.89,4.89,4.89,4.89,5,0
2015-07-20,10:30:00,4.89,4.89,4.89,4.89,5,0
2015-07-21,09:05:00,4.89,4.89,4.89,4.89,2,0
2015-07-22,09:05:00,4.89,4.89,4.89,4.89,1,0
2015-07-23,14:10:00,4.89,4.89,4.89,4.89,1000,0
2015-07-23,14:15:00,4.89,4.89,4.89,4.89,1864,0
2015-07-23,16:25:00,4.94,5.15,4.94,5.15,9587,0
2015-07-24,09:10:00,5.1,5.1,5.1,5.1,500,0
2015-07-24,09:25:00,4.95,4.95,4.95,4.95,1000,0
2015-07-24,09:55:00,4.95,5.15,4.95,5.15,1260,0
2015-07-24,10:00:00,5.15,5.15,5.15,5.15,500,0
2015-07-27,09:05:00,5.15,5.15,5.15,5.15,904,0
2015-07-27,10:00:00,5.15,5.15,5.15,5.15,231,0
2015-07-27,12:00:00,5.01,5.01,5.01,5.01,448,0
2015-07-27,12:55:00,5.01,5.01,5.01,5.01,321,0
2015-07-27,16:35:00,5,5.2,5,5.2,1000,0
2015-07-28,10:05:00,5.15,5.15,5.15,5.15,10,0
2015-07-28,11:25:00,5.1,5.1,5.1,5.1,4399,0
2015-07-28,15:15:00,5.1,5.1,5.1,5.1,693,0
2015-07-28,16:00:00,5.1,5.1,5.1,5.1,192,0
2015-07-29,09:05:00,5.2,5.2,5.2,5.2,400,0
2015-07-29,10:15:00,5.05,5.05,5.05,5.05,390,0
2015-07-29,11:25:00,5.05,5.05,5.05,5.05,51,0
2015-07-29,15:45:00,5.05,5.05,5.05,5.05,559,0
2015-07-29,15:55:00,5.07,5.07,5.07,5.07,1441,0
2015-07-30,09:05:00,5.05,5.05,5.05,5.05,132,0
2015-07-31,12:05:00,5.05,5.05,5.05,5.05,100,0
2015-07-31,12:15:00,5.05,5.05,5.05,5.05,100,0
2015-07-31,12:25:00,5.05,5.05,5.05,5.05,573,0
2015-07-31,13:20:00,5.07,5.07,5.07,5.07,20,0
2015-07-31,16:35:00,5.05,5.05,5.05,5.05,448,0
2015-07-31,16:50:00,5.07,5.1,5.07,5.1,1979,0
2015-08-03,09:05:00,5.15,5.15,5.15,5.15,100,0
2015-08-03,09:45:00,5.05,5.05,5.05,5.05,1900,0
2015-08-03,13:30:00,5.05,5.05,5.05,5.05,100,0
2015-08-03,16:30:00,5.05,5.05,5.05,5.05,870,0
2015-08-04,16:35:00,5.04,5.04,5.04,5.04,25,0
2015-08-05,09:30:00,5,5,5,5,250,0
2015-08-05,10:35:00,5,5,5,5,200,0
2015-08-05,11:35:00,5,5,5,5,949,0
2015-08-05,11:50:00,5.05,5.05,5.05,5.05,6000,0
2015-08-05,15:40:00,5.04,5.04,5.04,5.04,100,0
2015-08-05,16:00:00,5.04,5.04,5.04,5.04,900,0
2015-08-05,16:05:00,5.05,5.05,5.05,5.05,21946,0
2015-08-05,16:10:00,5.09,5.09,5.09,5.09,1100,0
2015-08-05,16:25:00,5.15,5.15,5.15,5.15,7,0
2015-08-05,16:35:00,5.15,5.15,5.15,5.15,3000,0
2015-08-05,16:45:00,5.15,5.15,5.15,5.15,4143,0
2015-08-05,16:50:00,5.15,5.15,5.15,5.15,40,0
2015-08-06,09:20:00,5.06,5.06,5.06,5.06,4000,0
2015-08-06,14:40:00,5.06,5.06,5.06,5.06,528,0
2015-08-07,09:05:00,5.23,5.23,5.23,5.23,1,0
2015-08-07,09:35:00,5.05,5.05,5.05,5.05,201,0
2015-08-07,10:20:00,5.23,5.23,5.23,5.23,1,0
2015-08-07,11:15:00,5.23,5.23,5.23,5.23,51,0
2015-08-10,12:40:00,5.21,5.21,5.21,5.21,10,0
2015-08-10,14:55:00,5.15,5.15,5.15,5.15,200,0
2015-08-10,15:10:00,5.15,5.15,5.15,5.15,60,0
2015-08-10,16:50:00,5.21,5.21,5.21,5.21,1,0
2015-08-11,09:25:00,5.22,5.22,5.22,5.22,100,0
2015-08-11,12:15:00,5.2,5.2,5.2,5.2,800,0
2015-08-12,10:55:00,5.1,5.1,5.1,5.1,900,0
2015-08-12,13:40:00,5.05,5.05,5.05,5.05,10635,0
2015-08-12,15:20:00,5.2,5.2,5.2,5.2,10,0
2015-08-13,14:15:00,5.05,5.05,5.05,5.05,1480,0
2015-08-13,15:40:00,5.2,5.2,5.2,5.2,1,0
2015-08-14,12:50:00,5.23,5.23,5.23,5.23,5,0
2015-08-14,15:00:00,5.07,5.07,5.05,5.05,42239,0
2015-08-14,15:15:00,5.05,5.05,5.05,5.05,1100,0
2015-08-14,16:45:00,5.22,5.22,5.22,5.22,30,0
2015-08-18,09:55:00,5.2,5.2,5.2,5.2,5,0
2015-08-18,12:00:00,5.1,5.1,5.1,5.1,703,0
2015-08-18,13:45:00,5.2,5.2,5.2,5.2,1,0
2015-08-18,16:50:00,5.3,5.3,5.3,5.3,1426,0
2015-08-19,09:45:00,5.11,5.11,5.11,5.11,656,0
2015-08-19,09:55:00,5.11,5.11,5.11,5.11,2000,0
2015-08-19,10:00:00,5.11,5.11,5.11,5.11,2214,0
2015-08-19,12:40:00,5.25,5.25,5.25,5.25,10,0
2015-08-19,16:15:00,5.23,5.25,5.23,5.25,2000,0
2015-08-20,09:55:00,5.29,5.29,5.29,5.29,5,0
2015-08-21,12:10:00,5.29,5.29,5.29,5.29,10,0
2015-08-21,12:55:00,5.12,5.12,5.12,5.12,413,0
2015-08-21,14:55:00,5.28,5.28,5.28,5.28,1,0
2015-08-24,09:15:00,5.06,5.06,5.06,5.06,1000,0
2015-08-24,10:10:00,5.1,5.1,5.1,5.1,297,0
2015-08-24,11:25:00,5.06,5.06,5.05,5.05,11135,0
2015-08-24,11:50:00,5.05,5.05,4.79,4.79,9082,0
2015-08-24,12:05:00,4.81,4.81,4.8,4.8,5500,0
2015-08-24,12:20:00,4.79,4.79,4.79,4.79,200,0
2015-08-24,12:40:00,4.75,4.75,4.61,4.61,6000,0
2015-08-24,12:45:00,4.65,4.65,4.65,4.65,1000,0
2015-08-24,13:10:00,4.6,4.6,4.6,4.6,1,0
2015-08-24,13:40:00,4.57,4.57,4.57,4.57,1103,0
2015-08-24,13:55:00,4.79,4.9,4.79,4.9,380,0
2015-08-24,14:30:00,4.6,4.6,4.57,4.57,4327,0
2015-08-24,14:55:00,4.87,4.87,4.87,4.87,20,0
2015-08-24,16:50:00,4.5,4.5,4.5,4.5,1000,0
2015-08-25,10:05:00,4.7,4.7,4.7,4.7,300,0
2015-08-25,11:30:00,4.78,4.8,4.78,4.8,2000,0
2015-08-25,11:35:00,4.8,4.8,4.8,4.8,6000,0
2015-08-25,11:45:00,4.8,4.8,4.8,4.8,1900,0
2015-08-25,11:50:00,4.81,4.81,4.81,4.81,679,0
2015-08-25,12:05:00,4.95,4.95,4.95,4.95,20,0
2015-08-25,12:30:00,4.9,4.9,4.9,4.9,2893,0
2015-08-25,12:45:00,4.71,4.71,4.71,4.71,80,0
2015-08-25,12:50:00,4.95,4.95,4.95,4.95,2496,0
2015-08-25,13:35:00,5,5,5,5,100000,0
2015-08-25,15:20:00,5,5,5,5,740,0
2015-08-25,15:45:00,5,5,5,5,6760,0
2015-08-25,16:25:00,4.99,5,4.99,5,102814,0
2015-08-25,16:50:00,4.76,4.76,4.76,4.76,240,0
2015-08-26,09:30:00,5.2,5.2,5.2,5.2,40,0
2015-08-26,09:50:00,4.8,4.8,4.8,4.8,200,0
2015-08-26,10:00:00,4.81,4.81,4.76,4.76,4000,0
2015-08-26,10:40:00,4.89,4.89,4.89,4.89,4100,0
2015-08-26,10:45:00,4.87,4.87,4.87,4.87,342,0
2015-08-26,11:15:00,4.76,4.76,4.76,4.76,300,0
2015-08-26,11:40:00,4.68,4.68,4.68,4.68,2800,0
2015-08-26,11:45:00,4.68,4.68,4.68,4.68,3000,0
2015-08-26,15:35:00,4.68,4.68,4.68,4.68,400,0
2015-08-26,16:00:00,4.68,4.68,4.68,4.68,600,0
2015-08-26,16:20:00,4.71,4.71,4.71,4.71,1593,0
2015-08-26,16:40:00,4.68,4.68,4.68,4.68,1000,0
2015-08-26,16:50:00,4.68,4.68,4.68,4.68,11050,0
2015-08-27,09:05:00,4.79,4.79,4.79,4.79,375,0
2015-08-27,10:30:00,4.65,4.65,4.65,4.65,1935,0
2015-08-27,10:35:00,4.78,4.78,4.78,4.78,1000,0
2015-08-27,10:45:00,4.79,4.79,4.79,4.79,1318,0
2015-08-27,11:40:00,4.8,4.8,4.8,4.8,250,0
2015-08-27,12:10:00,4.8,4.8,4.8,4.8,1200,0
2015-08-28,10:50:00,4.77,4.77,4.77,4.77,1515,0
2015-08-28,16:15:00,4.79,4.8,4.79,4.8,2000,0
2015-08-31,14:35:00,4.8,4.8,4.8,4.8,127115,0
2015-08-31,16:40:00,4.88,4.88,4.88,4.88,1,0
2015-08-31,16:50:00,4.94,4.94,4.94,4.94,150,0
2015-09-01,09:40:00,4.93,4.93,4.93,4.93,1826,0
2015-09-01,10:00:00,4.93,4.93,4.93,4.93,1929,0
2015-09-01,11:00:00,4.93,4.93,4.8,4.8,680,0
2015-09-01,11:05:00,4.93,4.93,4.93,4.93,300,0
2015-09-01,14:40:00,4.93,4.93,4.93,4.93,346,0
2015-09-01,15:20:00,4.93,4.93,4.93,4.93,1085,0
2015-09-01,15:35:00,5,5,5,5,1862,0
2015-09-01,15:50:00,5.15,5.15,5.15,5.15,1,0
2015-09-02,11:30:00,5.15,5.15,5.15,5.15,3000,0
2015-09-02,11:55:00,5,5,5,5,1000,0
2015-09-02,13:05:00,5.14,5.14,5.14,5.14,1,0
2015-09-02,15:50:00,5.14,5.14,5.14,5.14,860,0
2015-09-02,16:35:00,5.15,5.15,5.15,5.15,29678,0
2015-09-02,16:45:00,5.15,5.15,5.15,5.15,170322,0
2015-09-02,16:50:00,5.19,5.19,5.19,5.19,10,0
2015-09-03,09:05:00,5.19,5.25,5.19,5.25,10000,0
2015-09-03,09:10:00,5.25,5.28,5.25,5.28,2868,0
2015-09-03,09:45:00,5.29,5.3,5.29,5.3,577,0
2015-09-03,13:45:00,5.3,5.3,5.3,5.3,1000,0
2015-09-03,16:35:00,5.31,5.31,5.31,5.31,700,0
2015-09-03,16:45:00,5.32,5.32,5.32,5.32,9000,0
2015-09-03,16:50:00,5.32,5.32,5.32,5.32,41000,0
2015-09-04,11:10:00,5.29,5.35,5.29,5.35,50000,0
2015-09-04,12:55:00,5.35,5.35,5.35,5.35,1995,0
2015-09-04,13:25:00,5.35,5.35,5.35,5.35,436,0
2015-09-04,15:45:00,5.36,5.36,5.35,5.35,1779,0
2015-09-07,09:05:00,5.2,5.2,5.2,5.2,100,0
2015-09-07,10:10:00,5.2,5.2,5.2,5.2,3000,0
2015-09-07,16:15:00,5.33,5.33,5.33,5.33,10,0
2015-09-08,11:05:00,5.33,5.48,5.33,5.48,7041,0
2015-09-08,11:20:00,5.45,5.48,5.45,5.48,2233,0
2015-09-08,14:00:00,5.3,5.3,5.3,5.3,450,0
2015-09-08,14:30:00,5.3,5.3,5.3,5.3,2778,0
2015-09-09,09:30:00,5.4,5.4,5.4,5.4,1,0
2015-09-09,11:30:00,5.2,5.2,5.2,5.2,1545,0
2015-09-09,14:30:00,5.39,5.39,5.39,5.39,1,0
2015-09-09,15:50:00,5.35,5.4,5.35,5.4,56701,0
2015-09-09,16:30:00,5.4,5.4,5.4,5.4,20000,0
2015-09-09,16:50:00,5.45,5.45,5.45,5.45,1,0
2015-09-10,09:05:00,5.45,5.45,5.45,5.45,1032,0
2015-09-10,09:25:00,5.45,5.45,5.45,5.45,1494,0
2015-09-10,09:40:00,5.45,5.45,5.45,5.45,50000,0
2015-09-10,12:15:00,5.35,5.35,5.35,5.35,100,0
2015-09-10,13:55:00,5.44,5.5,5.44,5.5,15300,0
2015-09-10,14:30:00,5.5,5.5,5.5,5.5,873,0
2015-09-10,16:00:00,5.5,5.5,5.5,5.5,9127,0
2015-09-10,16:45:00,5.5,5.5,5.5,5.5,1033,0
2015-09-10,16:50:00,5.54,5.6,5.54,5.6,11855,0
2015-09-11,09:10:00,5.54,5.54,5.54,5.54,1360,0
2015-09-11,09:15:00,5.59,5.59,5.59,5.59,600,0
2015-09-11,09:25:00,5.6,5.6,5.6,5.6,900,0
2015-09-11,10:40:00,5.64,5.64,5.64,5.64,10,0
2015-09-11,11:10:00,5.64,5.68,5.64,5.68,5975,0
2015-09-11,11:25:00,5.7,5.74,5.7,5.74,563,0
2015-09-11,12:00:00,5.7,5.7,5.7,5.7,200,0
2015-09-11,12:05:00,5.74,5.74,5.74,5.74,999,0
2015-09-11,14:50:00,5.69,5.73,5.69,5.73,13476,0
2015-09-11,16:10:00,5.71,5.71,5.71,5.71,3000,0
2015-09-11,16:40:00,5.71,5.72,5.71,5.72,1325,0
2015-09-11,16:50:00,5.66,5.66,5.66,5.66,3000,0
2015-09-15,09:10:00,5.4,5.4,5.4,5.4,300,0
2015-09-15,09:50:00,5.59,5.59,5.59,5.59,10,0
2015-09-15,12:35:00,5.45,5.45,5.45,5.45,10000,0
2015-09-15,12:40:00,5.45,5.45,5.45,5.45,5000,0
2015-09-15,16:10:00,5.45,5.45,5.45,5.45,3500,0
2015-09-15,16:15:00,5.45,5.45,5.45,5.45,20000,0
2015-09-15,16:20:00,5.45,5.45,5.45,5.45,3000,0
2015-09-16,09:30:00,5.57,5.57,5.57,5.57,113,0
2015-09-16,09:35:00,5.57,5.57,5.57,5.57,113,0
2015-09-16,09:40:00,5.57,5.57,5.57,5.57,113,0
2015-09-16,09:45:00,5.58,5.58,5.58,5.58,113,0
2015-09-16,09:50:00,5.58,5.58,5.58,5.58,113,0
2015-09-16,09:55:00,5.58,5.58,5.58,5.58,113,0
2015-09-16,10:00:00,5.58,5.58,5.58,5.58,113,0
2015-09-16,10:05:00,5.58,5.58,5.58,5.58,113,0
2015-09-16,10:15:00,5.58,5.58,5.43,5.43,189,0
2015-09-16,10:20:00,5.58,5.58,5.58,5.58,114,0
2015-09-16,10:25:00,5.58,5.58,5.58,5.58,115,0
2015-09-16,10:30:00,5.58,5.58,5.58,5.58,115,0
2015-09-16,10:35:00,5.58,5.58,5.58,5.58,115,0
2015-09-16,10:40:00,5.58,5.58,5.58,5.58,115,0
2015-09-16,10:45:00,5.58,5.58,5.58,5.58,115,0
2015-09-16,10:50:00,5.58,5.58,5.58,5.58,115,0
2015-09-16,10:55:00,5.58,5.58,5.58,5.58,17,0
2015-09-16,11:00:00,5.62,5.62,5.62,5.62,115,0
2015-09-16,11:05:00,5.62,5.62,5.5,5.5,50067,0
2015-09-16,11:10:00,5.62,5.62,5.62,5.62,116,0
2015-09-16,11:15:00,5.62,5.62,5.62,5.62,116,0
2015-09-16,11:20:00,5.62,5.62,5.62,5.62,116,0
2015-09-16,11:25:00,5.62,5.62,5.62,5.62,761,0
2015-09-16,11:30:00,5.65,5.65,5.65,5.65,2471,0
2015-09-16,11:35:00,5.65,5.65,5.65,5.65,116,0
2015-09-16,11:40:00,5.65,5.65,5.65,5.65,116,0
2015-09-16,11:45:00,5.65,5.65,5.65,5.65,116,0
2015-09-16,11:50:00,5.65,5.65,5.65,5.65,116,0
2015-09-16,11:55:00,5.64,5.64,5.64,5.64,116,0
2015-09-16,12:00:00,5.64,5.64,5.64,5.64,21,0
2015-09-16,12:05:00,5.65,5.65,5.65,5.65,116,0
2015-09-16,12:10:00,5.65,5.65,5.65,5.65,118,0
2015-09-16,12:15:00,5.65,5.65,5.65,5.65,118,0
2015-09-16,12:20:00,5.65,5.65,5.65,5.65,118,0
2015-09-16,12:25:00,5.65,5.65,5.65,5.65,1118,0
2015-09-16,12:35:00,5.65,5.65,5.65,5.65,100,0
2015-09-16,12:40:00,5.65,5.65,5.65,5.65,100,0
2015-09-16,12:45:00,5.65,5.65,5.65,5.65,100,0
2015-09-16,12:50:00,5.65,5.65,5.65,5.65,100,0
2015-09-16,12:55:00,5.65,5.65,5.65,5.65,100,0
2015-09-16,13:05:00,5.65,5.65,5.65,5.65,918,0
2015-09-16,13:10:00,5.5,5.5,5.5,5.5,50000,0
2015-09-16,14:15:00,5.64,5.64,5.64,5.64,120,0
2015-09-16,14:20:00,5.64,5.65,5.64,5.65,2120,0
2015-09-16,14:25:00,5.65,5.65,5.65,5.65,120,0
2015-09-16,14:30:00,5.65,5.65,5.65,5.65,120,0
2015-09-16,14:35:00,5.64,5.65,5.64,5.65,12522,0
2015-09-16,14:40:00,5.65,5.65,5.65,5.65,120,0
2015-09-16,14:45:00,5.65,5.65,5.65,5.65,120,0
2015-09-16,14:50:00,5.65,5.65,5.65,5.65,120,0
2015-09-16,14:55:00,5.65,5.65,5.64,5.64,241,0
2015-09-16,15:05:00,5.65,5.65,5.63,5.63,242,0
2015-09-16,15:15:00,5.63,5.63,5.63,5.63,121,0
2015-09-16,15:20:00,5.63,5.63,5.63,5.63,121,0
2015-09-16,15:25:00,5.63,5.63,5.63,5.63,121,0
2015-09-16,15:30:00,5.63,5.65,5.63,5.65,121,0
2015-09-16,15:35:00,5.65,5.65,5.63,5.63,242,0
2015-09-16,15:40:00,5.6,5.65,5.6,5.65,67840,0
2015-09-16,15:45:00,5.65,5.65,5.65,5.65,121,0
2015-09-16,15:50:00,5.65,5.65,5.65,5.65,170,0
2015-09-16,15:55:00,5.65,5.65,5.65,5.65,1121,0
2015-09-16,16:00:00,5.65,5.65,5.65,5.65,121,0
2015-09-16,16:05:00,5.65,5.65,5.65,5.65,1121,0
2015-09-16,16:10:00,5.65,5.65,5.65,5.65,121,0
2015-09-16,16:15:00,5.65,5.65,5.65,5.65,121,0
2015-09-16,16:20:00,5.65,5.65,5.65,5.65,121,0
2015-09-16,16:25:00,5.65,5.65,5.65,5.65,121,0
2015-09-16,16:30:00,5.65,5.65,5.65,5.65,121,0
2015-09-16,16:35:00,5.65,5.65,5.65,5.65,50121,0
2015-09-16,16:50:00,5.65,5.65,5.65,5.65,600,0
2015-09-17,10:00:00,5.65,5.65,5.65,5.65,280,0
2015-09-17,11:25:00,5.65,5.65,5.65,5.65,568,0
2015-09-17,12:35:00,5.7,5.7,5.7,5.7,50000,0
2015-09-17,12:40:00,5.7,5.7,5.7,5.7,700,0
2015-09-17,13:30:00,5.7,5.7,5.7,5.7,4964,0
2015-09-17,13:35:00,5.7,5.7,5.7,5.7,4268,0
2015-09-18,09:05:00,5.7,5.7,5.7,5.7,1055,0
2015-09-18,11:15:00,5.7,5.7,5.7,5.7,5,0
2015-09-18,15:35:00,5.65,5.65,5.65,5.65,3925,0
2015-09-18,16:40:00,5.65,5.65,5.65,5.65,2347,0
2015-09-18,16:45:00,5.65,5.65,5.65,5.65,153,0
2015-09-18,16:50:00,5.65,5.7,5.65,5.7,105847,0
2015-09-21,13:00:00,5.69,5.69,5.69,5.69,450,0
2015-09-22,14:25:00,5.45,5.45,5.45,5.45,100,0
2015-09-22,15:25:00,5.51,5.51,5.51,5.51,200,0
2015-09-22,15:30:00,5.51,5.51,5.51,5.51,200,0
2015-09-22,15:55:00,5.45,5.45,5.45,5.45,1200,0
2015-09-22,16:15:00,5.69,5.69,5.69,5.69,1,0
2015-09-23,09:45:00,5.5,5.5,5.5,5.5,6696,0
2015-09-23,10:55:00,5.67,5.7,5.67,5.7,93370,0
2015-09-23,11:00:00,5.7,5.7,5.7,5.7,2000,0
2015-09-23,11:35:00,5.7,5.7,5.7,5.7,200,0
2015-09-23,13:05:00,5.7,5.7,5.7,5.7,500,0
2015-09-23,13:30:00,5.7,5.7,5.7,5.7,50,0
2015-09-23,14:50:00,5.7,5.7,5.7,5.7,174,0
2015-09-23,15:15:00,5.7,5.7,5.7,5.7,145,0
2015-09-23,15:45:00,5.7,5.7,5.7,5.7,23031,0
2015-09-23,16:35:00,5.72,5.72,5.72,5.72,226,0
2015-09-24,15:35:00,5.55,5.6,5.55,5.6,1841,0
2015-09-24,15:55:00,5.65,5.72,5.65,5.72,18090,0
2015-09-25,14:45:00,5.7,5.7,5.7,5.7,40,0
2015-09-25,16:50:00,5.72,5.72,5.72,5.72,1,0
2015-09-28,10:55:00,5.71,5.71,5.71,5.71,1600,0
2015-09-28,11:00:00,5.61,5.61,5.61,5.61,1007,0
2015-09-28,12:10:00,5.7,5.7,5.7,5.7,26969,0
2015-09-28,12:35:00,5.71,5.71,5.71,5.71,800,0
2015-09-28,14:40:00,5.71,5.72,5.71,5.72,5928,0
2015-09-28,15:00:00,5.75,5.75,5.75,5.75,52,0
2015-09-28,15:15:00,5.78,5.78,5.78,5.78,598,0
2015-09-28,16:20:00,5.77,5.78,5.77,5.78,748,0
2015-09-28,16:35:00,5.8,5.8,5.8,5.8,272,0
2015-09-28,16:50:00,5.87,5.87,5.87,5.87,302,0
2015-09-29,09:25:00,5.78,5.78,5.78,5.78,500,0
2015-09-29,13:15:00,5.78,5.78,5.78,5.78,4546,0
2015-09-29,14:00:00,5.77,5.77,5.77,5.77,423,0
2015-09-29,16:45:00,5.77,5.77,5.77,5.77,2650,0
2015-09-30,09:30:00,5.86,5.86,5.86,5.86,5,0
2015-09-30,11:10:00,5.6,5.6,5.6,5.6,1200,0
2015-09-30,11:35:00,5.65,5.65,5.65,5.65,89,0
2015-09-30,14:35:00,5.65,5.65,5.65,5.65,311,0
2015-09-30,15:40:00,5.86,5.86,5.86,5.86,1,0
2015-10-01,10:35:00,5.86,5.86,5.86,5.86,1000,0
2015-10-01,11:50:00,5.86,5.86,5.86,5.86,80,0
2015-10-01,12:00:00,5.86,5.86,5.86,5.86,49,0
2015-10-01,12:05:00,5.87,5.88,5.87,5.88,2797,0
2015-10-01,12:10:00,5.88,5.88,5.88,5.88,677,0
2015-10-02,11:45:00,5.89,5.89,5.89,5.89,5,0
2015-10-05,10:45:00,5.87,5.87,5.87,5.87,5,0
2015-10-05,14:55:00,5.82,5.82,5.82,5.82,1,0
2015-10-06,11:05:00,5.82,5.82,5.82,5.82,10,0
2015-10-06,11:50:00,5.8,5.8,5.8,5.8,518,0
2015-10-06,14:30:00,5.8,5.8,5.8,5.8,611,0
2015-10-06,14:45:00,5.8,5.8,5.8,5.8,850,0
2015-10-06,14:50:00,5.8,5.8,5.8,5.8,21,0
2015-10-06,15:30:00,5.82,5.82,5.82,5.82,139,0
2015-10-06,16:35:00,5.87,5.87,5.87,5.87,6163,0
2015-10-07,09:15:00,5.83,5.83,5.83,5.83,50,0
2015-10-07,09:55:00,5.65,5.65,5.65,5.65,200,0
2015-10-07,10:05:00,5.65,5.65,5.65,5.65,500,0
2015-10-07,10:50:00,5.83,5.83,5.83,5.83,20,0
2015-10-07,12:40:00,5.83,5.83,5.83,5.83,110000,0
2015-10-08,09:40:00,5.89,5.89,5.89,5.89,10,0
2015-10-08,11:10:00,5.65,5.65,5.65,5.65,479,0
2015-10-08,16:50:00,5.89,5.89,5.89,5.89,1,0
2015-10-09,09:55:00,5.89,5.89,5.89,5.89,10,0
2015-10-09,15:55:00,5.89,5.9,5.89,5.9,31462,0
2015-10-12,16:50:00,5.8,5.8,5.8,5.8,5,0
2015-10-13,09:25:00,5.8,5.8,5.8,5.8,740,0
2015-10-13,11:45:00,5.79,5.79,5.79,5.79,672,0
2015-10-13,16:00:00,5.68,5.68,5.68,5.68,500,0
2015-10-13,16:50:00,5.79,5.79,5.79,5.79,1,0
2015-10-14,13:10:00,5.78,5.78,5.78,5.78,10,0
2015-10-14,15:55:00,5.78,5.9,5.78,5.9,36670,0
2015-10-14,16:50:00,5.99,5.99,5.99,5.99,1,0
2015-10-15,09:40:00,5.8,5.8,5.8,5.8,95,0
2015-10-15,09:45:00,5.8,5.8,5.8,5.8,250,0
2015-10-15,10:10:00,5.8,5.8,5.8,5.8,4655,0
2015-10-15,10:55:00,5.8,5.8,5.8,5.8,5345,0
2015-10-15,12:45:00,5.8,5.8,5.8,5.8,74,0
2015-10-15,12:55:00,5.96,5.96,5.96,5.96,1,0
2015-10-15,15:10:00,5.95,5.96,5.95,5.96,10705,0
2015-10-15,15:55:00,5.97,6,5.97,6,54454,0
2015-10-15,16:50:00,6.1,6.1,6.1,6.1,1,0
2015-10-16,15:10:00,6.08,6.08,6.08,6.08,10,0
2015-10-19,11:15:00,6.07,6.07,6.07,6.07,5,0
2015-10-20,10:35:00,5.75,5.75,5.75,5.75,370,0
2015-10-20,10:50:00,6,6,6,6,10000,0
2015-10-20,12:25:00,6,6,6,6,100000,0
2015-10-20,15:25:00,5.99,6,5.99,6,32951,0
2015-10-21,10:20:00,6,6,6,6,140000,0
2015-10-21,10:25:00,6,6,6,6,115000,0
2015-10-21,14:45:00,6,6,6,6,1000,0
2015-10-22,10:10:00,6,6,6,6,81186,0
2015-10-23,09:50:00,6,6,6,6,10,0
2015-10-23,16:50:00,6,6,6,6,2189,0
2015-10-26,10:20:00,5.95,5.95,5.95,5.95,20,0
2015-10-26,12:40:00,5.75,5.75,5.7,5.7,2110,0
2015-10-26,12:45:00,5.7,5.7,5.7,5.7,403,0
2015-10-26,16:25:00,5.88,6,5.88,6,5012,0
2015-10-26,16:30:00,6,6,6,6,965,0
2015-10-26,16:35:00,6,6,6,6,1034,0
2015-10-26,16:50:00,6.07,6.07,6.07,6.07,1,0
2015-10-27,09:05:00,5.75,5.75,5.75,5.75,222,0
2015-10-27,09:35:00,5.9,5.9,5.9,5.9,221,0
2015-10-27,09:40:00,5.99,6,5.99,6,8260,0
2015-10-27,10:00:00,5.98,5.98,5.98,5.98,492,0
2015-10-27,10:10:00,6,6,6,6,2277,0
2015-10-27,10:15:00,6,6,6,6,3000,0
2015-10-27,13:00:00,5.99,6,5.99,6,18000,0
2015-10-27,16:50:00,6.05,6.05,6.05,6.05,1,0
2015-10-28,15:35:00,6.06,6.06,6.06,6.06,1,0
2015-10-29,10:35:00,6,6,6,6,1800,0
2015-10-29,10:40:00,6,6,6,6,13985,0
2015-10-29,15:30:00,6,6,6,6,111,0
2015-10-29,15:40:00,5.94,5.94,5.94,5.94,7,0
2015-10-29,16:50:00,6.06,6.06,6.06,6.06,6,0
2015-10-30,15:15:00,6.05,6.05,6.05,6.05,1000,0
2015-11-02,09:05:00,5.95,5.95,5.95,5.95,1172,0
2015-11-02,10:40:00,5.93,5.94,5.51,5.63,2895,0
2015-11-02,10:45:00,5.95,6,5.95,6,1094,0
2015-11-02,11:05:00,6.05,6.05,6.05,6.05,41278,0
2015-11-02,12:25:00,6.01,6.01,6.01,6.01,1535,0
2015-11-02,14:30:00,6.01,6.01,6.01,6.01,550,0
2015-11-02,15:55:00,6,6,6,6,237,0
2015-11-02,16:20:00,6,6,6,6,500,0
2015-11-02,16:35:00,6,6,6,6,500,0
2015-11-02,16:50:00,6.05,6.05,6.05,6.05,2280,0
2015-11-03,12:15:00,5.9,5.9,5.9,5.9,222,0
2015-11-03,13:35:00,6,6,6,6,3792,0
2015-11-03,14:00:00,6,6,6,6,1000,0
2015-11-03,14:05:00,6,6,6,6,1500,0
2015-11-03,15:15:00,6.04,6.04,6.04,6.04,1,0
2015-11-03,16:00:00,6,6,6,6,235,0
2015-11-03,16:50:00,6.04,6.04,6.04,6.04,1,0
2015-11-04,09:30:00,5.9,6.02,5.9,6.02,501,0
2015-11-04,11:40:00,5.9,5.9,5.9,5.9,177,0
2015-11-04,16:50:00,6.01,6.01,6.01,6.01,5,0
2015-11-05,13:10:00,5.95,5.95,5.95,5.95,14380,0
2015-11-05,16:50:00,6.01,6.01,6.01,6.01,3,0
2015-11-06,09:20:00,6,6,6,6,500,0
2015-11-06,09:25:00,6,6,6,6,223,0
2015-11-06,13:50:00,6,6,6,6,11700,0
2015-11-06,14:00:00,6,6,6,6,1546,0
2015-11-06,14:30:00,6.02,6.02,6.02,6.02,2351,0
2015-11-09,09:15:00,6.03,6.03,6.03,6.03,2,0
2015-11-09,13:00:00,6.02,6.02,6.02,6.02,50,0
2015-11-10,09:15:00,5.65,5.65,5.39,5.65,951,0
2015-11-10,09:35:00,6,6,6,6,2195,0
2015-11-10,09:40:00,6.02,6.02,6.02,6.02,950,0
2015-11-10,10:30:00,6.02,6.02,6.02,6.02,500,0
2015-11-10,10:50:00,6.02,6.02,6.02,6.02,500,0
2015-11-10,11:50:00,6,6,6,6,326,0
2015-11-10,12:45:00,6,6,6,6,3000,0
2015-11-10,12:50:00,6,6,6,6,3000,0
2015-11-10,16:00:00,6,6,6,6,17674,0
2015-11-10,16:50:00,6,6.03,6,6.03,20649,0
