2015-01-02,09:20:00,22,22,22,22,230,0
2015-01-02,09:30:00,22,22.23,22,22.23,110,0
2015-01-02,13:10:00,21.85,21.85,21.85,21.85,53,0
2015-01-02,14:00:00,22.2,22.2,22.2,22.2,20,0
2015-01-02,16:15:00,21.85,22.2,21.7,22.2,152,0
2015-01-07,11:05:00,21.7,21.7,21.7,21.7,80,0
2015-01-07,11:15:00,22,22,22,22,30,0
2015-01-07,14:00:00,21.6,21.6,21.6,21.6,1,0
2015-01-07,14:05:00,21.4,21.4,21.4,21.4,717,0
2015-01-07,14:10:00,21.2,21.2,21.2,21.2,1,0
2015-01-07,14:45:00,21.6,21.7,21.6,21.7,3050,0
2015-01-07,14:50:00,21.7,22,21.7,22,200,0
2015-01-07,16:10:00,21.9,21.9,21.9,21.9,1,0
2015-01-07,16:50:00,21.9,21.9,21.9,21.9,10,0
2015-01-08,12:20:00,21.2,21.2,21.2,21.2,400,0
2015-01-08,12:25:00,21.2,21.2,21.2,21.2,100,0
2015-01-08,12:30:00,21.2,21.2,21.2,21.2,200,0
2015-01-08,12:50:00,21.21,21.21,21.2,21.2,400,0
2015-01-08,12:55:00,21.2,21.2,21.2,21.2,217,0
2015-01-08,13:00:00,21.22,21.22,21.01,21.01,185,0
2015-01-08,13:05:00,21.01,21.01,21.01,21.01,65,0
2015-01-08,13:20:00,21.01,21.01,20.77,20.77,390,0
2015-01-08,13:30:00,20.5,20.5,20.15,20.16,752,0
2015-01-08,13:40:00,20.16,21,20.16,21,151,0
2015-01-08,13:45:00,20.77,20.77,20.77,20.77,168,0
2015-01-08,13:50:00,20.77,20.77,20.17,20.18,534,0
2015-01-08,13:55:00,20.89,20.99,20.89,20.99,2,0
2015-01-08,14:35:00,20.81,20.85,20.81,20.85,528,0
2015-01-08,14:40:00,20.85,20.85,20.85,20.85,350,0
2015-01-08,14:45:00,20.36,20.36,20.36,20.36,1,0
2015-01-08,16:20:00,20.98,20.98,20.98,20.98,100,0
2015-01-08,16:50:00,21.79,21.79,21.79,21.79,2000,0
2015-01-09,09:05:00,21.25,21.25,21.25,21.25,1,0
2015-01-09,09:15:00,21.25,21.25,21,21,150,0
2015-01-09,11:00:00,21.05,21.05,21.01,21.01,67,0
2015-01-09,11:05:00,21.01,21.01,20.81,20.81,260,0
2015-01-09,11:50:00,20.82,20.82,20.58,20.58,800,0
2015-01-09,12:00:00,20.79,20.8,20.79,20.8,1000,0
2015-01-09,12:05:00,20.8,20.99,20.8,20.99,91,0
2015-01-09,13:40:00,20.99,20.99,20.99,20.99,12,0
2015-01-09,14:45:00,20.99,20.99,20.99,20.99,75,0
2015-01-09,15:15:00,20.99,21,20.99,21,75,0
2015-01-09,16:30:00,20.66,20.66,20.66,20.66,1,0
2015-01-09,16:50:00,21,21.75,21,21.75,2001,0
2015-01-12,09:05:00,21.73,21.73,21.73,21.73,160,0
2015-01-12,09:15:00,20.65,21.7,20.65,21.7,21,0
2015-01-12,09:20:00,21.5,21.5,21.5,21.5,30,0
2015-01-12,09:30:00,21.11,21.11,21.11,21.11,1,0
2015-01-12,09:50:00,21.12,21.12,21.02,21.02,99,0
2015-01-12,10:05:00,21.41,21.41,21.41,21.41,8,0
2015-01-12,10:30:00,21.1,21.1,21,21,232,0
2015-01-12,11:45:00,21.02,21.02,21.02,21.02,190,0
2015-01-12,13:20:00,21.02,21.02,21.02,21.02,4,0
2015-01-12,14:20:00,21.39,21.39,21.39,21.39,18,0
2015-01-12,16:50:00,22,22,22,22,1500,0
2015-01-13,09:55:00,21.66,21.66,21.66,21.66,13,0
2015-01-13,12:35:00,21.8,21.8,21.8,21.8,100,0
2015-01-13,12:40:00,21.9,21.98,21.9,21.98,172,0
2015-01-13,12:45:00,21.95,21.95,21.95,21.95,13,0
2015-01-13,13:00:00,21.95,21.95,21.95,21.95,45,0
2015-01-13,13:05:00,21.95,22,21.95,22,180,0
2015-01-13,13:55:00,22,22.2,22,22.2,800,0
2015-01-13,16:50:00,22,22,22,22,150,0
2015-01-14,09:05:00,22,22,22,22,3,0
2015-01-14,10:25:00,22,22.2,22,22.2,60,0
2015-01-14,10:55:00,21.9,21.9,21.9,21.9,70,0
2015-01-14,12:45:00,21.9,21.9,21.9,21.9,428,0
2015-01-14,13:15:00,21.9,21.9,21.9,21.9,190,0
2015-01-14,14:05:00,22.2,22.38,22.2,22.38,150,0
2015-01-14,14:30:00,22.38,22.38,22.38,22.38,88,0
2015-01-14,15:00:00,22.38,22.38,22.38,22.38,12,0
2015-01-14,16:15:00,22.36,22.49,22.36,22.49,11,0
2015-01-14,16:50:00,21.99,21.99,21.99,21.99,100,0
2015-01-15,10:55:00,21.76,21.76,21.76,21.76,151,0
2015-01-15,11:55:00,21.76,21.76,21.6,21.6,479,0
2015-01-15,12:10:00,21.6,21.6,21.51,21.51,290,0
2015-01-15,12:15:00,21.5,21.5,21.5,21.5,150,0
2015-01-15,14:45:00,21.5,21.5,21.5,21.5,60,0
2015-01-15,15:40:00,21.47,21.47,21.47,21.47,47,0
2015-01-15,16:50:00,22,22,22,22,10,0
2015-01-16,10:25:00,21.69,21.69,21.69,21.69,10,0
2015-01-16,16:50:00,21.8,21.8,21.8,21.8,11,0
2015-01-19,15:20:00,21.47,21.47,21.47,21.47,73,0
2015-01-20,09:40:00,21.32,21.32,21.32,21.32,160,0
2015-01-20,09:50:00,21.15,21.15,21,21,968,0
2015-01-20,09:55:00,21,21,20.8,20.8,4,0
2015-01-20,10:15:00,20.8,20.8,20.58,20.58,41,0
2015-01-20,10:20:00,20.51,20.51,20.51,20.51,60,0
2015-01-20,16:15:00,20.57,20.57,20.51,20.51,122,0
2015-01-20,16:50:00,20.52,20.52,20.52,20.52,740,0
2015-01-22,12:50:00,20.85,20.9,20.85,20.9,35,0
2015-01-23,09:05:00,20.9,20.9,20.9,20.9,317,0
2015-01-23,09:15:00,21,21,21,21,50,0
2015-01-23,15:30:00,21.35,21.35,21.35,21.35,30,0
2015-01-23,16:50:00,20.9,21.35,20.9,21.35,201,0
2015-01-26,15:00:00,21.35,21.35,21.35,21.35,5,0
2015-01-27,15:05:00,21,21,21,21,30,0
2015-01-27,16:50:00,20.75,20.75,20.5,20.5,65,0
2015-01-28,09:05:00,21,21,21,21,200,0
2015-01-28,12:55:00,20.75,20.75,20.75,20.75,1,0
2015-01-28,16:50:00,21,21,21,21,1,0
2015-01-30,09:35:00,21.34,21.34,21.34,21.34,20,0
2015-01-30,11:00:00,20.76,20.76,20.76,20.76,140,0
2015-01-30,16:40:00,21.15,21.15,21.15,21.15,10,0
2015-02-02,13:35:00,21.16,21.16,21.16,21.16,200,0
2015-02-02,15:10:00,21.16,21.16,21.16,21.16,35,0
2015-02-02,16:40:00,21.16,21.16,21.16,21.16,10,0
2015-02-02,16:45:00,20.75,20.75,20.75,20.75,1,0
2015-02-03,09:05:00,21.5,21.5,21.5,21.5,200,0
2015-02-03,12:10:00,21.4,21.4,21.4,21.4,1000,0
2015-02-03,13:50:00,21.2,21.2,21.2,21.2,50,0
2015-02-04,09:30:00,21,21,21,21,75,0
2015-02-04,09:45:00,20.75,20.75,20.2,20.2,664,0
2015-02-04,09:55:00,20.26,20.26,20.25,20.25,489,0
2015-02-04,10:00:00,20.11,20.11,20.05,20.05,679,0
2015-02-04,10:05:00,20.32,20.33,20.01,20.01,790,0
2015-02-04,10:15:00,20,20,20,20,200,0
2015-02-04,10:20:00,20,20,20,20,300,0
2015-02-04,10:30:00,19.9,19.9,19.9,19.9,50,0
2015-02-04,10:35:00,19.9,19.99,19.9,19.99,480,0
2015-02-04,10:40:00,19.99,19.99,19.99,19.99,250,0
2015-02-04,10:45:00,19.99,20,19.99,20,2995,0
2015-02-04,10:50:00,20,20,20,20,218,0
2015-02-04,10:55:00,20,20,20,20,500,0
2015-02-04,11:25:00,20,20,20,20,105,0
2015-02-04,12:20:00,20,20,20,20,250,0
2015-02-04,13:15:00,19.9,19.9,19.76,19.76,100,0
2015-02-04,13:50:00,19.99,20,19.99,20,100,0
2015-02-04,14:50:00,19.99,20,19.99,20,50,0
2015-02-04,16:25:00,20,20,20,20,550,0
2015-02-04,16:50:00,19.99,19.99,19.99,19.99,1000,0
2015-02-05,14:35:00,20.24,20.24,20.24,20.24,29,0
2015-02-05,15:45:00,19.72,19.72,19.7,19.7,379,0
2015-02-06,14:55:00,19.98,19.98,19.98,19.98,32,0
2015-02-06,16:45:00,19.98,19.98,19.98,19.98,26,0
2015-02-06,16:50:00,19.98,19.98,19.98,19.98,50,0
2015-02-09,09:30:00,19.7,19.7,19.7,19.7,60,0
2015-02-09,10:10:00,19.53,19.53,19.53,19.53,100,0
2015-02-09,10:15:00,19.4,19.4,19.26,19.26,135,0
2015-02-09,10:30:00,19.3,19.3,19.3,19.3,50,0
2015-02-09,10:45:00,19.26,19.26,19.26,19.26,110,0
2015-02-09,13:35:00,19.49,19.49,19.49,19.49,25,0
2015-02-09,15:25:00,19.26,19.26,19.26,19.26,57,0
2015-02-09,16:15:00,19.25,19.25,19.21,19.21,100,0
2015-02-09,16:45:00,19.45,19.5,19.45,19.5,57,0
2015-02-09,16:50:00,19.49,19.49,19.49,19.49,91,0
2015-02-10,09:05:00,19.68,19.68,19.68,19.68,200,0
2015-02-10,11:55:00,19.69,19.94,19.69,19.94,136,0
2015-02-10,15:00:00,19.52,19.52,19.52,19.52,111,0
2015-02-10,15:55:00,19.94,19.94,19.94,19.94,75,0
2015-02-11,09:05:00,19.95,19.95,19.95,19.95,253,0
2015-02-11,09:45:00,19.52,19.52,19.52,19.52,230,0
2015-02-11,11:00:00,19.95,19.95,19.95,19.95,60,0
2015-02-11,14:55:00,20.25,20.25,20.25,20.25,200,0
2015-02-11,15:20:00,20.41,20.41,20.25,20.25,340,0
2015-02-11,16:35:00,20.48,20.48,20.48,20.48,82,0
2015-02-12,11:20:00,20.05,20.05,20,20,383,0
2015-02-13,09:15:00,20,20,20,20,250,0
2015-02-13,09:20:00,20,20,20,20,435,0
2015-02-13,10:00:00,20.19,20.19,20.19,20.19,14,0
2015-02-13,10:35:00,20.1,20.1,20.1,20.1,44,0
2015-02-13,10:40:00,20,20,20,20,65,0
2015-02-13,13:50:00,19.8,19.8,19.77,19.77,110,0
2015-02-13,15:20:00,19.65,19.65,19.65,19.65,350,0
2015-02-13,16:00:00,20,20,20,20,2,0
2015-02-16,11:10:00,19.62,19.62,19.62,19.62,249,0
2015-02-16,16:05:00,20,20,20,20,10,0
2015-02-17,14:05:00,19.62,19.62,19.62,19.62,100,0
2015-02-17,15:40:00,19.62,19.62,19.55,19.55,190,0
2015-02-17,16:35:00,19.99,19.99,19.99,19.99,5,0
2015-02-18,15:00:00,19.7,19.7,19.5,19.5,100,0
2015-02-18,16:35:00,19.6,19.6,19.6,19.6,110,0
2015-02-18,16:50:00,20,20,20,20,5,0
2015-02-19,09:25:00,19.5,19.5,19.5,19.5,100,0
2015-02-19,09:30:00,19.47,19.47,19.47,19.47,200,0
2015-02-19,15:05:00,20.02,20.02,20.02,20.02,5,0
2015-02-20,13:40:00,19.25,19.25,19.15,19.15,100,0
2015-02-20,14:45:00,19.5,19.5,19.5,19.5,10000,0
2015-02-20,14:50:00,19.5,19.5,19.5,19.5,4885,0
2015-02-20,16:20:00,20.02,20.02,20.02,20.02,50,0
2015-02-23,09:05:00,20.1,20.1,20.1,20.1,180,0
2015-02-23,09:30:00,20.1,20.1,20.1,20.1,50,0
2015-02-23,10:20:00,20.1,20.1,20.1,20.1,50,0
2015-02-23,10:25:00,20,20,20,20,50,0
2015-02-24,12:10:00,19.7,19.7,19.7,19.7,100,0
2015-02-24,15:15:00,19.42,19.42,19.4,19.4,380,0
2015-02-24,15:20:00,19.4,19.4,19.4,19.4,100,0
2015-02-24,15:40:00,19.2,19.2,19.2,19.2,320,0
2015-02-24,15:50:00,19.26,19.34,19.2,19.34,1486,0
2015-02-24,15:55:00,19.74,19.74,19.74,19.74,5,0
2015-02-24,16:05:00,19.21,19.21,19.21,19.21,1,0
2015-02-24,16:30:00,19.5,19.7,19.5,19.7,100,0
2015-02-24,16:50:00,19.21,19.21,19.21,19.21,271,0
2015-02-25,09:05:00,19.18,19.18,19.18,19.18,20,0
2015-02-25,11:10:00,19.18,19.18,19.18,19.18,407,0
2015-02-25,11:35:00,19.15,19.15,19,19,807,0
2015-02-25,12:00:00,19.02,19.02,19.02,19.02,100,0
2015-02-25,12:05:00,19.02,19.02,19.02,19.02,200,0
2015-02-25,14:40:00,19,19,19,19,223,0
2015-02-25,14:55:00,19.25,19.25,19.25,19.25,35,0
2015-02-25,16:10:00,19.02,19.02,19.02,19.02,175,0
2015-02-25,16:50:00,19.24,19.24,19.24,19.24,55,0
2015-02-26,09:05:00,19.24,19.24,19.24,19.24,563,0
2015-02-26,09:35:00,19.24,19.35,19.24,19.35,241,0
2015-02-26,09:40:00,19.35,19.35,19.35,19.35,49,0
2015-02-26,09:45:00,19.35,19.35,19.35,19.35,51,0
2015-02-26,10:15:00,19.45,19.45,19.45,19.45,150,0
2015-02-26,11:10:00,19.22,19.22,19.22,19.22,70,0
2015-02-26,11:50:00,19.44,19.44,19.44,19.44,70,0
2015-02-26,11:55:00,19.45,19.45,19.45,19.45,187,0
2015-02-26,12:50:00,19.22,19.22,19.17,19.17,313,0
2015-02-26,16:50:00,19.39,19.39,19.39,19.39,50,0
2015-02-27,09:05:00,19.4,19.4,19.4,19.4,250,0
2015-02-27,09:55:00,19.6,19.6,19.6,19.6,100,0
2015-02-27,11:15:00,19.4,19.4,19.4,19.4,1,0
2015-02-27,14:40:00,19.6,19.78,19.6,19.78,119,0
2015-02-27,14:50:00,19.78,19.78,19.78,19.78,1,0
2015-02-27,15:00:00,19.4,19.4,19.4,19.4,70,0
2015-02-27,16:10:00,19.7,19.7,19.7,19.7,15,0
2015-02-27,16:50:00,19.65,19.65,19.65,19.65,50,0
2015-03-02,11:25:00,19.4,19.4,19.4,19.4,50,0
2015-03-02,12:10:00,19.32,19.32,19.32,19.32,100,0
2015-03-03,09:05:00,19.6,19.6,19.6,19.6,14,0
2015-03-03,11:45:00,19.4,19.4,19.4,19.4,15,0
2015-03-04,11:00:00,19.17,19.17,19.17,19.17,185,0
2015-03-04,11:10:00,19.17,19.17,19.17,19.17,72,0
2015-03-04,12:25:00,19.15,19.15,19.05,19.05,170,0
2015-03-04,14:45:00,19.15,19.15,19.15,19.15,50,0
2015-03-04,14:50:00,19.05,19.05,19.05,19.05,79,0
2015-03-04,16:50:00,19.3,19.3,19.3,19.3,255,0
2015-03-05,09:15:00,19.3,19.4,19.3,19.4,266,0
2015-03-06,09:15:00,19.55,19.6,19.55,19.6,295,0
2015-03-06,09:20:00,19.8,19.8,19.8,19.8,15,0
2015-03-06,10:45:00,19.8,19.97,19.8,19.97,100,0
2015-03-06,11:05:00,19.97,20,19.97,20,50,0
2015-03-06,11:10:00,20,20,20,20,40,0
2015-03-06,11:55:00,19.57,19.57,19.57,19.57,30,0
2015-03-06,12:40:00,19.9,19.9,19.9,19.9,20,0
2015-03-06,15:10:00,19.9,19.9,19.9,19.9,100,0
2015-03-06,16:25:00,19.99,20,19.99,20,50,0
2015-03-06,16:45:00,20,20,20,20,412,0
2015-03-06,16:50:00,20.1,20.34,20.1,20.34,144,0
2015-03-09,11:00:00,20.54,20.54,20.54,20.54,33,0
2015-03-09,13:25:00,20.38,20.38,19.8,19.8,212,0
2015-03-09,16:20:00,20.37,20.37,20.37,20.37,5,0
2015-03-10,09:05:00,20.4,20.4,20.4,20.4,374,0
2015-03-10,11:05:00,20.4,20.4,20,20,285,0
2015-03-10,15:15:00,19.81,19.81,19.81,19.81,100,0
2015-03-10,15:45:00,19.81,19.81,19.8,19.8,250,0
2015-03-10,15:50:00,19.8,19.8,19.8,19.8,100,0
2015-03-11,09:25:00,19.8,19.8,19.8,19.8,125,0
2015-03-11,09:35:00,19.8,19.8,19.8,19.8,500,0
2015-03-11,09:40:00,19.8,19.8,19.8,19.8,108,0
2015-03-11,10:55:00,19.8,19.8,19.8,19.8,98,0
2015-03-11,11:30:00,19.8,19.8,19.8,19.8,25,0
2015-03-12,15:30:00,19.62,19.62,19.62,19.62,100,0
2015-03-12,16:45:00,19.62,19.62,19.62,19.62,2,0
2015-03-13,11:40:00,19.63,19.63,19.63,19.63,10,0
2015-03-13,13:10:00,19.63,19.63,19.63,19.63,90,0
2015-03-13,15:20:00,19.8,20,19.8,20,135,0
2015-03-16,13:05:00,19.9,19.9,19.9,19.9,50,0
2015-03-16,14:00:00,19.9,19.9,19.9,19.9,25,0
2015-03-16,15:30:00,19.99,19.99,19.99,19.99,945,0
2015-03-16,15:35:00,20,20,20,20,315,0
2015-03-16,16:35:00,20.2,20.2,20.2,20.2,125,0
2015-03-16,16:50:00,20.4,20.95,20.2,20.95,582,0
2015-03-17,09:05:00,20.9,20.9,20.5,20.5,395,0
2015-03-17,09:10:00,20.85,20.85,20.85,20.85,70,0
2015-03-17,09:15:00,20.35,20.35,20,20,565,0
2015-03-17,09:25:00,20,20,20,20,205,0
2015-03-17,09:45:00,20,20,20,20,4,0
2015-03-17,10:00:00,20,20,20,20,27,0
2015-03-17,11:30:00,20,20,20,20,109,0
2015-03-17,12:05:00,20,20,19.9,19.9,198,0
2015-03-17,12:20:00,19.81,19.81,19.8,19.8,133,0
2015-03-17,12:25:00,19.85,19.85,19.8,19.8,120,0
2015-03-17,12:30:00,20,20,20,20,2,0
2015-03-17,12:40:00,19.75,19.75,19.75,19.75,50,0
2015-03-17,12:45:00,19.57,19.57,19.57,19.57,1,0
2015-03-17,14:05:00,20,20,20,20,180,0
2015-03-17,15:20:00,19.76,19.76,19.76,19.76,2,0
2015-03-18,11:45:00,19.76,19.76,19.76,19.76,50,0
2015-03-18,14:50:00,19.76,19.76,19.57,19.57,758,0
2015-03-18,16:45:00,19.87,19.9,19.87,19.9,220,0
2015-03-18,16:50:00,19.9,19.9,19.9,19.9,280,0
2015-03-19,10:35:00,19.99,20,19.99,20,219,0
2015-03-19,15:05:00,20,20,20,20,285,0
2015-03-19,15:10:00,20,20.05,20,20.05,610,0
2015-03-20,09:05:00,20.25,20.5,20.25,20.49,520,0
2015-03-20,09:10:00,20.49,20.49,20.49,20.49,310,0
2015-03-20,09:40:00,20.15,20.15,19.5,19.5,909,0
2015-03-20,09:55:00,19.7,19.7,19.7,19.7,10,0
2015-03-20,12:05:00,19.7,19.7,19.5,19.5,582,0
2015-03-20,12:20:00,19.29,19.29,19.29,19.29,65,0
2015-03-20,13:20:00,19.5,19.5,19.5,19.5,30,0
2015-03-20,13:25:00,19.5,19.5,19.5,19.5,170,0
2015-03-20,15:00:00,19.5,19.5,19.5,19.5,447,0
2015-03-20,15:45:00,19.8,19.8,19.8,19.8,2,0
2015-03-20,16:50:00,19.55,19.8,19.5,19.8,105,0
2015-03-23,09:05:00,19.29,19.29,19.29,19.29,80,0
2015-03-23,09:25:00,19.31,19.31,19.31,19.31,500,0
2015-03-23,09:45:00,19.29,19.29,19.21,19.21,505,0
2015-03-23,09:50:00,19.3,19.3,19.3,19.3,110,0
2015-03-23,10:00:00,19.16,19.16,18.85,18.85,1051,0
2015-03-23,11:15:00,19.1,19.1,19.1,19.1,100,0
2015-03-23,12:15:00,19.25,19.25,19.25,19.25,70,0
2015-03-23,13:20:00,19.2,19.24,19.2,19.24,160,0
2015-03-23,14:30:00,19.24,19.25,19.24,19.25,154,0
2015-03-23,14:40:00,19.3,19.3,19.3,19.3,100,0
2015-03-23,15:10:00,19.45,19.45,19.45,19.45,1,0
2015-03-23,15:30:00,19.45,19.6,19.45,19.6,231,0
2015-03-23,16:15:00,19.6,19.6,19.6,19.6,184,0
2015-03-23,16:40:00,19.6,19.6,19.45,19.45,600,0
2015-03-23,16:50:00,19.34,19.34,19.34,19.34,138,0
2015-03-24,09:10:00,19.5,19.5,19.5,19.5,65,0
2015-03-24,09:20:00,19.5,19.5,19.5,19.5,75,0
2015-03-24,10:10:00,19.21,19.21,19.21,19.21,33,0
2015-03-24,15:35:00,19.21,19.21,19.2,19.2,500,0
2015-03-24,16:50:00,19.4,19.4,19.4,19.4,5,0
2015-03-26,09:20:00,19.2,19.2,19.2,19.2,103,0
2015-03-26,09:50:00,19,19,19,19,140,0
2015-03-26,14:20:00,19.12,19.12,19.12,19.12,50,0
2015-03-27,09:20:00,19.12,19.12,19,19,208,0
2015-03-27,12:50:00,19,19,19,19,200,0
2015-03-27,13:30:00,19,19,19,19,35,0
2015-03-27,16:30:00,19,19,19,19,150,0
2015-03-27,16:50:00,19.12,19.12,19.12,19.12,5,0
2015-03-30,09:15:00,19,19,19,19,2789,0
2015-03-30,10:10:00,19.4,19.6,19.4,19.6,500,0
2015-03-30,10:15:00,19.79,19.95,19.79,19.95,500,0
2015-03-30,10:25:00,19.74,19.74,19.74,19.74,50,0
2015-03-30,11:15:00,19.53,19.53,19.53,19.53,38,0
2015-03-30,14:25:00,19.53,19.53,19.53,19.53,142,0
2015-03-30,15:10:00,19.53,19.53,19.53,19.53,158,0
2015-03-30,16:10:00,19.8,19.95,19.8,19.95,1000,0
2015-03-30,16:50:00,19.95,19.99,19.95,19.99,476,0
2015-03-31,09:05:00,19.99,20.16,19.99,20.16,120,0
2015-03-31,11:15:00,19.55,19.55,19.45,19.45,15387,0
2015-03-31,11:20:00,19.55,19.55,19.55,19.55,4613,0
2015-03-31,16:25:00,19.57,19.57,19.55,19.55,2431,0
2015-03-31,16:30:00,19.8,19.8,19.8,19.8,80,0
2015-03-31,16:50:00,19.5,19.5,19.5,19.5,1402,0
2015-04-01,09:05:00,19.8,19.8,19.8,19.8,250,0
2015-04-01,16:00:00,19.75,19.8,19.75,19.8,10000,0
2015-04-02,09:05:00,19.8,19.8,19.8,19.8,100,0
2015-04-02,15:00:00,19.8,19.8,19.8,19.8,43,0
2015-04-02,15:50:00,19.8,19.8,19.8,19.8,100,0
2015-04-02,16:45:00,19.9,19.9,19.4,19.4,400,0
2015-04-02,16:50:00,19.7,19.7,19.7,19.7,143,0
2015-04-07,11:30:00,19.8,19.8,19.8,19.8,75,0
2015-04-07,12:00:00,19.89,19.89,19.89,19.89,78,0
2015-04-07,13:40:00,19.85,19.85,19.85,19.85,100,0
2015-04-07,13:55:00,19.75,19.75,19.75,19.75,40,0
2015-04-07,16:10:00,19.75,19.75,19.75,19.75,13,0
2015-04-08,10:50:00,19.87,19.87,19.87,19.87,5,0
2015-04-08,13:45:00,19.87,19.9,19.87,19.9,501,0
2015-04-08,14:20:00,19.85,19.85,19.85,19.85,9499,0
2015-04-08,14:45:00,19.85,19.85,19.85,19.85,2000,0
2015-04-08,16:20:00,19.98,19.98,19.98,19.98,100,0
2015-04-09,09:05:00,19.98,19.98,19.98,19.98,10,0
2015-04-09,11:15:00,19.9,19.9,19.9,19.9,150,0
2015-04-09,12:35:00,19.9,19.9,19.9,19.9,2,0
2015-04-10,09:05:00,19.87,19.87,19.87,19.87,10,0
2015-04-10,12:15:00,19.6,19.6,19.6,19.6,200,0
2015-04-10,14:50:00,19.8,19.98,19.8,19.98,847,0
2015-04-10,16:10:00,19.92,19.92,19.92,19.92,187,0
2015-04-10,16:25:00,19.99,20,19.99,20,203,0
2015-04-10,16:50:00,20.1,20.1,20.1,20.1,23,0
2015-04-13,09:05:00,20.15,20.15,20.15,20.15,144,0
2015-04-13,10:20:00,20.15,20.15,20.15,20.15,113,0
2015-04-14,09:05:00,20,20,19.6,19.6,272,0
2015-04-15,12:55:00,19.6,19.6,19.6,19.6,130,0
2015-04-15,14:50:00,19.61,19.61,19.6,19.6,80,0
2015-04-15,15:55:00,19.6,19.6,19.6,19.6,20,0
2015-04-15,16:00:00,19.6,19.6,19.6,19.6,105,0
2015-04-15,16:30:00,19.8,19.8,19.8,19.8,5,0
2015-04-16,15:15:00,19.6,19.6,19.6,19.6,20,0
2015-04-16,16:40:00,19.6,19.8,19.6,19.8,36,0
2015-04-17,12:15:00,19.4,19.4,19.4,19.4,150,0
2015-04-17,16:35:00,19.64,19.64,19.64,19.64,5,0
2015-04-20,16:50:00,19.64,19.64,19.64,19.64,100,0
2015-04-21,15:00:00,19.4,19.4,19.4,19.4,157,0
2015-04-21,15:05:00,19.4,19.64,19.4,19.64,50,0
2015-04-22,16:50:00,19.64,19.64,19.64,19.64,198,0
2015-04-23,10:50:00,19.8,19.8,19.8,19.8,4,0
2015-04-23,11:10:00,19.3,19.3,19.3,19.3,200,0
2015-04-23,16:50:00,19.6,19.6,19.6,19.6,5,0
2015-04-24,10:00:00,19.6,19.6,19.6,19.6,200,0
2015-04-24,11:55:00,19.7,19.7,19.7,19.7,60555,0
2015-04-24,13:05:00,19.75,19.8,19.75,19.8,380,0
2015-04-24,14:25:00,19.8,19.9,19.8,19.9,400,0
2015-04-24,15:20:00,19.61,19.61,19.61,19.61,100,0
2015-04-24,16:50:00,19.9,19.95,19.9,19.95,964,0
2015-04-27,09:05:00,20,20,20,20,267,0
2015-04-27,09:20:00,20.15,20.15,20.15,20.15,34,0
2015-04-27,09:25:00,20.35,20.35,20.35,20.35,153,0
2015-04-27,09:30:00,20.35,20.35,20.35,20.35,100,0
2015-04-27,10:15:00,20.35,20.5,20.35,20.5,404,0
2015-04-27,11:00:00,20.6,20.6,20.6,20.6,100,0
2015-04-27,11:10:00,20.7,20.7,20.7,20.7,47,0
2015-04-27,11:15:00,20.7,20.7,20.7,20.7,123,0
2015-04-27,13:35:00,20.4,20.4,20.25,20.25,627,0
2015-04-27,14:15:00,20.25,20.25,20.25,20.25,23,0
2015-04-27,14:25:00,20.15,20.15,20.15,20.15,100,0
2015-04-27,14:45:00,20.15,20.15,20.15,20.15,200,0
2015-04-27,16:50:00,20.25,20.25,20.25,20.25,5,0
2015-04-28,11:40:00,20.25,20.3,20.25,20.3,15,0
2015-04-28,15:00:00,20,20,20,20,40,0
2015-04-28,16:50:00,20.3,20.3,20.3,20.3,5,0
2015-04-29,11:25:00,20,20,20,20,70,0
2015-04-29,12:10:00,20,20,20,20,30,0
2015-04-29,14:45:00,19.93,19.93,19.93,19.93,50,0
2015-04-30,09:15:00,20,20.3,20,20.3,80,0
2015-04-30,11:50:00,20,20,20,20,104,0
2015-04-30,14:50:00,20,20.29,20,20.29,20,0
2015-05-04,09:10:00,20.16,20.16,20.16,20.16,50,0
2015-05-04,10:40:00,20.16,20.16,20.16,20.16,2,0
2015-05-04,11:45:00,20.16,20.16,20.16,20.16,398,0
2015-05-04,16:20:00,19.88,19.88,19.7,19.7,300,0
2015-05-05,11:55:00,19.96,19.97,19.96,19.97,1000,0
2015-05-06,09:25:00,19.7,19.7,19.7,19.7,100,0
2015-05-06,12:35:00,19.75,19.75,19.7,19.7,300,0
2015-05-06,13:35:00,19.7,19.7,19.7,19.7,247,0
2015-05-06,13:55:00,19.7,19.7,19.7,19.7,50,0
2015-05-06,14:05:00,19.97,20,19.97,20,200,0
2015-05-06,14:10:00,20,20,20,20,198,0
2015-05-06,14:30:00,20,20,20,20,2,0
2015-05-06,14:45:00,19.76,19.76,19.76,19.76,691,0
2015-05-06,16:50:00,20,20,20,20,22,0
2015-05-08,10:05:00,20,20,20,20,159,0
2015-05-08,14:20:00,19.75,19.75,19.75,19.75,100,0
2015-05-08,15:05:00,19.8,19.8,19.8,19.8,75,0
2015-05-08,16:45:00,20,20,20,20,90,0
2015-05-11,14:10:00,19.8,19.8,19.8,19.8,200,0
2015-05-11,15:35:00,19.8,19.8,19.8,19.8,200,0
2015-05-11,15:50:00,19.8,19.8,19.8,19.8,200,0
2015-05-12,13:10:00,20,20,20,20,200,0
2015-05-12,14:05:00,20.1,20.1,20.1,20.1,50,0
2015-05-13,09:10:00,20.19,20.2,20.19,20.2,126,0
2015-05-13,10:00:00,20.2,20.2,20.2,20.2,48,0
2015-05-13,10:15:00,20.2,20.4,20.2,20.4,245,0
2015-05-13,12:35:00,20.4,20.4,20.4,20.4,29,0
2015-05-14,09:55:00,20,20,20,20,50,0
2015-05-14,11:15:00,20,20,20,20,500,0
2015-05-14,16:20:00,19.8,19.8,19.8,19.8,270,0
2015-05-14,16:50:00,20.1,20.1,20.1,20.1,5,0
2015-05-15,11:30:00,20,20.1,20,20.1,380,0
2015-05-15,11:35:00,19.73,19.73,19.73,19.73,70,0
2015-05-15,15:00:00,19.81,19.81,19.81,19.81,29,0
2015-05-15,16:40:00,20.1,20.2,20.1,20.2,494,0
2015-05-18,10:25:00,20,20,20,20,80,0
2015-05-18,16:20:00,20,20,19.9,19.9,148,0
2015-05-18,16:50:00,20.2,20.2,20.2,20.2,5,0
2015-05-19,09:20:00,20.2,20.2,20.2,20.2,100,0
2015-05-19,09:40:00,20.2,20.2,20.2,20.2,10,0
2015-05-19,10:50:00,19.86,19.86,19.86,19.86,50,0
2015-05-19,11:55:00,20,20,20,20,10,0
2015-05-19,12:25:00,20,20.4,20,20.4,750,0
2015-05-20,13:20:00,20.01,20.01,20.01,20.01,13,0
2015-05-20,15:10:00,20.01,20.01,20.01,20.01,50,0
2015-05-20,16:50:00,20.3,20.3,20.3,20.3,5,0
2015-05-21,11:00:00,20.3,20.3,20.3,20.3,50,0
2015-05-21,14:10:00,20,20,20,20,26,0
2015-05-21,16:50:00,20.2,20.2,20.2,20.2,5,0
2015-05-22,09:05:00,19.72,19.72,19.72,19.72,200,0
2015-05-22,09:20:00,19.72,19.72,19.72,19.72,50,0
2015-05-22,14:15:00,19.75,19.75,19.75,19.75,126,0
2015-05-25,09:05:00,19.53,19.53,19.32,19.32,558,0
2015-05-25,15:15:00,19.33,19.33,19.32,19.32,100,0
2015-05-25,15:50:00,19.32,19.32,19.32,19.32,75,0
2015-05-25,16:25:00,19.32,19.32,19.32,19.32,6,0
2015-05-25,16:45:00,19.3,19.3,19.3,19.3,130,0
2015-05-25,16:50:00,19.3,19.7,19.3,19.7,185,0
2015-05-26,11:05:00,19.7,19.7,19.7,19.7,40,0
2015-05-26,16:25:00,19.65,19.7,19.65,19.7,118,0
2015-05-27,10:35:00,19.7,19.7,19.7,19.7,100,0
2015-05-27,15:20:00,19.7,19.7,19.7,19.7,200,0
2015-05-27,15:35:00,19.7,19.7,19.7,19.7,65,0
2015-05-27,16:40:00,19.98,20,19.98,20,150,0
2015-05-28,09:05:00,20,20,20,20,500,0
2015-05-28,10:45:00,20,20,20,20,100,0
2015-05-28,11:10:00,20,20,20,20,70,0
2015-05-28,11:15:00,20,20,20,20,100,0
2015-05-28,12:15:00,20,20,20,20,10,0
2015-05-28,12:20:00,20.2,20.2,20.2,20.2,40,0
2015-05-29,13:00:00,20.2,20.2,20.2,20.2,150,0
2015-05-29,16:25:00,20,20,20,20,50,0
2015-06-01,09:05:00,20.2,20.2,20.2,20.2,433,0
2015-06-01,09:30:00,20,20,20,20,10,0
2015-06-01,10:30:00,19.99,19.99,19.99,19.99,242,0
2015-06-01,10:50:00,20,20,20,20,38,0
2015-06-01,11:40:00,20,20,20,20,62,0
2015-06-01,14:25:00,19.84,19.84,19.7,19.7,65,0
2015-06-01,15:45:00,19.7,19.7,19.7,19.7,43,0
2015-06-01,15:55:00,19.7,19.7,19.7,19.7,95,0
2015-06-02,12:30:00,20,20,20,20,127,0
2015-06-05,11:05:00,19.99,19.99,19.99,19.99,49,0
2015-06-08,09:05:00,19.7,19.7,19.7,19.7,250,0
2015-06-08,13:05:00,19.55,19.55,19.55,19.55,75,0
2015-06-09,10:40:00,19.5,19.5,19.5,19.5,334,0
2015-06-09,13:20:00,19.55,19.55,19.55,19.55,1,0
2015-06-09,15:40:00,19.5,19.5,19.5,19.5,50,0
2015-06-10,16:30:00,19.99,20,19.99,20,7,0
2015-06-15,16:50:00,19.4,19.4,19.4,19.4,1,0
2015-06-16,13:15:00,19.35,19.35,19.35,19.35,100,0
2015-06-17,15:30:00,19.25,19.25,19.25,19.25,35,0
2015-06-17,16:45:00,19.7,19.7,19.7,19.7,50,0
2015-06-18,11:55:00,19.25,19.25,19.25,19.25,50,0
2015-06-18,16:20:00,19.69,19.69,19.69,19.69,3,0
2015-06-19,16:45:00,19.15,19.15,19.15,19.15,260,0
2015-06-19,16:50:00,19.68,19.68,19.68,19.68,2,0
2015-06-23,10:55:00,19.05,19.05,19.03,19.03,57,0
2015-06-23,11:00:00,19.03,19.03,19.03,19.03,100,0
2015-06-23,11:15:00,19.68,19.68,19.68,19.68,20,0
2015-06-23,16:45:00,19.68,19.68,19.68,19.68,10,0
2015-06-24,15:55:00,19,19.35,19,19.35,95,0
2015-06-25,09:15:00,19.68,19.68,19.68,19.68,7,0
2015-06-25,11:05:00,19,19,19,19,15,0
2015-06-25,11:25:00,18.85,18.85,18.85,18.85,67,0
2015-06-25,13:10:00,18.85,18.85,18.85,18.85,356,0
2015-06-25,13:50:00,19.5,19.5,19.5,19.5,1,0
2015-06-26,09:05:00,19.4,19.4,19.4,19.4,15,0
2015-06-26,15:55:00,19.4,19.4,19.4,19.4,10,0
2015-06-26,16:00:00,19.4,19.65,19.4,19.65,10,0
2015-06-26,16:50:00,19.6,19.6,19.6,19.6,120,0
2015-06-29,09:30:00,19,19,19,19,136,0
2015-06-29,13:20:00,19,19,19,19,8,0
2015-06-29,14:40:00,19,19,19,19,6,0
2015-06-29,16:10:00,19.6,19.65,19.6,19.65,243,0
2015-06-29,16:20:00,19.66,19.79,19.66,19.79,197,0
2015-06-29,16:50:00,19.8,19.8,19.8,19.8,60,0
2015-06-30,09:05:00,19.8,19.8,19.8,19.8,30,0
2015-07-01,10:20:00,19.69,19.69,19.65,19.65,25,0
2015-07-01,10:35:00,19.65,19.65,19.65,19.65,30,0
2015-07-02,12:25:00,19.65,19.65,19.65,19.65,10,0
2015-07-03,09:05:00,19.2,19.2,19.2,19.2,127,0
2015-07-03,16:50:00,19.8,19.8,19.8,19.8,2000,0
2015-07-06,09:05:00,19.2,19.2,19.2,19.2,17,0
2015-07-06,15:10:00,19.25,19.25,19.25,19.25,55,0
2015-07-07,15:55:00,19.25,19.25,19.25,19.25,43,0
2015-07-08,11:15:00,19.25,19.25,19.2,19.2,55,0
2015-07-08,12:00:00,19.2,19.2,19.2,19.2,3,0
2015-07-08,12:10:00,19,19,19,19,15,0
2015-07-08,14:40:00,19,19,19,19,5,0
2015-07-08,16:45:00,18.8,18.8,18.6,18.6,110,0
2015-07-08,16:50:00,19,19,19,19,50,0
2015-07-10,10:45:00,18.5,18.5,18.5,18.5,55,0
2015-07-10,12:50:00,19,19.22,19,19.22,125,0
2015-07-13,11:00:00,18.35,18.35,18.35,18.35,100,0
2015-07-13,11:20:00,18.4,19.21,18.4,19.21,623,0
2015-07-13,12:55:00,18.45,18.45,18.45,18.45,30,0
2015-07-13,15:30:00,19.2,19.2,19.2,19.2,15,0
2015-07-13,16:25:00,19.2,19.4,19.2,19.4,15,0
2015-07-15,14:55:00,19,19,19,19,75,0
2015-07-16,10:05:00,19.3,19.5,19.3,19.5,205,0
2015-07-16,10:25:00,19.8,19.8,19.8,19.8,610,0
2015-07-16,10:30:00,19.81,19.99,19.81,19.99,768,0
2015-07-16,11:00:00,19.5,19.5,19,19,386,0
2015-07-16,12:40:00,19,20,19,20,15,0
2015-07-16,15:05:00,19.5,19.5,19.5,19.5,565,0
2015-07-16,15:40:00,19.71,19.71,19.71,19.71,65,0
2015-07-16,16:50:00,19.99,19.99,19.99,19.99,5,0
2015-07-17,09:05:00,19.9,19.9,19.9,19.9,171,0
2015-07-17,09:15:00,19.89,19.89,19.89,19.89,404,0
2015-07-17,15:25:00,19.8,19.8,19.8,19.8,49,0
2015-07-17,15:40:00,19.9,19.9,19.9,19.9,100,0
2015-07-17,16:45:00,19.9,19.9,19.9,19.9,100,0
2015-07-20,10:55:00,19.55,19.55,19.51,19.51,180,0
2015-07-20,15:55:00,20,20,20,20,2,0
2015-07-21,09:05:00,20.08,20.1,20.08,20.1,1581,0
2015-07-21,09:10:00,20.15,20.2,20,20,2378,0
2015-07-21,09:45:00,20.1,20.4,20.1,20.4,131,0
2015-07-21,11:25:00,20.4,20.4,20.4,20.4,100,0
2015-07-21,11:30:00,20.4,20.4,20.4,20.4,400,0
2015-07-21,12:10:00,20.4,20.4,20.4,20.4,300,0
2015-07-21,13:20:00,20.4,20.4,20.4,20.4,120,0
2015-07-22,09:15:00,20.02,20.02,20.02,20.02,103,0
2015-07-22,16:40:00,20.4,20.4,20.4,20.4,1,0
2015-07-22,16:50:00,19.99,19.99,19.99,19.99,333,0
2015-07-23,09:55:00,19.83,19.83,19.83,19.83,57,0
2015-07-23,11:05:00,20.1,20.1,20.1,20.1,4,0
2015-07-23,12:50:00,20.09,20.09,20.09,20.09,500,0
2015-07-23,13:20:00,20.09,20.09,20.09,20.09,493,0
2015-07-23,16:50:00,20.09,20.09,20.09,20.09,4,0
2015-07-24,09:20:00,20.4,20.4,20.4,20.4,1,0
2015-07-24,09:50:00,20.4,20.4,20.4,20.4,103,0
2015-07-24,09:55:00,20.41,20.41,20.41,20.41,180,0
2015-07-24,12:55:00,20.28,20.28,20.28,20.28,238,0
2015-07-24,15:40:00,19.92,19.92,19.91,19.91,1300,0
2015-07-24,16:20:00,20.25,20.25,20.25,20.25,1,0
2015-07-27,12:15:00,19.83,19.83,19.83,19.83,69,0
2015-07-27,14:15:00,19.83,19.83,19.83,19.83,35,0
2015-07-28,09:05:00,19.99,19.99,19.99,19.99,5,0
2015-07-28,16:50:00,19.99,19.99,19.99,19.99,5,0
2015-07-30,09:05:00,19.9,19.9,19.9,19.9,150,0
2015-07-30,11:45:00,19.9,19.9,19.9,19.9,200,0
2015-07-30,16:25:00,19.83,19.83,19.83,19.83,477,0
2015-07-30,16:35:00,18.58,18.58,18.58,18.58,50,0
2015-07-30,16:45:00,19.82,19.82,19.82,19.82,50,0
2015-07-31,09:05:00,19.6,19.6,19.6,19.6,212,0
2015-07-31,12:00:00,19.99,19.99,19.99,19.99,15,0
2015-07-31,14:45:00,19.99,19.99,19.99,19.99,60,0
2015-08-03,13:40:00,19.8,19.99,19.8,19.99,1900,0
2015-08-03,15:50:00,19.99,19.99,19.99,19.99,265,0
2015-08-04,09:45:00,19.99,19.99,19.99,19.99,4750,0
2015-08-04,10:25:00,19.99,19.99,19.99,19.99,2514,0
2015-08-04,10:35:00,20,20,20,20,10,0
2015-08-04,10:45:00,20,20,20,20,100,0
2015-08-04,11:00:00,19.02,19.02,19.02,19.02,100,0
2015-08-04,12:45:00,20,20.19,20,20.19,936,0
2015-08-04,12:55:00,20.19,20.19,20.19,20.19,150,0
2015-08-04,13:05:00,20.19,20.19,20.19,20.19,150,0
2015-08-04,13:35:00,20.19,20.2,20.19,20.2,275,0
2015-08-05,09:10:00,20.49,20.49,20.49,20.49,62,0
2015-08-05,10:25:00,20.49,20.5,20.49,20.5,715,0
2015-08-10,09:05:00,19.6,19.6,19.6,19.6,273,0
2015-08-10,09:15:00,20,20,20,20,230,0
2015-08-10,10:10:00,20.35,20.39,20.35,20.39,313,0
2015-08-10,10:50:00,20.39,20.39,20.39,20.39,90,0
2015-08-10,12:20:00,20.39,20.39,20.39,20.39,97,0
2015-08-10,16:15:00,20.03,20.03,20.01,20.01,97,0
2015-08-11,10:45:00,20.05,20.05,20.05,20.05,32,0
2015-08-12,12:30:00,20.01,20.01,20.01,20.01,180,0
2015-08-13,09:10:00,20.5,20.5,20.5,20.5,1,0
2015-08-14,11:40:00,20.01,20.01,20.01,20.01,50,0
2015-08-14,15:30:00,20.3,20.3,20.3,20.3,1,0
2015-08-17,11:10:00,20.02,20.02,20.02,20.02,90,0
2015-08-17,15:55:00,20.3,20.3,20.3,20.3,1,0
2015-08-18,09:05:00,20.01,20.01,20.01,20.01,75,0
2015-08-18,09:10:00,20.3,20.3,20.3,20.3,1,0
2015-08-18,09:45:00,20.01,20.01,20.01,20.01,50,0
2015-08-18,10:05:00,20.01,20.01,20.01,20.01,50,0
2015-08-18,10:30:00,20.01,20.01,20.01,20.01,50,0
2015-08-18,10:55:00,20.3,20.3,20.3,20.3,1,0
2015-08-18,13:55:00,20.01,20.01,20.01,20.01,194,0
2015-08-18,15:05:00,20.01,20.01,20.01,20.01,50,0
2015-08-18,15:10:00,20.2,20.2,20.2,20.2,1,0
2015-08-18,15:40:00,20.01,20.01,20.01,20.01,150,0
2015-08-18,16:50:00,20.2,20.2,20.2,20.2,1,0
2015-08-19,16:10:00,20.3,20.3,20.3,20.3,1,0
2015-08-21,09:05:00,20.01,20.01,20.01,20.01,1001,0
2015-08-24,10:05:00,19.6,19.6,19.6,19.6,100,0
2015-08-24,10:30:00,19.6,19.6,19.6,19.6,50,0
2015-08-24,12:30:00,19.6,19.6,19.6,19.6,150,0
2015-08-24,13:15:00,19.6,19.6,19.6,19.6,50,0
2015-08-24,13:40:00,19.6,19.6,19.6,19.6,50,0
2015-08-24,14:10:00,19.6,19.6,19.6,19.6,600,0
2015-08-27,11:35:00,19,19,19,19,20,0
2015-08-27,14:35:00,18.35,18.35,18.35,18.35,45,0
2015-08-27,15:15:00,18.99,19,18.99,19,75,0
2015-08-27,15:35:00,19.5,19.5,19.5,19.5,2,0
2015-08-27,16:50:00,19.75,19.75,19.75,19.75,1,0
2015-08-28,16:50:00,19.75,19.75,19.75,19.75,100,0
2015-08-31,09:05:00,19,19,19,19,20,0
2015-08-31,16:50:00,19.4,19.4,19.4,19.4,800,0
2015-09-01,09:35:00,19,19,18.4,18.4,30,0
2015-09-01,09:45:00,18.4,18.4,18.4,18.4,22,0
2015-09-01,14:35:00,19.4,19.4,19.4,19.4,1,0
2015-09-07,09:10:00,18.77,18.77,18.77,18.77,86,0
2015-09-07,12:55:00,19.28,19.28,18.8,18.8,10,0
2015-09-07,14:25:00,18.77,18.77,18.77,18.77,50,0
2015-09-07,16:50:00,19.28,19.28,19.28,19.28,1,0
2015-09-08,09:05:00,19.27,19.27,19.27,19.27,100,0
2015-09-09,14:35:00,18.77,18.77,18.77,18.77,60,0
2015-09-09,15:55:00,18.77,18.77,18.77,18.77,184,0
2015-09-09,16:50:00,18.36,18.36,18.36,18.36,7,0
2015-09-10,11:55:00,18.37,18.37,18.37,18.37,100,0
2015-09-11,16:00:00,18.58,18.58,18.58,18.58,17,0
2015-09-11,16:15:00,18.58,18.58,18.58,18.58,103,0
2015-09-11,16:50:00,18.44,18.44,18.44,18.44,50,0
2015-09-14,09:05:00,18.4,18.4,18.4,18.4,61,0
2015-09-14,09:20:00,18.41,18.41,18.4,18.4,304,0
2015-09-14,15:35:00,18.7,18.7,18.7,18.7,10,0
2015-09-14,16:35:00,18.7,18.7,18.7,18.7,89,0
2015-09-15,09:05:00,19,19,19,19,10,0
2015-09-15,09:10:00,19,19,19,19,90,0
2015-09-15,09:15:00,19,19,19,19,99,0
2015-09-15,12:20:00,19,19,19,19,52,0
2015-09-15,16:50:00,19,19,19,19,335,0
2015-09-16,09:05:00,19,19,19,19,20,0
2015-09-16,09:30:00,19,19,19,19,980,0
2015-09-16,09:35:00,19,19,19,19,250,0
2015-09-16,10:30:00,19,19,19,19,500,0
2015-09-16,14:05:00,19,19,19,19,775,0
2015-09-17,09:25:00,19,19,19,19,55,0
2015-09-17,15:25:00,19,19,19,19,145,0
2015-09-17,16:40:00,19,19,19,19,44,0
2015-09-18,09:15:00,19,19,19,19,20,0
2015-09-18,10:45:00,19,19,19,19,171,0
2015-09-18,16:50:00,19.05,19.1,19.05,19.1,100,0
2015-09-21,13:00:00,19.1,19.1,19.1,19.1,100,0
2015-09-22,15:55:00,19.08,19.08,19.08,19.08,10,0
2015-09-23,16:30:00,18.58,18.58,18.58,18.58,25,0
2015-09-23,16:50:00,19,19,19,19,12,0
2015-09-24,13:25:00,19,19,19,19,30,0
2015-09-25,16:15:00,19,19,19,19,300,0
2015-09-28,09:25:00,18.95,18.95,18.95,18.95,150,0
2015-09-28,09:55:00,18.95,18.95,18.95,18.95,850,0
2015-09-28,10:00:00,19,19,19,19,400,0
2015-09-28,13:30:00,19.02,19.02,19.02,19.02,450,0
2015-09-29,09:05:00,18.5,18.5,18.5,18.5,171,0
2015-09-29,16:50:00,19.08,19.08,19.08,19.08,70,0
2015-09-30,16:10:00,19.08,19.08,19.08,19.08,20,0
2015-10-02,15:05:00,19,19,19,19,190,0
2015-10-06,11:05:00,19.08,19.08,19.08,19.08,8,0
2015-10-06,15:05:00,19.08,19.08,19.08,19.08,30,0
2015-10-12,11:05:00,19,19,19,19,7,0
2015-10-12,15:05:00,18.4,18.4,18.4,18.4,2046,0
2015-10-13,11:05:00,18.4,18.4,18.4,18.4,1943,0
2015-10-13,15:05:00,18.99,18.99,18.99,18.99,5,0
2015-10-14,11:05:00,18.41,18.41,18.41,18.41,40,0
2015-10-14,15:05:00,18.99,18.99,18.99,18.99,114,0
2015-10-15,15:05:00,18.4,18.4,18.4,18.4,1111,0
2015-10-16,11:05:00,18.41,18.41,18.41,18.41,186,0
2015-10-19,11:05:00,18.41,18.41,18.41,18.41,15,0
2015-10-20,11:05:00,18.4,18.4,18.4,18.4,3000,0
2015-10-21,15:05:00,18.4,18.4,18.4,18.4,108,0
2015-10-22,15:05:00,18.4,18.4,18.4,18.4,100,0
2015-10-23,15:05:00,18.4,18.4,18.4,18.4,145,0
2015-10-26,15:05:00,18.4,18.4,18.4,18.4,3,0
2015-10-28,11:05:00,18.4,18.4,18.4,18.4,150,0
2015-10-29,11:05:00,18.4,18.4,18.4,18.4,20,0
2015-11-02,11:05:00,18.97,18.97,18.97,18.97,60,0
2015-11-03,11:05:00,18.4,18.4,18.4,18.4,1000,0
2015-11-03,15:05:00,18.4,18.4,18.4,18.4,194,0
2015-11-04,15:05:00,18.4,18.4,18.4,18.4,2371,0
2015-11-06,11:05:00,18.4,18.4,18.4,18.4,307,0
2015-11-06,11:15:00,18.4,18.4,18.4,18.4,50,0
2015-11-09,11:05:00,18.4,18.4,18.4,18.4,110,0
2015-11-09,15:05:00,18.4,18.4,18.4,18.4,65,0
2015-11-10,11:05:00,18.27,18.27,18.27,18.27,250,0
2015-11-10,15:05:00,18.58,18.58,18.58,18.58,2,0
