2015-04-13,09:05:00,45.137,45.137,45.137,45.137,1,0
2015-04-13,12:40:00,45.137,45.137,45.137,45.137,157,0
2015-04-13,16:05:00,45.137,45.137,45.137,45.137,1,0
2015-04-13,16:50:00,45.137,45.137,45.137,45.137,1,0
2015-04-14,09:05:00,45.09,45.09,45.09,45.09,1,0
2015-04-14,16:05:00,45.09,45.09,45.09,45.09,1,0
2015-04-14,16:50:00,45.844,45.844,45.844,45.844,1,0
2015-04-15,09:05:00,45.844,45.844,45.844,45.844,1,0
2015-04-15,11:25:00,45.137,45.137,45.09,45.09,143,0
2015-04-15,12:25:00,45.09,45.09,44.096,44.096,15,0
2015-04-15,13:30:00,44.134,44.134,44.096,44.096,252,0
2015-04-15,15:25:00,44.898,45.09,44.898,45.09,20,0
2015-04-15,15:40:00,45.09,45.844,45.09,45.844,164,0
2015-04-15,16:05:00,45.09,45.09,45.09,45.09,1,0
2015-04-15,16:10:00,45.567,45.567,45.567,45.567,170,0
2015-04-15,16:20:00,44.516,44.516,44.516,44.516,6,0
2015-04-15,16:35:00,44.803,44.803,44.803,44.803,7,0
2015-04-15,16:50:00,45.567,45.844,45.567,45.844,21,0
2015-04-16,09:05:00,45.835,45.835,45.835,45.835,1,0
2015-04-16,12:25:00,45.835,45.854,45.835,45.854,5321,0
2015-04-16,14:30:00,46.131,46.131,46.131,46.131,163,0
2015-04-16,15:05:00,45.854,45.854,45.854,45.854,689,0
2015-04-16,15:25:00,45.854,45.854,45.854,45.854,198,0
2015-04-16,16:50:00,45.854,45.854,45.854,45.854,259,0
2015-04-17,09:05:00,46.312,46.312,44.918,44.918,23,0
2015-04-17,09:25:00,46.312,46.312,46.312,46.312,1,0
2015-04-17,10:35:00,45.854,45.854,45.854,45.854,21,0
2015-04-17,12:55:00,45.854,45.854,45.854,45.854,105,0
2015-04-17,13:25:00,45.357,45.357,45.357,45.357,89,0
2015-04-17,13:30:00,45.357,45.357,45.357,45.357,16,0
2015-04-17,15:25:00,44.994,44.994,44.994,44.994,50,0
2015-04-17,15:30:00,44.994,44.994,44.994,44.994,33,0
2015-04-17,16:50:00,44.918,44.918,44.918,44.918,33,0
2015-04-20,09:05:00,44.096,45.854,44.096,45.854,485,0
2015-04-20,09:45:00,44.707,44.898,44.421,44.898,43,0
2015-04-20,10:15:00,44.898,44.898,44.898,44.898,38,0
2015-04-20,11:20:00,44.898,44.898,44.898,44.898,19,0
2015-04-20,13:25:00,44.239,44.239,44.239,44.239,1,0
2015-04-20,14:30:00,44.803,44.803,44.803,44.803,3,0
2015-04-20,15:35:00,44.803,44.803,44.803,44.803,9,0
2015-04-20,16:45:00,44.898,45.844,44.898,45.844,5,0
2015-04-20,16:50:00,45.844,45.844,45.844,45.844,1,0
2015-04-21,09:05:00,45.844,45.844,45.844,45.844,1,0
2015-04-21,09:35:00,45.844,45.844,45.844,45.844,52,0
2015-04-21,12:00:00,45.844,45.844,45.844,45.844,16,0
2015-04-21,15:20:00,44.516,45.854,44.421,45.854,23,0
2015-04-21,16:50:00,45.854,45.854,45.854,45.854,1417,0
2015-04-22,09:05:00,46.274,46.274,46.274,46.274,1,0
2015-04-22,09:30:00,46.131,46.274,46.131,46.274,18,0
2015-04-22,09:40:00,46.274,46.274,46.274,46.274,10,0
2015-04-22,09:45:00,46.274,46.274,46.274,46.274,5,0
2015-04-22,09:55:00,46.274,46.274,46.274,46.274,799,0
2015-04-22,12:55:00,46.274,46.284,46.274,46.284,442,0
2015-04-22,13:50:00,46.312,46.312,46.312,46.312,42,0
2015-04-22,14:40:00,46.331,46.331,46.331,46.331,73,0
2015-04-22,15:05:00,46.475,46.475,46.475,46.475,72,0
2015-04-22,16:00:00,46.809,46.809,46.809,46.809,105,0
2015-04-22,16:20:00,46.819,46.819,46.819,46.819,60,0
2015-04-22,16:45:00,46.943,47.143,46.943,47.143,48,0
2015-04-22,16:50:00,47.153,47.153,47.153,47.153,766,0
2015-04-23,09:05:00,47.44,47.44,47.44,47.44,75,0
2015-04-23,09:15:00,47.65,47.688,47.65,47.688,70,0
2015-04-23,09:20:00,47.621,47.621,47.525,47.525,52,0
2015-04-23,09:35:00,47.678,51.576,47.678,51.576,337,0
2015-04-23,09:40:00,49.742,49.742,49.723,49.723,98,0
2015-04-23,10:25:00,49.503,49.503,49.503,49.503,28,0
2015-04-23,10:45:00,47.774,47.774,47.774,47.774,234,0
2015-04-23,11:20:00,49.188,49.188,49.188,49.188,16,0
2015-04-23,11:30:00,48.242,48.242,48.242,48.242,35,0
2015-04-23,11:55:00,47.774,47.774,47.764,47.764,276,0
2015-04-23,12:05:00,47.382,48.605,47.382,48.605,42,0
2015-04-23,16:40:00,47.764,47.764,46.809,46.809,4,0
2015-04-23,16:50:00,47.764,47.764,47.764,47.764,7165,0
2015-04-24,09:05:00,48.242,48.242,48.242,48.242,565,0
2015-04-24,09:45:00,48.232,48.232,48.232,48.232,471,0
2015-04-24,09:55:00,48.232,48.232,48.232,48.232,6,0
2015-04-24,11:40:00,47.764,47.764,47.764,47.764,14,0
2015-04-24,13:00:00,47.764,47.764,47.764,47.764,2094,0
2015-04-24,13:05:00,47.764,48.29,47.764,48.29,376,0
2015-04-24,15:10:00,47.764,47.764,47.764,47.764,21,0
2015-04-24,15:15:00,47.764,47.764,47.764,47.764,98,0
2015-04-24,15:35:00,47.812,47.812,47.812,47.812,25,0
2015-04-24,16:50:00,48.29,48.29,48.29,48.29,6,0
2015-04-27,09:05:00,48.29,48.29,48.29,48.29,1,0
2015-04-27,09:15:00,48.595,48.595,48.595,48.595,4,0
2015-04-27,09:40:00,48.29,48.29,48.29,48.29,26,0
2015-04-27,09:50:00,48.29,48.29,47.096,47.096,55,0
2015-04-27,09:55:00,48.29,48.595,48.29,48.595,90,0
2015-04-27,11:05:00,48.29,48.29,48.29,48.29,42,0
2015-04-27,11:50:00,48.29,48.29,48.29,48.29,5,0
2015-04-27,12:05:00,48.595,48.595,48.595,48.595,21,0
2015-04-27,12:10:00,48.595,48.595,48.595,48.595,42,0
2015-04-27,12:15:00,48.595,48.595,48.595,48.595,42,0
2015-04-27,12:20:00,48.624,48.624,48.624,48.624,42,0
2015-04-27,12:25:00,48.624,48.624,48.624,48.624,21,0
2015-04-27,12:30:00,48.624,48.624,48.624,48.624,42,0
2015-04-27,12:35:00,48.624,48.624,48.624,48.624,42,0
2015-04-27,12:40:00,48.624,48.624,48.624,48.624,21,0
2015-04-27,12:45:00,48.624,49.579,48.624,49.579,63,0
2015-04-27,12:50:00,49.197,49.197,49.197,49.197,63,0
2015-04-27,12:55:00,49.197,49.197,49.197,49.197,21,0
2015-04-27,13:00:00,49.197,49.197,49.197,49.197,31,0
2015-04-27,13:05:00,49.197,49.197,49.197,49.197,42,0
2015-04-27,13:10:00,49.197,49.197,49.197,49.197,6,0
2015-04-27,13:35:00,49.197,49.197,49.197,49.197,193,0
2015-04-27,13:40:00,49.197,49.197,49.197,49.197,42,0
2015-04-27,13:45:00,49.197,49.197,49.197,49.197,27,0
2015-04-27,14:00:00,49.197,49.197,49.197,49.197,6,0
2015-04-27,14:20:00,49.197,49.197,49.197,49.197,130,0
2015-04-27,15:20:00,49.331,49.331,49.331,49.331,8,0
2015-04-27,15:40:00,49.197,49.197,49.197,49.197,182,0
2015-04-28,09:05:00,49.331,49.331,49.331,49.331,46,0
2015-04-28,10:15:00,48.309,48.309,48.309,48.309,6,0
2015-04-28,10:20:00,48.309,48.309,48.309,48.309,3,0
2015-04-28,11:40:00,48.309,49.331,48.309,49.331,106,0
2015-04-28,12:30:00,49.331,49.331,49.331,49.331,170,0
2015-04-28,13:00:00,49.579,49.579,49.579,49.579,139,0
2015-04-28,14:45:00,49.331,49.331,49.331,49.331,157,0
2015-04-28,15:35:00,49.579,50.63,49.579,50.63,450,0
2015-04-29,09:05:00,50.63,50.63,50.63,50.63,234,0
2015-04-29,11:05:00,49.675,49.675,49.675,49.675,21,0
2015-04-29,11:40:00,49.197,49.197,49.197,49.197,5,0
2015-04-29,12:25:00,49.341,49.341,49.341,49.341,106,0
2015-04-29,16:25:00,49.341,49.341,49.341,49.341,51,0
2015-04-29,16:50:00,49.341,49.341,49.341,49.341,16,0
2015-04-30,09:05:00,49.197,49.197,49.197,49.197,1,0
2015-04-30,09:30:00,49.197,49.197,49.197,49.197,31,0
2015-04-30,10:25:00,49.197,49.197,49.197,49.197,1,0
2015-04-30,13:00:00,49.197,49.197,49.197,49.197,2,0
2015-04-30,13:50:00,49.961,49.961,49.197,49.197,58,0
2015-04-30,14:05:00,49.197,49.197,49.197,49.197,52,0
2015-04-30,15:00:00,49.197,49.197,49.197,49.197,241,0
2015-04-30,16:50:00,49.197,49.197,49.197,49.197,90,0
2015-05-04,09:05:00,50.63,50.63,50.63,50.63,26,0
2015-05-04,09:20:00,50.63,50.63,50.63,50.63,33,0
2015-05-04,09:30:00,50.153,50.153,50.153,50.153,6,0
2015-05-04,11:40:00,49.675,49.675,49.675,49.675,95,0
2015-05-04,11:55:00,49.675,49.675,49.675,49.675,9,0
2015-05-04,16:05:00,49.197,49.197,49.197,49.197,6,0
2015-05-05,09:05:00,49.197,49.197,49.197,49.197,28,0
2015-05-05,09:10:00,50.63,50.63,50.63,50.63,3,0
2015-05-05,09:15:00,49.197,49.197,48.911,48.911,44,0
2015-05-05,09:50:00,50.63,50.63,50.63,50.63,10,0
2015-05-05,12:15:00,49.006,49.006,49.006,49.006,32,0
2015-05-05,13:50:00,49.675,49.675,49.675,49.675,94,0
2015-05-05,16:50:00,49.665,49.665,49.665,49.665,94,0
2015-05-06,09:05:00,48.911,48.911,48.911,48.911,6,0
2015-05-06,09:50:00,48.911,48.911,48.911,48.911,70,0
2015-05-06,11:30:00,49.665,49.665,49.665,49.665,10,0
2015-05-06,12:30:00,48.92,48.92,48.92,48.92,3,0
2015-05-06,12:50:00,49.675,49.675,49.675,49.675,755,0
2015-05-06,13:10:00,49.197,49.197,49.197,49.197,7,0
2015-05-06,13:30:00,49.245,49.245,48.29,48.29,571,0
2015-05-06,15:15:00,49.675,49.675,48.72,48.72,159,0
2015-05-06,15:20:00,49.675,49.675,49.675,49.675,4,0
2015-05-06,16:50:00,49.56,49.579,49.56,49.579,162,0
2015-05-07,09:05:00,49.675,49.675,49.675,49.675,1,0
2015-05-07,09:10:00,48.72,48.72,48.72,48.72,12,0
2015-05-07,09:25:00,48.72,48.72,48.72,48.72,32,0
2015-05-07,11:45:00,48.72,48.72,48.529,48.529,183,0
2015-05-07,12:10:00,48.72,48.72,48.72,48.72,155,0
2015-05-07,13:00:00,48.72,48.72,48.72,48.72,89,0
2015-05-07,13:50:00,49.675,49.675,49.675,49.675,337,0
2015-05-07,14:00:00,50.143,50.439,50.143,50.439,483,0
2015-05-07,14:15:00,50.439,50.439,50.439,50.439,5157,0
2015-05-07,15:00:00,49.675,49.675,49.675,49.675,4,0
2015-05-07,16:50:00,50.248,50.248,50.248,50.248,1,0
2015-05-08,09:05:00,50.248,50.248,50.248,50.248,1,0
2015-05-08,09:45:00,50.248,50.248,50.248,50.248,75,0
2015-05-08,09:50:00,50.248,50.63,50.248,50.63,5854,0
2015-05-08,09:55:00,50.63,50.63,50.63,50.63,57,0
2015-05-08,10:00:00,50.63,50.63,50.63,50.63,6,0
2015-05-08,10:20:00,50.63,50.63,50.63,50.63,163,0
2015-05-08,10:25:00,50.63,50.63,50.63,50.63,57,0
2015-05-08,10:35:00,50.63,50.63,50.63,50.63,57,0
2015-05-08,10:40:00,50.63,50.63,50.63,50.63,38,0
2015-05-08,10:55:00,50.63,50.907,50.63,50.907,120,0
2015-05-08,11:00:00,51.06,51.06,51.06,51.06,21,0
2015-05-08,11:20:00,51.06,51.06,51.06,51.06,1,0
2015-05-08,11:30:00,51.108,51.538,51.108,51.538,439,0
2015-05-08,11:35:00,51.538,51.538,51.538,51.538,57,0
2015-05-08,11:40:00,51.299,51.299,51.299,51.299,57,0
2015-05-08,11:45:00,51.299,51.299,51.299,51.299,43,0
2015-05-08,11:50:00,51.299,51.299,51.299,51.299,57,0
2015-05-08,12:00:00,51.299,51.299,51.299,51.299,57,0
2015-05-08,12:05:00,51.299,51.299,51.299,51.299,8,0
2015-05-08,12:10:00,51.299,51.299,51.299,51.299,57,0
2015-05-08,12:15:00,51.299,51.299,51.299,51.299,57,0
2015-05-08,12:25:00,51.299,51.299,51.299,51.299,57,0
2015-05-08,12:35:00,51.299,51.299,51.299,51.299,57,0
2015-05-08,12:40:00,51.299,51.299,51.299,51.299,57,0
2015-05-08,12:50:00,51.299,51.299,51.299,51.299,57,0
2015-05-08,13:00:00,51.299,51.299,51.299,51.299,57,0
2015-05-08,13:10:00,51.299,51.299,51.299,51.299,57,0
2015-05-08,13:15:00,51.299,51.299,51.299,51.299,57,0
2015-05-08,13:25:00,51.299,51.299,51.299,51.299,57,0
2015-05-08,13:35:00,51.299,51.299,51.299,51.299,57,0
2015-05-08,13:40:00,51.299,51.299,51.299,51.299,57,0
2015-05-08,13:50:00,51.299,51.299,51.299,51.299,57,0
2015-05-08,14:00:00,51.299,51.299,51.299,51.299,57,0
2015-05-08,14:10:00,51.299,51.299,51.299,51.299,35,0
2015-05-08,14:55:00,51.585,52.015,51.585,52.015,53,0
2015-05-08,15:35:00,51.585,52.015,51.585,52.015,39,0
2015-05-08,15:50:00,51.585,51.585,51.585,51.585,595,0
2015-05-08,16:05:00,52.015,52.015,52.015,52.015,36,0
2015-05-08,16:10:00,52.015,52.063,52.015,52.063,38,0
2015-05-08,16:50:00,51.968,51.968,51.968,51.968,511,0
2015-05-11,09:05:00,51.499,51.499,51.499,51.499,94,0
2015-05-11,09:45:00,51.499,51.499,50.745,50.745,26,0
2015-05-11,09:55:00,50.745,50.745,49.675,49.675,30,0
2015-05-11,10:05:00,48.72,48.72,48.72,48.72,2,0
2015-05-11,10:15:00,51.136,51.146,51.136,51.146,150,0
2015-05-11,10:45:00,51.968,52.063,51.968,52.063,207,0
2015-05-11,12:05:00,52.063,52.063,52.063,52.063,105,0
2015-05-11,13:05:00,52.063,52.063,52.063,52.063,182,0
2015-05-11,13:55:00,52.054,52.063,52.054,52.063,209,0
2015-05-11,14:35:00,52.054,52.054,52.054,52.054,105,0
2015-05-11,15:35:00,52.034,52.044,52.034,52.044,158,0
2015-05-11,16:50:00,52.063,52.063,52.063,52.063,224,0
2015-05-12,09:05:00,52.445,52.445,52.445,52.445,1,0
2015-05-12,10:50:00,52.063,52.063,52.063,52.063,129,0
2015-05-12,10:55:00,52.436,52.436,52.436,52.436,115,0
2015-05-12,12:10:00,52.541,52.541,52.541,52.541,238,0
2015-05-12,12:40:00,52.541,52.541,52.541,52.541,668,0
2015-05-12,12:45:00,52.636,52.636,52.636,52.636,118,0
2015-05-12,12:50:00,53.009,53.009,53.009,53.009,3,0
2015-05-12,14:05:00,52.589,52.589,52.541,52.541,366,0
2015-05-12,14:55:00,52.541,52.541,52.541,52.541,23,0
2015-05-12,15:15:00,52.445,52.445,52.445,52.445,10,0
2015-05-12,15:30:00,52.302,52.302,52.302,52.302,265,0
2015-05-12,15:55:00,52.445,52.445,52.445,52.445,1,0
2015-05-12,16:15:00,52.445,52.445,52.445,52.445,104,0
2015-05-12,16:30:00,52.302,52.302,52.302,52.302,209,0
2015-05-12,16:40:00,52.541,52.541,52.541,52.541,37,0
2015-05-12,16:50:00,52.302,52.302,52.302,52.302,49,0
2015-05-13,09:05:00,52.541,52.541,52.541,52.541,21,0
2015-05-13,09:35:00,52.063,52.063,52.063,52.063,97,0
2015-05-13,11:15:00,52.063,52.063,52.063,52.063,153,0
2015-05-13,11:30:00,52.445,52.445,52.445,52.445,10,0
2015-05-13,13:50:00,52.445,52.445,52.445,52.445,242,0
2015-05-13,15:05:00,52.445,52.445,52.445,52.445,430,0
2015-05-14,09:05:00,52.445,52.445,52.445,52.445,1,0
2015-05-14,10:45:00,51.585,51.585,50.726,51.585,107,0
2015-05-14,15:45:00,51.958,51.968,51.958,51.968,591,0
2015-05-14,15:50:00,51.968,51.968,51.968,51.968,628,0
2015-05-14,16:10:00,51.968,51.968,51.968,51.968,19,0
2015-05-14,16:50:00,51.968,51.968,51.968,51.968,1,0
2015-05-15,09:05:00,53.009,53.009,53.009,53.009,1,0
2015-05-15,09:30:00,52.923,52.923,52.923,52.923,73,0
2015-05-15,09:45:00,51.203,51.203,51.203,51.203,37,0
2015-05-15,10:00:00,51.108,51.108,51.108,51.108,68,0
2015-05-15,11:00:00,51.585,51.585,51.585,51.585,3,0
2015-05-15,11:55:00,52.436,52.436,52.436,52.436,81,0
2015-05-15,12:00:00,52.436,52.436,52.436,52.436,625,0
2015-05-15,13:35:00,52.426,52.426,52.426,52.426,10,0
2015-05-15,16:50:00,52.054,52.054,52.054,52.054,1,0
2015-05-18,09:05:00,52.636,52.636,52.636,52.636,4,0
2015-05-18,12:25:00,51.108,51.108,51.108,51.108,10,0
2015-05-18,12:45:00,52.054,52.054,52.054,52.054,1,0
2015-05-18,14:55:00,51.968,52.054,51.968,52.054,1047,0
2015-05-18,16:15:00,52.044,52.044,52.044,52.044,86,0
2015-05-19,10:30:00,51.108,51.108,51.108,51.108,1,0
2015-05-19,11:15:00,51.108,51.108,51.108,51.108,77,0
2015-05-19,11:40:00,50.726,50.726,50.726,50.726,52,0
2015-05-19,12:40:00,49.216,50.21,49.216,50.21,107,0
2015-05-19,14:50:00,50.153,50.21,50.153,50.21,244,0
2015-05-19,15:05:00,50.621,50.63,50.621,50.63,241,0
2015-05-19,15:15:00,50.63,50.63,50.63,50.63,19,0
2015-05-19,16:45:00,49.293,50.63,49.245,50.63,105,0
2015-05-20,10:30:00,50.535,50.535,50.535,50.535,79,0
2015-05-20,11:40:00,50.391,51.49,50.391,51.49,642,0
2015-05-20,11:55:00,51.49,51.49,51.49,51.49,84,0
2015-05-20,13:05:00,50.63,50.63,50.63,50.63,339,0
2015-05-20,13:20:00,50.63,50.63,49.675,49.675,102,0
2015-05-20,14:35:00,49.77,49.77,49.77,49.77,23,0
2015-05-20,14:50:00,49.77,49.77,49.77,49.77,31,0
2015-05-20,15:05:00,49.77,49.77,49.77,49.77,1209,0
2015-05-20,15:25:00,51.108,52.541,50.917,52.541,198,0
2015-05-20,16:25:00,52.531,52.531,52.531,52.531,94,0
2015-05-21,09:15:00,50.917,52.541,50.917,52.541,164,0
2015-05-21,10:40:00,50.63,51.777,50.63,51.777,105,0
2015-05-21,11:50:00,51.777,51.777,51.777,51.777,52,0
2015-05-21,15:10:00,51.777,51.777,51.777,51.777,19,0
2015-05-21,15:25:00,52.063,52.503,52.063,52.503,6,0
2015-05-22,09:15:00,52.531,52.531,52.531,52.531,1,0
2015-05-22,14:50:00,52.397,52.531,52.397,52.531,21,0
2015-05-22,15:40:00,50.917,50.917,50.917,50.917,64,0
2015-05-25,09:05:00,51.585,51.585,51.585,51.585,4,0
2015-05-25,11:15:00,50.162,50.162,50.162,50.162,16,0
2015-05-25,12:30:00,50.162,50.162,50.162,50.162,25,0
2015-05-25,13:00:00,51.585,51.585,51.585,51.585,2,0
2015-05-26,09:05:00,52.063,52.063,52.063,52.063,52,0
2015-05-26,12:00:00,50.917,50.917,50.917,50.917,16,0
2015-05-26,12:20:00,52.254,52.254,52.254,52.254,3,0
2015-05-26,15:00:00,51.585,51.585,51.585,51.585,66,0
2015-05-26,15:30:00,50.153,50.153,49.216,49.646,105,0
2015-05-26,15:40:00,51.929,51.929,51.929,51.929,10,0
2015-05-27,09:10:00,51.796,51.796,51.796,51.796,1,0
2015-05-27,10:35:00,51.777,51.777,51.777,51.777,99,0
2015-05-27,12:40:00,51.729,51.729,51.729,51.729,21,0
2015-05-27,16:50:00,51.729,51.729,51.729,51.729,1,0
2015-05-28,09:05:00,51.719,51.719,51.719,51.719,1,0
2015-05-28,11:15:00,51.681,51.681,51.681,51.681,53,0
2015-05-28,13:20:00,50.248,50.248,50.248,50.248,21,0
2015-05-28,16:50:00,50.582,50.582,50.582,50.582,1,0
2015-05-29,09:05:00,50.63,50.63,50.63,50.63,1,0
2015-05-29,09:50:00,50.63,50.63,49.216,49.216,36,0
2015-05-29,11:15:00,49.216,49.216,48.529,48.7,141,0
2015-05-29,11:35:00,50.344,50.344,50.344,50.344,10,0
2015-05-29,15:25:00,50.439,50.439,50.439,50.439,1,0
2015-05-29,16:50:00,50.42,50.42,50.42,50.42,1,0
2015-06-01,11:40:00,48.481,48.481,48.481,48.481,72,0
2015-06-01,16:40:00,49.102,49.102,49.102,49.102,58,0
2015-06-01,16:50:00,49.675,49.675,49.675,49.675,1,0
2015-06-02,09:05:00,48.395,50.63,48.395,50.63,112,0
2015-06-02,09:35:00,48.911,50.535,48.911,50.535,4,0
2015-06-02,10:20:00,49.675,49.675,49.675,49.675,262,0
2015-06-02,10:30:00,49.675,49.675,49.675,49.675,419,0
2015-06-02,10:45:00,49.675,49.675,49.675,49.675,314,0
2015-06-02,11:35:00,49.675,49.675,49.675,49.675,29,0
2015-06-02,14:25:00,49.675,49.675,49.675,49.675,703,0
2015-06-02,14:35:00,50.143,50.143,50.143,50.143,72,0
2015-06-02,16:05:00,48.72,48.72,48.72,48.72,10,0
2015-06-02,16:45:00,50.143,50.143,50.143,50.143,10,0
2015-06-02,16:50:00,48.72,48.72,48.72,48.72,94,0
2015-06-03,09:05:00,48.72,48.72,48.72,48.72,1,0
2015-06-03,09:55:00,48.739,48.739,48.72,48.72,220,0
2015-06-03,10:15:00,50.133,50.133,50.133,50.133,5,0
2015-06-03,16:45:00,50.133,50.133,50.133,50.133,17,0
2015-06-08,11:10:00,49.675,49.675,49.675,49.675,105,0
2015-06-08,15:00:00,49.102,49.102,48.051,48.385,304,0
2015-06-08,15:15:00,47.783,47.783,47.783,47.783,2,0
2015-06-08,16:50:00,48.271,48.271,48.271,48.271,67,0
2015-06-09,11:30:00,47.879,47.879,47.879,47.879,3,0
2015-06-09,15:40:00,48.519,48.519,48.519,48.519,2,0
2015-06-10,09:05:00,47.764,47.764,47.764,47.764,40,0
2015-06-10,09:10:00,48.71,48.71,48.71,48.71,5,0
2015-06-10,11:40:00,48.529,48.529,48.529,48.529,18,0
2015-06-10,14:25:00,47.965,47.965,47.965,47.965,30,0
2015-06-10,15:05:00,47.965,47.965,47.764,47.764,140,0
2015-06-10,16:50:00,48.433,48.433,48.433,48.433,3,0
2015-06-11,09:05:00,48.433,48.433,48.433,48.433,1,0
2015-06-11,10:20:00,48.433,48.433,48.433,48.433,66,0
2015-06-11,12:45:00,47.869,47.869,47.497,47.497,65,0
2015-06-11,13:45:00,47.382,47.382,47.382,47.382,21,0
2015-06-11,14:10:00,46.809,47.382,46.809,46.809,59,0
2015-06-11,14:50:00,46.857,46.857,46.857,46.857,17,0
2015-06-11,15:40:00,46.885,47.764,46.885,47.764,23,0
2015-06-11,16:50:00,48.137,48.137,48.137,48.137,97,0
2015-06-12,09:05:00,48.519,48.519,48.519,48.519,1,0
2015-06-12,11:00:00,47.764,47.764,47.764,47.764,8,0
2015-06-12,15:05:00,47.764,48.519,47.497,48.519,125,0
2015-06-15,10:35:00,48.509,48.509,48.509,48.509,1,0
2015-06-15,13:00:00,48.242,48.242,48.242,48.242,25,0
2015-06-15,15:25:00,47.764,48.242,47.764,48.242,15,0
2015-06-15,16:40:00,48.232,48.232,48.232,48.232,20,0
2015-06-15,16:50:00,48.232,48.232,48.232,48.232,1,0
2015-06-16,09:05:00,47.029,48.232,47.029,48.232,37,0
2015-06-16,09:30:00,47.029,48.223,47.029,48.223,3,0
2015-06-16,11:50:00,48.194,48.194,48.194,48.194,105,0
2015-06-16,14:15:00,48.146,48.146,48.146,48.146,27,0
2015-06-16,15:25:00,47.287,47.287,47.287,47.287,26,0
2015-06-16,15:30:00,47.287,47.287,47.287,47.287,6,0
2015-06-16,15:55:00,48.051,48.051,48.051,48.051,325,0
2015-06-16,16:00:00,48.051,48.089,48.051,48.089,324,0
2015-06-16,16:25:00,48.051,48.051,48.051,48.051,31,0
2015-06-16,16:35:00,48.051,48.051,48.051,48.051,63,0
2015-06-16,16:40:00,48.051,48.051,48.051,48.051,13,0
2015-06-16,16:50:00,48.07,48.07,48.07,48.07,13,0
2015-06-17,09:05:00,48.12,48.54,48.12,48.54,50,0
2015-06-17,09:55:00,48.5,48.5,48.5,48.5,37,0
2015-06-17,10:30:00,48.52,48.54,48.52,48.54,100,0
2015-06-17,15:30:00,48.54,48.54,48.54,48.54,10,0
2015-06-17,15:35:00,48.52,48.52,48.52,48.52,3,0
2015-06-17,16:45:00,47.4,47.4,47.4,47.4,144,0
2015-06-18,09:05:00,47.4,47.4,47.4,47.4,1,0
2015-06-18,15:05:00,48.29,48.29,48.29,48.29,29,0
2015-06-18,16:10:00,48.2,48.2,47.4,47.4,40,0
2015-06-18,16:25:00,48.2,51,48.2,51,970,0
2015-06-18,16:30:00,51,52,51,52,347,0
2015-06-18,16:35:00,52,52.13,52,52.12,1100,0
2015-06-18,16:50:00,49.67,49.67,49.67,49.67,67,0
2015-06-19,10:20:00,51.01,51.01,51.01,51.01,1,0
2015-06-19,11:35:00,50.5,51,50.5,51,119,0
2015-06-19,16:20:00,49.02,49.02,49.02,49.02,34,0
2015-06-19,16:25:00,49,49,49,49,73,0
2015-06-19,16:30:00,49,49,49,49,21,0
2015-06-22,14:35:00,50,50,50,50,1,0
2015-06-23,09:05:00,50,50,50,50,55,0
2015-06-23,10:30:00,50,50,50,50,129,0
2015-06-23,11:10:00,48.5,48.5,48.5,48.5,76,0
2015-06-23,12:20:00,50,50,50,50,108,0
2015-06-23,13:25:00,50,50,50,50,90,0
2015-06-23,14:50:00,48.51,48.51,48.51,48.51,35,0
2015-06-23,16:50:00,50,50,50,50,1,0
2015-06-24,09:05:00,49,49,49,49,45,0
2015-06-24,11:55:00,49.01,49.01,49.01,49.01,24,0
2015-06-24,14:45:00,50,50,50,50,50,0
2015-06-24,15:35:00,50,50,50,50,40,0
2015-06-24,16:05:00,49.01,49.01,49,49,68,0
2015-06-24,16:50:00,49,49,49,49,35,0
2015-06-25,09:05:00,49.9,49.9,49.9,49.9,1,0
2015-06-25,12:55:00,49.7,49.7,49.7,49.7,67,0
2015-06-25,13:20:00,49.7,49.7,49.7,49.7,30,0
2015-06-25,13:25:00,49.7,49.7,49.7,49.7,21,0
2015-06-25,16:50:00,49.7,49.7,49.7,49.7,1,0
2015-06-26,09:05:00,50,50,50,50,1,0
2015-06-29,09:05:00,49,49,49,49,75,0
2015-06-29,10:10:00,49,49,49,49,15,0
2015-06-29,10:45:00,48.5,48.5,48.5,48.5,3,0
2015-06-29,11:35:00,48.5,48.5,48.5,48.5,110,0
2015-06-29,15:00:00,49,49,49,49,155,0
2015-06-29,16:45:00,49.2,49.2,49,49,1095,0
2015-06-30,09:05:00,49.9,49.9,49.9,49.9,1,0
2015-06-30,11:45:00,48.1,48.1,48.1,48.1,16,0
2015-06-30,12:00:00,48.88,48.88,48.88,48.88,805,0
2015-06-30,12:55:00,48.1,48.1,48.1,48.1,9,0
2015-06-30,13:00:00,49.9,49.9,49.9,49.9,100,0
2015-06-30,13:20:00,49.9,49.9,49.9,49.9,38,0
2015-06-30,13:30:00,50.02,50.02,50.02,50.02,100,0
2015-06-30,13:45:00,49.9,49.9,49,49,13,0
2015-06-30,14:00:00,49.9,50,49.9,50,90,0
2015-06-30,14:15:00,50.39,51.4,50.39,51.4,55,0
2015-06-30,15:25:00,50.99,50.99,50.99,50.99,49,0
2015-06-30,16:20:00,50.2,50.2,50.2,50.2,208,0
2015-06-30,16:50:00,50,50,50,50,2,0
2015-07-01,09:05:00,50.9,50.9,50.9,50.9,5,0
2015-07-01,12:00:00,50.85,50.85,50.85,50.85,100,0
2015-07-01,15:55:00,50.85,50.9,50.85,50.9,100,0
2015-07-02,09:05:00,51,51,51,51,1,0
2015-07-02,10:25:00,49,49,49,49,43,0
2015-07-02,10:30:00,49,49,49,49,1,0
2015-07-02,11:05:00,51,51,50.5,50.5,13,0
2015-07-02,11:10:00,50.5,51,50.5,51,1074,0
2015-07-02,11:40:00,51.4,51.44,51.4,51.44,435,0
2015-07-02,12:30:00,51.9,52,51.9,52,499,0
2015-07-02,12:45:00,52.2,52.49,52.2,52.49,50,0
2015-07-02,13:25:00,52,52,52,52,1529,0
2015-07-02,16:25:00,51.5,52,51.5,51.5,386,0
2015-07-02,16:35:00,52,52,52,52,116,0
2015-07-02,16:45:00,52,52,52,52,47,0
2015-07-02,16:50:00,52,52,52,52,800,0
2015-07-03,09:05:00,52,52,52,52,1,0
2015-07-03,11:05:00,50.1,50.1,50.1,50.1,1,0
2015-07-03,11:15:00,52,52,52,52,10,0
2015-07-03,11:55:00,52,52,52,52,20,0
2015-07-06,09:05:00,50,50,50,50,294,0
2015-07-06,09:40:00,51.44,51.44,51.44,51.44,3,0
2015-07-06,15:55:00,49.3,51.44,49.3,51.44,22,0
2015-07-07,09:05:00,51.4,51.4,51.4,51.4,1,0
2015-07-07,09:20:00,51.4,51.4,51.4,51.4,10,0
2015-07-07,10:20:00,51.4,51.4,51.4,51.4,19,0
2015-07-07,10:50:00,51,51,51,51,20,0
2015-07-07,11:45:00,51,51,51,51,75,0
2015-07-07,15:40:00,50.5,50.5,50.5,50.5,75,0
2015-07-07,16:50:00,51.1,51.1,51.1,51.1,30,0
2015-07-08,09:10:00,51.1,51.1,51.1,51.1,1,0
2015-07-08,14:50:00,49.02,49.02,49,49,61,0
2015-07-08,16:50:00,49.3,49.3,49.3,49.3,20,0
2015-07-09,10:40:00,49,49,48.1,48.1,168,0
2015-07-09,10:55:00,48.1,48.1,48.09,48.09,10,0
2015-07-09,11:40:00,48.09,48.09,48.09,48.09,41,0
2015-07-09,11:50:00,48.09,48.99,48.09,48.99,110,0
2015-07-09,13:25:00,47.8,47.8,47.8,47.8,1,0
2015-07-09,14:00:00,48.99,48.99,48.99,48.99,7,0
2015-07-09,16:05:00,47.9,47.9,47.9,47.9,1,0
2015-07-09,16:45:00,48.99,48.99,48.99,48.99,6,0
2015-07-10,09:15:00,48.99,52,48.99,52,157,0
2015-07-10,11:40:00,49.8,49.8,49.5,49.5,123,0
2015-07-10,11:45:00,49.5,49.5,49.5,49.5,54,0
2015-07-10,16:50:00,49.8,49.8,49.8,49.8,1,0
2015-07-13,09:05:00,50,50,50,50,3,0
2015-07-13,12:00:00,50,50,50,50,5,0
2015-07-13,16:15:00,49,49.99,49,49.99,27,0
2015-07-14,09:05:00,49.99,49.99,49.99,49.99,1,0
2015-07-14,15:25:00,49.9,49.9,49.9,49.9,79,0
2015-07-14,15:50:00,49.98,49.98,49.98,49.98,100,0
2015-07-14,16:30:00,49.98,49.98,49.98,49.98,21,0
2015-07-14,16:50:00,48.1,48.1,48.1,48.1,9,0
2015-07-15,09:05:00,48.54,48.54,48.54,48.54,1,0
2015-07-15,11:15:00,48.54,48.54,48.54,48.54,3,0
2015-07-15,11:35:00,48.54,48.54,48.3,48.3,147,0
2015-07-15,11:40:00,48.3,49,48.3,49,87,0
2015-07-16,09:05:00,49.97,49.97,49.97,49.97,90,0
2015-07-16,13:15:00,49.95,49.95,49.95,49.95,50,0
2015-07-16,14:30:00,49.95,49.95,49.95,49.95,30,0
2015-07-16,16:35:00,49.97,50,49.97,50,354,0
2015-07-16,16:40:00,50,51.95,50,51.95,70,0
2015-07-17,09:05:00,51.95,51.95,51.95,51.95,1,0
2015-07-17,09:45:00,51.95,51.95,51.95,51.95,20,0
2015-07-17,15:05:00,50.2,50.2,50.2,50.2,75,0
2015-07-20,09:05:00,50.5,50.5,50.5,50.5,1,0
2015-07-20,09:15:00,50.5,50.5,50.5,50.5,48,0
2015-07-20,11:45:00,50,50,50,50,50,0
2015-07-20,12:10:00,50.5,50.5,50.5,50.5,5,0
2015-07-20,12:35:00,50.5,50.5,50.5,50.5,1,0
2015-07-21,09:05:00,51,51,51,51,1,0
2015-07-22,09:05:00,51,51,51,51,44,0
2015-07-22,12:50:00,50,50,50,50,47,0
2015-07-22,13:10:00,50,50,50,50,154,0
2015-07-22,13:25:00,50,50,50,50,10,0
2015-07-22,13:50:00,50.95,51,50.95,51,232,0
2015-07-22,14:25:00,50,50,50,50,95,0
2015-07-22,15:30:00,50.5,51.5,50.5,51.5,406,0
2015-07-22,16:15:00,51.95,52.02,51.95,52.02,520,0
2015-07-22,16:25:00,52.1,52.1,52.1,52.1,50,0
2015-07-22,16:30:00,52,52,52,52,724,0
2015-07-23,09:05:00,52,52,52,52,1,0
2015-07-23,13:20:00,51.9,51.9,51.9,51.9,40,0
2015-07-23,13:40:00,51.9,51.9,51.9,51.9,38,0
2015-07-23,15:00:00,51.93,52,51.93,52,5000,0
2015-07-23,16:45:00,50.2,50.2,50.2,50.2,7,0
2015-07-24,10:55:00,50.2,50.2,50.2,50.2,1,0
2015-07-24,15:15:00,51.5,51.5,51.5,51.5,1200,0
2015-07-24,16:50:00,51.5,51.5,51.5,51.5,6,0
2015-07-27,09:05:00,51.8,51.8,51.8,51.8,1,0
2015-07-27,09:35:00,51.52,51.52,51.52,51.52,85,0
2015-07-27,10:20:00,51.52,51.52,51.52,51.52,200,0
2015-07-27,10:55:00,51.52,51.52,51.52,51.52,300,0
2015-07-27,11:00:00,51.52,51.52,51.52,51.52,50,0
2015-07-27,15:05:00,51.8,52.5,51.8,52.5,229,0
2015-07-28,09:45:00,52.99,52.99,52.99,52.99,1,0
2015-07-29,09:10:00,52.89,52.89,52.89,52.89,1,0
2015-07-29,11:10:00,52.4,52.4,52.4,52.4,17,0
2015-07-29,11:35:00,51.54,51.54,51.54,51.54,44,0
2015-07-29,11:40:00,51.54,51.54,51.54,51.54,24,0
2015-07-29,13:10:00,51.54,51.54,51.54,51.54,30,0
2015-07-30,09:05:00,51.98,51.98,51.98,51.98,1,0
2015-07-30,10:50:00,50.51,50.51,50.51,50.51,30,0
2015-07-30,16:40:00,50.7,50.7,50.7,50.7,6,0
2015-07-31,09:10:00,50.8,50.8,50.8,50.8,1,0
2015-07-31,10:10:00,50.8,50.8,50.8,50.8,5,0
2015-07-31,10:50:00,50.8,50.8,50.5,50.5,156,0
2015-07-31,10:55:00,48.5,50.8,48.5,50.8,101,0
2015-07-31,11:10:00,48.5,48.5,48.5,48.5,2,0
2015-07-31,12:00:00,50.75,50.8,50.75,50.8,172,0
2015-07-31,12:30:00,50.7,50.7,50.7,50.7,7,0
2015-07-31,13:45:00,50.8,50.8,50.8,50.8,745,0
2015-07-31,13:55:00,50.7,50.7,50.7,50.7,3,0
2015-07-31,14:25:00,50.7,50.8,50.7,50.8,3486,0
2015-07-31,14:50:00,51.97,51.97,51.97,51.97,5,0
2015-07-31,14:55:00,52.49,52.49,52.49,52.49,1,0
2015-07-31,16:30:00,51.1,52.2,51.1,52.2,3,0
2015-08-03,09:05:00,52.2,52.2,52.2,52.2,1,0
2015-08-04,09:05:00,51.9,51.9,51.9,51.9,1,0
2015-08-04,09:15:00,50.7,50.7,50.7,50.7,68,0
2015-08-04,09:40:00,50.1,51.45,50,51.45,203,0
2015-08-04,10:15:00,50,50,50,50,200,0
2015-08-04,10:20:00,50,50.5,50,50.5,150,0
2015-08-04,10:55:00,50,50,50,50,30,0
2015-08-04,11:10:00,50.4,50.4,50.4,50.4,1300,0
2015-08-04,11:30:00,51,51,51,51,148,0
2015-08-04,11:40:00,51,51,51,51,9,0
2015-08-04,11:55:00,50.01,50.01,49.52,49.52,361,0
2015-08-04,13:20:00,50.9,50.9,50.9,50.9,857,0
2015-08-04,15:00:00,50,50,50,50,1120,0
2015-08-04,15:05:00,50,50,50,50,320,0
2015-08-04,15:45:00,50,50,50,50,194,0
2015-08-04,15:55:00,50,50,50,50,95,0
2015-08-04,16:00:00,50,50,50,50,150,0
2015-08-04,16:50:00,50,50,50,50,1192,0
2015-08-05,09:05:00,51,51,51,51,7,0
2015-08-05,11:45:00,50.95,50.95,50.95,50.95,28,0
2015-08-05,15:10:00,50.95,51,50.95,51,11154,0
2015-08-05,15:25:00,52,52,52,52,112,0
2015-08-05,16:50:00,51,51,51,51,463,0
2015-08-06,09:05:00,50.01,50.01,50.01,50.01,348,0
2015-08-06,09:15:00,52.2,52.2,52.2,52.2,2,0
2015-08-06,09:50:00,50.2,50.2,50.2,50.2,7,0
2015-08-06,10:55:00,51,51,51,51,8449,0
2015-08-06,11:40:00,50.25,51.44,50.25,51.44,12,0
2015-08-07,09:05:00,51.43,51.43,51.43,51.43,9,0
2015-08-10,09:05:00,51.44,51.44,51.44,51.44,1,0
2015-08-10,09:10:00,49.16,49.16,49.16,49.16,68,0
2015-08-10,09:15:00,51.44,51.44,51.44,51.44,2,0
2015-08-11,09:05:00,51.38,51.38,51.38,51.38,20,0
2015-08-11,13:10:00,51,51,51,51,490,0
2015-08-11,14:50:00,50.99,51,50.99,51,350,0
2015-08-11,15:00:00,51,51,51,51,182,0
2015-08-11,16:35:00,51,51,49.5,50.8,63,0
2015-08-11,16:50:00,49.8,50.8,49.8,50.8,19,0
2015-08-12,09:55:00,49.25,49.25,49.25,49.25,13,0
2015-08-12,10:05:00,50.8,50.8,50.8,50.8,1,0
2015-08-12,12:15:00,49.88,50.8,49.88,50.8,31,0
2015-08-12,16:50:00,49.99,49.99,49.99,49.99,167,0
2015-08-13,09:05:00,49.99,49.99,49.99,49.99,1,0
2015-08-13,09:50:00,49.99,50,49.99,50,35,0
2015-08-13,10:20:00,50.8,50.8,50.8,50.8,1,0
2015-08-13,10:25:00,49.25,49.25,49.25,49.25,76,0
2015-08-13,10:30:00,49.25,50.8,49.25,50.8,44,0
2015-08-13,12:10:00,49.25,49.25,49.25,49.25,6,0
2015-08-13,12:15:00,50.77,50.77,50.77,50.77,3,0
2015-08-14,09:05:00,50.77,50.77,50.77,50.77,1,0
2015-08-17,09:05:00,50.77,50.77,50.77,50.77,1,0
2015-08-17,10:10:00,49.75,50.5,49.02,50.5,210,0
2015-08-17,10:15:00,50.5,50.68,50.5,50.68,7,0
2015-08-17,10:25:00,49.3,49.3,49.3,49.3,27,0
2015-08-17,11:25:00,50.7,50.7,50.7,50.7,1,0
2015-08-17,11:40:00,49.3,49.3,49.3,49.3,15,0
2015-08-17,11:55:00,50.7,50.7,50.7,50.7,1,0
2015-08-17,14:25:00,49.31,49.31,49.31,49.31,7,0
2015-08-17,14:30:00,49.31,49.31,49.31,49.31,24,0
2015-08-17,16:15:00,49.31,49.31,49.31,49.31,14,0
2015-08-17,16:50:00,50.7,50.7,50.7,50.7,1,0
2015-08-18,09:05:00,50.67,50.67,50.67,50.67,1,0
2015-08-18,11:45:00,50.67,50.67,50.67,50.67,100,0
2015-08-18,12:25:00,50.67,50.67,50.67,50.67,110,0
2015-08-18,13:05:00,50.7,51.44,50.7,51.44,59,0
2015-08-18,14:20:00,50.7,51.44,50.7,51.44,107,0
2015-08-18,15:25:00,50.7,50.7,50.7,50.7,30,0
2015-08-18,16:40:00,51.44,51.44,51.44,51.44,1,0
2015-08-19,09:05:00,51.89,51.89,51.89,51.89,1,0
2015-08-19,11:05:00,51.4,51.44,51.4,51.44,115,0
2015-08-19,11:15:00,51.44,51.44,51.44,51.44,152,0
2015-08-19,13:35:00,51.4,51.4,51.4,51.4,448,0
2015-08-19,16:45:00,51.88,51.88,51.88,51.88,13,0
2015-08-20,15:45:00,51,51,51,51,4,0
2015-08-21,09:05:00,51.89,51.89,51.89,51.89,1,0
2015-08-24,09:05:00,51,51,51,51,19,0
2015-08-24,09:10:00,51,51,51,51,144,0
2015-08-24,10:20:00,50.5,50.5,50.5,50.5,2,0
2015-08-24,10:40:00,49.53,49.53,49.53,49.53,2,0
2015-08-24,10:55:00,49.53,49.53,49.53,49.53,15,0
2015-08-24,11:30:00,48.6,50.5,48.6,50.5,104,0
2015-08-24,11:35:00,48.09,48.09,47.48,47.48,170,0
2015-08-24,12:25:00,48,48,48,48,20,0
2015-08-24,13:25:00,48.01,48.01,48.01,48.01,9,0
2015-08-24,13:35:00,48.1,48.1,48.01,48.01,25,0
2015-08-24,13:40:00,48,48,48,48,13,0
2015-08-24,14:15:00,48,48,48,48,70,0
2015-08-24,15:45:00,49,50,49,50,346,0
2015-08-24,15:50:00,50,50,50,50,154,0
2015-08-24,15:55:00,48,48,47.48,47.48,41,0
2015-08-24,16:35:00,47.48,47.48,47.48,47.48,46,0
2015-08-24,16:40:00,47.3,50,46.7,50,390,0
2015-08-24,16:45:00,50,51,50,51,107,0
2015-08-24,16:50:00,46.67,46.67,46.67,46.67,366,0
2015-08-25,09:05:00,46.25,48.55,46.25,48.55,43,0
2015-08-25,12:05:00,47.2,47.2,47.15,47.15,100,0
2015-08-25,12:10:00,48.49,48.49,48.49,48.49,2,0
2015-08-25,13:25:00,48.49,48.49,48.49,48.49,15,0
2015-08-25,14:05:00,48.11,48.11,46.5,46.5,74,0
2015-08-25,14:10:00,46.44,46.44,46.44,46.44,498,0
2015-08-25,14:15:00,46.44,46.44,46.44,46.44,400,0
2015-08-25,14:50:00,46.44,46.44,46.44,46.44,204,0
2015-08-25,15:05:00,46.24,46.24,46.24,46.24,163,0
2015-08-25,15:10:00,46,46,46,46,100,0
2015-08-25,16:05:00,46.21,46.21,46.21,46.21,50,0
2015-08-25,16:25:00,45.72,45.72,45.72,45.72,82,0
2015-08-25,16:30:00,47,47,47,47,1,0
2015-08-25,16:40:00,47,48.39,46.1,48.39,200,0
2015-08-25,16:50:00,46,46,46,46,76,0
2015-08-26,09:05:00,48,48,48,48,2,0
2015-08-26,11:05:00,46.6,46.6,46.6,46.6,59,0
2015-08-26,11:10:00,47.78,47.78,47.78,47.78,2,0
2015-08-26,11:45:00,46.9,46.9,46.9,46.9,3,0
2015-08-26,12:10:00,46.75,46.75,46.75,46.75,22,0
2015-08-26,12:30:00,46.75,46.75,46.75,46.75,70,0
2015-08-26,12:45:00,46.7,46.7,46.7,46.7,335,0
2015-08-26,14:00:00,46.69,46.69,46.69,46.69,94,0
2015-08-26,14:20:00,46.69,46.7,46.69,46.7,85,0
2015-08-26,14:30:00,46.7,46.7,46.7,46.7,117,0
2015-08-26,16:50:00,46.75,46.75,46.75,46.75,55,0
2015-08-27,10:55:00,47.7,47.7,47.7,47.7,1,0
2015-08-27,12:20:00,47.7,47.7,47.7,47.7,57,0
2015-08-27,13:50:00,47.7,47.7,47.7,47.7,31,0
2015-08-27,14:00:00,47.7,47.7,47.7,47.7,114,0
2015-08-28,09:30:00,47.7,47.7,47.7,47.7,46,0
2015-08-31,10:50:00,47.69,47.7,47.69,47.7,142,0
2015-08-31,12:20:00,47.7,47.7,47.7,47.7,46,0
2015-08-31,16:50:00,48.08,48.08,48.08,48.08,41,0
2015-09-01,09:20:00,48.08,48.08,48.08,48.08,444,0
2015-09-01,09:30:00,48.08,48.08,48.08,48.08,68,0
2015-09-01,10:30:00,46,46,46,46,35,0
2015-09-02,10:15:00,47.99,47.99,47.99,47.99,5,0
2015-09-02,14:15:00,47.04,47.04,47.04,47.04,116,0
2015-09-02,15:20:00,47.01,47.01,47.01,47.01,20,0
2015-09-03,09:20:00,47.99,47.99,47.99,47.99,100,0
2015-09-04,09:05:00,46.6,46.6,46.6,46.6,62,0
2015-09-04,11:15:00,47.6,47.6,47.6,47.6,10,0
2015-09-04,13:30:00,47.6,47.6,47.6,47.6,22,0
2015-09-04,14:45:00,47.6,47.6,47.6,47.6,1,0
2015-09-04,15:10:00,47.6,47.6,47.6,47.6,92,0
2015-09-07,09:15:00,47.75,47.75,47.75,47.75,20,0
2015-09-07,12:45:00,47.1,47.1,46.5,46.5,364,0
2015-09-07,15:55:00,46.9,46.9,46.9,46.9,36,0
2015-09-08,11:30:00,46.5,46.5,46,46,422,0
2015-09-08,16:40:00,46.5,46.5,46.5,46.5,46,0
2015-09-09,16:50:00,47.2,47.2,47.2,47.2,36,0
2015-09-10,09:55:00,47.2,47.2,47.2,47.2,45,0
2015-09-11,16:50:00,47.2,47.2,47.2,47.2,17,0
2015-09-14,09:05:00,47.19,47.19,47.19,47.19,1,0
2015-09-14,11:20:00,45.2,45.2,45.2,45.2,30,0
2015-09-14,15:15:00,45.25,45.25,45.25,45.25,33,0
2015-09-15,09:05:00,45.26,45.26,45.26,45.26,1,0
2015-09-15,09:45:00,46.49,46.49,46.49,46.49,25,0
2015-09-16,09:05:00,47,47,47,47,1,0
2015-09-16,16:50:00,46.14,46.14,46,46,138,0
2015-09-17,09:05:00,46.11,46.11,46.11,46.11,1,0
2015-09-17,09:25:00,46.11,46.11,46,46,800,0
2015-09-18,09:20:00,47,47,47,47,1,0
2015-09-18,12:45:00,46,46,46,46,12,0
2015-09-21,09:05:00,46.6,46.6,46.6,46.6,155,0
2015-09-21,09:35:00,46.6,46.6,46.6,46.6,137,0
2015-09-21,10:35:00,46.9,46.9,46.9,46.9,37,0
2015-09-21,16:50:00,47.37,47.37,47.37,47.37,37,0
2015-09-22,09:05:00,47.37,47.37,47.37,47.37,1,0
2015-09-22,10:05:00,46.6,46.6,46.5,46.5,21,0
2015-09-22,10:55:00,46.5,46.5,46.5,46.5,6,0
2015-09-22,13:05:00,46.5,46.5,46.01,46.01,166,0
2015-09-22,16:50:00,46,46,46,46,180,0
2015-09-23,09:05:00,46,46,46,46,1,0
2015-09-23,14:10:00,46,46,45.75,45.75,25,0
2015-09-23,15:55:00,46.99,46.99,46.99,46.99,20,0
2015-09-24,09:05:00,46.99,46.99,46.99,46.99,1,0
2015-09-24,12:50:00,45.75,45.75,45.75,45.75,76,0
2015-09-24,14:00:00,45.75,45.75,45.75,45.75,50,0
2015-09-24,16:10:00,45.75,45.75,45.75,45.75,50,0
2015-09-24,16:50:00,45.5,45.5,45.5,45.5,170,0
2015-09-25,09:05:00,45.75,45.75,45.75,45.75,1,0
2015-09-25,14:10:00,45.86,45.86,45.86,45.86,68,0
2015-09-28,09:15:00,46.99,46.99,46.99,46.99,49,0
2015-09-28,16:15:00,45.9,45.9,45.9,45.9,347,0
2015-09-29,09:10:00,45.5,45.5,45.5,45.5,100,0
2015-09-29,13:50:00,45.55,45.55,45.55,45.55,7,0
2015-09-29,14:55:00,45.55,45.55,45.55,45.55,35,0
2015-09-29,15:00:00,45.55,45.55,45.55,45.55,25,0
2015-09-29,15:05:00,45.55,45.55,45.55,45.55,40,0
2015-09-29,15:10:00,45.55,45.55,45.55,45.55,13,0
2015-09-29,15:40:00,45.5,45.5,45.5,45.5,187,0
2015-09-29,15:45:00,45.5,45.5,45.5,45.5,20,0
2015-09-29,15:50:00,45.5,45.5,45.5,45.5,40,0
2015-09-29,15:55:00,45.5,45.5,45.5,45.5,20,0
2015-09-29,16:00:00,45.5,45.5,45.5,45.5,40,0
2015-09-29,16:05:00,45.5,45.5,45.5,45.5,20,0
2015-09-29,16:10:00,45.5,45.5,45.5,45.5,20,0
2015-09-29,16:15:00,45.5,45.5,45.5,45.5,40,0
2015-09-29,16:20:00,45.5,45.5,45.5,45.5,24,0
2015-09-29,16:25:00,45.5,45.5,45.5,45.5,40,0
2015-09-29,16:30:00,45.5,45.5,45.5,45.5,20,0
2015-09-29,16:35:00,45.5,45.5,45.5,45.5,40,0
2015-09-29,16:40:00,45.5,45.5,45.5,45.5,20,0
2015-09-29,16:45:00,45.5,45.5,45.5,45.5,40,0
2015-09-29,16:50:00,45.5,45.5,45.5,45.5,20,0
2015-09-30,09:05:00,45.5,45.5,45.5,45.5,1,0
2015-09-30,11:50:00,45.5,45.5,45.5,45.5,1,0
2015-09-30,15:55:00,46.88,46.88,46.88,46.88,201,0
2015-09-30,16:50:00,45.8,45.8,45.8,45.8,2,0
2015-10-01,10:15:00,46,46,46,46,1,0
2015-10-02,09:05:00,46,46,46,46,1,0
2015-10-02,12:30:00,46,46,46,46,500,0
2015-10-05,09:05:00,46,46,46,46,143,0
2015-10-05,11:25:00,46.3,46.3,46.3,46.3,260,0
2015-10-05,16:50:00,46.3,46.3,46.3,46.3,1,0
2015-10-06,09:10:00,47.43,47.43,47.43,47.43,1,0
2015-10-06,09:15:00,47.44,47.44,47.44,47.44,100,0
2015-10-06,09:25:00,47.97,49,47.97,49,667,0
2015-10-06,09:30:00,49,49.49,49,49.49,406,0
2015-10-06,10:25:00,48.99,49.48,48.99,49.48,300,0
2015-10-06,12:05:00,49.39,49.39,49.39,49.39,10,0
2015-10-06,14:15:00,48.02,48.02,48.02,48.02,11,0
2015-10-07,09:05:00,48.02,48.02,48.02,48.02,1,0
2015-10-07,09:50:00,48.98,48.98,48.98,48.98,10,0
2015-10-07,10:30:00,48.98,48.99,48.98,48.99,433,0
2015-10-07,10:40:00,48.99,48.99,48.99,48.99,66,0
2015-10-07,10:50:00,48.99,48.99,48.99,48.99,50,0
2015-10-07,12:00:00,49.16,49.16,48.99,48.99,20,0
2015-10-07,12:30:00,49.16,49.92,49.16,49.92,300,0
2015-10-07,12:35:00,49.92,50,49.92,50,400,0
2015-10-07,13:35:00,50,50,50,50,100000,0
2015-10-07,14:10:00,50,50,50,50,500,0
2015-10-07,16:50:00,50,50,50,50,13,0
2015-10-08,09:05:00,50,50,50,50,50,0
2015-10-08,09:10:00,50,50,50,50,10,0
2015-10-08,09:50:00,50,50,50,50,45,0
2015-10-08,12:00:00,50.38,51,50.38,51,192,0
2015-10-08,12:15:00,51.38,51.38,51.38,51.38,10,0
2015-10-08,12:40:00,51.89,52,51.89,52,129,0
2015-10-08,14:40:00,52,52,52,52,20,0
2015-10-08,15:55:00,52,52,52,52,10,0
2015-10-09,09:05:00,51.9,51.9,51.9,51.9,1,0
2015-10-09,12:20:00,50.66,50.66,50.66,50.66,38,0
2015-10-09,15:45:00,50.63,50.63,50.63,50.63,50,0
2015-10-12,09:20:00,50.63,50.63,50.63,50.63,1,0
2015-10-13,09:05:00,50.02,50.02,50.02,50.02,51,0
2015-10-13,09:45:00,50.3,50.3,50.3,50.3,55,0
2015-10-13,09:55:00,50.3,50.3,50.3,50.3,20,0
2015-10-13,10:50:00,50.32,50.32,50.32,50.32,9,0
2015-10-13,15:25:00,50.7,50.7,50.7,50.7,10,0
2015-10-13,15:35:00,50.7,50.7,50.7,50.7,2,0
2015-10-14,09:05:00,50.12,50.12,50.12,50.12,1,0
2015-10-14,16:50:00,49.12,49.12,49.12,49.12,657,0
2015-10-15,09:05:00,50.49,50.49,50.49,50.49,1,0
2015-10-15,16:40:00,50,50,50,50,130,0
2015-10-16,09:05:00,50.99,50.99,50.99,50.99,1,0
2015-10-16,09:35:00,50.99,50.99,50.99,50.99,20,0
2015-10-16,12:55:00,50.99,50.99,50.99,50.99,72,0
2015-10-16,13:25:00,50.99,50.99,50.99,50.99,30,0
2015-10-16,13:50:00,50.6,50.6,50.6,50.6,1,0
2015-10-16,15:20:00,50.55,50.55,50.55,50.55,20,0
2015-10-16,16:50:00,50.57,50.57,50.57,50.57,12,0
2015-10-19,09:05:00,50.59,50.59,50.59,50.59,36,0
2015-10-19,10:35:00,50.53,50.53,50.53,50.53,2,0
2015-10-19,16:35:00,51,51,51,51,20,0
2015-10-19,16:50:00,51,51,51,51,1,0
2015-10-20,09:05:00,51,51,51,51,1,0
2015-10-20,09:55:00,50.99,50.99,50.99,50.99,60,0
2015-10-20,10:00:00,51,51,51,51,547,0
2015-10-20,10:05:00,51,51.1,51,51.1,375,0
2015-10-20,12:05:00,51.5,51.5,51.5,51.5,58,0
2015-10-20,12:25:00,51.5,51.5,51.5,51.5,16,0
2015-10-20,16:30:00,49.16,49.16,49.16,49.16,13,0
2015-10-21,12:40:00,51.25,51.25,51,51,73,0
2015-10-21,13:35:00,51.79,51.8,51.79,51.8,87,0
2015-10-21,13:40:00,51.8,51.8,51.8,51.8,3,0
2015-10-21,14:30:00,51.5,51.5,51.5,51.5,39,0
2015-10-21,16:25:00,50.51,50.51,50.51,50.51,31,0
2015-10-22,09:10:00,51.59,51.59,51.59,51.59,1,0
2015-10-22,13:50:00,49.2,49.2,49.2,49.2,24,0
2015-10-22,15:40:00,51,51,51,51,47,0
2015-10-23,09:05:00,51.8,51.8,51.8,51.8,1,0
2015-10-23,10:20:00,50.25,50.25,50.25,50.25,26,0
2015-10-23,11:30:00,50.3,50.3,50,50,48081,0
2015-10-23,13:15:00,51.49,51.49,51.49,51.49,50,0
2015-10-23,13:20:00,51.49,51.49,50.5,50.5,36,0
2015-10-23,16:05:00,51.06,51.06,51.01,51.01,228,0
2015-10-23,16:10:00,51.12,51.12,51.12,51.12,75,0
2015-10-23,16:35:00,51.48,51.5,51.48,51.5,51,0
2015-10-23,16:50:00,51.15,52,51.15,52,289,0
2015-10-26,09:20:00,52,52,52,52,1,0
2015-10-26,09:25:00,52,52,52,52,86,0
2015-10-26,09:45:00,52.05,52.05,52.05,52.05,47,0
2015-10-26,10:00:00,52.05,52.05,52.05,52.05,60,0
2015-10-26,10:30:00,52.5,52.5,52.5,52.5,17,0
2015-10-26,10:55:00,52.5,52.5,52.5,52.5,83,0
2015-10-26,11:35:00,52.8,52.8,52.8,52.8,1,0
2015-10-26,11:40:00,52.8,52.8,52.8,52.8,6,0
2015-10-26,11:45:00,52.8,52.97,52.8,52.97,22,0
2015-10-26,13:20:00,52.55,52.55,52.55,52.55,20,0
2015-10-26,15:30:00,52.91,52.97,52.91,52.97,259,0
2015-10-26,16:50:00,53,53,53,53,60,0
2015-10-27,09:05:00,53,53,53,53,112,0
2015-10-27,10:15:00,53,53,53,53,24,0
2015-10-27,10:45:00,53.5,53.5,53.5,53.5,82,0
2015-10-27,11:10:00,54.49,54.49,54.49,54.49,60,0
2015-10-27,11:25:00,53.13,53.13,53.13,53.13,500,0
2015-10-27,11:50:00,53.4,53.4,53.4,53.4,282,0
2015-10-27,14:00:00,53.69,53.69,53.69,53.69,10,0
2015-10-27,14:15:00,53.69,53.7,53.69,53.7,206,0
2015-10-27,14:45:00,53.5,53.7,53.5,53.7,190,0
2015-10-27,15:10:00,53.7,53.7,53.7,53.7,49,0
2015-10-27,16:20:00,53.7,53.7,53.7,53.7,130,0
2015-10-28,09:05:00,53.78,53.78,53.78,53.78,1,0
2015-10-28,11:10:00,53.5,53.74,53.5,53.74,585,0
2015-10-28,11:25:00,53.5,53.5,53.5,53.5,47,0
2015-10-28,14:40:00,53.5,53.5,53.5,53.5,440,0
2015-10-28,16:20:00,53.5,53.5,53.5,53.5,291,0
2015-10-28,16:35:00,53.5,53.5,53.5,53.5,120,0
2015-10-28,16:50:00,53.5,53.5,53.5,53.5,57,0
2015-10-29,09:05:00,52.9,52.9,52.9,52.9,30,0
2015-10-29,09:25:00,52.9,52.9,52.9,52.9,60,0
2015-10-29,10:40:00,52.51,52.51,52.51,52.51,30,0
2015-10-29,11:05:00,52.9,52.9,52.51,52.51,32602,0
2015-10-29,16:50:00,52.05,52.05,52.05,52.05,7,0
2015-10-30,09:05:00,52.05,52.05,52.05,52.05,1,0
2015-10-30,09:40:00,52.32,52.32,52.32,52.32,200,0
2015-10-30,11:35:00,52.32,52.32,52.32,52.32,12,0
2015-10-30,14:05:00,52.38,52.38,52.38,52.38,1473,0
2015-10-30,16:50:00,52.21,52.21,52.21,52.21,137,0
2015-11-02,09:05:00,53,53,53,53,1,0
2015-11-02,10:35:00,52.51,52.51,52.51,52.51,23398,0
2015-11-02,11:50:00,51,51,51,51,83,0
2015-11-02,13:20:00,53,55.5,53,55.5,1069,0
2015-11-02,15:55:00,54.5,54.5,54.5,54.5,200,0
2015-11-03,09:05:00,54.88,55,54.88,55,153,0
2015-11-03,09:30:00,54.88,54.88,54.88,54.88,42,0
2015-11-03,10:05:00,54.75,54.75,54.75,54.75,50,0
2015-11-03,10:30:00,55,55,55,55,175,0
2015-11-03,11:20:00,55,55,55,55,201,0
2015-11-03,13:05:00,55,55,55,55,50,0
2015-11-03,16:15:00,55,55,55,55,300,0
2015-11-03,16:20:00,54.99,55,54.99,55,688,0
2015-11-03,16:50:00,55,55,55,55,100,0
2015-11-04,09:05:00,54.9,54.9,54.9,54.9,1,0
2015-11-04,09:50:00,54.9,55,54.9,55,431,0
2015-11-04,10:45:00,55.1,55.1,55.1,55.1,120,0
2015-11-04,12:10:00,55,55,55,55,255,0
2015-11-04,15:20:00,55,55,55,55,476,0
2015-11-05,09:05:00,55,55,55,55,1,0
2015-11-05,11:55:00,52.95,52.95,52.95,52.95,6,0
2015-11-05,13:25:00,53,53,53,53,56,0
2015-11-05,14:15:00,54.8,55,54.8,55,116,0
2015-11-05,16:50:00,55,55,55,55,1000,0
2015-11-06,09:10:00,55,55,55,55,1,0
2015-11-06,10:25:00,55,55,55,55,31,0
2015-11-09,09:10:00,55,55,55,55,1,0
2015-11-09,09:20:00,54.1,54.1,54.1,54.1,20,0
2015-11-09,13:15:00,54.1,54.1,54.1,54.1,180,0
2015-11-09,14:00:00,54,54,54,54,11,0
2015-11-09,14:50:00,54.1,54.1,54.1,54.1,12,0
2015-11-10,09:05:00,54,54.99,54,54.99,131,0
2015-11-10,09:50:00,54,54,54,54,130,0
2015-11-10,09:55:00,54,54,54,54,370,0
2015-11-10,10:00:00,54.96,54.96,54.96,54.96,2,0
2015-11-10,15:30:00,53.4,53.4,53.4,53.4,27,0
2015-11-10,15:45:00,54,54,54,54,20,0
2015-11-10,16:40:00,54,54,54,54,2,0
2015-11-12,09:05:00,55,55,55,55,54,0
2015-11-13,09:05:00,54,54,54,54,20,0
2015-11-13,11:40:00,53.34,53.34,53.34,53.34,141,0
2015-11-13,11:45:00,53,53,53,53,221,0
2015-11-13,12:00:00,53,53,53,53,27,0
2015-11-13,15:50:00,52.5,52.5,51.82,51.82,109,0
2015-11-16,09:05:00,51.5,51.5,51.5,51.5,1,0
2015-11-16,10:20:00,53.35,53.35,53.35,53.35,17,0
2015-11-16,13:35:00,51.51,51.51,51.51,51.51,48,0
2015-11-16,14:55:00,53.35,53.35,53.35,53.35,141,0
2015-11-16,15:25:00,51.51,51.51,51.51,51.51,47,0
2015-11-16,15:35:00,51.51,51.51,51.51,51.51,47,0
2015-11-16,15:40:00,51.51,51.51,51.51,51.51,47,0
2015-11-16,15:45:00,51.51,51.51,51.51,51.51,47,0
2015-11-16,15:50:00,51.51,51.51,51.51,51.51,94,0
2015-11-16,16:00:00,51.51,51.51,51.51,51.51,64,0
2015-11-16,16:05:00,51.51,51.51,51.51,51.51,94,0
2015-11-16,16:15:00,51.51,51.51,51.51,51.51,45,0
2015-11-17,09:05:00,51.5,51.5,51.5,51.5,1,0
2015-11-17,11:00:00,51.52,51.52,51.52,51.52,3,0
2015-11-17,13:25:00,51.65,51.65,51.65,51.65,40,0
2015-11-17,16:50:00,52.1,52.1,52.1,52.1,30,0
2015-11-18,09:05:00,53,53,53,53,1,0
2015-11-18,09:20:00,53,53,53,53,162,0
2015-11-18,09:50:00,53,53,53,53,22,0
2015-11-18,10:05:00,52.5,52.5,52.5,52.5,50,0
2015-11-18,10:50:00,53.98,53.98,53.98,53.98,22,0
2015-11-18,11:50:00,52.5,52.5,52.5,52.5,4,0
2015-11-19,09:05:00,52,52,52,52,41,0
2015-11-19,10:00:00,51.65,51.65,51.65,51.65,5,0
2015-11-19,12:25:00,52,52,52,52,117,0
2015-11-19,12:40:00,51.8,51.8,51.8,51.8,8,0
2015-11-19,16:00:00,52.5,52.5,52.5,52.5,38,0
2015-11-20,09:05:00,53.98,53.98,53.98,53.98,1,0
2015-11-20,09:50:00,53.98,53.98,53.98,53.98,20,0
2015-11-20,10:55:00,53.01,53.01,53.01,53.01,38,0
2015-11-20,13:45:00,53.9,54,53.9,54,198,0
2015-11-20,15:40:00,54.52,54.53,54.52,54.53,140,0
2015-11-20,15:50:00,54.5,54.5,54.5,54.5,330,0
2015-11-20,16:20:00,54.5,54.5,54.5,54.5,125,0
2015-11-20,16:35:00,54.5,54.5,54.5,54.5,296,0
2015-11-20,16:40:00,54.9,54.9,54.9,54.9,19,0
2015-11-20,16:50:00,54.9,54.9,54.9,54.9,121,0
2015-11-23,09:05:00,54.9,54.9,54.9,54.9,6,0
2015-11-23,10:30:00,54,54,54,54,120,0
2015-11-23,10:40:00,54,54,54,54,50,0
2015-11-23,11:20:00,53.4,53.4,53.4,53.4,15000,0
2015-11-24,09:05:00,53.13,53.13,53.13,53.13,41,0
2015-11-24,09:20:00,53.13,53.13,52.5,52.5,100,0
2015-11-24,09:30:00,52.5,52.5,52.5,52.5,19000,0
2015-11-24,12:15:00,52.6,52.6,52.6,52.6,14,0
2015-11-24,12:35:00,52.6,52.6,52.6,52.6,327,0
2015-11-24,13:35:00,53,53,53,53,71,0
2015-11-24,15:40:00,53.5,53.5,53.5,53.5,31,0
2015-11-24,15:55:00,53,53,53,53,281,0
2015-11-24,16:50:00,53.25,53.25,53.25,53.25,500,0
2015-11-25,09:05:00,54.44,54.44,54.44,54.44,1,0
2015-11-25,11:55:00,52.8,52.8,52.8,52.8,11,0
2015-11-25,12:15:00,52.83,52.83,52.83,52.83,5,0
2015-11-25,15:20:00,53.2,53.2,53.2,53.2,100,0
2015-11-25,16:00:00,53.2,53.2,53.2,53.2,6,0
2015-11-26,09:05:00,53.99,53.99,53.99,53.99,1,0
2015-11-26,09:50:00,53.05,53.05,53.05,53.05,95,0
2015-11-26,10:10:00,53.5,53.5,53.5,53.5,100,0
2015-11-27,09:05:00,53.5,53.5,53.5,53.5,1,0
2015-11-27,16:50:00,54,54,54,54,386,0
2015-11-30,09:05:00,54.5,54.5,53,53,222,0
2015-11-30,10:05:00,53.1,53.1,53.1,53.1,95,0
2015-11-30,12:45:00,54,54,54,54,10,0
2015-11-30,15:25:00,54,54,54,54,126,0
2015-12-01,09:05:00,54.5,54.5,54.5,54.5,1,0
2015-12-01,15:10:00,54,54,54,54,1,0
2015-12-01,16:50:00,54.5,54.5,54.5,54.5,1,0
2015-12-02,09:05:00,54.5,54.5,54.5,54.5,1,0
2015-12-02,09:25:00,54,54,54,54,37,0
2015-12-02,09:35:00,53.02,53.02,53,53,437,0
2015-12-02,11:15:00,53.9,53.9,53.9,53.9,6,0
2015-12-02,12:40:00,53.9,53.9,53.9,53.9,100,0
2015-12-02,13:25:00,53.9,53.9,53.9,53.9,23,0
2015-12-03,09:05:00,53,53,53,53,160,0
2015-12-03,09:40:00,53,53,53,53,22,0
2015-12-03,12:45:00,53.03,53.03,53.03,53.03,17,0
2015-12-03,14:00:00,53.04,53.04,53,53,80,0
2015-12-03,15:15:00,53.01,53.01,53,53,170,0
2015-12-03,16:30:00,53.97,54,53.97,54,892,0
2015-12-03,16:35:00,53.5,53.5,53.5,53.5,20,0
2015-12-04,09:05:00,53.5,53.5,53.5,53.5,2,0
2015-12-04,10:20:00,53.5,53.5,53.5,53.5,30,0
2015-12-04,10:50:00,53.98,54,53.98,54,90,0
2015-12-04,11:10:00,54,54,54,54,400,0
2015-12-04,12:05:00,53.05,53.05,53.05,53.05,3,0
2015-12-04,13:45:00,53.08,53.08,53.08,53.08,20,0
2015-12-04,14:35:00,53.08,53.08,53.08,53.08,58,0
2015-12-04,15:35:00,53.9,54,53.9,54,200,0
2015-12-04,16:25:00,54,54,54,54,319,0
