2015-10-13,09:30:00,4.21,4.21,4.21,4.21,800,0
2015-10-13,09:40:00,4.2,4.2,4.18,4.18,2175,0
2015-10-13,09:45:00,4.18,4.18,4.18,4.18,1066,0
2015-10-13,10:00:00,4.23,4.23,4.23,4.23,1000,0
2015-10-13,10:25:00,4.23,4.28,4.23,4.28,5100,0
2015-10-13,10:30:00,4.27,4.45,4.27,4.45,25111,0
2015-10-13,10:40:00,4.42,4.44,4.42,4.44,8000,0
2015-10-13,11:40:00,4.29,4.29,4.29,4.29,500,0
2015-10-13,12:10:00,4.39,4.39,4.39,4.39,226,0
2015-10-13,12:45:00,4.38,4.38,4.38,4.38,800,0
2015-10-13,12:55:00,4.29,4.29,4.29,4.29,19,0
2015-10-13,13:20:00,4.29,4.29,4.29,4.29,381,0
2015-10-13,13:40:00,4.29,4.29,4.29,4.29,800,0
2015-10-13,13:50:00,4.36,4.36,4.36,4.36,10,0
2015-10-13,14:30:00,4.34,4.34,4.34,4.34,466,0
2015-10-13,16:10:00,4.34,4.34,4.34,4.34,110,0
2015-10-13,16:45:00,4.29,4.29,4.27,4.27,1936,0
2015-10-13,16:50:00,4.25,4.25,4.25,4.25,1195,0
2015-10-14,09:05:00,4.29,4.29,4.25,4.25,12236,0
2015-10-14,09:10:00,4.24,4.24,4.24,4.24,665,0
2015-10-14,09:15:00,4.24,4.24,4.22,4.22,7513,0
2015-10-14,09:20:00,4.25,4.28,4.25,4.25,2100,0
2015-10-14,10:00:00,4.26,4.26,4.25,4.25,2230,0
2015-10-14,10:30:00,4.28,4.28,4.23,4.23,4989,0
2015-10-14,10:35:00,4.28,4.28,4.28,4.28,6000,0
2015-10-14,11:30:00,4.25,4.25,4.25,4.25,750,0
2015-10-14,11:35:00,4.28,4.29,4.28,4.29,3000,0
2015-10-14,11:55:00,4.26,4.26,4.25,4.25,2072,0
2015-10-14,13:55:00,4.26,4.26,4.26,4.26,2119,0
2015-10-14,14:10:00,4.26,4.26,4.26,4.26,600,0
2015-10-14,15:00:00,4.26,4.26,4.26,4.26,250,0
2015-10-14,15:05:00,4.26,4.26,4.26,4.26,750,0
2015-10-14,15:50:00,4.26,4.26,4.24,4.24,4776,0
2015-10-14,15:55:00,4.27,4.27,4.27,4.27,2000,0
2015-10-14,16:25:00,4.24,4.24,4.23,4.23,850,0
2015-10-14,16:30:00,4.23,4.23,4.22,4.22,650,0
2015-10-14,16:50:00,4.21,4.21,4.21,4.21,7128,0
2015-10-15,09:05:00,4.22,4.25,4.22,4.25,3614,0
2015-10-15,09:10:00,4.25,4.25,4.25,4.25,1000,0
2015-10-15,09:35:00,4.25,4.25,4.25,4.25,16500,0
2015-10-15,11:25:00,4.25,4.25,4.25,4.25,200,0
2015-10-15,12:10:00,4.24,4.24,4.24,4.24,100,0
2015-10-15,12:30:00,4.24,4.24,4.24,4.24,911,0
2015-10-15,12:55:00,4.25,4.25,4.25,4.25,8900,0
2015-10-15,13:00:00,4.25,4.25,4.25,4.25,4000,0
2015-10-15,13:20:00,4.24,4.25,4.24,4.25,11040,0
2015-10-15,13:25:00,4.25,4.25,4.25,4.25,600,0
2015-10-15,14:10:00,4.25,4.25,4.25,4.25,200,0
2015-10-15,14:50:00,4.25,4.25,4.25,4.25,300,0
2015-10-15,15:10:00,4.25,4.25,4.25,4.25,360,0
2015-10-15,15:45:00,4.24,4.24,4.23,4.23,860,0
2015-10-15,16:00:00,4.23,4.23,4.23,4.23,680,0
2015-10-15,16:05:00,4.24,4.25,4.24,4.25,3700,0
2015-10-16,09:05:00,4.26,4.29,4.26,4.29,3083,0
2015-10-16,09:35:00,4.27,4.27,4.27,4.27,1400,0
2015-10-16,09:55:00,4.29,4.29,4.26,4.26,16000,0
2015-10-16,10:00:00,4.26,4.26,4.26,4.26,300,0
2015-10-16,11:00:00,4.27,4.27,4.27,4.27,50,0
2015-10-16,11:25:00,4.27,4.27,4.27,4.27,650,0
2015-10-16,11:35:00,4.27,4.27,4.26,4.26,701,0
2015-10-16,12:45:00,4.27,4.27,4.27,4.27,4747,0
2015-10-16,13:00:00,4.27,4.27,4.26,4.26,1800,0
2015-10-16,14:15:00,4.26,4.26,4.26,4.26,1000,0
2015-10-16,15:10:00,4.27,4.27,4.27,4.27,300,0
2015-10-16,15:50:00,4.26,4.26,4.26,4.26,700,0
2015-10-16,16:50:00,4.27,4.27,4.26,4.27,4512,0
2015-10-19,09:05:00,4.29,4.29,4.29,4.29,15674,0
2015-10-19,09:20:00,4.32,4.33,4.32,4.33,500000,0
2015-10-19,09:25:00,4.37,4.39,4.37,4.37,103025,0
2015-10-19,09:30:00,4.39,4.4,4.39,4.4,9638,0
2015-10-19,09:35:00,4.42,4.44,4.42,4.44,10500,0
2015-10-19,09:40:00,4.44,4.44,4.44,4.44,10800,0
2015-10-19,09:45:00,4.44,4.44,4.44,4.44,10543,0
2015-10-19,09:50:00,4.44,4.44,4.44,4.44,1200,0
2015-10-19,09:55:00,4.42,4.42,4.28,4.28,20657,0
2015-10-19,10:00:00,4.3,4.3,4.3,4.3,11314,0
2015-10-19,10:05:00,4.3,4.3,4.28,4.3,3601,0
2015-10-19,10:10:00,4.32,4.32,4.32,4.32,764,0
2015-10-19,10:15:00,4.32,4.32,4.32,4.32,4234,0
2015-10-19,10:20:00,4.32,4.33,4.32,4.33,2590,0
2015-10-19,10:35:00,4.37,4.38,4.37,4.37,4022,0
2015-10-19,10:45:00,4.33,4.33,4.33,4.33,1700,0
2015-10-19,10:55:00,4.33,4.33,4.33,4.33,90,0
2015-10-19,11:10:00,4.37,4.39,4.37,4.39,5000,0
2015-10-19,11:20:00,4.38,4.38,4.38,4.38,55,0
2015-10-19,11:35:00,4.38,4.39,4.38,4.39,4000,0
2015-10-19,11:45:00,4.39,4.39,4.39,4.39,110,0
2015-10-19,11:55:00,4.39,4.39,4.39,4.39,3000,0
2015-10-19,12:05:00,4.35,4.39,4.3,4.34,26771,0
2015-10-19,12:10:00,4.3,4.34,4.3,4.3,15954,0
2015-10-19,12:15:00,4.3,4.3,4.3,4.3,1060,0
2015-10-19,12:20:00,4.33,4.33,4.33,4.33,1718,0
2015-10-19,12:25:00,4.3,4.3,4.3,4.3,500,0
2015-10-19,12:35:00,4.3,4.3,4.3,4.3,432,0
2015-10-19,13:00:00,4.32,4.32,4.3,4.3,1100,0
2015-10-19,13:05:00,4.3,4.3,4.3,4.3,500,0
2015-10-19,13:15:00,4.3,4.3,4.3,4.3,3200,0
2015-10-19,13:30:00,4.3,4.3,4.3,4.3,1000,0
2015-10-19,13:40:00,4.3,4.3,4.3,4.3,300,0
2015-10-19,14:05:00,4.3,4.3,4.3,4.3,874,0
2015-10-19,14:20:00,4.3,4.3,4.3,4.3,100,0
2015-10-19,14:35:00,4.3,4.3,4.3,4.3,888,0
2015-10-19,14:55:00,4.29,4.29,4.28,4.28,6407,0
2015-10-19,15:00:00,4.28,4.28,4.28,4.28,500,0
2015-10-19,15:10:00,4.3,4.3,4.3,4.3,3000,0
2015-10-19,15:25:00,4.28,4.28,4.23,4.23,13272,0
2015-10-19,15:35:00,4.28,4.28,4.28,4.28,5,0
2015-10-19,16:15:00,4.26,4.26,4.26,4.26,200,0
2015-10-19,16:20:00,4.28,4.28,4.25,4.28,89894,0
2015-10-19,16:25:00,4.28,4.3,4.28,4.3,34000,0
2015-10-19,16:40:00,4.32,4.32,4.3,4.3,5000,0
2015-10-19,16:50:00,4.27,4.27,4.27,4.27,4479,0
2015-10-20,10:15:00,4.3,4.32,4.3,4.32,1000,0
2015-10-20,10:20:00,4.32,4.32,4.32,4.32,1000,0
2015-10-20,10:25:00,4.32,4.32,4.32,4.32,1000,0
2015-10-20,10:30:00,4.32,4.32,4.32,4.32,8000,0
2015-10-20,10:40:00,4.32,4.32,4.32,4.32,3000,0
2015-10-20,10:50:00,4.32,4.32,4.32,4.32,11800,0
2015-10-20,10:55:00,4.32,4.32,4.32,4.32,57203,0
2015-10-20,11:00:00,4.33,4.33,4.33,4.33,5000,0
2015-10-20,11:05:00,4.33,4.33,4.33,4.33,200,0
2015-10-20,11:10:00,4.3,4.3,4.3,4.3,1200,0
2015-10-20,11:15:00,4.33,4.33,4.33,4.33,5,0
2015-10-20,11:25:00,4.33,4.33,4.33,4.33,1500,0
2015-10-20,11:40:00,4.3,4.3,4.3,4.3,1300,0
2015-10-20,11:55:00,4.3,4.33,4.3,4.33,1006,0
2015-10-20,12:00:00,4.32,4.32,4.32,4.32,500,0
2015-10-20,12:05:00,4.33,4.33,4.33,4.33,173,0
2015-10-20,12:40:00,4.33,4.33,4.33,4.33,1170,0
2015-10-20,12:45:00,4.28,4.28,4.28,4.28,34,0
2015-10-20,13:00:00,4.28,4.28,4.28,4.28,100,0
2015-10-20,14:55:00,4.33,4.33,4.33,4.33,981,0
2015-10-20,15:30:00,4.32,4.32,4.32,4.32,200,0
2015-10-20,15:40:00,4.32,4.32,4.32,4.32,70,0
2015-10-20,16:20:00,4.31,4.31,4.31,4.31,498,0
2015-10-20,16:25:00,4.31,4.31,4.31,4.31,256,0
2015-10-20,16:30:00,4.3,4.3,4.3,4.3,1230,0
2015-10-20,16:50:00,4.33,4.33,4.3,4.3,1364,0
2015-10-21,09:05:00,4.3,4.3,4.3,4.3,1592,0
2015-10-21,09:30:00,4.3,4.34,4.3,4.34,7010,0
2015-10-21,09:35:00,4.34,4.34,4.34,4.34,2320,0
2015-10-21,10:10:00,4.34,4.34,4.34,4.34,500,0
2015-10-21,10:20:00,4.34,4.34,4.34,4.34,500,0
2015-10-21,10:30:00,4.34,4.34,4.34,4.34,500,0
2015-10-21,10:45:00,4.34,4.34,4.34,4.34,1300,0
2015-10-21,10:50:00,4.34,4.34,4.34,4.34,400,0
2015-10-21,10:55:00,4.32,4.32,4.3,4.3,2756,0
2015-10-21,11:10:00,4.3,4.3,4.3,4.3,595,0
2015-10-21,11:25:00,4.3,4.3,4.3,4.3,500,0
2015-10-21,11:30:00,4.3,4.3,4.3,4.3,700,0
2015-10-21,11:35:00,4.3,4.3,4.3,4.3,400,0
2015-10-21,11:50:00,4.28,4.28,4.28,4.28,20,0
2015-10-21,11:55:00,4.3,4.3,4.3,4.3,756,0
2015-10-21,12:15:00,4.29,4.29,4.28,4.28,1200,0
2015-10-21,12:20:00,4.28,4.28,4.28,4.28,500,0
2015-10-21,12:30:00,4.3,4.3,4.3,4.3,3500,0
2015-10-21,12:40:00,4.3,4.3,4.3,4.3,5693,0
2015-10-21,12:50:00,4.3,4.3,4.3,4.3,575,0
2015-10-21,13:00:00,4.3,4.3,4.3,4.3,1500,0
2015-10-21,13:05:00,4.3,4.3,4.3,4.3,2000,0
2015-10-21,14:10:00,4.3,4.3,4.3,4.3,525,0
2015-10-21,14:20:00,4.3,4.3,4.3,4.3,500,0
2015-10-21,14:25:00,4.3,4.3,4.3,4.3,50000,0
2015-10-21,14:30:00,4.3,4.3,4.3,4.3,20000,0
2015-10-21,14:45:00,4.3,4.3,4.3,4.3,1000,0
2015-10-21,16:25:00,4.3,4.3,4.3,4.3,1575,0
2015-10-21,16:30:00,4.3,4.3,4.3,4.3,525,0
2015-10-21,16:40:00,4.3,4.3,4.3,4.3,308,0
2015-10-22,10:05:00,4.32,4.32,4.32,4.32,5500,0
2015-10-22,10:15:00,4.32,4.44,4.32,4.44,69121,0
2015-10-22,10:25:00,4.33,4.33,4.32,4.32,10000,0
2015-10-22,10:30:00,4.32,4.32,4.32,4.32,1500,0
2015-10-22,10:35:00,4.32,4.32,4.32,4.32,10000,0
2015-10-22,10:40:00,4.31,4.31,4.31,4.31,500,0
2015-10-22,11:55:00,4.32,4.32,4.32,4.32,400,0
2015-10-22,12:15:00,4.32,4.32,4.32,4.32,28,0
2015-10-22,12:20:00,4.32,4.32,4.32,4.32,200,0
2015-10-22,12:40:00,4.32,4.32,4.32,4.32,313,0
2015-10-22,12:45:00,4.34,4.34,4.34,4.34,1845,0
2015-10-22,12:55:00,4.32,4.34,4.32,4.34,6000,0
2015-10-22,13:25:00,4.31,4.31,4.3,4.3,5220,0
2015-10-22,14:40:00,4.32,4.32,4.32,4.32,4000,0
2015-10-22,15:25:00,4.31,4.31,4.31,4.31,100,0
2015-10-22,15:45:00,4.31,4.31,4.31,4.31,650,0
2015-10-22,16:20:00,4.3,4.3,4.3,4.3,1500,0
2015-10-22,16:25:00,4.3,4.3,4.3,4.3,1200,0
2015-10-22,16:40:00,4.32,4.32,4.32,4.32,836,0
2015-10-23,09:05:00,4.3,4.3,4.3,4.3,7000,0
2015-10-23,09:10:00,4.3,4.3,4.3,4.3,240,0
2015-10-23,09:25:00,4.3,4.3,4.29,4.29,907,0
2015-10-23,09:55:00,4.3,4.3,4.3,4.3,417,0
2015-10-23,11:10:00,4.3,4.3,4.3,4.3,163,0
2015-10-23,12:40:00,4.3,4.3,4.3,4.3,1000,0
2015-10-23,13:20:00,4.29,4.29,4.29,4.29,240,0
2015-10-23,13:50:00,4.3,4.3,4.3,4.3,230,0
2015-10-23,14:05:00,4.3,4.3,4.3,4.3,300,0
2015-10-23,14:45:00,4.29,4.29,4.29,4.29,900,0
2015-10-23,15:20:00,4.29,4.29,4.29,4.29,2361,0
2015-10-23,15:25:00,4.29,4.29,4.29,4.29,139,0
2015-10-23,15:30:00,4.29,4.29,4.29,4.29,361,0
2015-10-23,16:00:00,4.29,4.29,4.29,4.29,566,0
2015-10-23,16:30:00,4.29,4.29,4.29,4.29,2272,0
2015-10-23,16:50:00,4.3,4.3,4.3,4.3,305,0
2015-10-26,09:15:00,4.31,4.31,4.3,4.3,3130,0
2015-10-26,10:05:00,4.3,4.3,4.3,4.3,500,0
2015-10-26,10:15:00,4.3,4.3,4.3,4.3,145,0
2015-10-26,10:25:00,4.32,4.32,4.32,4.32,6000,0
2015-10-26,11:35:00,4.3,4.3,4.3,4.3,2222,0
2015-10-26,12:35:00,4.29,4.32,4.29,4.32,8000,0
2015-10-26,13:35:00,4.32,4.32,4.32,4.32,264,0
2015-10-26,13:50:00,4.28,4.28,4.28,4.28,607,0
2015-10-26,14:40:00,4.3,4.3,4.3,4.3,1000,0
2015-10-26,15:05:00,4.32,4.32,4.32,4.32,870,0
2015-10-26,15:25:00,4.32,4.32,4.32,4.32,693,0
2015-10-26,15:55:00,4.3,4.3,4.3,4.3,3000,0
2015-10-26,16:00:00,4.3,4.3,4.3,4.3,100,0
2015-10-27,09:05:00,4.34,4.34,4.34,4.34,9000,0
2015-10-27,09:30:00,4.3,4.3,4.3,4.3,657,0
2015-10-27,09:45:00,4.32,4.32,4.32,4.32,30,0
2015-10-27,10:00:00,4.31,4.32,4.31,4.32,15000,0
2015-10-27,10:05:00,4.3,4.3,4.3,4.3,3945,0
2015-10-27,10:40:00,4.33,4.33,4.33,4.33,10,0
2015-10-27,11:00:00,4.33,4.33,4.33,4.33,6000,0
2015-10-27,11:10:00,4.3,4.3,4.3,4.3,1000,0
2015-10-27,11:55:00,4.3,4.32,4.3,4.32,1200,0
2015-10-27,12:15:00,4.32,4.32,4.32,4.32,230,0
2015-10-27,12:20:00,4.3,4.3,4.3,4.3,100,0
2015-10-27,12:30:00,4.3,4.3,4.3,4.3,800,0
2015-10-27,12:45:00,4.29,4.29,4.28,4.28,4974,0
2015-10-27,13:05:00,4.28,4.28,4.28,4.28,1994,0
2015-10-27,13:45:00,4.28,4.28,4.28,4.28,32,0
2015-10-27,14:05:00,4.28,4.28,4.28,4.28,1400,0
2015-10-27,14:40:00,4.32,4.32,4.32,4.32,4000,0
2015-10-27,15:55:00,4.31,4.31,4.31,4.31,270,0
2015-10-27,16:10:00,4.31,4.31,4.31,4.31,658,0
2015-10-27,16:50:00,4.28,4.3,4.28,4.3,2010,0
2015-10-28,09:05:00,4.3,4.3,4.3,4.3,955,0
2015-10-28,09:45:00,4.3,4.3,4.3,4.3,200,0
2015-10-28,10:00:00,4.28,4.28,4.28,4.28,726,0
2015-10-28,13:45:00,4.3,4.3,4.3,4.3,40,0
2015-10-28,14:30:00,4.28,4.28,4.28,4.28,1224,0
2015-10-28,14:40:00,4.27,4.27,4.27,4.27,282,0
2015-10-28,14:45:00,4.27,4.27,4.27,4.27,1200,0
2015-10-28,15:20:00,4.28,4.28,4.28,4.28,1000,0
2015-10-28,15:35:00,4.27,4.27,4.26,4.26,1000,0
2015-10-28,16:15:00,4.28,4.28,4.28,4.28,200,0
2015-10-28,16:30:00,4.27,4.27,4.26,4.26,2270,0
2015-10-28,16:40:00,4.26,4.26,4.26,4.26,1456,0
2015-10-28,16:50:00,4.28,4.28,4.28,4.28,500,0
2015-10-29,09:15:00,4.26,4.26,4.26,4.26,330,0
2015-10-29,09:20:00,4.26,4.26,4.25,4.25,2157,0
2015-10-29,09:30:00,4.25,4.25,4.24,4.24,794,0
2015-10-29,09:35:00,4.24,4.24,4.24,4.24,429,0
2015-10-29,10:05:00,4.25,4.3,4.25,4.3,12000,0
2015-10-29,10:10:00,4.3,4.3,4.3,4.3,1200,0
2015-10-29,11:05:00,4.26,4.26,4.26,4.26,120,0
2015-10-29,11:15:00,4.25,4.25,4.25,4.25,500,0
2015-10-29,11:25:00,4.24,4.24,4.23,4.23,3000,0
2015-10-29,12:05:00,4.22,4.22,4.22,4.22,600,0
2015-10-29,12:20:00,4.22,4.22,4.2,4.2,9267,0
2015-10-29,12:40:00,4.23,4.23,4.23,4.23,3000,0
2015-10-29,14:20:00,4.21,4.21,4.21,4.21,1229,0
2015-10-29,14:35:00,4.25,4.28,4.25,4.28,3000,0
2015-10-29,16:50:00,4.22,4.22,4.22,4.22,555,0
2015-10-30,09:05:00,4.2,4.2,4.2,4.2,268,0
2015-10-30,11:30:00,4.21,4.21,4.2,4.2,2104,0
2015-10-30,11:35:00,4.22,4.28,4.22,4.28,110,0
2015-10-30,11:40:00,4.28,4.3,4.28,4.3,3615,0
2015-10-30,12:35:00,4.24,4.24,4.24,4.24,1856,0
2015-10-30,12:50:00,4.27,4.28,4.27,4.28,1000,0
2015-10-30,15:50:00,4.27,4.27,4.27,4.27,20,0
2015-10-30,15:55:00,4.28,4.28,4.28,4.28,5,0
2015-10-30,16:15:00,4.28,4.28,4.28,4.28,70,0
2015-10-30,16:40:00,4.28,4.28,4.28,4.28,1567,0
2015-10-30,16:50:00,4.2,4.2,4.2,4.2,456,0
2015-11-02,09:05:00,4.25,4.25,4.25,4.25,2679,0
2015-11-02,09:50:00,4.25,4.25,4.25,4.25,1050,0
2015-11-02,10:40:00,4.25,4.25,4.25,4.25,20,0
2015-11-02,10:45:00,4.25,4.25,4.25,4.25,830,0
2015-11-02,11:00:00,4.21,4.21,4.21,4.21,115,0
2015-11-02,11:20:00,4.25,4.25,4.25,4.25,391,0
2015-11-02,11:30:00,4.25,4.25,4.25,4.25,115,0
2015-11-02,12:10:00,4.29,4.29,4.29,4.29,258,0
2015-11-02,13:00:00,4.29,4.29,4.29,4.29,700,0
2015-11-02,13:20:00,4.25,4.25,4.25,4.25,460,0
2015-11-02,15:00:00,4.29,4.29,4.29,4.29,93,0
2015-11-02,15:40:00,4.29,4.29,4.29,4.29,393,0
2015-11-02,16:50:00,4.29,4.29,4.29,4.29,1001,0
2015-11-03,09:05:00,4.35,4.35,4.35,4.35,1350,0
2015-11-03,09:10:00,4.33,4.33,4.33,4.33,750,0
2015-11-03,09:20:00,4.33,4.33,4.32,4.32,1339,0
2015-11-03,10:00:00,4.3,4.3,4.3,4.3,8000,0
2015-11-03,10:05:00,4.3,4.3,4.27,4.27,470971,0
2015-11-03,10:10:00,4.3,4.39,4.3,4.39,29000,0
2015-11-03,10:15:00,4.29,4.29,4.27,4.27,500000,0
2015-11-03,10:25:00,4.33,4.4,4.33,4.4,55000,0
2015-11-03,10:35:00,4.4,4.44,4.4,4.44,80000,0
2015-11-03,10:40:00,4.4,4.4,4.4,4.4,500,0
2015-11-03,10:50:00,4.43,4.43,4.43,4.43,10,0
2015-11-03,11:05:00,4.43,4.43,4.43,4.43,1522,0
2015-11-03,11:10:00,4.43,4.43,4.43,4.43,500,0
2015-11-03,11:15:00,4.47,4.48,4.47,4.48,1700,0
2015-11-03,11:20:00,4.43,4.43,4.4,4.4,862,0
2015-11-03,11:25:00,4.4,4.52,4.4,4.43,24321,0
2015-11-03,11:50:00,4.46,4.52,4.46,4.52,1077,0
2015-11-03,11:55:00,4.53,4.53,4.53,4.53,125,0
2015-11-03,12:00:00,4.53,4.53,4.53,4.53,875,0
2015-11-03,12:05:00,4.54,4.56,4.54,4.56,4400,0
2015-11-03,12:10:00,4.55,4.55,4.51,4.51,3975,0
2015-11-03,12:20:00,4.45,4.45,4.45,4.45,95,0
2015-11-03,12:35:00,4.48,4.48,4.48,4.48,20,0
2015-11-03,12:45:00,4.49,4.5,4.49,4.5,5641,0
2015-11-03,13:30:00,4.48,4.48,4.48,4.48,368,0
2015-11-03,13:35:00,4.48,4.48,4.48,4.48,99,0
2015-11-03,14:05:00,4.48,4.48,4.48,4.48,1633,0
2015-11-03,14:30:00,4.49,4.49,4.49,4.49,2000,0
2015-11-03,15:00:00,4.48,4.48,4.48,4.48,1000,0
2015-11-03,15:05:00,4.46,4.46,4.45,4.45,2858,0
2015-11-03,15:10:00,4.45,4.45,4.41,4.41,6500,0
2015-11-03,15:40:00,4.45,4.45,4.45,4.45,647,0
2015-11-03,15:45:00,4.45,4.47,4.45,4.47,29000,0
2015-11-03,16:00:00,4.42,4.47,4.41,4.46,25323,0
2015-11-03,16:05:00,4.41,4.41,4.41,4.41,2388,0
2015-11-03,16:25:00,4.42,4.46,4.42,4.46,22203,0
2015-11-03,16:30:00,4.46,4.46,4.46,4.46,6720,0
2015-11-03,16:35:00,4.42,4.42,4.42,4.42,246,0
2015-11-03,16:45:00,4.45,4.45,4.43,4.43,5034,0
2015-11-03,16:50:00,4.45,4.45,4.45,4.45,726,0
2015-11-04,09:05:00,4.45,4.52,4.45,4.52,3281,0
2015-11-04,09:15:00,4.5,4.5,4.5,4.5,850,0
2015-11-04,09:25:00,4.52,4.52,4.52,4.52,274,0
2015-11-04,09:30:00,4.45,4.45,4.42,4.42,2749,0
2015-11-04,09:55:00,4.42,4.42,4.42,4.42,300,0
2015-11-04,10:00:00,4.43,4.44,4.43,4.44,510,0
2015-11-04,10:10:00,4.44,4.65,4.44,4.5,128866,0
2015-11-04,10:15:00,4.59,4.59,4.5,4.55,6810,0
2015-11-04,10:20:00,4.52,4.52,4.52,4.52,100,0
2015-11-04,10:50:00,4.53,4.54,4.53,4.54,3189,0
2015-11-04,10:55:00,4.54,4.54,4.54,4.54,4000,0
2015-11-04,11:00:00,4.54,4.59,4.54,4.59,11000,0
2015-11-04,11:05:00,4.53,4.53,4.53,4.53,6200,0
2015-11-04,11:10:00,4.56,4.56,4.53,4.53,2130,0
2015-11-04,11:20:00,4.52,4.53,4.51,4.53,5900,0
2015-11-04,11:25:00,4.5,4.5,4.49,4.49,1500,0
2015-11-04,11:35:00,4.52,4.52,4.52,4.52,300,0
2015-11-04,11:45:00,4.51,4.51,4.5,4.5,1100,0
2015-11-04,11:50:00,4.5,4.5,4.46,4.46,6988,0
2015-11-04,12:00:00,4.46,4.49,4.46,4.49,1350,0
2015-11-04,12:05:00,4.46,4.46,4.46,4.46,900,0
2015-11-04,12:15:00,4.46,4.46,4.46,4.46,1250,0
2015-11-04,12:25:00,4.49,4.49,4.48,4.48,7273,0
2015-11-04,13:10:00,4.49,4.49,4.49,4.49,3034,0
2015-11-04,13:25:00,4.49,4.49,4.49,4.49,166,0
2015-11-04,13:30:00,4.48,4.48,4.48,4.48,64,0
2015-11-04,13:45:00,4.5,4.5,4.5,4.5,395,0
2015-11-04,13:55:00,4.5,4.5,4.5,4.5,16605,0
2015-11-04,14:20:00,4.5,4.5,4.5,4.5,1767,0
2015-11-04,14:40:00,4.5,4.5,4.48,4.48,14135,0
2015-11-04,14:50:00,4.51,4.54,4.51,4.54,51000,0
2015-11-04,15:20:00,4.53,4.53,4.53,4.53,290,0
2015-11-04,15:25:00,4.53,4.53,4.53,4.53,200,0
2015-11-04,15:45:00,4.5,4.5,4.5,4.5,286,0
2015-11-04,15:50:00,4.48,4.48,4.48,4.48,2134,0
2015-11-04,16:40:00,4.5,4.5,4.5,4.5,554,0
2015-11-04,16:50:00,4.49,4.49,4.49,4.49,1300,0
2015-11-05,09:05:00,4.5,4.5,4.5,4.5,1,0
2015-11-05,09:10:00,4.5,4.5,4.5,4.5,1111,0
2015-11-05,09:20:00,4.47,4.47,4.46,4.46,4000,0
2015-11-05,09:25:00,4.45,4.45,4.45,4.45,345,0
2015-11-05,09:30:00,4.49,4.49,4.49,4.49,10,0
2015-11-05,09:35:00,4.49,4.49,4.49,4.49,1204,0
2015-11-05,09:40:00,4.46,4.46,4.46,4.46,200,0
2015-11-05,10:20:00,4.49,4.53,4.49,4.53,99800,0
2015-11-05,11:00:00,4.52,4.52,4.52,4.52,332,0
2015-11-05,11:25:00,4.49,4.49,4.49,4.49,5000,0
2015-11-05,11:35:00,4.5,4.5,4.49,4.49,1800,0
2015-11-05,11:45:00,4.48,4.48,4.48,4.48,148,0
2015-11-05,11:55:00,4.48,4.48,4.48,4.48,1852,0
2015-11-05,12:15:00,4.47,4.47,4.47,4.47,70,0
2015-11-05,12:50:00,4.47,4.47,4.47,4.47,1930,0
2015-11-05,13:50:00,4.48,4.48,4.48,4.48,500,0
2015-11-05,13:55:00,4.48,4.48,4.48,4.48,3858,0
2015-11-05,14:00:00,4.48,4.48,4.48,4.48,100,0
2015-11-05,14:10:00,4.47,4.47,4.47,4.47,395,0
2015-11-05,14:20:00,4.47,4.47,4.46,4.46,2883,0
2015-11-05,15:20:00,4.45,4.45,4.45,4.45,3755,0
2015-11-05,15:55:00,4.45,4.45,4.45,4.45,20430,0
2015-11-05,16:00:00,4.43,4.43,4.43,4.43,1000,0
2015-11-05,16:50:00,4.44,4.44,4.44,4.44,1468,0
2015-11-06,09:05:00,4.43,4.43,4.43,4.43,15222,0
2015-11-06,09:20:00,4.43,4.43,4.43,4.43,100,0
2015-11-06,09:50:00,4.43,4.43,4.43,4.43,3048,0
2015-11-06,09:55:00,4.43,4.43,4.42,4.42,3872,0
2015-11-06,10:00:00,4.43,4.46,4.4,4.41,4667,0
2015-11-06,10:05:00,4.43,4.47,4.43,4.47,1866,0
2015-11-06,10:10:00,4.41,4.45,4.36,4.45,15759,0
2015-11-06,10:15:00,4.44,4.45,4.43,4.43,2500,0
2015-11-06,10:25:00,4.45,4.46,4.45,4.46,116000,0
2015-11-06,10:35:00,4.46,4.46,4.46,4.46,7234,0
2015-11-06,10:40:00,4.48,4.48,4.48,4.48,280,0
2015-11-06,10:45:00,4.42,4.45,4.36,4.36,214231,0
2015-11-06,10:50:00,4.36,4.5,4.36,4.49,88716,0
2015-11-06,11:05:00,4.49,4.49,4.49,4.49,363,0
2015-11-06,12:40:00,4.49,4.49,4.49,4.49,3333,0
2015-11-06,12:45:00,4.49,4.49,4.49,4.49,7523,0
2015-11-06,12:50:00,4.48,4.49,4.48,4.48,6250,0
2015-11-06,13:00:00,4.49,4.49,4.49,4.49,150,0
2015-11-06,13:05:00,4.48,4.48,4.48,4.48,200,0
2015-11-06,13:25:00,4.49,4.49,4.49,4.49,3000,0
2015-11-06,13:45:00,4.48,4.48,4.48,4.48,1000,0
2015-11-06,13:50:00,4.48,4.48,4.47,4.47,2761,0
2015-11-06,13:55:00,4.44,4.44,4.44,4.44,500,0
2015-11-06,14:05:00,4.44,4.44,4.44,4.44,1100,0
2015-11-06,15:00:00,4.47,4.47,4.47,4.47,6450,0
2015-11-06,15:05:00,4.49,4.49,4.49,4.49,50,0
2015-11-06,15:10:00,4.49,4.49,4.49,4.49,1000,0
2015-11-06,15:15:00,4.49,4.49,4.49,4.49,2550,0
2015-11-06,15:20:00,4.49,4.49,4.49,4.49,1800,0
2015-11-06,15:30:00,4.49,4.49,4.46,4.46,4601,0
2015-11-06,15:35:00,4.46,4.46,4.46,4.46,1500,0
2015-11-06,15:45:00,4.46,4.46,4.44,4.44,2400,0
2015-11-06,15:50:00,4.44,4.44,4.44,4.44,1000,0
2015-11-06,16:00:00,4.44,4.44,4.44,4.44,1000,0
2015-11-06,16:20:00,4.44,4.44,4.4,4.4,9837,0
2015-11-06,16:35:00,4.4,4.4,4.4,4.4,11000,0
2015-11-06,16:40:00,4.4,4.4,4.4,4.4,960,0
2015-11-06,16:45:00,4.39,4.39,4.39,4.39,2500,0
2015-11-06,16:50:00,4.38,4.39,4.38,4.39,19606,0
2015-11-09,09:05:00,4.53,4.53,4.53,4.53,8399,0
2015-11-09,09:10:00,4.53,4.53,4.53,4.53,5071,0
2015-11-09,09:15:00,4.53,4.53,4.51,4.51,6530,0
2015-11-09,09:20:00,4.5,4.5,4.5,4.5,5000,0
2015-11-09,09:30:00,4.49,4.49,4.49,4.49,250,0
2015-11-09,09:35:00,4.46,4.46,4.46,4.46,2351,0
2015-11-09,09:40:00,4.49,4.49,4.49,4.49,15,0
2015-11-09,10:35:00,4.48,4.48,4.48,4.48,300,0
2015-11-09,10:45:00,4.47,4.52,4.47,4.52,7638,0
2015-11-09,10:50:00,4.52,4.52,4.52,4.52,10000,0
2015-11-09,10:55:00,4.5,4.52,4.5,4.52,10500,0
2015-11-09,11:05:00,4.52,4.52,4.5,4.5,824,0
2015-11-09,11:10:00,4.5,4.5,4.49,4.49,21431,0
2015-11-09,11:15:00,4.48,4.48,4.48,4.48,150,0
2015-11-09,11:20:00,4.48,4.48,4.48,4.48,454,0
2015-11-09,11:30:00,4.49,4.49,4.49,4.49,1002,0
2015-11-09,11:45:00,4.49,4.49,4.49,4.49,760,0
2015-11-09,11:50:00,4.48,4.48,4.48,4.48,449,0
2015-11-09,12:00:00,4.49,4.49,4.49,4.49,5,0
2015-11-09,12:25:00,4.49,4.49,4.49,4.49,350,0
2015-11-09,12:45:00,4.49,4.49,4.49,4.49,400,0
2015-11-09,12:50:00,4.49,4.49,4.49,4.49,500,0
2015-11-09,12:55:00,4.49,4.49,4.49,4.49,300,0
2015-11-09,13:55:00,4.49,4.49,4.49,4.49,3300,0
2015-11-09,14:00:00,4.49,4.49,4.49,4.49,1179,0
2015-11-09,14:10:00,4.49,4.49,4.49,4.49,754,0
2015-11-09,14:20:00,4.5,4.51,4.5,4.51,1105,0
2015-11-09,14:25:00,4.51,4.51,4.51,4.51,325,0
2015-11-09,14:30:00,4.51,4.52,4.5,4.5,7000,0
2015-11-09,14:35:00,4.52,4.52,4.52,4.52,5,0
2015-11-09,14:40:00,4.51,4.52,4.5,4.5,27544,0
2015-11-09,14:50:00,4.5,4.5,4.5,4.5,300,0
2015-11-09,14:55:00,4.52,4.52,4.49,4.49,11376,0
2015-11-09,15:00:00,4.5,4.52,4.5,4.52,2000,0
2015-11-09,15:40:00,4.49,4.49,4.49,4.49,500,0
2015-11-09,15:50:00,4.49,4.5,4.49,4.5,501,0
2015-11-09,15:55:00,4.48,4.48,4.48,4.48,90,0
2015-11-09,16:35:00,4.48,4.5,4.46,4.5,6674,0
2015-11-09,16:40:00,4.49,4.53,4.49,4.5,49022,0
2015-11-09,16:50:00,4.5,4.5,4.5,4.5,235,0
2015-11-10,09:05:00,4.59,4.59,4.58,4.58,740,0
2015-11-10,09:30:00,4.53,4.53,4.53,4.53,44,0
2015-11-10,09:35:00,4.5,4.5,4.5,4.5,200,0
2015-11-10,09:45:00,4.51,4.51,4.5,4.5,466,0
2015-11-10,09:55:00,4.5,4.5,4.5,4.5,502,0
2015-11-10,10:05:00,4.53,4.53,4.53,4.53,20000,0
2015-11-10,10:10:00,4.53,4.6,4.53,4.6,50000,0
2015-11-10,10:15:00,4.52,4.53,4.52,4.53,2,0
2015-11-10,10:30:00,4.53,4.59,4.53,4.59,9,0
2015-11-10,11:00:00,4.59,4.59,4.59,4.59,90,0
2015-11-10,11:10:00,4.56,4.56,4.56,4.56,2054,0
2015-11-10,11:20:00,4.58,4.58,4.58,4.58,2,0
2015-11-10,12:00:00,4.56,4.57,4.54,4.54,4400,0
2015-11-10,12:40:00,4.53,4.53,4.53,4.53,500,0
2015-11-10,13:00:00,4.55,4.55,4.55,4.55,1200,0
2015-11-10,14:05:00,4.53,4.53,4.53,4.53,344,0
2015-11-10,14:10:00,4.53,4.53,4.52,4.52,1700,0
2015-11-10,14:25:00,4.52,4.52,4.52,4.52,230,0
2015-11-10,15:05:00,4.52,4.52,4.52,4.52,2400,0
2015-11-10,15:10:00,4.51,4.51,4.51,4.51,2306,0
2015-11-10,15:20:00,4.52,4.52,4.52,4.52,500,0
2015-11-10,15:40:00,4.52,4.54,4.52,4.54,59,0
2015-11-10,15:45:00,4.54,4.55,4.54,4.55,3281,0
2015-11-10,16:50:00,4.53,4.55,4.52,4.55,2118,0
2015-11-12,09:05:00,4.51,4.54,4.51,4.54,13005,0
2015-11-12,09:20:00,4.54,4.54,4.54,4.54,995,0
2015-11-12,09:25:00,4.57,4.57,4.57,4.57,59,0
2015-11-12,09:45:00,4.52,4.52,4.52,4.52,2010,0
2015-11-12,09:50:00,4.52,4.54,4.52,4.54,3999,0
2015-11-12,10:25:00,4.55,4.56,4.55,4.56,2200,0
2015-11-12,10:55:00,4.54,4.56,4.53,4.56,1117,0
2015-11-12,11:10:00,4.54,4.54,4.5,4.5,7700,0
2015-11-12,11:15:00,4.52,4.52,4.51,4.51,1002,0
2015-11-12,11:25:00,4.53,4.53,4.53,4.53,10,0
2015-11-12,12:45:00,4.51,4.51,4.51,4.51,1000,0
2015-11-12,13:10:00,4.51,4.51,4.51,4.51,650,0
2015-11-12,13:20:00,4.51,4.51,4.51,4.51,669,0
2015-11-12,13:30:00,4.51,4.53,4.51,4.53,1350,0
2015-11-12,13:40:00,4.53,4.53,4.53,4.53,500,0
2015-11-12,13:45:00,4.54,4.54,4.54,4.54,1009,0
2015-11-12,13:50:00,4.54,4.54,4.54,4.54,1480,0
2015-11-12,14:00:00,4.54,4.54,4.54,4.54,1000,0
2015-11-12,14:10:00,4.55,4.55,4.55,4.55,100,0
2015-11-12,14:15:00,4.54,4.54,4.54,4.54,3972,0
2015-11-12,14:20:00,4.54,4.54,4.54,4.54,4149,0
2015-11-12,14:30:00,4.55,4.55,4.55,4.55,280,0
2015-11-12,15:10:00,4.54,4.54,4.54,4.54,187,0
2015-11-12,15:15:00,4.55,4.55,4.55,4.55,119,0
2015-11-12,15:40:00,4.55,4.55,4.55,4.55,2400,0
2015-11-12,15:45:00,4.54,4.54,4.54,4.54,542,0
2015-11-12,15:50:00,4.56,4.56,4.56,4.56,2500,0
2015-11-12,15:55:00,4.56,4.56,4.56,4.56,1392,0
2015-11-12,16:00:00,4.57,4.57,4.57,4.57,3875,0
2015-11-12,16:50:00,4.56,4.56,4.56,4.56,4868,0
2015-11-13,09:05:00,4.57,4.57,4.55,4.55,1462,0
2015-11-13,09:10:00,4.55,4.55,4.55,4.55,449,0
2015-11-13,10:25:00,4.53,4.55,4.53,4.55,185,0
2015-11-13,10:35:00,4.53,4.53,4.53,4.53,200,0
2015-11-13,10:45:00,4.55,4.55,4.53,4.53,2010,0
2015-11-13,10:55:00,4.55,4.55,4.55,4.55,5,0
2015-11-13,11:10:00,4.53,4.53,4.53,4.53,36096,0
2015-11-13,11:50:00,4.52,4.52,4.52,4.52,2000,0
2015-11-13,12:15:00,4.54,4.54,4.54,4.54,6,0
2015-11-13,12:30:00,4.52,4.52,4.52,4.52,210,0
2015-11-13,12:55:00,4.54,4.54,4.54,4.54,4,0
2015-11-13,13:10:00,4.54,4.54,4.54,4.54,839,0
2015-11-13,13:40:00,4.52,4.52,4.52,4.52,1133,0
2015-11-13,13:55:00,4.52,4.52,4.52,4.52,650,0
2015-11-13,14:00:00,4.52,4.52,4.52,4.52,1000,0
2015-11-13,14:05:00,4.52,4.52,4.52,4.52,1000,0
2015-11-13,14:20:00,4.54,4.54,4.54,4.54,6,0
2015-11-13,14:25:00,4.52,4.53,4.52,4.53,3000,0
2015-11-13,14:55:00,4.53,4.53,4.53,4.53,5,0
2015-11-13,15:00:00,4.53,4.53,4.53,4.53,430,0
2015-11-13,15:05:00,4.52,4.52,4.52,4.52,243,0
2015-11-13,15:15:00,4.52,4.52,4.52,4.52,8700,0
2015-11-13,15:20:00,4.52,4.52,4.52,4.52,150,0
2015-11-13,15:25:00,4.52,4.52,4.52,4.52,900,0
2015-11-13,15:30:00,4.53,4.53,4.53,4.53,10,0
2015-11-13,15:40:00,4.52,4.52,4.52,4.52,500,0
2015-11-13,16:30:00,4.53,4.53,4.52,4.52,401,0
2015-11-13,16:40:00,4.53,4.53,4.53,4.53,1,0
2015-11-13,16:50:00,4.52,4.52,4.51,4.51,3930,0
2015-11-16,09:05:00,4.49,4.49,4.46,4.46,3402,0
2015-11-16,09:10:00,4.45,4.45,4.43,4.43,5500,0
2015-11-16,09:15:00,4.43,4.43,4.43,4.43,2000,0
2015-11-16,09:20:00,4.42,4.42,4.42,4.42,600,0
2015-11-16,09:25:00,4.42,4.42,4.42,4.42,535,0
2015-11-16,09:30:00,4.42,4.42,4.41,4.41,10000,0
2015-11-16,09:35:00,4.43,4.43,4.43,4.43,95,0
2015-11-16,09:55:00,4.4,4.4,4.4,4.4,10000,0
2015-11-16,10:05:00,4.4,4.4,4.4,4.4,600,0
2015-11-16,10:15:00,4.42,4.42,4.42,4.42,3128,0
2015-11-16,10:20:00,4.43,4.43,4.43,4.43,133,0
2015-11-16,10:35:00,4.43,4.44,4.43,4.44,1000,0
2015-11-16,10:50:00,4.44,4.45,4.44,4.45,500,0
2015-11-16,10:55:00,4.45,4.47,4.45,4.47,2326,0
2015-11-16,11:00:00,4.41,4.41,4.41,4.41,200,0
2015-11-16,11:05:00,4.54,4.54,4.54,4.54,1,0
2015-11-16,11:30:00,4.45,4.48,4.45,4.48,1951,0
2015-11-16,11:45:00,4.48,4.48,4.48,4.48,500,0
2015-11-16,11:55:00,4.48,4.48,4.48,4.48,1500,0
2015-11-16,12:00:00,4.5,4.5,4.5,4.5,302,0
2015-11-16,12:20:00,4.48,4.48,4.48,4.48,5770,0
2015-11-16,12:30:00,4.5,4.5,4.5,4.5,2049,0
2015-11-16,12:45:00,4.49,4.5,4.48,4.48,8215,0
2015-11-16,13:50:00,4.5,4.5,4.5,4.5,15,0
2015-11-16,14:55:00,4.48,4.48,4.48,4.48,750,0
2015-11-16,15:35:00,4.48,4.48,4.48,4.48,169,0
2015-11-16,15:40:00,4.48,4.48,4.48,4.48,221,0
2015-11-16,16:05:00,4.46,4.46,4.45,4.45,2338,0
2015-11-16,16:20:00,4.43,4.43,4.43,4.43,59,0
2015-11-16,16:25:00,4.44,4.44,4.4,4.4,22581,0
2015-11-16,16:35:00,4.41,4.41,4.4,4.4,1915,0
2015-11-16,16:40:00,4.37,4.37,4.36,4.36,1175,0
2015-11-16,16:45:00,4.43,4.43,4.43,4.43,5,0
2015-11-16,16:50:00,4.44,4.44,4.44,4.44,500,0
2015-11-17,09:05:00,4.44,4.44,4.44,4.44,380,0
2015-11-17,09:10:00,4.44,4.44,4.44,4.44,921,0
2015-11-17,09:20:00,4.44,4.44,4.44,4.44,400,0
2015-11-17,09:25:00,4.44,4.44,4.44,4.44,1000,0
2015-11-17,09:40:00,4.44,4.44,4.44,4.44,555,0
2015-11-17,09:50:00,4.44,4.44,4.44,4.44,2500,0
2015-11-17,10:15:00,4.44,4.44,4.44,4.44,950,0
2015-11-17,10:20:00,4.44,4.44,4.44,4.44,330,0
2015-11-17,10:30:00,4.44,4.44,4.44,4.44,383,0
2015-11-17,10:40:00,4.44,4.57,4.44,4.56,36000,0
2015-11-17,10:50:00,4.54,4.54,4.54,4.54,100,0
2015-11-17,12:20:00,4.48,4.48,4.48,4.48,555,0
2015-11-17,12:50:00,4.5,4.5,4.5,4.5,880,0
2015-11-17,12:55:00,4.53,4.53,4.53,4.53,1020,0
2015-11-17,13:40:00,4.51,4.51,4.51,4.51,1428,0
2015-11-17,13:55:00,4.52,4.52,4.52,4.52,289,0
2015-11-17,14:10:00,4.52,4.52,4.52,4.52,222,0
2015-11-17,14:45:00,4.52,4.57,4.52,4.57,79500,0
2015-11-17,14:50:00,4.57,4.57,4.57,4.57,3300,0
2015-11-17,15:40:00,4.56,4.56,4.56,4.56,500,0
2015-11-17,15:45:00,4.56,4.56,4.56,4.56,150,0
2015-11-17,16:20:00,4.55,4.55,4.55,4.55,300,0
2015-11-17,16:30:00,4.55,4.55,4.55,4.55,88,0
2015-11-17,16:50:00,4.55,4.55,4.55,4.55,1,0
2015-11-18,09:05:00,4.57,4.57,4.57,4.57,1,0
2015-11-18,09:10:00,4.55,4.55,4.55,4.55,287,0
2015-11-18,09:30:00,4.51,4.51,4.5,4.5,628,0
2015-11-18,09:35:00,4.5,4.5,4.5,4.5,3927,0
2015-11-18,10:25:00,4.49,4.49,4.49,4.49,250,0
2015-11-18,10:35:00,4.47,4.47,4.46,4.46,1454,0
2015-11-18,10:40:00,4.47,4.47,4.47,4.47,1000,0
2015-11-18,10:55:00,4.46,4.46,4.46,4.46,300,0
2015-11-18,11:05:00,4.46,4.46,4.46,4.46,500,0
2015-11-18,11:20:00,4.46,4.46,4.46,4.46,1350,0
2015-11-18,11:25:00,4.46,4.47,4.46,4.47,3017,0
2015-11-18,11:35:00,4.48,4.5,4.48,4.5,4278,0
2015-11-18,11:40:00,4.49,4.54,4.49,4.54,11432,0
2015-11-18,11:45:00,4.54,4.57,4.54,4.57,15000,0
2015-11-18,11:50:00,4.57,4.61,4.57,4.6,21678,0
2015-11-18,11:55:00,4.59,4.59,4.59,4.59,1,0
2015-11-18,14:00:00,4.55,4.55,4.53,4.53,2269,0
2015-11-18,14:30:00,4.52,4.52,4.52,4.52,803,0
2015-11-18,14:50:00,4.54,4.54,4.54,4.54,5,0
2015-11-18,14:55:00,4.54,4.54,4.54,4.54,800,0
2015-11-18,15:25:00,4.52,4.52,4.52,4.52,1100,0
2015-11-18,15:45:00,4.53,4.54,4.53,4.54,2908,0
2015-11-18,15:50:00,4.58,4.58,4.57,4.57,3,0
2015-11-18,16:10:00,4.54,4.54,4.54,4.54,100,0
2015-11-18,16:25:00,4.53,4.56,4.53,4.56,269,0
2015-11-18,16:40:00,4.56,4.56,4.56,4.56,300,0
2015-11-18,16:50:00,4.53,4.53,4.53,4.53,803,0
2015-11-19,09:05:00,4.58,4.58,4.53,4.53,313,0
2015-11-19,09:25:00,4.58,4.58,4.58,4.58,100,0
2015-11-19,10:20:00,4.55,4.55,4.55,4.55,648,0
2015-11-19,10:45:00,4.57,4.64,4.57,4.64,81813,0
2015-11-19,10:50:00,4.6,4.6,4.6,4.6,900,0
2015-11-19,11:15:00,4.61,4.61,4.61,4.61,1079,0
2015-11-19,11:20:00,4.64,4.64,4.64,4.64,2000,0
2015-11-19,11:45:00,4.6,4.6,4.58,4.58,2480,0
2015-11-19,11:50:00,4.58,4.58,4.58,4.58,1023,0
2015-11-19,11:55:00,4.57,4.57,4.57,4.57,419,0
2015-11-19,12:00:00,4.59,4.59,4.59,4.59,1000,0
2015-11-19,12:10:00,4.61,4.62,4.61,4.62,8087,0
2015-11-19,12:35:00,4.61,4.64,4.59,4.64,21000,0
2015-11-19,12:40:00,4.59,4.59,4.56,4.56,75000,0
2015-11-19,12:45:00,4.56,4.69,4.56,4.69,104605,0
2015-11-19,12:50:00,4.7,4.71,4.7,4.71,5230,0
2015-11-19,13:05:00,4.69,4.69,4.69,4.69,800,0
2015-11-19,13:25:00,4.7,4.7,4.69,4.69,7952,0
2015-11-19,13:55:00,4.7,4.7,4.7,4.7,466,0
2015-11-19,14:00:00,4.7,4.7,4.7,4.7,519,0
2015-11-19,14:05:00,4.69,4.69,4.69,4.69,1195,0
2015-11-19,14:10:00,4.68,4.68,4.68,4.68,505,0
2015-11-19,14:20:00,4.7,4.7,4.67,4.67,3815,0
2015-11-19,14:25:00,4.7,4.7,4.7,4.7,5000,0
2015-11-19,14:30:00,4.68,4.69,4.68,4.69,1000,0
2015-11-19,14:35:00,4.69,4.7,4.69,4.7,3000,0
2015-11-19,14:50:00,4.7,4.7,4.7,4.7,10000,0
2015-11-19,15:00:00,4.7,4.7,4.7,4.7,65,0
2015-11-19,15:20:00,4.68,4.68,4.68,4.68,500,0
2015-11-19,15:30:00,4.68,4.68,4.68,4.68,1000,0
2015-11-19,15:40:00,4.7,4.7,4.7,4.7,1000,0
2015-11-19,16:05:00,4.69,4.7,4.69,4.7,9000,0
2015-11-19,16:10:00,4.7,4.7,4.7,4.7,1200,0
2015-11-19,16:15:00,4.7,4.7,4.7,4.7,100,0
2015-11-19,16:30:00,4.7,4.7,4.7,4.7,2059,0
2015-11-19,16:45:00,4.7,4.7,4.7,4.7,3200,0
2015-11-19,16:50:00,4.7,4.7,4.7,4.7,950,0
2015-11-20,09:05:00,4.68,4.68,4.68,4.68,3,0
2015-11-20,09:10:00,4.68,4.71,4.68,4.71,20,0
2015-11-20,09:15:00,4.71,4.72,4.71,4.72,4200,0
2015-11-20,09:20:00,4.72,4.72,4.72,4.72,483,0
2015-11-20,09:25:00,4.72,4.72,4.72,4.72,1000,0
2015-11-20,09:55:00,4.71,4.75,4.71,4.75,60137,0
2015-11-20,10:00:00,4.75,4.75,4.75,4.75,800,0
2015-11-20,10:05:00,4.75,4.76,4.75,4.76,10062,0
2015-11-20,10:25:00,4.76,4.76,4.76,4.76,1438,0
2015-11-20,10:35:00,4.74,4.74,4.72,4.72,2200,0
2015-11-20,10:55:00,4.75,4.75,4.75,4.75,670,0
2015-11-20,11:05:00,4.72,4.72,4.7,4.7,10000,0
2015-11-20,11:10:00,4.75,4.75,4.75,4.75,1,0
2015-11-20,11:25:00,4.7,4.7,4.7,4.7,535,0
2015-11-20,11:35:00,4.75,4.75,4.75,4.75,5,0
2015-11-20,11:50:00,4.75,4.75,4.75,4.75,44369,0
2015-11-20,11:55:00,4.75,4.75,4.74,4.74,1501,0
2015-11-20,12:00:00,4.72,4.72,4.72,4.72,200,0
2015-11-20,12:10:00,4.72,4.72,4.72,4.72,100,0
2015-11-20,12:20:00,4.7,4.7,4.69,4.69,1470,0
2015-11-20,12:25:00,4.69,4.69,4.69,4.69,5200,0
2015-11-20,12:35:00,4.69,4.69,4.69,4.69,1025,0
2015-11-20,12:40:00,4.68,4.68,4.68,4.68,2500,0
2015-11-20,12:50:00,4.68,4.68,4.68,4.68,200,0
2015-11-20,12:55:00,4.68,4.68,4.68,4.68,400,0
2015-11-20,13:30:00,4.68,4.68,4.68,4.68,490,0
2015-11-20,13:50:00,4.68,4.68,4.67,4.67,944,0
2015-11-20,13:55:00,4.67,4.67,4.67,4.67,5200,0
2015-11-20,14:00:00,4.68,4.68,4.68,4.68,1313,0
2015-11-20,14:55:00,4.68,4.68,4.68,4.68,28,0
2015-11-20,15:00:00,4.67,4.67,4.67,4.67,100,0
2015-11-20,15:05:00,4.66,4.66,4.66,4.66,100,0
2015-11-20,15:10:00,4.66,4.66,4.65,4.65,1100,0
2015-11-20,15:15:00,4.66,4.66,4.65,4.65,3903,0
2015-11-20,15:20:00,4.66,4.66,4.66,4.66,1900,0
2015-11-20,15:30:00,4.65,4.65,4.64,4.64,1000,0
2015-11-20,15:40:00,4.64,4.64,4.63,4.63,642,0
2015-11-20,15:45:00,4.64,4.64,4.64,4.64,3350,0
2015-11-20,15:50:00,4.64,4.64,4.64,4.64,500,0
2015-11-20,16:05:00,4.63,4.63,4.62,4.63,3978,0
2015-11-20,16:35:00,4.64,4.64,4.59,4.59,13587,0
2015-11-20,16:40:00,4.59,4.59,4.59,4.59,300,0
2015-11-20,16:50:00,4.62,4.62,4.6,4.6,13820,0
2015-11-23,09:05:00,4.65,4.68,4.65,4.68,1284,0
2015-11-23,09:20:00,4.65,4.65,4.6,4.6,698,0
2015-11-23,09:40:00,4.59,4.6,4.59,4.6,909,0
2015-11-23,09:45:00,4.6,4.6,4.52,4.52,5649,0
2015-11-23,09:50:00,4.51,4.56,4.51,4.56,285,0
2015-11-23,09:55:00,4.52,4.52,4.49,4.49,20857,0
2015-11-23,10:00:00,4.5,4.5,4.49,4.49,6000,0
2015-11-23,10:05:00,4.5,4.5,4.49,4.49,7200,0
2015-11-23,10:10:00,4.53,4.55,4.53,4.55,2733,0
2015-11-23,10:15:00,4.52,4.52,4.49,4.49,7000,0
2015-11-23,10:20:00,4.52,4.53,4.52,4.53,2000,0
2015-11-23,10:25:00,4.5,4.5,4.47,4.5,131500,0
2015-11-23,10:30:00,4.49,4.49,4.47,4.48,20502,0
2015-11-23,10:40:00,4.49,4.49,4.47,4.47,1950,0
2015-11-23,10:45:00,4.5,4.5,4.5,4.5,398,0
2015-11-23,11:00:00,4.48,4.48,4.47,4.47,1450,0
2015-11-23,11:10:00,4.5,4.5,4.47,4.47,2829,0
2015-11-23,11:15:00,4.48,4.48,4.48,4.48,500,0
2015-11-23,11:30:00,4.48,4.48,4.48,4.48,100,0
2015-11-23,11:45:00,4.48,4.48,4.48,4.48,1200,0
2015-11-23,11:55:00,4.49,4.49,4.49,4.49,89,0
2015-11-23,12:05:00,4.47,4.47,4.47,4.47,14102,0
2015-11-23,12:20:00,4.46,4.46,4.46,4.46,700,0
2015-11-23,12:30:00,4.47,4.47,4.47,4.47,1300,0
2015-11-23,12:50:00,4.46,4.48,4.46,4.48,1147,0
2015-11-23,13:10:00,4.48,4.49,4.48,4.49,941,0
2015-11-23,13:15:00,4.5,4.5,4.5,4.5,959,0
2015-11-23,14:15:00,4.49,4.49,4.49,4.49,1000,0
2015-11-23,14:20:00,4.48,4.48,4.48,4.48,50,0
2015-11-23,14:25:00,4.47,4.47,4.47,4.47,2100,0
2015-11-23,14:40:00,4.46,4.46,4.46,4.46,3473,0
2015-11-23,14:45:00,4.46,4.46,4.46,4.46,900,0
2015-11-23,15:00:00,4.46,4.46,4.45,4.45,3950,0
2015-11-23,15:05:00,4.44,4.44,4.43,4.43,1914,0
2015-11-23,15:10:00,4.45,4.45,4.45,4.45,500,0
2015-11-23,15:45:00,4.43,4.43,4.43,4.43,1586,0
2015-11-23,15:55:00,4.44,4.44,4.44,4.44,450,0
2015-11-23,16:15:00,4.44,4.45,4.44,4.45,2617,0
2015-11-23,16:30:00,4.45,4.45,4.45,4.45,250,0
2015-11-23,16:35:00,4.45,4.45,4.45,4.45,100,0
2015-11-23,16:45:00,4.44,4.44,4.44,4.44,250,0
2015-11-23,16:50:00,4.43,4.43,4.41,4.41,18253,0
2015-11-24,09:05:00,4.45,4.45,4.45,4.45,500,0
2015-11-24,09:10:00,4.44,4.44,4.44,4.44,1,0
2015-11-24,09:40:00,4.42,4.42,4.42,4.42,389,0
2015-11-24,10:00:00,4.42,4.48,4.42,4.48,12071,0
2015-11-24,10:10:00,4.43,4.43,4.43,4.43,981,0
2015-11-24,10:20:00,4.43,4.45,4.43,4.45,543,0
2015-11-24,11:00:00,4.43,4.43,4.43,4.43,218,0
2015-11-24,11:05:00,4.43,4.43,4.42,4.42,753,0
2015-11-24,11:10:00,4.41,4.41,4.4,4.4,3189,0
2015-11-24,11:35:00,4.39,4.39,4.35,4.35,2046,0
2015-11-24,11:40:00,4.35,4.35,4.34,4.34,1501,0
2015-11-24,11:45:00,4.37,4.42,4.37,4.42,6000,0
2015-11-24,12:15:00,4.38,4.38,4.38,4.38,750,0
2015-11-24,12:50:00,4.37,4.37,4.35,4.35,2104,0
2015-11-24,13:25:00,4.37,4.37,4.37,4.37,479,0
2015-11-24,13:50:00,4.36,4.36,4.35,4.36,3500,0
2015-11-24,14:05:00,4.35,4.35,4.35,4.35,250,0
2015-11-24,14:10:00,4.36,4.37,4.33,4.33,3800,0
2015-11-24,14:20:00,4.33,4.33,4.33,4.33,1000,0
2015-11-24,14:50:00,4.35,4.35,4.35,4.35,1228,0
2015-11-24,15:00:00,4.35,4.35,4.35,4.35,400,0
2015-11-24,15:35:00,4.34,4.34,4.34,4.34,454,0
2015-11-24,15:40:00,4.35,4.35,4.35,4.35,697,0
2015-11-24,15:45:00,4.35,4.36,4.35,4.36,555,0
2015-11-24,16:00:00,4.37,4.37,4.37,4.37,500,0
2015-11-24,16:15:00,4.37,4.37,4.37,4.37,400,0
2015-11-24,16:25:00,4.37,4.37,4.36,4.36,350,0
2015-11-24,16:30:00,4.36,4.37,4.36,4.37,500,0
2015-11-24,16:35:00,4.37,4.37,4.37,4.37,1000,0
2015-11-24,16:50:00,4.37,4.37,4.37,4.37,9509,0
2015-11-25,09:05:00,4.36,4.36,4.35,4.35,6051,0
2015-11-25,09:20:00,4.36,4.39,4.36,4.39,3092,0
2015-11-25,09:35:00,4.38,4.38,4.38,4.38,191,0
2015-11-25,10:00:00,4.39,4.39,4.39,4.39,500,0
2015-11-25,10:10:00,4.39,4.4,4.39,4.4,2122,0
2015-11-25,10:20:00,4.41,4.45,4.41,4.45,51,0
2015-11-25,11:15:00,4.39,4.39,4.38,4.38,887,0
2015-11-25,11:45:00,4.36,4.36,4.36,4.36,1000,0
2015-11-25,12:15:00,4.38,4.38,4.37,4.37,564,0
2015-11-25,13:10:00,4.37,4.37,4.37,4.37,600,0
2015-11-25,13:20:00,4.37,4.39,4.37,4.39,2000,0
2015-11-25,13:50:00,4.39,4.39,4.39,4.39,1000,0
2015-11-25,14:15:00,4.39,4.4,4.39,4.4,225,0
2015-11-25,14:50:00,4.4,4.4,4.4,4.4,1910,0
2015-11-25,16:00:00,4.39,4.4,4.39,4.4,3000,0
2015-11-25,16:50:00,4.4,4.4,4.4,4.4,1,0
2015-11-26,09:05:00,4.4,4.4,4.39,4.4,2204,0
2015-11-26,09:15:00,4.4,4.4,4.4,4.4,1000,0
2015-11-26,10:00:00,4.39,4.39,4.39,4.39,951,0
2015-11-26,10:45:00,4.39,4.39,4.39,4.39,180,0
2015-11-26,11:45:00,4.38,4.38,4.38,4.38,170,0
2015-11-26,12:15:00,4.37,4.39,4.36,4.39,11801,0
2015-11-26,12:20:00,4.36,4.38,4.35,4.38,10444,0
2015-11-26,12:30:00,4.34,4.34,4.34,4.34,1000,0
2015-11-26,12:40:00,4.35,4.35,4.35,4.35,450,0
2015-11-26,12:50:00,4.34,4.34,4.34,4.34,300,0
2015-11-26,13:25:00,4.34,4.34,4.34,4.34,650,0
2015-11-26,13:35:00,4.35,4.35,4.35,4.35,390,0
2015-11-26,13:40:00,4.36,4.37,4.36,4.37,2500,0
2015-11-26,14:15:00,4.35,4.35,4.35,4.35,398,0
2015-11-26,14:25:00,4.35,4.35,4.31,4.31,12199,0
2015-11-26,14:35:00,4.31,4.31,4.3,4.3,5500,0
2015-11-26,14:50:00,4.34,4.34,4.34,4.34,4,0
2015-11-26,16:10:00,4.34,4.34,4.34,4.34,1000,0
2015-11-26,16:45:00,4.34,4.34,4.32,4.32,1180,0
2015-11-26,16:50:00,4.32,4.32,4.31,4.32,4409,0
2015-11-27,09:05:00,4.32,4.32,4.32,4.32,30,0
2015-11-27,10:00:00,4.33,4.33,4.32,4.32,1500,0
2015-11-27,11:05:00,4.32,4.32,4.32,4.32,1948,0
2015-11-27,11:10:00,4.32,4.32,4.32,4.32,55,0
2015-11-27,11:20:00,4.32,4.32,4.32,4.32,2300,0
2015-11-27,11:50:00,4.32,4.32,4.32,4.32,2000,0
2015-11-27,12:25:00,4.34,4.34,4.34,4.34,9832,0
2015-11-27,13:30:00,4.33,4.33,4.33,4.33,1000,0
2015-11-27,14:55:00,4.32,4.32,4.32,4.32,2200,0
2015-11-27,15:20:00,4.31,4.31,4.31,4.31,1000,0
2015-11-27,15:50:00,4.31,4.31,4.3,4.3,2000,0
2015-11-27,15:55:00,4.3,4.33,4.3,4.33,1185,0
2015-11-27,16:00:00,4.33,4.33,4.33,4.33,500,0
2015-11-27,16:15:00,4.3,4.3,4.3,4.3,2300,0
2015-11-27,16:25:00,4.31,4.31,4.31,4.31,1121,0
2015-11-27,16:50:00,4.33,4.33,4.3,4.3,11039,0
2015-11-30,09:05:00,4.35,4.35,4.35,4.35,1833,0
2015-11-30,09:10:00,4.35,4.35,4.35,4.35,1363,0
2015-11-30,09:20:00,4.35,4.35,4.35,4.35,100,0
2015-11-30,09:35:00,4.31,4.31,4.31,4.31,100,0
2015-11-30,09:40:00,4.3,4.3,4.3,4.3,399,0
2015-11-30,09:50:00,4.28,4.28,4.25,4.25,21833,0
2015-11-30,10:05:00,4.25,4.25,4.25,4.25,774,0
2015-11-30,10:25:00,4.24,4.24,4.22,4.22,8635,0
2015-11-30,10:30:00,4.25,4.25,4.25,4.25,3585,0
2015-11-30,10:40:00,4.26,4.26,4.26,4.26,210,0
2015-11-30,10:45:00,4.26,4.26,4.26,4.26,1063,0
2015-11-30,10:50:00,4.26,4.26,4.26,4.26,941,0
2015-11-30,10:55:00,4.27,4.27,4.27,4.27,1958,0
2015-11-30,11:00:00,4.27,4.27,4.27,4.27,1191,0
2015-11-30,11:10:00,4.27,4.27,4.27,4.27,100,0
2015-11-30,11:15:00,4.26,4.26,4.26,4.26,500,0
2015-11-30,11:20:00,4.24,4.24,4.24,4.24,189,0
2015-11-30,11:55:00,4.25,4.25,4.25,4.25,500,0
2015-11-30,12:05:00,4.27,4.27,4.27,4.27,80,0
2015-11-30,12:15:00,4.27,4.27,4.27,4.27,1299,0
2015-11-30,12:20:00,4.28,4.28,4.28,4.28,4955,0
2015-11-30,12:30:00,4.25,4.26,4.25,4.26,500,0
2015-11-30,12:50:00,4.29,4.29,4.29,4.29,5,0
2015-11-30,13:30:00,4.29,4.3,4.26,4.26,1382,0
2015-11-30,13:35:00,4.27,4.27,4.27,4.27,232,0
2015-11-30,13:55:00,4.3,4.3,4.3,4.3,501,0
2015-11-30,14:40:00,4.3,4.3,4.3,4.3,317,0
2015-11-30,15:10:00,4.29,4.29,4.29,4.29,877,0
2015-11-30,15:40:00,4.3,4.3,4.3,4.3,5,0
2015-11-30,15:50:00,4.3,4.3,4.29,4.29,2123,0
2015-11-30,16:25:00,4.28,4.28,4.28,4.28,1000,0
2015-11-30,16:35:00,4.29,4.29,4.29,4.29,77,0
2015-11-30,16:40:00,4.3,4.3,4.3,4.3,3479,0
2015-11-30,16:45:00,4.3,4.3,4.3,4.3,2000,0
2015-11-30,16:50:00,4.3,4.3,4.3,4.3,159,0
2015-12-01,09:05:00,4.34,4.34,4.34,4.34,175,0
2015-12-01,09:10:00,4.31,4.31,4.3,4.3,335,0
2015-12-01,09:15:00,4.33,4.33,4.33,4.33,1,0
2015-12-01,09:35:00,4.27,4.27,4.27,4.27,500,0
2015-12-01,09:50:00,4.27,4.28,4.27,4.28,2350,0
2015-12-01,10:05:00,4.32,4.32,4.32,4.32,5,0
2015-12-01,10:45:00,4.32,4.32,4.32,4.32,95,0
2015-12-01,11:00:00,4.29,4.29,4.29,4.29,300,0
2015-12-01,11:10:00,4.28,4.28,4.28,4.28,1350,0
2015-12-01,11:15:00,4.28,4.28,4.28,4.28,5,0
2015-12-01,11:30:00,4.28,4.28,4.28,4.28,2000,0
2015-12-01,12:20:00,4.27,4.27,4.27,4.27,3000,0
2015-12-01,12:25:00,4.27,4.27,4.27,4.27,100,0
2015-12-01,12:30:00,4.26,4.26,4.26,4.26,2000,0
2015-12-01,13:10:00,4.27,4.28,4.27,4.28,2102,0
2015-12-01,13:35:00,4.28,4.28,4.28,4.28,550,0
2015-12-01,14:20:00,4.26,4.26,4.26,4.26,1517,0
2015-12-01,14:35:00,4.28,4.28,4.28,4.28,200,0
2015-12-01,15:10:00,4.27,4.27,4.27,4.27,2222,0
2015-12-01,16:00:00,4.27,4.27,4.27,4.27,1600,0
2015-12-01,16:35:00,4.27,4.27,4.27,4.27,637,0
2015-12-01,16:50:00,4.28,4.28,4.28,4.28,427,0
2015-12-02,09:05:00,4.29,4.29,4.28,4.28,1001,0
2015-12-02,09:15:00,4.29,4.29,4.29,4.29,999,0
2015-12-02,09:35:00,4.29,4.29,4.29,4.29,2250,0
2015-12-02,10:00:00,4.29,4.3,4.29,4.3,1170,0
2015-12-02,10:05:00,4.3,4.3,4.27,4.27,200,0
2015-12-02,10:55:00,4.27,4.27,4.26,4.26,1400,0
2015-12-02,11:05:00,4.26,4.26,4.26,4.26,400,0
2015-12-02,11:10:00,4.26,4.26,4.26,4.26,8,0
2015-12-02,11:40:00,4.29,4.29,4.29,4.29,5,0
2015-12-02,12:30:00,4.25,4.25,4.23,4.23,1900,0
2015-12-02,12:40:00,4.23,4.23,4.23,4.23,2433,0
2015-12-02,13:05:00,4.22,4.22,4.22,4.22,230,0
2015-12-02,13:10:00,4.22,4.22,4.22,4.22,240,0
2015-12-02,13:15:00,4.25,4.25,4.25,4.25,5,0
2015-12-02,13:20:00,4.24,4.24,4.24,4.24,144,0
2015-12-02,13:30:00,4.22,4.22,4.22,4.22,334,0
2015-12-02,13:40:00,4.24,4.24,4.24,4.24,500,0
2015-12-02,13:45:00,4.24,4.24,4.24,4.24,500,0
2015-12-02,13:50:00,4.24,4.24,4.24,4.24,500,0
2015-12-02,13:55:00,4.24,4.25,4.24,4.25,465,0
2015-12-02,14:30:00,4.25,4.25,4.25,4.25,244,0
2015-12-02,14:45:00,4.22,4.22,4.01,4.12,62484,0
2015-12-02,14:55:00,4.11,4.11,4.1,4.1,993,0
2015-12-02,15:00:00,4.1,4.1,4.04,4.04,6760,0
2015-12-02,15:05:00,4.04,4.06,4.03,4.06,1200,0
2015-12-02,15:10:00,4.06,4.08,4.05,4.08,502328,0
2015-12-02,15:15:00,4.08,4.09,4.08,4.09,1902,0
2015-12-02,15:20:00,4.09,4.1,4.09,4.1,2942,0
2015-12-02,15:25:00,4.11,4.13,4.11,4.12,4600,0
2015-12-02,15:30:00,4.11,4.11,4.1,4.1,1500,0
2015-12-02,15:35:00,4.11,4.12,4.11,4.12,588,0
2015-12-02,15:40:00,4.12,4.14,4.12,4.14,3958,0
2015-12-02,15:45:00,4.14,4.15,4.14,4.15,1012,0
2015-12-02,15:50:00,4.15,4.17,4.15,4.17,165,0
2015-12-02,15:55:00,4.17,4.18,4.17,4.18,4338,0
2015-12-02,16:00:00,4.18,4.18,4.18,4.18,500,0
2015-12-02,16:05:00,4.18,4.19,4.18,4.19,726,0
2015-12-02,16:10:00,4.19,4.2,4.19,4.19,4628,0
2015-12-02,16:15:00,4.22,4.22,4.22,4.22,10,0
2015-12-02,16:20:00,4.22,4.22,4.22,4.22,500,0
2015-12-02,16:30:00,4.22,4.22,4.22,4.22,459,0
2015-12-02,16:40:00,4.22,4.22,4.22,4.22,690,0
2015-12-02,16:45:00,4.2,4.2,4.2,4.2,2000,0
2015-12-02,16:50:00,4.2,4.2,4.2,4.2,1662,0
2015-12-03,09:05:00,4.24,4.24,4.24,4.24,1,0
2015-12-03,09:10:00,4.24,4.24,4.24,4.24,500,0
2015-12-03,09:35:00,4.19,4.19,4.18,4.18,1129,0
2015-12-03,09:40:00,4.24,4.24,4.24,4.24,412,0
2015-12-03,10:50:00,4.22,4.22,4.22,4.22,233,0
2015-12-03,11:30:00,4.2,4.2,4.2,4.2,1970,0
2015-12-03,11:35:00,4.22,4.22,4.22,4.22,180,0
2015-12-03,13:05:00,4.22,4.22,4.22,4.22,1280,0
2015-12-03,13:40:00,4.2,4.2,4.2,4.2,2000,0
2015-12-03,13:50:00,4.2,4.2,4.2,4.2,287,0
2015-12-03,14:35:00,4.2,4.2,4.2,4.2,420,0
2015-12-03,15:05:00,4.22,4.22,4.22,4.22,415,0
2015-12-03,15:10:00,4.22,4.22,4.22,4.22,85,0
2015-12-03,15:15:00,4.23,4.23,4.23,4.23,300,0
2015-12-03,15:30:00,4.2,4.2,4.2,4.2,115,0
2015-12-03,15:40:00,4.23,4.23,4.23,4.23,3,0
2015-12-03,16:50:00,4.23,4.23,4.23,4.23,1,0
2015-12-04,09:05:00,4.2,4.2,4.18,4.18,5751,0
2015-12-04,09:20:00,4.21,4.21,4.18,4.21,714,0
2015-12-04,09:50:00,4.19,4.19,4.18,4.18,2262,0
2015-12-04,10:00:00,4.21,4.21,4.21,4.21,3,0
2015-12-04,10:50:00,4.18,4.18,4.18,4.18,1310,0
2015-12-04,11:30:00,4.18,4.18,4.18,4.18,500,0
2015-12-04,11:45:00,4.19,4.19,4.19,4.19,1000,0
2015-12-04,11:50:00,4.19,4.19,4.18,4.18,334,0
2015-12-04,12:30:00,4.18,4.18,4.18,4.18,130,0
2015-12-04,12:55:00,4.15,4.15,4.15,4.15,1000,0
2015-12-04,13:00:00,4.15,4.15,4.15,4.15,870,0
2015-12-04,13:20:00,4.18,4.18,4.18,4.18,880,0
2015-12-04,13:30:00,4.2,4.2,4.2,4.2,1250,0
2015-12-04,13:35:00,4.21,4.21,4.21,4.21,77,0
2015-12-04,13:40:00,4.2,4.23,4.2,4.23,506,0
2015-12-04,13:50:00,4.23,4.23,4.23,4.23,100,0
2015-12-04,14:05:00,4.23,4.23,4.23,4.23,1049,0
2015-12-04,14:30:00,4.25,4.25,4.25,4.25,1,0
2015-12-04,15:15:00,4.21,4.21,4.2,4.2,100,0
2015-12-04,15:35:00,4.2,4.2,4.2,4.2,5000,0
2015-12-04,15:55:00,4.19,4.19,4.19,4.19,5957,0
2015-12-04,16:25:00,4.23,4.23,4.23,4.23,5,0
2015-12-04,16:35:00,4.22,4.22,4.22,4.22,20,0
2015-12-04,16:50:00,4.22,4.22,4.22,4.22,1,0
