2015-10-27,09:05:00,13.12,13.12,13.12,13.12,67,0
2015-10-27,09:10:00,13.26,13.26,13.2,13.2,1377,0
2015-10-27,09:15:00,13.28,13.28,13.2,13.2,3899,0
2015-10-27,09:20:00,13.22,13.29,13.22,13.29,3003,0
2015-10-27,09:25:00,13.27,13.28,13.25,13.25,3146,0
2015-10-27,09:30:00,13.24,13.24,13.22,13.22,2476,0
2015-10-27,09:35:00,13.22,13.24,13.21,13.23,3740,0
2015-10-27,09:40:00,13.22,13.25,13.22,13.25,3593,0
2015-10-27,09:45:00,13.23,13.27,13.22,13.22,4537,0
2015-10-27,09:50:00,13.22,13.22,13.21,13.21,1766,0
2015-10-27,10:00:00,13.23,13.23,13.23,13.23,1069,0
2015-10-27,10:05:00,13.23,13.26,13.23,13.23,3663,0
2015-10-27,10:10:00,13.21,13.21,13.21,13.21,322,0
2015-10-27,10:20:00,13.21,13.23,13.21,13.23,163,0
2015-10-27,10:25:00,13.21,13.21,13.21,13.21,2488,0
2015-10-27,10:30:00,13.23,13.24,13.23,13.23,2684,0
2015-10-27,10:35:00,13.22,13.22,13.21,13.21,1059,0
2015-10-27,10:40:00,13.21,13.21,13.21,13.21,3487,0
2015-10-27,10:45:00,13.22,13.26,13.22,13.24,3217,0
2015-10-27,10:55:00,13.26,13.26,13.24,13.26,234,0
2015-10-27,11:00:00,13.26,13.26,13.25,13.26,568,0
2015-10-27,11:05:00,13.26,13.27,13.26,13.27,2015,0
2015-10-27,11:10:00,13.28,13.29,13.28,13.29,2040,0
2015-10-27,11:15:00,13.28,13.28,13.23,13.23,1174,0
2015-10-27,11:20:00,13.23,13.27,13.23,13.27,610,0
2015-10-27,11:25:00,13.27,13.27,13.27,13.27,1664,0
2015-10-27,11:30:00,13.27,13.28,13.26,13.27,5383,0
2015-10-27,11:35:00,13.26,13.27,13.25,13.25,3476,0
2015-10-27,11:40:00,13.25,13.26,13.25,13.25,1393,0
2015-10-27,11:45:00,13.25,13.26,13.25,13.25,760,0
2015-10-27,11:50:00,13.26,13.28,13.25,13.28,4945,0
2015-10-27,11:55:00,13.26,13.26,13.26,13.26,2014,0
2015-10-27,12:00:00,13.26,13.26,13.26,13.26,2055,0
2015-10-27,12:05:00,13.26,13.35,13.26,13.35,20815,0
2015-10-27,12:10:00,13.34,13.34,13.3,13.32,7821,0
2015-10-27,12:15:00,13.31,13.31,13.3,13.3,1056,0
2015-10-27,12:25:00,13.28,13.32,13.28,13.32,1362,0
2015-10-27,12:35:00,13.29,13.29,13.28,13.28,1443,0
2015-10-27,12:40:00,13.28,13.28,13.25,13.26,3230,0
2015-10-27,12:45:00,13.26,13.27,13.22,13.22,2886,0
2015-10-27,12:55:00,13.23,13.27,13.23,13.27,2825,0
2015-10-27,13:05:00,13.24,13.24,13.15,13.19,16039,0
2015-10-27,13:10:00,13.17,13.18,13.17,13.18,533,0
2015-10-27,13:15:00,13.18,13.19,13.18,13.18,439,0
2015-10-27,13:20:00,13.18,13.18,13.16,13.17,7656,0
2015-10-27,13:25:00,13.17,13.17,13.15,13.15,4291,0
2015-10-27,13:30:00,13.15,13.15,13.15,13.15,1170,0
2015-10-27,13:35:00,13.15,13.18,13.14,13.15,21569,0
2015-10-27,13:40:00,13.15,13.15,13.15,13.15,519,0
2015-10-27,13:45:00,13.15,13.15,13.15,13.15,3109,0
2015-10-27,13:50:00,13.15,13.15,13.15,13.15,523,0
2015-10-27,13:55:00,13.15,13.15,13.15,13.15,259,0
2015-10-27,14:00:00,13.17,13.17,13.15,13.15,1028,0
2015-10-27,14:05:00,13.15,13.17,13.15,13.15,1884,0
2015-10-27,14:10:00,13.18,13.18,13.15,13.18,730,0
2015-10-27,14:15:00,13.15,13.16,13.12,13.16,7119,0
2015-10-27,14:20:00,13.16,13.16,13.12,13.12,574,0
2015-10-27,14:25:00,13.13,13.16,13.13,13.15,3770,0
2015-10-27,14:30:00,13.15,13.17,13.11,13.13,13261,0
2015-10-27,14:35:00,13.13,13.14,13.13,13.14,160,0
2015-10-27,14:40:00,13.13,13.15,13.13,13.13,8855,0
2015-10-27,14:45:00,13.14,13.14,13.13,13.13,2173,0
2015-10-27,14:50:00,13.14,13.14,13.14,13.14,79,0
2015-10-27,14:55:00,13.14,13.14,13.13,13.14,2066,0
2015-10-27,15:00:00,13.15,13.15,13.12,13.14,11618,0
2015-10-27,15:05:00,13.14,13.14,13.14,13.14,234,0
2015-10-27,15:10:00,13.12,13.14,13.12,13.14,1552,0
2015-10-27,15:15:00,13.12,13.18,13.12,13.16,42755,0
2015-10-27,15:20:00,13.16,13.16,13.16,13.16,3302,0
2015-10-27,15:25:00,13.19,13.19,13.18,13.18,546,0
2015-10-27,15:30:00,13.17,13.17,13.16,13.16,9376,0
2015-10-27,15:35:00,13.16,13.18,13.16,13.16,4515,0
2015-10-27,15:40:00,13.16,13.16,13.16,13.16,818,0
2015-10-27,15:45:00,13.19,13.24,13.18,13.24,11515,0
2015-10-27,15:50:00,13.24,13.27,13.19,13.19,10094,0
2015-10-27,15:55:00,13.19,13.19,13.19,13.19,1425,0
2015-10-27,16:00:00,13.16,13.18,13.16,13.17,2310,0
2015-10-27,16:05:00,13.2,13.2,13.2,13.2,629,0
2015-10-27,16:10:00,13.2,13.26,13.2,13.24,20216,0
2015-10-27,16:15:00,13.25,13.26,13.16,13.16,10298,0
2015-10-27,16:20:00,13.22,13.22,13.19,13.21,1921,0
2015-10-27,16:25:00,13.2,13.24,13.18,13.2,10144,0
2015-10-27,16:30:00,13.23,13.24,13.2,13.2,2358,0
2015-10-27,16:35:00,13.22,13.22,13.22,13.22,78,0
2015-10-27,16:40:00,13.22,13.22,13.2,13.22,2137,0
2015-10-27,16:45:00,13.22,13.22,13.2,13.2,3001,0
2015-10-27,16:50:00,13.2,13.22,13.2,13.22,63376,0
2015-10-28,09:05:00,13.28,13.28,13.28,13.28,35,0
2015-10-28,09:20:00,13.23,13.27,13.23,13.27,2151,0
2015-10-28,09:30:00,13.24,13.24,13.24,13.24,100,0
2015-10-28,09:35:00,13.25,13.25,13.25,13.25,70,0
2015-10-28,09:40:00,13.22,13.22,13.22,13.22,310,0
2015-10-28,09:45:00,13.22,13.22,13.18,13.18,3314,0
2015-10-28,09:50:00,13.18,13.18,13.18,13.18,880,0
2015-10-28,09:55:00,13.19,13.24,13.19,13.24,832,0
2015-10-28,10:00:00,13.2,13.2,13.19,13.19,614,0
2015-10-28,10:10:00,13.19,13.19,13.19,13.19,3172,0
2015-10-28,10:25:00,13.16,13.16,13.16,13.16,431,0
2015-10-28,10:30:00,13.18,13.18,13.18,13.18,880,0
2015-10-28,10:35:00,13.21,13.22,13.21,13.22,1488,0
2015-10-28,10:40:00,13.21,13.22,13.21,13.22,1492,0
2015-10-28,10:45:00,13.25,13.29,13.25,13.29,3605,0
2015-10-28,10:55:00,13.25,13.25,13.25,13.25,3629,0
2015-10-28,11:00:00,13.29,13.29,13.25,13.25,283,0
2015-10-28,11:05:00,13.25,13.26,13.25,13.26,472,0
2015-10-28,11:10:00,13.23,13.23,13.23,13.23,788,0
2015-10-28,11:15:00,13.21,13.21,13.2,13.2,7292,0
2015-10-28,11:20:00,13.2,13.27,13.17,13.27,35001,0
2015-10-28,11:25:00,13.26,13.26,13.17,13.18,7386,0
2015-10-28,11:30:00,13.19,13.23,13.19,13.23,1116,0
2015-10-28,11:35:00,13.24,13.24,13.16,13.17,54950,0
2015-10-28,11:40:00,13.22,13.35,13.22,13.34,13624,0
2015-10-28,11:45:00,13.35,13.35,13.19,13.24,18231,0
2015-10-28,11:50:00,13.24,13.32,13.24,13.31,5788,0
2015-10-28,11:55:00,13.28,13.28,13.28,13.28,326,0
2015-10-28,12:00:00,13.27,13.27,13.24,13.27,3195,0
2015-10-28,12:05:00,13.27,13.3,13.27,13.28,3267,0
2015-10-28,12:10:00,13.28,13.28,13.27,13.27,271,0
2015-10-28,12:15:00,13.28,13.28,13.25,13.26,1488,0
2015-10-28,12:20:00,13.26,13.3,13.24,13.24,3199,0
2015-10-28,12:25:00,13.24,13.24,13.24,13.24,854,0
2015-10-28,12:35:00,13.23,13.23,13.2,13.2,4346,0
2015-10-28,12:40:00,13.21,13.23,13.21,13.23,1000,0
2015-10-28,12:45:00,13.21,13.21,13.21,13.21,15,0
2015-10-28,12:50:00,13.22,13.23,13.21,13.21,1577,0
2015-10-28,12:55:00,13.23,13.24,13.23,13.24,2689,0
2015-10-28,13:05:00,13.22,13.23,13.21,13.23,1351,0
2015-10-28,13:10:00,13.21,13.21,13.21,13.21,1696,0
2015-10-28,13:15:00,13.22,13.23,13.22,13.23,3000,0
2015-10-28,13:20:00,13.23,13.23,13.23,13.23,1496,0
2015-10-28,13:25:00,13.23,13.29,13.23,13.25,8000,0
2015-10-28,13:30:00,13.26,13.3,13.25,13.26,4792,0
2015-10-28,13:35:00,13.27,13.27,13.25,13.25,1894,0
2015-10-28,13:40:00,13.25,13.26,13.23,13.23,5254,0
2015-10-28,13:50:00,13.22,13.22,13.22,13.22,736,0
2015-10-28,13:55:00,13.22,13.23,13.21,13.21,1385,0
2015-10-28,14:00:00,13.22,13.22,13.22,13.22,646,0
2015-10-28,14:05:00,13.23,13.25,13.22,13.25,7505,0
2015-10-28,14:10:00,13.24,13.25,13.24,13.24,4025,0
2015-10-28,14:15:00,13.24,13.24,13.24,13.24,658,0
2015-10-28,14:20:00,13.24,13.24,13.23,13.23,2392,0
2015-10-28,14:25:00,13.22,13.23,13.22,13.23,1825,0
2015-10-28,14:30:00,13.24,13.25,13.23,13.25,5977,0
2015-10-28,14:35:00,13.23,13.23,13.22,13.22,1052,0
2015-10-28,14:40:00,13.21,13.21,13.2,13.2,1122,0
2015-10-28,14:45:00,13.2,13.22,13.2,13.22,4571,0
2015-10-28,14:55:00,13.2,13.2,13.2,13.2,67,0
2015-10-28,15:00:00,13.2,13.21,13.2,13.21,2195,0
2015-10-28,15:05:00,13.21,13.23,13.2,13.23,2047,0
2015-10-28,15:15:00,13.22,13.22,13.2,13.21,20538,0
2015-10-28,15:20:00,13.18,13.18,13.18,13.18,1015,0
2015-10-28,15:30:00,13.18,13.19,13.18,13.19,3253,0
2015-10-28,15:40:00,13.19,13.22,13.19,13.19,1370,0
2015-10-28,15:45:00,13.19,13.2,13.19,13.2,1351,0
2015-10-28,15:50:00,13.21,13.22,13.21,13.22,808,0
2015-10-28,15:55:00,13.21,13.23,13.21,13.23,10129,0
2015-10-28,16:05:00,13.22,13.23,13.17,13.2,16865,0
2015-10-28,16:10:00,13.19,13.28,13.19,13.21,30106,0
2015-10-28,16:20:00,13.2,13.2,13.2,13.2,2825,0
2015-10-28,16:25:00,13.2,13.2,13.17,13.17,4044,0
2015-10-28,16:30:00,13.17,13.18,13.17,13.18,1553,0
2015-10-28,16:35:00,13.18,13.18,13.17,13.17,958,0
2015-10-28,16:40:00,13.17,13.17,13.17,13.17,68,0
2015-10-28,16:45:00,13.17,13.17,13.17,13.17,104,0
2015-10-28,16:50:00,13.17,13.24,13.17,13.24,53303,0
2015-10-29,09:05:00,13.24,13.24,13.04,13.04,20264,0
2015-10-29,09:10:00,13.05,13.14,13.05,13.14,3629,0
2015-10-29,09:15:00,13.14,13.14,13.13,13.13,1786,0
2015-10-29,09:20:00,13.06,13.06,13.05,13.06,1041,0
2015-10-29,09:25:00,13.05,13.05,13.01,13.03,4861,0
2015-10-29,09:30:00,13.02,13.02,12.99,12.99,10612,0
2015-10-29,09:35:00,13,13,12.9,12.91,10708,0
2015-10-29,09:40:00,12.94,12.97,12.93,12.96,5290,0
2015-10-29,09:45:00,12.97,12.97,12.95,12.95,5481,0
2015-10-29,09:50:00,12.95,12.96,12.94,12.96,12404,0
2015-10-29,09:55:00,13,13.01,12.97,12.98,10142,0
2015-10-29,10:00:00,13.04,13.04,13,13,3271,0
2015-10-29,10:05:00,13.04,13.04,12.97,12.97,7282,0
2015-10-29,10:10:00,12.98,13.05,12.97,13,1813,0
2015-10-29,10:15:00,13,13,13,13,782,0
2015-10-29,10:20:00,13.01,13.06,12.95,12.95,29384,0
2015-10-29,10:25:00,12.96,12.96,12.95,12.95,5460,0
2015-10-29,10:30:00,12.95,12.96,12.92,12.96,10377,0
2015-10-29,10:35:00,12.92,12.95,12.92,12.95,4221,0
2015-10-29,10:40:00,12.94,12.94,12.81,12.81,47224,0
2015-10-29,10:45:00,12.85,12.9,12.85,12.89,8048,0
2015-10-29,10:50:00,12.88,12.92,12.86,12.92,15866,0
2015-10-29,10:55:00,12.92,12.92,12.91,12.92,4300,0
2015-10-29,11:00:00,12.9,12.99,12.9,12.99,1176,0
2015-10-29,11:05:00,12.94,12.96,12.93,12.95,91196,0
2015-10-29,11:10:00,12.97,12.97,12.93,12.95,12739,0
2015-10-29,11:15:00,12.93,13,12.93,13,3248,0
2015-10-29,11:20:00,12.96,12.96,12.96,12.96,782,0
2015-10-29,11:25:00,12.98,12.99,12.96,12.99,3810,0
2015-10-29,11:30:00,12.99,12.99,12.95,12.95,10286,0
2015-10-29,11:35:00,12.96,13,12.95,13,12068,0
2015-10-29,11:40:00,12.95,12.96,12.95,12.95,1578,0
2015-10-29,11:45:00,12.97,12.97,12.95,12.96,5613,0
2015-10-29,11:50:00,12.95,12.95,12.92,12.92,33142,0
2015-10-29,11:55:00,12.94,12.96,12.92,12.93,5803,0
2015-10-29,12:00:00,12.93,12.93,12.92,12.93,2244,0
2015-10-29,12:05:00,12.93,12.93,12.92,12.92,2717,0
2015-10-29,12:10:00,12.92,12.92,12.9,12.9,4884,0
2015-10-29,12:15:00,12.93,12.93,12.9,12.9,4861,0
2015-10-29,12:20:00,12.93,12.94,12.93,12.94,9117,0
2015-10-29,12:25:00,12.98,12.98,12.91,12.92,5102,0
2015-10-29,12:30:00,12.91,12.93,12.91,12.92,642,0
2015-10-29,12:35:00,12.91,12.93,12.91,12.93,1091,0
2015-10-29,12:40:00,12.92,12.93,12.91,12.91,2609,0
2015-10-29,12:45:00,12.91,12.91,12.91,12.91,445,0
2015-10-29,12:50:00,12.9,12.9,12.89,12.9,7251,0
2015-10-29,12:55:00,12.89,12.89,12.86,12.86,3727,0
2015-10-29,13:00:00,12.86,12.91,12.86,12.91,5526,0
2015-10-29,13:05:00,12.93,12.93,12.87,12.87,6503,0
2015-10-29,13:10:00,12.87,12.88,12.85,12.88,5242,0
2015-10-29,13:15:00,12.91,12.91,12.85,12.87,9819,0
2015-10-29,13:20:00,12.86,12.93,12.85,12.88,18912,0
2015-10-29,13:25:00,12.88,12.92,12.88,12.92,5751,0
2015-10-29,13:30:00,12.92,12.92,12.84,12.85,47669,0
2015-10-29,13:35:00,12.91,12.91,12.89,12.89,2492,0
2015-10-29,13:40:00,12.85,12.85,12.82,12.82,5408,0
2015-10-29,13:45:00,12.83,12.83,12.82,12.82,1257,0
2015-10-29,13:50:00,12.83,12.83,12.77,12.78,18442,0
2015-10-29,13:55:00,12.77,12.86,12.77,12.78,7934,0
2015-10-29,14:00:00,12.83,12.83,12.77,12.8,1659,0
2015-10-29,14:05:00,12.77,12.77,12.75,12.77,2762,0
2015-10-29,14:10:00,12.8,12.83,12.79,12.79,2759,0
2015-10-29,14:15:00,12.79,12.83,12.79,12.79,1670,0
2015-10-29,14:20:00,12.79,12.79,12.74,12.77,5999,0
2015-10-29,14:25:00,12.79,12.79,12.77,12.77,2621,0
2015-10-29,14:30:00,12.76,12.78,12.75,12.75,3202,0
2015-10-29,14:35:00,12.75,12.75,12.72,12.74,4835,0
2015-10-29,14:40:00,12.73,12.77,12.72,12.75,6256,0
2015-10-29,14:45:00,12.76,12.83,12.76,12.83,4891,0
2015-10-29,14:50:00,12.83,12.83,12.77,12.77,3024,0
2015-10-29,14:55:00,12.77,12.77,12.75,12.75,5075,0
2015-10-29,15:00:00,12.74,12.75,12.72,12.75,7081,0
2015-10-29,15:05:00,12.74,12.86,12.72,12.86,6921,0
2015-10-29,15:10:00,12.88,12.9,12.71,12.88,22350,0
2015-10-29,15:15:00,12.87,12.87,12.83,12.87,2124,0
2015-10-29,15:20:00,12.84,12.84,12.82,12.84,2720,0
2015-10-29,15:25:00,12.82,12.87,12.82,12.83,8142,0
2015-10-29,15:30:00,12.81,12.81,12.8,12.8,2381,0
2015-10-29,15:35:00,12.85,12.85,12.8,12.8,2294,0
2015-10-29,15:40:00,12.8,12.81,12.8,12.81,16646,0
2015-10-29,15:45:00,12.8,12.81,12.8,12.8,5033,0
2015-10-29,15:50:00,12.8,12.81,12.78,12.78,10495,0
2015-10-29,15:55:00,12.78,12.79,12.77,12.77,3973,0
2015-10-29,16:00:00,12.77,12.79,12.77,12.77,4029,0
2015-10-29,16:05:00,12.77,12.78,12.77,12.78,6924,0
2015-10-29,16:10:00,12.78,12.85,12.78,12.8,10141,0
2015-10-29,16:15:00,12.81,12.81,12.78,12.81,8340,0
2015-10-29,16:20:00,12.82,12.83,12.78,12.8,5012,0
2015-10-29,16:25:00,12.79,12.79,12.77,12.77,7806,0
2015-10-29,16:30:00,12.82,12.82,12.77,12.77,5058,0
2015-10-29,16:35:00,12.77,12.8,12.77,12.8,13289,0
2015-10-29,16:40:00,12.8,12.8,12.79,12.8,5752,0
2015-10-29,16:45:00,12.79,12.81,12.79,12.8,8485,0
2015-10-29,16:50:00,12.79,12.8,12.75,12.77,36532,0
2015-10-30,09:05:00,12.8,12.8,12.8,12.8,100,0
2015-10-30,09:10:00,12.81,12.87,12.81,12.87,254,0
2015-10-30,09:15:00,12.82,12.82,12.8,12.8,613,0
2015-10-30,09:20:00,12.77,12.82,12.77,12.82,112,0
2015-10-30,09:25:00,12.81,12.81,12.79,12.79,870,0
2015-10-30,09:30:00,12.79,12.8,12.77,12.77,521,0
2015-10-30,09:35:00,12.8,12.8,12.78,12.8,1201,0
2015-10-30,09:40:00,12.8,12.8,12.77,12.77,378,0
2015-10-30,09:45:00,12.82,12.84,12.82,12.83,2580,0
2015-10-30,09:50:00,12.83,12.84,12.83,12.84,2040,0
2015-10-30,09:55:00,12.86,12.86,12.83,12.86,1511,0
2015-10-30,10:00:00,12.81,12.81,12.8,12.81,588,0
2015-10-30,10:05:00,12.8,12.8,12.79,12.79,2450,0
2015-10-30,10:10:00,12.79,12.79,12.79,12.79,689,0
2015-10-30,10:15:00,12.81,12.85,12.81,12.85,1178,0
2015-10-30,10:20:00,12.85,12.85,12.85,12.85,319,0
2015-10-30,10:25:00,12.85,12.85,12.81,12.81,3128,0
2015-10-30,10:30:00,12.81,12.81,12.81,12.81,440,0
2015-10-30,10:35:00,12.8,12.8,12.8,12.8,628,0
2015-10-30,10:40:00,12.8,12.8,12.77,12.77,1333,0
2015-10-30,10:45:00,12.8,12.8,12.75,12.75,506,0
2015-10-30,10:50:00,12.75,12.75,12.75,12.75,1366,0
2015-10-30,10:55:00,12.75,12.75,12.75,12.75,628,0
2015-10-30,11:00:00,12.75,12.75,12.73,12.73,847,0
2015-10-30,11:05:00,12.73,12.73,12.71,12.71,5299,0
2015-10-30,11:10:00,12.75,12.75,12.75,12.75,1500,0
2015-10-30,11:15:00,12.71,12.74,12.71,12.71,1176,0
2015-10-30,11:20:00,12.71,12.71,12.7,12.7,3680,0
2015-10-30,11:25:00,12.7,12.73,12.7,12.73,1626,0
2015-10-30,11:30:00,12.73,12.73,12.72,12.72,142,0
2015-10-30,11:35:00,12.72,12.72,12.71,12.71,1563,0
2015-10-30,11:40:00,12.71,12.71,12.7,12.7,928,0
2015-10-30,11:45:00,12.7,12.7,12.69,12.69,1342,0
2015-10-30,11:50:00,12.69,12.7,12.68,12.7,2049,0
2015-10-30,11:55:00,12.7,12.7,12.68,12.68,728,0
2015-10-30,12:00:00,12.7,12.7,12.7,12.7,250,0
2015-10-30,12:05:00,12.68,12.69,12.68,12.69,2385,0
2015-10-30,12:10:00,12.69,12.69,12.66,12.66,1245,0
2015-10-30,12:15:00,12.66,12.66,12.66,12.66,2179,0
2015-10-30,12:20:00,12.65,12.65,12.65,12.65,2663,0
2015-10-30,12:25:00,12.63,12.63,12.62,12.62,3980,0
2015-10-30,12:35:00,12.62,12.64,12.61,12.61,3202,0
2015-10-30,12:40:00,12.61,12.61,12.61,12.61,264,0
2015-10-30,12:45:00,12.61,12.62,12.61,12.62,522,0
2015-10-30,12:50:00,12.61,12.76,12.61,12.67,16124,0
2015-10-30,12:55:00,12.66,12.71,12.66,12.71,4000,0
2015-10-30,13:05:00,12.66,12.66,12.66,12.66,651,0
2015-10-30,13:10:00,12.7,12.71,12.66,12.66,2365,0
2015-10-30,13:20:00,12.68,12.7,12.66,12.69,3889,0
2015-10-30,13:30:00,12.69,12.69,12.69,12.69,50,0
2015-10-30,13:35:00,12.67,12.67,12.65,12.65,4112,0
2015-10-30,13:40:00,12.63,12.65,12.61,12.65,4356,0
2015-10-30,13:45:00,12.65,12.72,12.65,12.67,3691,0
2015-10-30,13:50:00,12.69,12.69,12.69,12.69,64,0
2015-10-30,13:55:00,12.69,12.69,12.6,12.66,3413,0
2015-10-30,14:00:00,12.65,12.76,12.65,12.71,15079,0
2015-10-30,14:10:00,12.72,12.73,12.68,12.68,5519,0
2015-10-30,14:15:00,12.68,12.68,12.6,12.67,11980,0
2015-10-30,14:20:00,12.63,12.66,12.61,12.66,1039,0
2015-10-30,14:25:00,12.66,12.67,12.66,12.67,6073,0
2015-10-30,14:30:00,12.61,12.67,12.61,12.67,498,0
2015-10-30,14:35:00,12.65,12.68,12.6,12.68,7200,0
2015-10-30,14:40:00,12.68,12.72,12.66,12.71,5360,0
2015-10-30,14:45:00,12.7,12.7,12.66,12.66,27,0
2015-10-30,14:50:00,12.66,12.66,12.66,12.66,2636,0
2015-10-30,14:55:00,12.66,12.66,12.65,12.65,2695,0
2015-10-30,15:00:00,12.64,12.64,12.6,12.61,5089,0
2015-10-30,15:05:00,12.61,12.66,12.61,12.66,1881,0
2015-10-30,15:10:00,12.63,12.63,12.63,12.63,2092,0
2015-10-30,15:15:00,12.63,12.63,12.63,12.63,38,0
2015-10-30,15:20:00,12.63,12.63,12.63,12.63,2500,0
2015-10-30,15:25:00,12.63,12.63,12.6,12.61,3712,0
2015-10-30,15:30:00,12.61,12.61,12.61,12.61,3793,0
2015-10-30,15:35:00,12.6,12.6,12.6,12.6,2403,0
2015-10-30,15:40:00,12.62,12.62,12.6,12.6,2355,0
2015-10-30,15:45:00,12.62,12.63,12.62,12.63,4143,0
2015-10-30,15:50:00,12.63,12.66,12.63,12.66,6240,0
2015-10-30,15:55:00,12.66,12.69,12.66,12.69,3519,0
2015-10-30,16:00:00,12.69,12.69,12.69,12.69,2575,0
2015-10-30,16:05:00,12.69,12.69,12.69,12.69,1719,0
2015-10-30,16:10:00,12.69,12.71,12.68,12.71,5401,0
2015-10-30,16:15:00,12.71,12.72,12.7,12.72,7216,0
2015-10-30,16:20:00,12.72,12.84,12.72,12.84,10864,0
2015-10-30,16:25:00,12.84,12.85,12.79,12.79,22080,0
2015-10-30,16:30:00,12.79,12.82,12.75,12.75,2159,0
2015-10-30,16:35:00,12.8,12.8,12.75,12.75,10282,0
2015-10-30,16:40:00,12.75,12.76,12.7,12.76,13433,0
2015-10-30,16:45:00,12.76,12.76,12.72,12.72,15442,0
2015-10-30,16:50:00,12.75,12.83,12.7,12.83,150868,0
2015-11-02,09:05:00,12.71,12.71,12.71,12.71,2528,0
2015-11-02,09:10:00,12.84,12.84,12.81,12.81,420,0
2015-11-02,09:15:00,12.85,12.94,12.74,12.89,11887,0
2015-11-02,09:20:00,12.88,12.9,12.88,12.9,360,0
2015-11-02,09:25:00,12.9,12.91,12.9,12.91,500,0
2015-11-02,09:30:00,12.88,12.93,12.87,12.93,11099,0
2015-11-02,09:35:00,12.94,12.94,12.9,12.91,8220,0
2015-11-02,09:40:00,12.91,12.98,12.87,12.98,3771,0
2015-11-02,09:50:00,12.96,12.96,12.95,12.95,361,0
2015-11-02,09:55:00,12.93,12.95,12.93,12.95,427,0
2015-11-02,10:00:00,12.95,12.96,12.95,12.96,1729,0
2015-11-02,10:05:00,12.95,12.96,12.95,12.96,163,0
2015-11-02,10:10:00,12.95,12.96,12.76,12.89,3098,0
2015-11-02,10:20:00,12.92,12.92,12.92,12.92,1194,0
2015-11-02,10:25:00,12.91,12.93,12.9,12.93,2733,0
2015-11-02,10:30:00,12.92,12.92,12.92,12.92,107,0
2015-11-02,10:35:00,12.91,12.91,12.88,12.88,906,0
2015-11-02,10:40:00,12.88,12.89,12.88,12.89,392,0
2015-11-02,10:45:00,12.91,12.92,12.83,12.87,8751,0
2015-11-02,10:50:00,12.88,12.91,12.87,12.91,2564,0
2015-11-02,10:55:00,12.91,12.91,12.82,12.9,7462,0
2015-11-02,11:00:00,12.83,12.89,12.83,12.89,1206,0
2015-11-02,11:05:00,12.89,12.89,12.82,12.83,1692,0
2015-11-02,11:10:00,12.83,12.86,12.82,12.83,1059,0
2015-11-02,11:15:00,12.86,12.87,12.84,12.87,3042,0
2015-11-02,11:20:00,12.81,12.91,12.81,12.81,5402,0
2015-11-02,11:25:00,12.91,12.91,12.82,12.82,1510,0
2015-11-02,11:30:00,12.9,12.91,12.83,12.9,3234,0
2015-11-02,11:35:00,12.86,12.91,12.83,12.91,5364,0
2015-11-02,11:40:00,12.91,12.91,12.91,12.91,1834,0
2015-11-02,11:45:00,12.91,12.91,12.91,12.91,993,0
2015-11-02,11:50:00,12.9,12.91,12.9,12.91,232,0
2015-11-02,11:55:00,12.91,12.93,12.91,12.93,2353,0
2015-11-02,12:00:00,12.93,12.93,12.9,12.93,5869,0
2015-11-02,12:05:00,12.93,12.93,12.93,12.93,1193,0
2015-11-02,12:10:00,12.93,12.96,12.93,12.96,2453,0
2015-11-02,12:15:00,12.96,12.96,12.96,12.96,1378,0
2015-11-02,12:20:00,12.92,12.95,12.92,12.95,1084,0
2015-11-02,12:25:00,12.96,12.97,12.92,12.96,1911,0
2015-11-02,12:30:00,12.97,12.97,12.96,12.96,1573,0
2015-11-02,12:40:00,12.96,12.97,12.93,12.96,4348,0
2015-11-02,12:45:00,12.96,12.96,12.95,12.95,210,0
2015-11-02,12:50:00,12.95,12.98,12.95,12.98,7366,0
2015-11-02,12:55:00,12.98,12.99,12.95,12.99,825,0
2015-11-02,13:00:00,12.99,12.99,12.95,12.97,1310,0
2015-11-02,13:05:00,12.96,12.96,12.83,12.91,9234,0
2015-11-02,13:10:00,12.91,12.91,12.91,12.91,85,0
2015-11-02,13:15:00,12.91,12.91,12.91,12.91,256,0
2015-11-02,13:20:00,12.88,12.91,12.88,12.91,778,0
2015-11-02,13:25:00,12.91,12.94,12.91,12.94,2057,0
2015-11-02,13:30:00,12.94,12.94,12.94,12.94,842,0
2015-11-02,13:35:00,12.94,12.99,12.94,12.97,6032,0
2015-11-02,13:40:00,12.98,12.98,12.98,12.98,173,0
2015-11-02,13:45:00,12.96,12.97,12.96,12.97,734,0
2015-11-02,13:50:00,12.97,12.97,12.84,12.84,4627,0
2015-11-02,13:55:00,12.86,12.98,12.86,12.92,11310,0
2015-11-02,14:00:00,12.93,12.96,12.92,12.96,2159,0
2015-11-02,14:05:00,12.97,12.99,12.85,12.93,5923,0
2015-11-02,14:10:00,12.93,12.97,12.87,12.97,6115,0
2015-11-02,14:15:00,12.97,12.98,12.94,12.98,1678,0
2015-11-02,14:20:00,12.98,12.99,12.98,12.99,1018,0
2015-11-02,14:30:00,12.98,12.98,12.98,12.98,910,0
2015-11-02,14:35:00,12.98,12.98,12.92,12.92,6044,0
2015-11-02,14:40:00,12.87,12.92,12.87,12.92,1171,0
2015-11-02,14:45:00,12.92,12.92,12.92,12.92,1821,0
2015-11-02,14:50:00,12.92,12.99,12.92,12.99,6180,0
2015-11-02,14:55:00,12.99,12.99,12.99,12.99,1153,0
2015-11-02,15:00:00,12.99,13,12.99,13,1753,0
2015-11-02,15:05:00,13,13.02,13,13.02,1234,0
2015-11-02,15:10:00,13.04,13.04,12.98,13,4202,0
2015-11-02,15:15:00,13,13.03,13,13.03,2821,0
2015-11-02,15:25:00,13.02,13.03,13.01,13.03,2064,0
2015-11-02,15:30:00,13,13.02,13,13,1245,0
2015-11-02,15:35:00,13,13.04,13,13.04,6303,0
2015-11-02,15:40:00,13.05,13.1,12.99,12.99,13026,0
2015-11-02,15:45:00,12.99,13.09,12.99,13.04,2351,0
2015-11-02,15:50:00,13.05,13.12,13.05,13.1,9188,0
2015-11-02,15:55:00,13.1,13.2,13.1,13.18,18884,0
2015-11-02,16:00:00,13.18,13.25,13.15,13.23,14193,0
2015-11-02,16:05:00,13.22,13.23,13.2,13.22,4064,0
2015-11-02,16:10:00,13.22,13.22,13.19,13.19,4454,0
2015-11-02,16:15:00,13.2,13.2,13.2,13.2,2571,0
2015-11-02,16:20:00,13.2,13.2,13.19,13.19,7212,0
2015-11-02,16:25:00,13.2,13.2,13.2,13.2,3111,0
2015-11-02,16:30:00,13.2,13.2,13.19,13.2,3971,0
2015-11-02,16:35:00,13.2,13.2,13.18,13.2,10533,0
2015-11-02,16:40:00,13.2,13.2,13.12,13.12,6731,0
2015-11-02,16:45:00,13.18,13.2,13.14,13.2,6172,0
2015-11-02,16:50:00,13.2,13.23,13.14,13.23,56093,0
2015-11-03,09:05:00,13.28,13.29,13.26,13.29,1150,0
2015-11-03,09:15:00,13.24,13.24,13.2,13.2,3375,0
2015-11-03,09:20:00,13.2,13.28,13.2,13.28,513,0
2015-11-03,09:35:00,13.19,13.19,13.19,13.19,1208,0
2015-11-03,09:40:00,13.18,13.18,13.18,13.18,920,0
2015-11-03,09:45:00,13.18,13.19,13.18,13.19,843,0
2015-11-03,09:50:00,13.19,13.25,13.19,13.25,3222,0
2015-11-03,09:55:00,13.24,13.24,13.2,13.2,1364,0
2015-11-03,10:05:00,13.23,13.23,13.19,13.19,2847,0
2015-11-03,10:10:00,13.19,13.19,13.14,13.14,2806,0
2015-11-03,10:15:00,13.15,13.15,13.12,13.12,764,0
2015-11-03,10:30:00,13.15,13.15,13.15,13.15,400,0
2015-11-03,10:35:00,13.13,13.13,13.12,13.12,1992,0
2015-11-03,10:40:00,13.12,13.23,13.12,13.15,6897,0
2015-11-03,10:45:00,13.17,13.17,13.17,13.17,2000,0
2015-11-03,10:55:00,13.13,13.13,13.13,13.13,650,0
2015-11-03,11:00:00,13.13,13.13,13.13,13.13,1705,0
2015-11-03,11:05:00,13.17,13.18,13.17,13.18,1973,0
2015-11-03,11:10:00,13.14,13.14,13.12,13.13,2346,0
2015-11-03,11:15:00,13.13,13.13,13.12,13.13,2279,0
2015-11-03,11:20:00,13.13,13.13,13.1,13.1,2974,0
2015-11-03,11:30:00,13.1,13.13,13.1,13.1,1714,0
2015-11-03,11:40:00,13.13,13.13,13.13,13.13,306,0
2015-11-03,11:45:00,13.1,13.13,13.09,13.09,3074,0
2015-11-03,11:50:00,13.12,13.13,13.12,13.13,3570,0
2015-11-03,11:55:00,13.13,13.15,13.13,13.15,1119,0
2015-11-03,12:00:00,13.14,13.15,13.14,13.15,547,0
2015-11-03,12:05:00,13.1,13.15,13.1,13.15,2754,0
2015-11-03,12:10:00,13.15,13.15,13.14,13.14,1803,0
2015-11-03,12:20:00,13.14,13.18,13.14,13.18,3756,0
2015-11-03,12:25:00,13.2,13.2,13.2,13.2,228,0
2015-11-03,12:30:00,13.18,13.18,13.16,13.16,1614,0
2015-11-03,12:35:00,13.16,13.16,13.15,13.15,1800,0
2015-11-03,12:40:00,13.15,13.15,13.15,13.15,606,0
2015-11-03,12:45:00,13.16,13.16,13.16,13.16,817,0
2015-11-03,12:50:00,13.18,13.18,13.18,13.18,1117,0
2015-11-03,12:55:00,13.16,13.16,13.16,13.16,860,0
2015-11-03,13:00:00,13.16,13.18,13.16,13.18,1184,0
2015-11-03,13:05:00,13.16,13.19,13.16,13.19,1125,0
2015-11-03,13:10:00,13.17,13.17,13.16,13.16,1745,0
2015-11-03,13:20:00,13.16,13.18,13.14,13.18,2864,0
2015-11-03,13:25:00,13.19,13.19,13.19,13.19,1636,0
2015-11-03,13:30:00,13.15,13.2,13.12,13.12,9439,0
2015-11-03,13:35:00,13.12,13.12,13.11,13.11,600,0
2015-11-03,13:40:00,13.17,13.17,13.11,13.12,2020,0
2015-11-03,13:45:00,13.16,13.16,13.12,13.16,1102,0
2015-11-03,13:50:00,13.12,13.16,13.11,13.16,3019,0
2015-11-03,13:55:00,13.16,13.16,13.12,13.12,493,0
2015-11-03,14:00:00,13.16,13.16,13.16,13.16,359,0
2015-11-03,14:05:00,13.12,13.17,13.12,13.12,6912,0
2015-11-03,14:10:00,13.16,13.16,13.11,13.16,5530,0
2015-11-03,14:15:00,13.16,13.18,13.12,13.12,6647,0
2015-11-03,14:20:00,13.11,13.17,13.11,13.16,3928,0
2015-11-03,14:25:00,13.16,13.16,13.11,13.12,9381,0
2015-11-03,14:30:00,13.15,13.17,13.12,13.17,3263,0
2015-11-03,14:35:00,13.17,13.21,13.12,13.13,14077,0
2015-11-03,14:40:00,13.2,13.2,13.2,13.2,1590,0
2015-11-03,14:45:00,13.12,13.19,13.12,13.18,11286,0
2015-11-03,14:50:00,13.13,13.16,13.12,13.12,10297,0
2015-11-03,14:55:00,13.15,13.15,13.12,13.12,2158,0
2015-11-03,15:00:00,13.15,13.15,13.11,13.11,7256,0
2015-11-03,15:05:00,13.12,13.13,13.12,13.13,4004,0
2015-11-03,15:10:00,13.13,13.16,13.12,13.14,94820,0
2015-11-03,15:15:00,13.14,13.15,13.14,13.15,4621,0
2015-11-03,15:20:00,13.16,13.24,13.16,13.22,13856,0
2015-11-03,15:25:00,13.21,13.22,13.14,13.14,4417,0
2015-11-03,15:30:00,13.14,13.19,13.14,13.17,4604,0
2015-11-03,15:35:00,13.16,13.23,13.16,13.23,14182,0
2015-11-03,15:40:00,13.22,13.23,13.2,13.22,12983,0
2015-11-03,15:45:00,13.21,13.27,13.21,13.27,10650,0
2015-11-03,15:50:00,13.27,13.27,13.23,13.23,10604,0
2015-11-03,15:55:00,13.23,13.27,13.2,13.23,7514,0
2015-11-03,16:00:00,13.23,13.25,13.2,13.21,20143,0
2015-11-03,16:05:00,13.22,13.23,13.22,13.23,4834,0
2015-11-03,16:10:00,13.22,13.23,13.2,13.2,13100,0
2015-11-03,16:15:00,13.2,13.2,13.13,13.17,20101,0
2015-11-03,16:20:00,13.17,13.17,13.13,13.13,2734,0
2015-11-03,16:25:00,13.17,13.22,13.17,13.21,7310,0
2015-11-03,16:30:00,13.21,13.25,13.2,13.25,10728,0
2015-11-03,16:35:00,13.24,13.24,13.21,13.21,2319,0
2015-11-03,16:40:00,13.24,13.24,13.24,13.24,2273,0
2015-11-03,16:45:00,13.24,13.25,13.22,13.22,6029,0
2015-11-03,16:50:00,13.22,13.25,13.2,13.25,25778,0
2015-11-04,09:05:00,13.25,13.29,13.2,13.2,1921,0
2015-11-04,09:15:00,13.21,13.22,13.21,13.22,103,0
2015-11-04,09:20:00,13.21,13.22,13.21,13.22,696,0
2015-11-04,09:25:00,13.21,13.22,13.21,13.22,575,0
2015-11-04,09:30:00,13.23,13.25,13.23,13.25,1242,0
2015-11-04,09:35:00,13.25,13.26,13.22,13.22,10561,0
2015-11-04,09:40:00,13.21,13.21,13.2,13.2,7292,0
2015-11-04,09:45:00,13.21,13.3,13.21,13.23,10180,0
2015-11-04,09:50:00,13.21,13.24,13.21,13.24,3254,0
2015-11-04,09:55:00,13.25,13.27,13.22,13.22,2985,0
2015-11-04,10:05:00,13.21,13.27,13.21,13.27,7913,0
2015-11-04,10:10:00,13.25,13.25,13.22,13.22,3841,0
2015-11-04,10:15:00,13.23,13.23,13.23,13.23,291,0
2015-11-04,10:20:00,13.22,13.22,13.22,13.22,841,0
2015-11-04,10:25:00,13.22,13.22,13.21,13.21,1051,0
2015-11-04,10:30:00,13.21,13.22,13.2,13.21,4417,0
2015-11-04,10:35:00,13.21,13.22,13.2,13.22,2356,0
2015-11-04,10:40:00,13.21,13.21,13.21,13.21,4463,0
2015-11-04,10:45:00,13.2,13.22,13.2,13.22,2621,0
2015-11-04,10:50:00,13.21,13.21,13.21,13.21,433,0
2015-11-04,10:55:00,13.2,13.21,13.2,13.21,3105,0
2015-11-04,11:00:00,13.21,13.22,13.21,13.22,2394,0
2015-11-04,11:05:00,13.2,13.22,13.2,13.21,2145,0
2015-11-04,11:10:00,13.21,13.21,13.21,13.21,1229,0
2015-11-04,11:15:00,13.2,13.21,13.2,13.21,796,0
2015-11-04,11:20:00,13.2,13.22,13.17,13.17,12182,0
2015-11-04,11:25:00,13.12,13.18,13.12,13.15,2582,0
2015-11-04,11:30:00,13.15,13.16,13.14,13.16,2658,0
2015-11-04,11:35:00,13.17,13.17,13.16,13.16,170,0
2015-11-04,11:40:00,13.15,13.16,13.15,13.16,833,0
2015-11-04,11:50:00,13.16,13.16,13.15,13.15,894,0
2015-11-04,11:55:00,13.14,13.15,13.14,13.14,1093,0
2015-11-04,12:00:00,13.14,13.14,13.14,13.14,281,0
2015-11-04,12:05:00,13.15,13.16,13.14,13.15,2395,0
2015-11-04,12:10:00,13.15,13.15,13.15,13.15,15,0
2015-11-04,12:15:00,13.14,13.15,13.14,13.15,3718,0
2015-11-04,12:20:00,13.14,13.22,13.13,13.18,13611,0
2015-11-04,12:25:00,13.14,13.14,13.13,13.13,1041,0
2015-11-04,12:30:00,13.13,13.13,13.13,13.13,268,0
2015-11-04,12:35:00,13.13,13.19,13.13,13.18,6004,0
2015-11-04,12:40:00,13.18,13.18,13.18,13.18,1150,0
2015-11-04,12:45:00,13.17,13.17,13.12,13.13,1455,0
2015-11-04,12:50:00,13.12,13.14,13.12,13.14,3268,0
2015-11-04,12:55:00,13.13,13.13,13,13.03,28927,0
2015-11-04,13:00:00,13.04,13.14,13.03,13.03,5822,0
2015-11-04,13:10:00,13.03,13.03,12.82,12.91,24822,0
2015-11-04,13:15:00,12.93,13.07,12.93,13.01,15110,0
2015-11-04,13:20:00,12.98,13.05,12.97,13.02,6632,0
2015-11-04,13:25:00,13.01,13.02,12.9,12.91,10228,0
2015-11-04,13:30:00,12.93,12.93,12.93,12.93,1944,0
2015-11-04,13:35:00,12.94,12.94,12.93,12.93,3961,0
2015-11-04,13:40:00,12.93,12.96,12.92,12.95,6548,0
2015-11-04,13:45:00,12.96,12.97,12.96,12.97,3121,0
2015-11-04,13:50:00,12.98,13,12.98,13,5371,0
2015-11-04,13:55:00,13.01,13.07,13.01,13.07,4068,0
2015-11-04,14:00:00,13.06,13.06,13.02,13.02,928,0
2015-11-04,14:05:00,13.01,13.02,13.01,13.02,4846,0
2015-11-04,14:10:00,13.02,13.02,13.02,13.02,970,0
2015-11-04,14:15:00,13.02,13.03,13.02,13.03,1996,0
2015-11-04,14:20:00,13.02,13.02,13,13,9748,0
2015-11-04,14:25:00,13,13.07,13,13.07,50146,0
2015-11-04,14:30:00,13.06,13.1,13.06,13.06,5987,0
2015-11-04,14:35:00,13.05,13.05,13.05,13.05,3530,0
2015-11-04,14:40:00,13.05,13.09,13.01,13.07,8383,0
2015-11-04,14:45:00,13.06,13.1,13,13,14365,0
2015-11-04,14:50:00,13.01,13.03,13.01,13.02,6762,0
2015-11-04,14:55:00,13.01,13.01,13,13,639,0
2015-11-04,15:00:00,13.01,13.01,13,13,8155,0
2015-11-04,15:05:00,13,13,13,13,776,0
2015-11-04,15:10:00,13,13.01,13,13,1601,0
2015-11-04,15:15:00,13,13,13,13,1529,0
2015-11-04,15:20:00,13,13.01,13,13.01,2177,0
2015-11-04,15:25:00,13,13.01,13,13,29816,0
2015-11-04,15:30:00,13,13,13,13,6584,0
2015-11-04,15:35:00,13,13,13,13,3834,0
2015-11-04,15:40:00,13,13,12.92,12.92,15392,0
2015-11-04,15:45:00,12.92,12.92,12.85,12.85,13861,0
2015-11-04,15:50:00,12.85,12.95,12.83,12.94,17865,0
2015-11-04,15:55:00,12.94,12.96,12.93,12.93,6110,0
2015-11-04,16:00:00,12.93,12.93,12.9,12.9,9783,0
2015-11-04,16:05:00,12.9,12.91,12.9,12.9,5848,0
2015-11-04,16:10:00,12.91,12.91,12.91,12.91,9311,0
2015-11-04,16:15:00,12.91,12.92,12.85,12.87,33584,0
2015-11-04,16:20:00,12.86,12.87,12.84,12.86,15100,0
2015-11-04,16:25:00,12.87,12.87,12.84,12.86,17722,0
2015-11-04,16:30:00,12.86,12.88,12.86,12.88,7041,0
2015-11-04,16:35:00,12.88,12.92,12.86,12.92,38553,0
2015-11-04,16:40:00,12.92,13.04,12.92,13.04,23901,0
2015-11-04,16:45:00,13.01,13.03,13,13,10016,0
2015-11-04,16:50:00,13,13.01,13,13,103029,0
2015-11-05,09:05:00,13.07,13.07,13.05,13.05,869,0
2015-11-05,09:10:00,13.02,13.02,13.01,13.01,1346,0
2015-11-05,09:15:00,13.01,13.01,12.95,12.95,1975,0
2015-11-05,09:20:00,12.93,12.96,12.91,12.93,3202,0
2015-11-05,09:25:00,12.95,12.95,12.92,12.92,1103,0
2015-11-05,09:30:00,12.95,12.99,12.95,12.99,500,0
2015-11-05,09:40:00,12.96,12.96,12.94,12.94,2153,0
2015-11-05,09:45:00,12.94,12.94,12.94,12.94,366,0
2015-11-05,09:50:00,12.96,12.96,12.95,12.95,1209,0
2015-11-05,10:15:00,12.96,12.97,12.96,12.97,1195,0
2015-11-05,10:20:00,12.97,12.99,12.97,12.99,1194,0
2015-11-05,10:30:00,12.99,12.99,12.9,12.9,9796,0
2015-11-05,10:35:00,12.9,12.91,12.9,12.91,2169,0
2015-11-05,10:40:00,12.9,12.95,12.9,12.9,8973,0
2015-11-05,10:45:00,12.88,12.89,12.81,12.83,10028,0
2015-11-05,10:50:00,12.83,12.84,12.83,12.84,2136,0
2015-11-05,10:55:00,12.84,12.84,12.84,12.84,547,0
2015-11-05,11:00:00,12.84,12.85,12.84,12.85,2854,0
2015-11-05,11:05:00,12.85,12.85,12.83,12.84,4250,0
2015-11-05,11:10:00,12.85,12.85,12.85,12.85,870,0
2015-11-05,11:15:00,12.83,12.83,12.82,12.82,969,0
2015-11-05,11:20:00,12.82,12.85,12.82,12.82,628,0
2015-11-05,11:25:00,12.82,12.82,12.82,12.82,1118,0
2015-11-05,11:35:00,12.81,12.85,12.81,12.82,2075,0
2015-11-05,11:40:00,12.82,12.85,12.82,12.85,1117,0
2015-11-05,11:45:00,12.85,12.85,12.82,12.82,1479,0
2015-11-05,11:50:00,12.82,12.84,12.82,12.82,1580,0
2015-11-05,11:55:00,12.81,12.81,12.74,12.75,22980,0
2015-11-05,12:00:00,12.75,12.78,12.75,12.78,5074,0
2015-11-05,12:05:00,12.78,12.79,12.78,12.79,1045,0
2015-11-05,12:10:00,12.81,12.81,12.8,12.8,661,0
2015-11-05,12:15:00,12.8,12.8,12.79,12.79,907,0
2015-11-05,12:20:00,12.79,12.79,12.78,12.78,3515,0
2015-11-05,12:25:00,12.81,12.81,12.78,12.79,1260,0
2015-11-05,12:30:00,12.79,12.79,12.78,12.79,946,0
2015-11-05,12:35:00,12.79,12.8,12.78,12.78,4051,0
2015-11-05,12:40:00,12.8,12.8,12.78,12.78,840,0
2015-11-05,12:45:00,12.78,12.78,12.75,12.75,2809,0
2015-11-05,12:50:00,12.75,12.76,12.75,12.75,8608,0
2015-11-05,12:55:00,12.76,12.77,12.76,12.77,2500,0
2015-11-05,13:00:00,12.77,12.8,12.77,12.8,3000,0
2015-11-05,13:05:00,12.76,12.76,12.75,12.75,1565,0
2015-11-05,13:10:00,12.75,12.75,12.75,12.75,1037,0
2015-11-05,13:15:00,12.77,12.77,12.75,12.75,637,0
2015-11-05,13:20:00,12.75,12.76,12.75,12.76,2670,0
2015-11-05,13:25:00,12.75,12.75,12.73,12.73,2656,0
2015-11-05,13:30:00,12.74,12.76,12.74,12.76,3760,0
2015-11-05,13:35:00,12.74,12.75,12.74,12.75,913,0
2015-11-05,13:40:00,12.75,12.76,12.71,12.71,19091,0
2015-11-05,13:45:00,12.7,12.74,12.7,12.73,14835,0
2015-11-05,13:50:00,12.74,12.75,12.73,12.75,2149,0
2015-11-05,13:55:00,12.74,12.74,12.74,12.74,1533,0
2015-11-05,14:00:00,12.74,12.75,12.73,12.73,4954,0
2015-11-05,14:05:00,12.71,12.71,12.71,12.71,889,0
2015-11-05,14:10:00,12.73,12.73,12.7,12.71,2939,0
2015-11-05,14:15:00,12.71,12.71,12.7,12.7,1476,0
2015-11-05,14:20:00,12.7,12.7,12.7,12.7,272,0
2015-11-05,14:25:00,12.71,12.71,12.71,12.71,1060,0
2015-11-05,14:30:00,12.71,12.81,12.71,12.81,5782,0
2015-11-05,14:35:00,12.8,12.8,12.76,12.76,2398,0
2015-11-05,14:40:00,12.76,12.77,12.76,12.76,295,0
2015-11-05,14:50:00,12.77,12.79,12.77,12.79,2037,0
2015-11-05,14:55:00,12.77,12.77,12.76,12.76,1848,0
2015-11-05,15:00:00,12.76,12.76,12.76,12.76,674,0
2015-11-05,15:10:00,12.75,12.79,12.75,12.78,8595,0
2015-11-05,15:15:00,12.78,12.78,12.73,12.73,11685,0
2015-11-05,15:20:00,12.73,12.73,12.72,12.73,6257,0
2015-11-05,15:25:00,12.74,12.75,12.72,12.72,1813,0
2015-11-05,15:30:00,12.72,12.79,12.72,12.79,4122,0
2015-11-05,15:35:00,12.74,12.75,12.73,12.75,853,0
2015-11-05,15:40:00,12.75,12.75,12.75,12.75,1670,0
2015-11-05,15:45:00,12.75,12.77,12.75,12.76,1209,0
2015-11-05,15:50:00,12.76,12.77,12.76,12.77,1233,0
2015-11-05,15:55:00,12.76,12.81,12.76,12.81,7230,0
2015-11-05,16:00:00,12.81,12.85,12.8,12.8,5609,0
2015-11-05,16:05:00,12.8,12.8,12.77,12.77,881,0
2015-11-05,16:10:00,12.77,12.81,12.77,12.8,3384,0
2015-11-05,16:15:00,12.8,12.81,12.8,12.81,1846,0
2015-11-05,16:20:00,12.81,12.82,12.8,12.8,9352,0
2015-11-05,16:25:00,12.8,12.81,12.8,12.81,1529,0
2015-11-05,16:30:00,12.8,12.8,12.8,12.8,538,0
2015-11-05,16:35:00,12.8,12.82,12.8,12.81,1395,0
2015-11-05,16:40:00,12.81,12.81,12.8,12.81,4597,0
2015-11-05,16:45:00,12.8,12.8,12.8,12.8,1576,0
2015-11-05,16:50:00,12.8,12.82,12.76,12.76,48207,0
2015-11-06,09:05:00,12.79,12.79,12.79,12.79,1643,0
2015-11-06,09:10:00,12.78,12.81,12.77,12.81,220,0
2015-11-06,09:15:00,12.81,12.81,12.81,12.81,390,0
2015-11-06,09:20:00,12.8,12.8,12.8,12.8,77,0
2015-11-06,09:30:00,12.81,12.81,12.78,12.78,2863,0
2015-11-06,09:35:00,12.79,12.79,12.77,12.77,505,0
2015-11-06,09:40:00,12.76,12.76,12.76,12.76,526,0
2015-11-06,09:45:00,12.78,12.78,12.76,12.76,3330,0
2015-11-06,09:50:00,12.77,12.77,12.77,12.77,125,0
2015-11-06,09:55:00,12.76,12.77,12.76,12.76,2349,0
2015-11-06,10:00:00,12.76,12.76,12.75,12.75,2951,0
2015-11-06,10:05:00,12.75,12.75,12.75,12.75,4664,0
2015-11-06,10:10:00,12.74,12.74,12.74,12.74,419,0
2015-11-06,10:15:00,12.74,12.74,12.74,12.74,815,0
2015-11-06,10:20:00,12.74,12.74,12.74,12.74,752,0
2015-11-06,10:25:00,12.74,12.75,12.74,12.75,4547,0
2015-11-06,10:30:00,12.75,12.75,12.75,12.75,230,0
2015-11-06,10:35:00,12.75,12.75,12.74,12.74,1091,0
2015-11-06,10:40:00,12.75,12.76,12.74,12.74,5982,0
2015-11-06,10:50:00,12.74,12.76,12.74,12.74,3545,0
2015-11-06,10:55:00,12.73,12.73,12.73,12.73,726,0
2015-11-06,11:00:00,12.73,12.73,12.71,12.71,2842,0
2015-11-06,11:05:00,12.71,12.71,12.7,12.7,1733,0
2015-11-06,11:10:00,12.7,12.7,12.68,12.68,6172,0
2015-11-06,11:15:00,12.68,12.68,12.68,12.68,368,0
2015-11-06,11:20:00,12.68,12.69,12.68,12.68,1687,0
2015-11-06,11:25:00,12.69,12.69,12.69,12.69,100,0
2015-11-06,11:30:00,12.68,12.69,12.68,12.69,2164,0
2015-11-06,11:35:00,12.69,12.7,12.68,12.7,5108,0
2015-11-06,11:40:00,12.7,12.71,12.7,12.71,1175,0
2015-11-06,11:45:00,12.7,12.71,12.7,12.71,1157,0
2015-11-06,11:50:00,12.7,12.72,12.7,12.72,4669,0
2015-11-06,11:55:00,12.7,12.73,12.7,12.73,3086,0
2015-11-06,12:00:00,12.75,12.75,12.74,12.75,2273,0
2015-11-06,12:05:00,12.76,12.76,12.76,12.76,573,0
2015-11-06,12:10:00,12.76,12.77,12.74,12.77,3777,0
2015-11-06,12:15:00,12.76,12.76,12.74,12.74,2886,0
2015-11-06,12:20:00,12.74,12.74,12.74,12.74,354,0
2015-11-06,12:25:00,12.72,12.74,12.72,12.74,576,0
2015-11-06,12:30:00,12.74,12.75,12.74,12.75,2013,0
2015-11-06,12:35:00,12.74,12.74,12.74,12.74,79,0
2015-11-06,12:40:00,12.74,12.74,12.74,12.74,1676,0
2015-11-06,12:45:00,12.74,12.74,12.72,12.72,1859,0
2015-11-06,12:55:00,12.74,12.74,12.72,12.74,2062,0
2015-11-06,13:00:00,12.74,12.74,12.73,12.73,689,0
2015-11-06,13:05:00,12.73,12.73,12.73,12.73,1376,0
2015-11-06,13:10:00,12.72,12.72,12.72,12.72,92,0
2015-11-06,13:15:00,12.73,12.74,12.73,12.74,6449,0
2015-11-06,13:20:00,12.76,12.78,12.76,12.76,3797,0
2015-11-06,13:25:00,12.76,12.78,12.76,12.78,1344,0
2015-11-06,13:30:00,12.78,12.78,12.76,12.76,3435,0
2015-11-06,13:35:00,12.74,12.76,12.74,12.76,7932,0
2015-11-06,13:40:00,12.76,12.76,12.76,12.76,733,0
2015-11-06,13:45:00,12.77,12.77,12.76,12.76,1764,0
2015-11-06,13:50:00,12.76,12.76,12.74,12.75,891,0
2015-11-06,13:55:00,12.74,12.74,12.74,12.74,1913,0
2015-11-06,14:00:00,12.74,12.74,12.74,12.74,431,0
2015-11-06,14:05:00,12.74,12.75,12.74,12.75,763,0
2015-11-06,14:10:00,12.74,12.74,12.73,12.73,1116,0
2015-11-06,14:15:00,12.73,12.73,12.73,12.73,496,0
2015-11-06,14:20:00,12.73,12.74,12.72,12.72,2314,0
2015-11-06,14:25:00,12.72,12.72,12.71,12.71,2775,0
2015-11-06,14:30:00,12.71,12.71,12.68,12.68,3781,0
2015-11-06,14:35:00,12.68,12.68,12.67,12.67,8346,0
2015-11-06,14:40:00,12.67,12.67,12.61,12.61,9395,0
2015-11-06,14:45:00,12.65,12.65,12.62,12.63,3605,0
2015-11-06,14:50:00,12.63,12.63,12.61,12.61,974,0
2015-11-06,14:55:00,12.65,12.65,12.61,12.61,2127,0
2015-11-06,15:00:00,12.61,12.63,12.61,12.61,1338,0
2015-11-06,15:05:00,12.61,12.62,12.61,12.62,370,0
2015-11-06,15:10:00,12.62,12.62,12.61,12.61,3142,0
2015-11-06,15:15:00,12.62,12.62,12.61,12.62,5723,0
2015-11-06,15:20:00,12.62,12.62,12.62,12.62,928,0
2015-11-06,15:25:00,12.61,12.62,12.61,12.62,2415,0
2015-11-06,15:30:00,12.62,12.62,12.61,12.62,2124,0
2015-11-06,15:35:00,12.62,12.62,12.61,12.61,3266,0
2015-11-06,15:40:00,12.63,12.63,12.63,12.63,708,0
2015-11-06,15:45:00,12.63,12.63,12.63,12.63,1382,0
2015-11-06,15:50:00,12.61,12.64,12.61,12.64,6776,0
2015-11-06,15:55:00,12.62,12.62,12.6,12.6,9823,0
2015-11-06,16:00:00,12.6,12.6,12.56,12.56,5970,0
2015-11-06,16:05:00,12.57,12.57,12.55,12.55,2145,0
2015-11-06,16:10:00,12.55,12.55,12.51,12.51,11292,0
2015-11-06,16:15:00,12.51,12.54,12.5,12.52,1509,0
2015-11-06,16:20:00,12.51,12.54,12.51,12.52,3215,0
2015-11-06,16:25:00,12.52,12.52,12.51,12.51,4240,0
2015-11-06,16:30:00,12.51,12.51,12.5,12.5,6485,0
2015-11-06,16:35:00,12.5,12.51,12.5,12.5,6022,0
2015-11-06,16:40:00,12.5,12.5,12.48,12.48,8638,0
2015-11-06,16:45:00,12.48,12.49,12.46,12.46,2812,0
2015-11-06,16:50:00,12.48,12.53,12.46,12.53,39917,0
2015-11-09,09:05:00,12.5,12.79,12.5,12.56,14133,0
2015-11-09,09:10:00,12.56,12.56,12.55,12.55,2275,0
2015-11-09,09:15:00,12.53,12.61,12.45,12.6,7181,0
2015-11-09,09:20:00,12.55,12.55,12.48,12.52,691,0
2015-11-09,09:25:00,12.58,12.58,12.56,12.56,3621,0
2015-11-09,09:30:00,12.56,12.58,12.56,12.56,2089,0
2015-11-09,09:35:00,12.55,12.56,12.55,12.56,1754,0
2015-11-09,09:40:00,12.55,12.55,12.47,12.5,3969,0
2015-11-09,09:45:00,12.47,12.53,12.47,12.5,8816,0
2015-11-09,09:55:00,12.53,12.53,12.53,12.53,2050,0
2015-11-09,10:00:00,12.5,12.52,12.5,12.52,914,0
2015-11-09,10:05:00,12.49,12.52,12.48,12.48,3147,0
2015-11-09,10:10:00,12.52,12.52,12.48,12.48,435,0
2015-11-09,10:15:00,12.48,12.48,12.46,12.46,471,0
2015-11-09,10:20:00,12.46,12.46,12.4,12.45,7870,0
2015-11-09,10:25:00,12.45,12.45,12.45,12.45,270,0
2015-11-09,10:30:00,12.45,12.48,12.45,12.46,4152,0
2015-11-09,10:35:00,12.46,12.46,12.46,12.46,894,0
2015-11-09,10:40:00,12.47,12.47,12.41,12.42,3533,0
2015-11-09,10:45:00,12.44,12.44,12.44,12.44,58,0
2015-11-09,10:50:00,12.42,12.45,12.42,12.45,3579,0
2015-11-09,10:55:00,12.47,12.48,12.44,12.44,320,0
2015-11-09,11:05:00,12.44,12.46,12.4,12.4,2814,0
2015-11-09,11:10:00,12.4,12.42,12.4,12.42,1513,0
2015-11-09,11:15:00,12.41,12.42,12.41,12.42,1500,0
2015-11-09,11:20:00,12.42,12.42,12.42,12.42,200,0
2015-11-09,11:25:00,12.4,12.41,12.35,12.38,14515,0
2015-11-09,11:30:00,12.37,12.52,12.36,12.48,8571,0
2015-11-09,11:35:00,12.43,12.49,12.43,12.49,729,0
2015-11-09,11:40:00,12.48,12.48,12.37,12.39,2216,0
2015-11-09,11:45:00,12.38,12.46,12.38,12.41,4745,0
2015-11-09,11:55:00,12.4,12.4,12.32,12.34,15804,0
2015-11-09,12:00:00,12.33,12.34,12.32,12.34,7496,0
2015-11-09,12:05:00,12.33,12.33,12.32,12.32,3366,0
2015-11-09,12:10:00,12.31,12.32,12.31,12.32,1858,0
2015-11-09,12:15:00,12.32,12.32,12.32,12.32,328,0
2015-11-09,12:20:00,12.32,12.32,12.32,12.32,1914,0
2015-11-09,12:25:00,12.33,12.33,12.33,12.33,2955,0
2015-11-09,12:30:00,12.33,12.33,12.31,12.32,3578,0
2015-11-09,12:35:00,12.31,12.32,12.31,12.31,3848,0
2015-11-09,12:40:00,12.32,12.32,12.3,12.3,2468,0
2015-11-09,12:45:00,12.28,12.33,12.24,12.32,7433,0
2015-11-09,12:50:00,12.3,12.3,12.28,12.28,262,0
2015-11-09,12:55:00,12.3,12.3,12.27,12.29,6272,0
2015-11-09,13:00:00,12.25,12.25,12.24,12.24,2223,0
2015-11-09,13:05:00,12.28,12.28,12.28,12.28,500,0
2015-11-09,13:10:00,12.24,12.24,12.22,12.23,971,0
2015-11-09,13:15:00,12.23,12.24,12.2,12.22,5882,0
2015-11-09,13:20:00,12.23,12.23,12.2,12.2,422,0
2015-11-09,13:25:00,12.21,12.25,12.21,12.25,10572,0
2015-11-09,13:30:00,12.27,12.27,12.26,12.26,175,0
2015-11-09,13:35:00,12.27,12.27,12.27,12.27,50,0
2015-11-09,13:40:00,12.27,12.31,12.27,12.29,3267,0
2015-11-09,13:45:00,12.3,12.3,12.27,12.27,5814,0
2015-11-09,13:50:00,12.26,12.26,12.24,12.24,660,0
2015-11-09,13:55:00,12.29,12.4,12.25,12.39,10879,0
2015-11-09,14:00:00,12.34,12.37,12.32,12.37,2013,0
2015-11-09,14:05:00,12.37,12.4,12.37,12.4,1998,0
2015-11-09,14:15:00,12.35,12.4,12.27,12.31,15162,0
2015-11-09,14:20:00,12.31,12.31,12.28,12.31,767,0
2015-11-09,14:25:00,12.31,12.31,12.29,12.29,2356,0
2015-11-09,14:35:00,12.29,12.29,12.24,12.27,4196,0
2015-11-09,14:40:00,12.27,12.27,12.24,12.27,4078,0
2015-11-09,14:45:00,12.28,12.29,12.28,12.29,3427,0
2015-11-09,14:50:00,12.31,12.37,12.25,12.25,9164,0
2015-11-09,14:55:00,12.29,12.31,12.29,12.31,864,0
2015-11-09,15:00:00,12.34,12.34,12.34,12.34,2282,0
2015-11-09,15:05:00,12.34,12.34,12.25,12.25,2126,0
2015-11-09,15:10:00,12.25,12.3,12.25,12.3,1275,0
2015-11-09,15:15:00,12.3,12.3,12.26,12.29,4253,0
2015-11-09,15:20:00,12.25,12.29,12.25,12.26,922,0
2015-11-09,15:25:00,12.26,12.26,12.25,12.25,2678,0
2015-11-09,15:30:00,12.24,12.24,12.24,12.24,798,0
2015-11-09,15:35:00,12.24,12.25,12.24,12.25,331,0
2015-11-09,15:40:00,12.25,12.25,12.24,12.24,7916,0
2015-11-09,15:45:00,12.24,12.24,12.22,12.22,3701,0
2015-11-09,15:50:00,12.22,12.24,12.22,12.24,8860,0
2015-11-09,15:55:00,12.25,12.37,12.25,12.37,13534,0
2015-11-09,16:00:00,12.3,12.37,12.27,12.37,2219,0
2015-11-09,16:10:00,12.36,12.36,12.3,12.3,2741,0
2015-11-09,16:15:00,12.26,12.26,12.25,12.25,2205,0
2015-11-09,16:20:00,12.3,12.3,12.24,12.3,4219,0
2015-11-09,16:25:00,12.23,12.23,12.21,12.22,5444,0
2015-11-09,16:30:00,12.22,12.22,12.2,12.22,2231,0
2015-11-09,16:35:00,12.22,12.22,12.16,12.17,8956,0
2015-11-09,16:40:00,12.18,12.18,12.15,12.18,11503,0
2015-11-09,16:45:00,12.18,12.18,12.17,12.18,7147,0
2015-11-09,16:50:00,12.18,12.19,12.14,12.16,21244,0
2015-11-10,09:05:00,12.17,12.26,12.16,12.26,1992,0
2015-11-10,09:10:00,12.28,12.28,12.18,12.18,598,0
2015-11-10,09:15:00,12.19,12.19,12.18,12.18,390,0
2015-11-10,09:20:00,12.21,12.24,12.21,12.24,1540,0
2015-11-10,09:25:00,12.23,12.27,12.23,12.27,322,0
2015-11-10,09:30:00,12.26,12.26,12.24,12.25,2155,0
2015-11-10,09:35:00,12.25,12.25,12.25,12.25,200,0
2015-11-10,09:40:00,12.25,12.39,12.25,12.36,13746,0
2015-11-10,09:45:00,12.36,12.44,12.28,12.44,14239,0
2015-11-10,09:50:00,12.39,12.44,12.38,12.38,5539,0
2015-11-10,09:55:00,12.34,12.35,12.32,12.33,5656,0
2015-11-10,10:00:00,12.3,12.33,12.28,12.28,7332,0
2015-11-10,10:05:00,12.3,12.32,12.29,12.31,3444,0
2015-11-10,10:10:00,12.34,12.47,12.34,12.46,20420,0
2015-11-10,10:15:00,12.45,12.45,12.45,12.45,10808,0
2015-11-10,10:20:00,12.45,12.46,12.41,12.43,25352,0
2015-11-10,10:25:00,12.43,12.48,12.42,12.47,11877,0
2015-11-10,10:30:00,12.47,12.48,12.45,12.46,8165,0
2015-11-10,10:35:00,12.46,12.47,12.45,12.46,5457,0
2015-11-10,10:40:00,12.46,12.46,12.45,12.45,1152,0
2015-11-10,10:45:00,12.45,12.46,12.45,12.46,7803,0
2015-11-10,10:50:00,12.46,12.47,12.46,12.47,2227,0
2015-11-10,10:55:00,12.46,12.46,12.46,12.46,210,0
2015-11-10,11:00:00,12.45,12.46,12.45,12.45,2134,0
2015-11-10,11:05:00,12.45,12.52,12.45,12.5,10402,0
2015-11-10,11:10:00,12.5,12.6,12.5,12.59,11285,0
2015-11-10,11:15:00,12.6,12.6,12.46,12.46,12501,0
2015-11-10,11:20:00,12.55,12.55,12.49,12.5,3681,0
2015-11-10,11:25:00,12.49,12.49,12.49,12.49,843,0
2015-11-10,11:30:00,12.48,12.48,12.47,12.47,1498,0
2015-11-10,11:35:00,12.46,12.59,12.46,12.57,5168,0
2015-11-10,11:40:00,12.56,12.56,12.5,12.53,2157,0
2015-11-10,11:45:00,12.5,12.5,12.5,12.5,398,0
2015-11-10,11:50:00,12.49,12.5,12.48,12.5,2279,0
2015-11-10,11:55:00,12.48,12.48,12.48,12.48,2773,0
2015-11-10,12:00:00,12.45,12.45,12.41,12.41,111220,0
2015-11-10,12:05:00,12.44,12.51,12.42,12.51,13273,0
2015-11-10,12:10:00,12.5,12.5,12.5,12.5,809,0
2015-11-10,12:15:00,12.5,12.5,12.45,12.46,2476,0
2015-11-10,12:20:00,12.46,12.46,12.45,12.46,2197,0
2015-11-10,12:25:00,12.45,12.45,12.45,12.45,4810,0
2015-11-10,12:30:00,12.45,12.52,12.45,12.51,6256,0
2015-11-10,12:35:00,12.51,12.51,12.48,12.49,2112,0
2015-11-10,12:40:00,12.45,12.5,12.45,12.5,2473,0
2015-11-10,12:45:00,12.46,12.53,12.46,12.48,6789,0
2015-11-10,12:50:00,12.47,12.5,12.47,12.5,1699,0
2015-11-10,12:55:00,12.47,12.48,12.46,12.48,975,0
2015-11-10,13:05:00,12.46,12.47,12.45,12.47,15366,0
2015-11-10,13:10:00,12.49,12.51,12.49,12.5,5260,0
2015-11-10,13:15:00,12.5,12.54,12.5,12.5,7384,0
2015-11-10,13:20:00,12.5,12.5,12.46,12.49,3831,0
2015-11-10,13:25:00,12.49,12.5,12.47,12.47,3454,0
2015-11-10,13:30:00,12.48,12.54,12.48,12.5,3443,0
2015-11-10,13:35:00,12.53,12.53,12.5,12.5,5009,0
2015-11-10,13:40:00,12.47,12.5,12.46,12.46,1502,0
2015-11-10,13:45:00,12.47,12.48,12.47,12.47,3596,0
2015-11-10,13:50:00,12.46,12.54,12.46,12.52,6705,0
2015-11-10,13:55:00,12.51,12.51,12.49,12.5,1396,0
2015-11-10,14:00:00,12.47,12.48,12.46,12.47,2909,0
2015-11-10,14:05:00,12.47,12.49,12.47,12.47,3034,0
2015-11-10,14:10:00,12.46,12.48,12.45,12.48,2840,0
2015-11-10,14:15:00,12.45,12.53,12.45,12.52,8281,0
2015-11-10,14:20:00,12.51,12.56,12.49,12.56,7173,0
2015-11-10,14:25:00,12.56,12.59,12.54,12.59,8407,0
2015-11-10,14:30:00,12.59,12.63,12.59,12.62,9645,0
2015-11-10,14:35:00,12.61,12.61,12.53,12.55,3735,0
2015-11-10,14:40:00,12.56,12.63,12.56,12.57,4561,0
2015-11-10,14:45:00,12.57,12.57,12.51,12.54,5431,0
2015-11-10,14:50:00,12.57,12.57,12.57,12.57,7,0
2015-11-10,14:55:00,12.54,12.6,12.54,12.56,8691,0
2015-11-10,15:00:00,12.56,12.56,12.53,12.55,2315,0
2015-11-10,15:05:00,12.51,12.58,12.5,12.51,20133,0
2015-11-10,15:10:00,12.5,12.58,12.5,12.58,9457,0
2015-11-10,15:15:00,12.56,12.59,12.56,12.58,4692,0
2015-11-10,15:20:00,12.58,12.65,12.57,12.62,16826,0
2015-11-10,15:25:00,12.63,12.67,12.61,12.61,6150,0
2015-11-10,15:30:00,12.63,12.63,12.63,12.63,1023,0
2015-11-10,15:35:00,12.59,12.59,12.53,12.53,10513,0
2015-11-10,15:40:00,12.53,12.63,12.52,12.56,5711,0
2015-11-10,15:45:00,12.56,12.56,12.56,12.56,2992,0
2015-11-10,15:50:00,12.56,12.57,12.56,12.57,4421,0
2015-11-10,15:55:00,12.56,12.57,12.51,12.53,5860,0
2015-11-10,16:00:00,12.53,12.65,12.53,12.65,7313,0
2015-11-10,16:05:00,12.64,12.69,12.64,12.66,6520,0
2015-11-10,16:10:00,12.56,12.63,12.53,12.59,18494,0
2015-11-10,16:15:00,12.63,12.64,12.58,12.58,4510,0
2015-11-10,16:20:00,12.57,12.63,12.57,12.61,11134,0
2015-11-10,16:25:00,12.61,12.61,12.61,12.61,5655,0
2015-11-10,16:30:00,12.54,12.6,12.54,12.6,1821,0
2015-11-10,16:35:00,12.57,12.57,12.56,12.56,1635,0
2015-11-10,16:40:00,12.56,12.59,12.56,12.59,5907,0
2015-11-10,16:45:00,12.6,12.6,12.59,12.6,916,0
2015-11-10,16:50:00,12.58,12.64,12.51,12.51,41106,0
