2015-05-22,09:10:00,9.828,9.828,9.828,9.828,5,0
2015-05-22,09:45:00,9.678,9.753,9.678,9.753,106,0
2015-05-22,12:35:00,9.753,9.753,9.678,9.678,198,0
2015-05-22,12:40:00,9.621,9.621,9.621,9.621,112,0
2015-05-22,14:50:00,9.697,9.819,9.697,9.819,400,0
2015-05-22,14:55:00,9.828,9.828,9.819,9.828,61,0
2015-05-22,15:45:00,9.828,10.016,9.828,10.016,1359,0
2015-05-22,16:00:00,10.016,10.016,10.016,10.016,6,0
2015-05-22,16:15:00,10.016,10.016,9.866,9.866,526,0
2015-05-22,16:20:00,9.875,9.875,9.866,9.875,351,0
2015-05-22,16:25:00,9.875,9.875,9.875,9.875,85,0
2015-05-22,16:40:00,9.997,10.044,9.997,10.016,1384,0
2015-05-22,16:50:00,10.054,10.054,10.054,10.054,1064,0
2015-05-25,09:05:00,10.054,10.054,10.054,10.054,1184,0
2015-05-25,09:10:00,10.101,10.101,10.101,10.101,21,0
2015-05-25,09:20:00,10.091,10.101,10.091,10.101,672,0
2015-05-25,10:55:00,9.866,9.866,9.866,9.866,13,0
2015-05-25,11:05:00,9.866,10.072,9.866,10.072,1064,0
2015-05-25,13:00:00,10.007,10.007,10.007,10.007,213,0
2015-05-25,13:25:00,10.054,10.054,10.054,10.054,6,0
2015-05-25,14:00:00,10.054,10.101,10.054,10.101,511,0
2015-05-25,14:55:00,10.054,10.054,10.054,10.054,3,0
2015-05-25,16:25:00,10.072,10.072,10.054,10.054,756,0
2015-05-25,16:45:00,10.072,10.072,10.072,10.072,319,0
2015-05-25,16:50:00,10.101,10.11,10.101,10.11,564,0
2015-05-26,09:10:00,10.68,10.68,10.68,10.68,5,0
2015-05-26,10:15:00,10.26,10.26,10.2,10.2,83,0
2015-05-26,10:20:00,10.12,10.12,10.07,10.07,667,0
2015-05-26,10:25:00,10.2,10.2,10.2,10.2,3,0
2015-05-26,10:55:00,10.2,10.43,10.2,10.43,902,0
2015-05-26,11:00:00,10.22,10.22,10.22,10.22,50,0
2015-05-26,11:05:00,10.22,10.22,10.2,10.2,193,0
2015-05-26,11:25:00,10.42,10.42,10.42,10.42,5,0
2015-05-26,13:50:00,10.4,10.4,10.4,10.4,6,0
2015-05-27,09:05:00,10.35,10.35,10.35,10.35,7,0
2015-05-27,09:55:00,10.3,10.3,10.27,10.3,310,0
2015-05-27,11:00:00,10.3,10.3,10.27,10.27,192,0
2015-05-27,11:40:00,10.37,10.37,10.37,10.37,6,0
2015-05-27,13:30:00,10.29,10.29,10.29,10.29,94,0
2015-05-27,14:25:00,10.39,10.39,10.39,10.39,12,0
2015-05-27,16:05:00,10.29,10.29,10.29,10.29,81,0
2015-05-27,16:15:00,10.27,10.27,10.27,10.27,900,0
2015-05-27,16:50:00,10.3,10.3,10.3,10.3,6,0
2015-05-28,09:05:00,10.3,10.3,10.3,10.3,10,0
2015-05-28,10:30:00,10.3,10.3,10.3,10.3,7,0
2015-05-28,11:50:00,10.3,10.3,10.3,10.3,12,0
2015-05-28,13:30:00,10.3,10.3,10.3,10.3,15,0
2015-05-28,14:15:00,10.3,10.35,10.3,10.35,3246,0
2015-05-29,09:10:00,10.35,10.35,10.35,10.35,5,0
2015-05-29,11:00:00,10.35,10.35,10.35,10.35,70,0
2015-06-01,09:10:00,10.35,10.35,10.35,10.35,3,0
2015-06-01,09:40:00,10.2,10.2,10.2,10.2,100,0
2015-06-01,09:45:00,10.2,10.35,10.2,10.35,153,0
2015-06-01,13:30:00,10.35,10.35,10.35,10.35,15,0
2015-06-01,15:00:00,10.35,10.35,10.35,10.35,10,0
2015-06-01,16:40:00,10.35,10.35,10.35,10.35,527,0
2015-06-01,16:50:00,10.48,10.48,10.48,10.48,2,0
2015-06-02,09:10:00,10.48,10.48,10.48,10.48,5,0
2015-06-02,09:20:00,10.35,10.35,10.35,10.35,180,0
2015-06-02,09:30:00,10.48,10.48,10.48,10.48,6,0
2015-06-02,10:45:00,10.35,10.35,10.35,10.35,5,0
2015-06-02,14:05:00,10.47,10.47,10.47,10.47,12,0
2015-06-02,14:25:00,10.47,10.47,10.47,10.47,13,0
2015-06-02,14:50:00,10.45,10.45,10.45,10.45,12,0
2015-06-03,09:05:00,10.44,10.44,10.44,10.44,7,0
2015-06-03,09:30:00,10.2,10.42,10.09,10.42,297,0
2015-06-03,11:30:00,10.15,10.15,10.1,10.1,681,0
2015-06-03,12:25:00,10.2,10.2,10.2,10.2,18,0
2015-06-03,12:50:00,10.2,10.3,10.2,10.3,10,0
2015-06-03,14:45:00,10.39,10.39,10.39,10.39,10,0
2015-06-05,09:30:00,10.38,10.38,10.38,10.38,3,0
2015-06-08,09:15:00,10.38,10.38,10.38,10.38,16,0
2015-06-08,10:50:00,10.38,10.38,10.38,10.38,7,0
2015-06-08,13:05:00,10.38,10.38,10.38,10.38,15,0
2015-06-08,14:40:00,10.38,10.38,10.38,10.38,5,0
2015-06-08,16:50:00,10.38,10.38,10.38,10.38,2,0
2015-06-09,09:05:00,10.3,10.3,10.3,10.3,10,0
2015-06-09,09:55:00,10.3,10.3,10.3,10.3,7,0
2015-06-09,10:20:00,10.3,10.38,10.3,10.38,481,0
2015-06-09,11:30:00,10.38,10.38,10.38,10.38,8,0
2015-06-09,15:55:00,10.1,10.1,10.02,10.02,287,0
2015-06-09,16:45:00,10.25,10.25,10.25,10.25,5,0
2015-06-10,09:15:00,10.38,10.38,10.38,10.38,12,0
2015-06-10,11:05:00,10.38,10.38,10.38,10.38,8,0
2015-06-10,11:20:00,10.27,10.27,10.27,10.27,12,0
2015-06-10,13:50:00,10.38,10.38,10.38,10.38,7,0
2015-06-10,16:25:00,10.38,10.38,10.38,10.38,5,0
2015-06-11,09:10:00,10.37,10.37,10.37,10.37,5,0
2015-06-11,10:25:00,10.37,10.37,10.37,10.37,6,0
2015-06-11,14:05:00,10.35,10.35,10.35,10.35,6,0
2015-06-11,15:15:00,10.33,10.33,10.33,10.33,12,0
2015-06-12,09:10:00,10.35,10.35,10.35,10.35,10,0
2015-06-12,09:25:00,10.35,10.35,10.35,10.35,6,0
2015-06-12,10:55:00,10.15,10.15,10.15,10.15,48,0
2015-06-12,11:10:00,10.3,10.3,10.3,10.3,6,0
2015-06-12,11:15:00,10.3,10.35,10.3,10.3,45,0
2015-06-12,11:20:00,10.3,10.35,10.3,10.3,36,0
2015-06-12,13:55:00,10.35,10.35,10.35,10.35,10,0
2015-06-12,16:50:00,10.3,10.3,10.3,10.3,3,0
2015-06-15,09:05:00,10.29,10.29,10.29,10.29,6,0
2015-06-15,11:45:00,10.24,10.24,10.24,10.24,3,0
2015-06-15,12:15:00,10.24,10.24,10.24,10.24,13,0
2015-06-15,13:35:00,10.18,10.18,10.18,10.18,8,0
2015-06-15,14:30:00,10.18,10.22,10.18,10.22,8,0
2015-06-15,14:40:00,10.12,10.12,10.12,10.12,7,0
2015-06-15,15:15:00,10.22,10.22,10.22,10.22,7,0
2015-06-15,15:40:00,10.12,10.12,10.11,10.11,316,0
2015-06-15,15:45:00,10.11,10.11,10.11,10.11,5,0
2015-06-15,16:00:00,10.11,10.11,10.11,10.11,8,0
2015-06-15,16:15:00,10.11,10.11,10.11,10.11,27,0
2015-06-16,09:10:00,10.29,10.29,10.29,10.29,20,0
2015-06-16,10:45:00,10.2,10.2,10.2,10.2,140,0
2015-06-16,11:20:00,10.19,10.19,10.19,10.19,10,0
2015-06-16,12:20:00,10.19,10.19,10.19,10.19,55,0
2015-06-16,12:40:00,10.19,10.19,10.19,10.19,5,0
2015-06-16,12:45:00,10.19,10.2,10.04,10.2,58,0
2015-06-16,13:35:00,10.02,10.02,10.02,10.02,25,0
2015-06-16,15:05:00,9.95,9.95,9.91,9.91,80,0
2015-06-16,15:20:00,9.91,9.91,9.91,9.91,10,0
2015-06-16,16:45:00,9.91,9.91,9.91,9.91,5,0
2015-06-17,09:10:00,10.29,10.29,10.29,10.29,7,0
2015-06-17,10:50:00,10.11,10.11,10.11,10.11,3,0
2015-06-17,14:20:00,10.11,10.11,10.11,10.11,10,0
2015-06-18,09:15:00,10.11,10.11,10.11,10.11,6,0
2015-06-18,10:00:00,10,10,10,10,78,0
2015-06-18,10:25:00,10,10,10,10,500,0
2015-06-18,10:40:00,10,10,10,10,7,0
2015-06-18,11:05:00,9.81,9.84,9.81,9.84,208,0
2015-06-18,11:20:00,9.7,9.7,9.7,9.7,600,0
2015-06-18,11:45:00,9.7,9.7,9.7,9.7,90,0
2015-06-18,11:55:00,9.7,9.7,9.7,9.7,10,0
2015-06-18,12:00:00,9.7,9.7,9.7,9.7,27,0
2015-06-18,12:45:00,9.7,9.7,9.7,9.7,25,0
2015-06-18,13:00:00,9.7,9.7,9.7,9.7,238,0
2015-06-18,15:00:00,9.7,9.7,9.7,9.7,3,0
2015-06-18,16:40:00,9.7,9.82,9.7,9.82,500,0
2015-06-18,16:50:00,9.8,10,9.8,10,1653,0
2015-06-19,09:15:00,9.95,9.95,9.95,9.95,1,0
2015-06-19,14:55:00,9.84,9.84,9.84,9.84,45,0
2015-06-19,16:30:00,9.94,9.94,9.94,9.94,14,0
2015-06-19,16:40:00,9.62,9.62,9.55,9.55,476,0
2015-06-19,16:50:00,9.8,9.8,9.8,9.8,1000,0
2015-06-22,09:35:00,9.83,9.83,9.81,9.81,3,0
2015-06-23,09:10:00,9.85,9.85,9.85,9.85,2,0
2015-06-23,10:45:00,9.78,9.85,9.78,9.85,303,0
2015-06-23,11:40:00,9.7,9.7,9.7,9.7,1520,0
2015-06-23,16:50:00,9.7,9.7,9.7,9.7,180,0
2015-06-24,09:20:00,9.7,9.7,9.7,9.7,2,0
2015-06-24,09:30:00,9.7,9.7,9.7,9.7,179,0
2015-06-24,11:25:00,9.8,9.8,9.8,9.8,358,0
2015-06-24,13:25:00,9.8,9.8,9.8,9.8,642,0
2015-06-24,13:55:00,9.8,9.8,9.8,9.8,358,0
2015-06-24,15:20:00,9.8,9.8,9.8,9.8,621,0
2015-06-25,09:15:00,9.85,9.85,9.85,9.85,1,0
2015-06-25,12:10:00,9.72,9.72,9.72,9.72,29,0
2015-06-25,12:25:00,9.72,9.72,9.72,9.72,471,0
2015-06-25,14:00:00,9.72,9.72,9.72,9.72,529,0
2015-06-26,09:30:00,9.75,9.75,9.75,9.75,1,0
2015-06-26,10:15:00,9.71,9.75,9.71,9.75,1124,0
2015-06-26,10:45:00,9.85,9.85,9.85,9.85,10,0
2015-06-26,11:30:00,9.85,9.85,9.85,9.85,24,0
2015-06-26,16:15:00,9.75,9.75,9.75,9.75,300,0
2015-06-26,16:50:00,9.94,9.94,9.94,9.94,7,0
2015-06-29,09:20:00,10.28,10.28,10.28,10.28,5,0
2015-06-29,11:15:00,10.28,10.28,10.28,10.28,3,0
2015-06-29,12:40:00,10.28,10.28,10.28,10.28,7,0
2015-06-29,14:25:00,10.27,10.27,10.27,10.27,3,0
2015-06-30,09:10:00,10.24,10.24,10.24,10.24,7,0
2015-06-30,10:45:00,10.15,10.15,10.15,10.15,3,0
2015-06-30,12:55:00,10,10,10,10,7,0
2015-06-30,14:00:00,10,10,10,10,5,0
2015-06-30,14:25:00,9.63,9.63,9.6,9.63,195,0
2015-06-30,15:05:00,10,10,10,10,7,0
2015-07-01,09:20:00,10.15,10.15,10.15,10.15,5,0
2015-07-01,11:10:00,9.8,9.8,9.6,9.6,871,0
2015-07-01,11:35:00,9.5,9.5,9.5,9.5,1952,0
2015-07-01,16:40:00,9.99,10,9.99,10,100,0
2015-07-02,09:15:00,10.15,10.15,10.15,10.15,3,0
2015-07-02,11:30:00,10.15,10.15,10.15,10.15,6,0
2015-07-02,12:40:00,10.15,10.15,10.15,10.15,5,0
2015-07-02,14:20:00,10.15,10.15,10.15,10.15,12,0
2015-07-03,09:15:00,10.15,10.15,10.15,10.15,12,0
2015-07-03,10:55:00,10.15,10.15,10.15,10.15,5,0
2015-07-03,13:15:00,10.15,10.15,10.15,10.15,6,0
2015-07-03,16:50:00,10.15,10.15,10.15,10.15,3,0
2015-07-06,09:35:00,10.15,10.15,10.15,10.15,5,0
2015-07-06,12:15:00,9.89,9.89,9.8,9.8,70,0
2015-07-06,12:50:00,9.89,9.89,9.89,9.89,5,0
2015-07-06,13:40:00,9.89,9.89,9.89,9.89,7,0
2015-07-06,15:20:00,9.86,9.86,9.86,9.86,15,0
2015-07-06,16:50:00,9.72,10.15,9.72,10.15,67,0
2015-07-07,09:10:00,10.15,10.15,10.15,10.15,5,0
2015-07-07,10:30:00,9.76,9.76,9.72,9.76,145,0
2015-07-07,12:10:00,9.75,9.75,9.75,9.75,8,0
2015-07-07,12:15:00,9.75,9.75,9.75,9.75,5,0
2015-07-07,13:10:00,9.75,9.75,9.75,9.75,21,0
2015-07-07,15:40:00,9.5,9.5,9.5,9.5,27,0
2015-07-07,15:45:00,9.4,9.4,9.4,9.4,143,0
2015-07-07,16:30:00,9.48,9.74,9.48,9.74,1000,0
2015-07-07,16:35:00,9.74,9.74,9.74,9.74,327,0
2015-07-07,16:45:00,9.35,9.35,9.35,9.35,100,0
2015-07-07,16:50:00,9.74,10,9.74,10,100,0
2015-07-08,09:20:00,10.15,10.15,10.15,10.15,7,0
2015-07-08,12:20:00,10.15,10.15,10.15,10.15,10,0
2015-07-08,13:20:00,10.15,10.15,10.15,10.15,17,0
2015-07-09,09:20:00,9.5,9.5,9.5,9.5,100,0
2015-07-09,09:55:00,9.7,9.7,9.7,9.7,6,0
2015-07-09,11:20:00,9.75,9.75,9.75,9.75,8,0
2015-07-09,12:20:00,9.75,9.75,9.75,9.75,8,0
2015-07-09,13:15:00,9.75,9.75,9.75,9.75,5,0
2015-07-09,14:15:00,9.75,9.75,9.75,9.75,7,0
2015-07-09,15:05:00,9.8,9.8,9.8,9.8,7,0
2015-07-09,16:30:00,9.55,9.55,9.55,9.55,53,0
2015-07-09,16:35:00,9.82,9.91,9.82,9.91,100,0
2015-07-09,16:50:00,10.15,10.15,10.15,10.15,424,0
2015-07-10,09:30:00,10.15,10.15,10.15,10.15,7,0
2015-07-10,10:10:00,9.55,9.55,9.55,9.55,12,0
2015-07-10,10:55:00,9.55,9.55,9.55,9.55,6,0
2015-07-10,12:15:00,9.55,9.55,9.55,9.55,13,0
2015-07-10,12:50:00,9.55,9.55,9.55,9.55,12,0
2015-07-10,13:45:00,9.55,9.8,9.55,9.8,36,0
2015-07-10,14:45:00,9.51,9.8,9.51,9.8,765,0
2015-07-10,15:05:00,9.81,9.81,9.81,9.81,6,0
2015-07-10,16:50:00,9.79,9.82,9.79,9.82,1000,0
2015-07-13,09:15:00,10.1,10.1,10.1,10.1,7,0
2015-07-13,09:50:00,9.6,9.6,9.6,9.6,15,0
2015-07-13,11:00:00,9.6,9.6,9.6,9.6,7,0
2015-07-13,12:20:00,9.8,9.8,9.8,9.8,40,0
2015-07-13,14:40:00,10,10,10,10,14,0
2015-07-13,16:50:00,10.13,10.13,10.13,10.13,114,0
2015-07-14,09:10:00,10.13,10.13,10.13,10.13,10,0
2015-07-14,11:55:00,9.79,9.79,9.79,9.79,19,0
2015-07-14,12:30:00,9.79,9.79,9.79,9.79,17,0
2015-07-14,12:55:00,9.79,9.79,9.79,9.79,12,0
2015-07-14,13:20:00,9.79,9.79,9.79,9.79,7,0
2015-07-14,14:30:00,9.79,9.79,9.79,9.79,120,0
2015-07-14,15:35:00,9.79,9.79,9.79,9.79,11,0
2015-07-14,16:50:00,10.08,10.08,10.08,10.08,103,0
2015-07-15,09:10:00,10.08,10.08,10.08,10.08,12,0
2015-07-15,09:15:00,10.08,10.08,10.08,10.08,6,0
2015-07-15,11:10:00,10.08,10.08,10.08,10.08,8,0
2015-07-15,11:25:00,10.08,10.08,9.77,10.08,108,0
2015-07-15,12:55:00,10.06,10.06,10.06,10.06,6,0
2015-07-15,13:55:00,10.04,10.06,10.04,10.06,150,0
2015-07-15,14:45:00,10.06,10.06,10.06,10.06,6,0
2015-07-15,14:55:00,10.03,10.03,10.03,10.03,12,0
2015-07-15,16:50:00,10.02,10.09,10.02,10.07,148,0
2015-07-16,09:05:00,10.04,10.04,10.04,10.04,12,0
2015-07-16,09:30:00,9.5,9.5,9.5,9.5,69,0
2015-07-16,09:40:00,9.5,9.7,9.5,9.5,1431,0
2015-07-16,09:45:00,9.5,9.5,9.5,9.5,955,0
2015-07-16,09:50:00,9.5,9.5,9.5,9.5,167,0
2015-07-16,09:55:00,9.5,9.6,9.5,9.5,2700,0
2015-07-16,10:00:00,9.5,9.5,9.5,9.5,1100,0
2015-07-16,10:20:00,9.5,9.5,9.5,9.5,100,0
2015-07-16,10:35:00,9.5,9.5,9.5,9.5,20,0
2015-07-16,10:55:00,9.5,9.5,9.5,9.5,21,0
2015-07-16,11:45:00,9.5,9.5,9.5,9.5,105,0
2015-07-16,11:50:00,9.5,9.5,9.5,9.5,465,0
2015-07-16,12:00:00,9.5,9.5,9.5,9.5,569,0
2015-07-16,12:05:00,9.75,9.75,9.75,9.75,10,0
2015-07-16,12:30:00,9.55,9.55,9.51,9.51,723,0
2015-07-16,12:35:00,9.5,9.5,9.5,9.5,2800,0
2015-07-16,12:40:00,9.5,9.5,9.5,9.5,850,0
2015-07-16,13:05:00,9.5,9.5,9.5,9.5,800,0
2015-07-16,13:35:00,9.5,9.5,9.5,9.5,30,0
2015-07-16,15:05:00,9.5,9.5,9.5,9.5,100,0
2015-07-16,15:45:00,9.5,9.5,9.5,9.5,780,0
2015-07-16,16:00:00,9.49,9.49,9.49,9.49,130,0
2015-07-16,16:15:00,9.49,9.49,9.49,9.49,117,0
2015-07-16,16:30:00,9.49,9.49,9.49,9.49,25,0
2015-07-16,16:35:00,9.49,9.49,9.49,9.49,228,0
2015-07-16,16:50:00,9.48,9.48,9.48,9.48,190,0
2015-07-17,09:05:00,9.38,9.38,9.38,9.38,9,0
2015-07-17,09:10:00,10.02,10.02,10.02,10.02,10,0
2015-07-17,10:05:00,9.5,9.5,9.5,9.5,47,0
2015-07-17,10:55:00,9.5,9.5,9.5,9.5,15,0
2015-07-17,13:00:00,9.5,9.5,9.5,9.5,30,0
2015-07-17,13:20:00,9.5,9.5,9.5,9.5,62,0
2015-07-17,16:50:00,9.5,9.5,9.5,9.5,200,0
2015-07-20,09:05:00,9.5,9.5,9.5,9.5,17,0
2015-07-20,10:20:00,9.5,9.5,9.5,9.5,6,0
2015-07-20,10:55:00,9.5,9.5,9.5,9.5,7,0
2015-07-20,11:10:00,9.5,9.5,9.5,9.5,22,0
2015-07-20,12:25:00,9.5,9.5,9.5,9.5,6,0
2015-07-20,14:20:00,9.5,9.5,9.5,9.5,5,0
2015-07-20,16:00:00,9.5,9.5,9.5,9.5,10,0
2015-07-21,09:10:00,9.5,9.5,9.5,9.5,5,0
2015-07-21,09:55:00,9.5,9.5,9.5,9.5,10,0
2015-07-21,10:30:00,9.5,9.5,9.5,9.5,5,0
2015-07-21,11:20:00,9.5,9.5,9.5,9.5,35,0
2015-07-21,11:30:00,9.48,9.48,9.48,9.48,15,0
2015-07-21,11:35:00,9.5,9.5,9.5,9.5,81,0
2015-07-21,11:45:00,9.48,9.5,9.48,9.5,1362,0
2015-07-21,11:50:00,9.48,9.48,9.48,9.48,285,0
2015-07-21,12:05:00,9.48,9.48,9.48,9.48,15,0
2015-07-21,12:15:00,9.5,9.5,9.5,9.5,12,0
2015-07-21,13:25:00,9.5,9.5,9.5,9.5,5,0
2015-07-21,13:45:00,9.48,9.5,9.48,9.5,750,0
2015-07-21,14:10:00,9.5,9.5,9.5,9.5,272,0
2015-07-21,14:15:00,9.5,9.5,9.5,9.5,162,0
2015-07-21,14:20:00,9.5,9.5,9.5,9.5,200,0
2015-07-21,14:30:00,9.49,9.49,9.49,9.49,15,0
2015-07-21,16:00:00,9.49,9.5,9.49,9.5,2200,0
2015-07-21,16:50:00,9.5,9.5,9.5,9.5,2,0
2015-07-22,09:05:00,9.99,9.99,9.99,9.99,10,0
2015-07-22,10:05:00,9.47,9.47,9.47,9.47,105,0
2015-07-22,10:20:00,9.5,9.5,9.5,9.5,130,0
2015-07-22,10:40:00,9.5,9.5,9.5,9.5,230,0
2015-07-22,12:35:00,9.5,9.5,9.5,9.5,3,0
2015-07-22,14:50:00,9.48,9.5,9.48,9.5,355,0
2015-07-22,15:45:00,9.47,9.47,9.47,9.47,100,0
2015-07-22,16:50:00,9.5,9.5,9.5,9.5,108,0
2015-07-23,09:20:00,9.99,9.99,9.99,9.99,6,0
2015-07-23,11:00:00,9.5,9.5,9.5,9.5,6,0
2015-07-23,11:35:00,9.48,9.48,9.48,9.48,15,0
2015-07-23,11:40:00,9.48,9.48,9.48,9.48,20,0
2015-07-23,14:35:00,9.5,9.5,9.5,9.5,30,0
2015-07-23,14:45:00,9.5,9.5,9.5,9.5,10,0
2015-07-23,15:35:00,9.5,9.5,9.5,9.5,7,0
2015-07-23,16:45:00,9.66,9.81,9.66,9.81,56,0
2015-07-23,16:50:00,9.98,9.98,9.98,9.98,2,0
2015-07-24,09:10:00,9.5,9.5,9.5,9.5,10,0
2015-07-24,09:45:00,9.5,9.5,9.5,9.5,15,0
2015-07-24,10:15:00,9.47,9.47,9.47,9.47,15,0
2015-07-24,12:00:00,9.5,9.5,9.5,9.5,5,0
2015-07-24,13:45:00,9.5,9.5,9.5,9.5,6,0
2015-07-24,15:40:00,9.5,9.5,9.5,9.5,21,0
2015-07-24,16:40:00,9.48,9.52,9.48,9.52,57,0
2015-07-27,09:15:00,9.5,9.5,9.5,9.5,12,0
2015-07-27,10:25:00,9.45,9.45,9.45,9.45,100,0
2015-07-27,11:05:00,9.45,9.45,9.45,9.45,10,0
2015-07-27,11:20:00,9.4,9.4,9.38,9.4,257,0
2015-07-27,11:25:00,9.45,9.45,9.45,9.45,5,0
2015-07-27,11:40:00,9.38,9.38,9.38,9.38,383,0
2015-07-27,11:50:00,9.38,9.38,9.3,9.3,150,0
2015-07-27,13:30:00,9.4,9.4,9.4,9.4,15,0
2015-07-27,13:55:00,9.3,9.3,9.3,9.3,10,0
2015-07-27,16:05:00,9.5,9.5,9.5,9.5,10,0
2015-07-27,16:25:00,9.5,9.5,9.5,9.5,7,0
2015-07-27,16:30:00,9.5,9.5,9.5,9.5,15,0
2015-07-27,16:40:00,9.45,9.45,9.45,9.45,44,0
2015-07-27,16:50:00,9.98,9.98,9.98,9.98,3,0
2015-07-28,09:10:00,9.98,9.98,9.98,9.98,120,0
2015-07-28,09:30:00,9.5,9.5,9.5,9.5,3,0
2015-07-28,09:55:00,9.48,9.48,9.48,9.48,20,0
2015-07-28,10:40:00,9.5,9.5,9.5,9.5,5,0
2015-07-28,12:25:00,9.48,9.48,9.48,9.48,20,0
2015-07-28,12:50:00,9.48,9.5,9.48,9.5,369,0
2015-07-28,13:05:00,9.48,9.5,9.48,9.5,2396,0
2015-07-28,13:10:00,9.48,9.48,9.48,9.48,260,0
2015-07-28,13:25:00,9.48,9.48,9.48,9.48,122,0
2015-07-28,13:30:00,9.5,9.5,9.5,9.5,74,0
2015-07-28,13:45:00,9.48,9.48,9.48,9.48,50,0
2015-07-28,13:55:00,9.5,9.5,9.5,9.5,100,0
2015-07-28,14:10:00,9.48,9.48,9.48,9.48,125,0
2015-07-28,14:30:00,9.5,9.5,9.5,9.5,422,0
2015-07-28,14:35:00,9.48,9.48,9.48,9.48,150,0
2015-07-28,14:40:00,9.5,9.5,9.5,9.5,123,0
2015-07-28,14:45:00,9.5,9.5,9.5,9.5,200,0
2015-07-28,15:25:00,9.5,9.5,9.48,9.48,423,0
2015-07-28,16:25:00,9.5,9.5,9.5,9.5,150,0
2015-07-28,16:40:00,9.5,9.5,9.5,9.5,10,0
2015-07-28,16:50:00,9.5,9.5,9.5,9.5,2,0
2015-07-29,09:10:00,9.96,9.96,9.96,9.96,5,0
2015-07-29,09:50:00,9.5,9.5,9.5,9.5,12,0
2015-07-29,11:00:00,9.5,9.5,9.5,9.5,22,0
2015-07-29,11:10:00,9.48,9.48,9.48,9.48,15,0
2015-07-29,11:20:00,9.48,9.5,9.48,9.48,320,0
2015-07-29,11:35:00,9.5,9.5,9.5,9.5,22,0
2015-07-29,12:45:00,9.5,9.5,9.5,9.5,12,0
2015-07-29,14:30:00,9.5,9.5,9.5,9.5,10,0
2015-07-29,15:00:00,9.5,9.5,9.5,9.5,21,0
2015-07-29,16:45:00,9.5,9.5,9.5,9.5,22,0
2015-07-30,09:10:00,9.93,9.93,9.93,9.93,6,0
2015-07-30,10:05:00,9.5,9.5,9.5,9.5,58,0
2015-07-30,10:45:00,9.5,9.5,9.5,9.5,22,0
2015-07-30,11:15:00,9.49,9.49,9.49,9.49,35,0
2015-07-30,12:15:00,9.49,9.5,9.49,9.5,48,0
2015-07-30,12:20:00,9.5,9.5,9.5,9.5,284,0
2015-07-30,13:35:00,9.47,9.47,9.45,9.45,200,0
2015-07-30,14:35:00,9.5,9.5,9.5,9.5,6,0
2015-07-30,15:20:00,9.5,9.5,9.5,9.5,6,0
2015-07-30,16:50:00,9.5,9.5,9.5,9.5,3,0
2015-07-31,09:05:00,9.5,9.5,9.5,9.5,5,0
2015-07-31,10:45:00,9.5,9.5,9.5,9.5,6,0
2015-07-31,12:35:00,9.5,9.5,9.5,9.5,7,0
2015-07-31,13:25:00,9.5,9.5,9.5,9.5,10,0
2015-07-31,14:55:00,9.5,9.5,9.5,9.5,7,0
2015-07-31,15:45:00,9.5,9.5,9.5,9.5,10,0
2015-07-31,16:40:00,9.65,9.65,9.65,9.65,45,0
2015-07-31,16:50:00,9.95,9.95,9.95,9.95,5,0
2015-08-03,09:10:00,9.5,9.5,9.5,9.5,10,0
2015-08-03,10:25:00,9.4,9.4,9.3,9.3,162,0
2015-08-03,11:35:00,9.3,9.3,9.2,9.24,832,0
2015-08-03,11:40:00,9.1,9.1,9.1,9.1,255,0
2015-08-03,11:45:00,9.1,9.1,9.1,9.1,100,0
2015-08-03,12:00:00,9.1,9.1,9.1,9.1,25,0
2015-08-03,12:05:00,9.1,9.1,9.1,9.1,41,0
2015-08-03,13:10:00,9.1,9.1,9.1,9.1,10,0
2015-08-03,13:15:00,9.1,9.1,9.1,9.1,2060,0
2015-08-03,13:20:00,9.1,9.1,9.1,9.1,5288,0
2015-08-03,13:55:00,9.45,9.5,9.45,9.5,918,0
2015-08-03,15:40:00,9.5,9.5,9.5,9.5,1,0
2015-08-03,16:00:00,9.5,9.5,9.5,9.5,2000,0
2015-08-03,16:05:00,9.5,9.5,9.5,9.5,366,0
2015-08-03,16:50:00,9.5,9.5,9.5,9.5,1000,0
2015-08-04,09:10:00,9.5,9.5,9.5,9.5,5,0
2015-08-04,12:25:00,9.5,9.5,9.5,9.5,33,0
2015-08-04,12:45:00,9.5,9.5,9.5,9.5,12,0
2015-08-04,13:25:00,9.5,9.5,9.5,9.5,15,0
2015-08-04,14:35:00,9.5,9.5,9.5,9.5,7,0
2015-08-04,15:20:00,9.5,9.5,9.5,9.5,3,0
2015-08-05,09:10:00,9.48,9.48,9.48,9.48,5,0
2015-08-05,09:30:00,9.4,9.4,9.4,9.4,61,0
2015-08-05,10:25:00,9.48,9.48,9.48,9.48,1,0
2015-08-05,11:20:00,9.48,9.48,9.48,9.48,5,0
2015-08-05,12:50:00,9.4,9.4,9.4,9.4,25,0
2015-08-05,12:55:00,9.25,9.25,9.25,9.25,79,0
2015-08-05,14:05:00,9.5,9.5,9.5,9.5,3,0
2015-08-05,16:00:00,9.25,9.25,9.2,9.2,220,0
2015-08-05,16:40:00,9.4,9.5,9.4,9.5,300,0
2015-08-05,16:50:00,9.5,9.5,9.5,9.5,2,0
2015-08-06,09:10:00,9.96,9.96,9.96,9.96,7,0
2015-08-06,09:40:00,9.5,9.5,9.5,9.5,70,0
2015-08-06,12:25:00,9.45,9.45,9.45,9.45,10,0
2015-08-06,13:40:00,9.5,9.5,9.5,9.5,5,0
2015-08-06,15:20:00,9.5,9.5,9.5,9.5,33,0
2015-08-06,16:45:00,9.48,9.48,9.48,9.48,38,0
2015-08-06,16:50:00,9.5,9.5,9.5,9.5,13,0
2015-08-07,09:05:00,9.94,9.94,9.94,9.94,6,0
2015-08-07,09:30:00,9.5,9.5,9.5,9.5,3,0
2015-08-07,11:15:00,9.5,9.5,9.5,9.5,5,0
2015-08-07,12:25:00,9.48,9.5,9.48,9.5,300,0
2015-08-07,13:45:00,9.5,9.5,9.5,9.5,10,0
2015-08-07,14:15:00,9.5,9.5,9.5,9.5,15,0
2015-08-07,14:55:00,9.5,9.5,9.5,9.5,8,0
2015-08-07,16:50:00,9.5,9.5,9.5,9.5,3,0
2015-08-10,09:10:00,9.5,9.5,9.5,9.5,260,0
2015-08-10,10:25:00,9.5,9.5,9.5,9.5,12,0
2015-08-10,10:50:00,9.5,9.5,9.5,9.5,12,0
2015-08-10,11:25:00,9.5,9.5,9.5,9.5,3,0
2015-08-10,12:55:00,9.5,9.5,9.5,9.5,8,0
2015-08-10,13:15:00,9.5,9.5,9.5,9.5,7,0
2015-08-10,14:30:00,9.5,9.5,9.5,9.5,17,0
2015-08-10,15:30:00,9.5,9.5,9.5,9.5,6,0
2015-08-10,16:50:00,9.5,9.5,9.5,9.5,5,0
2015-08-11,09:10:00,9.5,9.5,9.5,9.5,7,0
2015-08-11,10:45:00,9.5,9.5,9.5,9.5,15,0
2015-08-11,10:50:00,9.5,9.5,9.5,9.5,10,0
2015-08-11,11:35:00,9.5,9.5,9.5,9.5,5,0
2015-08-11,14:45:00,9.5,9.5,9.5,9.5,6,0
2015-08-11,16:15:00,9.5,9.5,9.5,9.5,12,0
2015-08-11,16:40:00,9.49,9.49,9.49,9.49,1,0
2015-08-11,16:50:00,9.49,9.49,9.49,9.49,2,0
2015-08-12,09:10:00,9.5,9.5,9.5,9.5,10,0
2015-08-12,09:45:00,9.5,9.5,9.5,9.5,7,0
2015-08-12,11:30:00,9.49,9.49,9.49,9.49,5,0
2015-08-12,12:55:00,9.49,9.49,9.49,9.49,10,0
2015-08-12,15:10:00,9.49,9.49,9.49,9.49,15,0
2015-08-12,15:40:00,9.49,9.49,9.49,9.49,21,0
2015-08-13,09:20:00,9.45,9.45,9.45,9.45,6,0
2015-08-13,09:45:00,9.25,9.25,9.25,9.25,66,0
2015-08-13,09:50:00,9.22,9.22,9.22,9.22,79,0
2015-08-13,11:15:00,9.22,9.22,9.22,9.22,19,0
2015-08-13,11:20:00,9.2,9.2,9.2,9.2,280,0
2015-08-13,12:35:00,9.5,9.5,9.5,9.5,6,0
2015-08-13,14:20:00,9.49,9.49,9.49,9.49,6,0
2015-08-13,15:25:00,9.49,9.49,9.49,9.49,7,0
2015-08-13,16:35:00,9.4,9.4,9.4,9.4,6,0
2015-08-14,09:10:00,9.96,9.96,9.96,9.96,6,0
2015-08-14,11:10:00,9.5,9.5,9.5,9.5,3,0
2015-08-14,14:45:00,9.49,9.49,9.49,9.49,10,0
2015-08-14,15:30:00,9.49,9.49,9.49,9.49,20,0
2015-08-14,16:45:00,9.45,9.45,9.45,9.45,3,0
2015-08-14,16:50:00,9.49,9.49,9.49,9.49,2,0
2015-08-17,09:10:00,9.49,9.49,9.49,9.49,6,0
2015-08-17,09:40:00,9.49,9.49,9.49,9.49,10,0
2015-08-17,10:15:00,9.49,9.49,9.49,9.49,3,0
2015-08-17,12:25:00,9.49,9.49,9.49,9.49,6,0
2015-08-17,13:55:00,9.49,9.49,9.49,9.49,10,0
2015-08-17,15:35:00,9.3,9.3,9.3,9.3,33,0
2015-08-17,16:00:00,9.3,9.3,9.3,9.3,6,0
2015-08-17,16:50:00,9.47,9.49,9.47,9.49,15,0
2015-08-18,09:10:00,9.5,9.5,9.5,9.5,7,0
2015-08-18,09:55:00,9.49,9.49,9.49,9.49,3,0
2015-08-18,10:30:00,9.48,9.48,9.48,9.48,15,0
2015-08-18,11:05:00,9.49,9.49,9.49,9.49,10,0
2015-08-18,12:50:00,9.5,9.5,9.5,9.5,5,0
2015-08-18,14:00:00,9.49,9.49,9.49,9.49,19,0
2015-08-18,14:55:00,9.49,9.49,9.49,9.49,3,0
2015-08-18,15:35:00,9.49,9.49,9.49,9.49,25,0
2015-08-18,15:55:00,9.32,9.32,9.32,9.32,50,0
2015-08-19,09:10:00,9.3,9.3,9.3,9.3,6,0
2015-08-19,09:40:00,9.1,9.1,9.1,9.1,2,0
2015-08-19,09:55:00,9.3,9.3,9.3,9.3,3,0
2015-08-19,10:00:00,9.1,9.1,9,9,53,0
2015-08-19,10:05:00,9.22,9.22,9.22,9.22,15,0
2015-08-19,10:30:00,8.98,9.22,8.98,9.22,21,0
2015-08-19,11:35:00,9.15,9.15,9.15,9.15,15,0
2015-08-19,11:45:00,9.2,9.2,9.2,9.2,15,0
2015-08-19,12:55:00,9.2,9.23,9.2,9.23,20,0
2015-08-19,13:15:00,9.25,9.25,9.25,9.25,10,0
2015-08-19,16:50:00,9.25,9.25,9.25,9.25,5,0
2015-08-20,09:10:00,9.5,9.5,9.5,9.5,3,0
2015-08-20,10:25:00,9.2,9.2,9.03,9.03,941,0
2015-08-20,10:40:00,9.25,9.25,9.25,9.25,12,0
2015-08-20,11:30:00,9.49,9.49,9.49,9.49,3,0
2015-08-21,09:05:00,9.96,9.96,9.96,9.96,3,0
2015-08-21,10:50:00,9.3,9.3,9.3,9.3,200,0
2015-08-21,11:30:00,9.36,9.36,9.36,9.36,13,0
2015-08-21,11:55:00,9.36,9.4,9.36,9.4,10,0
2015-08-21,14:05:00,9.89,9.89,9.89,9.89,2,0
2015-08-24,09:05:00,9,9,9,9,111,0
2015-08-24,09:35:00,9.88,9.88,9.88,9.88,3,0
2015-08-24,11:15:00,9.02,9.4,9,9.4,435,0
2015-08-24,12:10:00,9.36,9.4,9.36,9.4,210,0
2015-08-24,13:10:00,9.18,9.18,9.1,9.1,140,0
2015-08-24,14:00:00,9.1,9.1,9.1,9.1,110,0
2015-08-24,14:35:00,9.5,9.5,9.5,9.5,1,0
2015-08-24,14:45:00,9.1,9.1,9.1,9.1,618,0
2015-08-24,16:40:00,9.24,9.24,9.24,9.24,500,0
2015-08-24,16:45:00,9.24,9.24,9.24,9.24,4,0
2015-08-24,16:50:00,9.5,9.5,9.5,9.5,3581,0
2015-08-25,09:05:00,9.5,9.84,9.5,9.84,303,0
2015-08-25,09:15:00,9.5,9.84,9.5,9.84,503,0
2015-08-25,09:20:00,9.41,9.41,9.41,9.41,48,0
2015-08-25,11:35:00,9.5,9.5,9.41,9.5,375,0
2015-08-25,12:55:00,9.4,9.4,9.4,9.4,20,0
2015-08-25,13:20:00,9.4,9.45,9.4,9.45,5,0
2015-08-25,13:25:00,9.5,9.5,9.5,9.5,17,0
2015-08-25,15:35:00,9.4,9.4,9.22,9.22,1000,0
2015-08-25,16:10:00,9.25,9.25,9.25,9.25,180,0
2015-08-25,16:30:00,9.25,9.43,9.25,9.43,3,0
2015-08-25,16:45:00,9.43,9.43,9.43,9.43,40,0
2015-08-25,16:50:00,9.44,9.48,9.44,9.48,42,0
2015-08-26,09:15:00,9.99,9.99,9.99,9.99,6,0
2015-08-26,11:00:00,9.5,9.5,9.5,9.5,10,0
2015-08-26,11:45:00,9.5,9.5,9.5,9.5,10,0
2015-08-26,13:35:00,9.5,9.5,9.5,9.5,20,0
2015-08-26,14:05:00,9.3,9.3,9.3,9.3,66,0
2015-08-26,15:40:00,9.22,9.22,9.22,9.22,40,0
2015-08-26,15:55:00,9.22,9.5,9.22,9.5,55,0
2015-08-26,16:20:00,9.28,9.5,9.28,9.5,52,0
2015-08-26,16:40:00,9.49,9.83,9.49,9.83,57,0
2015-08-26,16:50:00,9.48,9.48,9,9,32,0
2015-08-27,09:10:00,9.51,9.99,9.51,9.99,41,0
2015-08-27,10:15:00,9.45,9.45,9.45,9.45,22,0
2015-08-27,11:25:00,9.5,9.5,9.5,9.5,7,0
2015-08-27,11:50:00,9.45,9.45,9.45,9.45,4,0
2015-08-27,12:15:00,9.35,9.35,9.35,9.35,15,0
2015-08-27,12:20:00,9.45,9.49,9.45,9.49,31,0
2015-08-27,12:25:00,9.3,9.3,9.3,9.3,22,0
2015-08-27,12:30:00,9.3,9.3,9.3,9.3,2,0
2015-08-27,12:45:00,9.2,9.2,9.2,9.2,15,0
2015-08-27,13:00:00,9.35,9.35,9.35,9.35,22,0
2015-08-27,13:20:00,9.35,9.4,9.35,9.4,10,0
2015-08-27,13:45:00,9.45,9.45,9.45,9.45,10,0
2015-08-27,14:35:00,9.45,9.45,9.45,9.45,5,0
2015-08-27,15:15:00,9.45,9.45,9.45,9.45,28,0
2015-08-27,16:40:00,9.48,9.48,9.48,9.48,5,0
2015-08-27,16:45:00,9.48,9.48,9.48,9.48,7,0
2015-08-27,16:50:00,9.96,9.96,9.96,9.96,2,0
2015-08-28,09:25:00,9.66,9.66,9.66,9.66,2,0
2015-08-28,13:30:00,9.5,9.5,9.5,9.5,10,0
2015-08-28,16:50:00,9.65,9.65,9.65,9.65,10,0
2015-08-31,09:10:00,9.66,9.66,9.66,9.66,6,0
2015-08-31,10:25:00,9.56,9.56,9.56,9.56,15,0
2015-08-31,11:40:00,9.5,9.5,9.5,9.5,16,0
2015-08-31,12:50:00,9.45,9.45,9.45,9.45,8,0
2015-08-31,13:15:00,9.3,9.3,9.3,9.3,30,0
2015-08-31,14:00:00,9.3,9.3,9.3,9.3,54,0
2015-08-31,14:50:00,9.45,9.45,9.45,9.45,6,0
2015-08-31,15:45:00,9.45,9.45,9.45,9.45,33,0
2015-08-31,16:45:00,9.45,9.5,9.45,9.5,148,0
2015-08-31,16:50:00,9.97,9.97,9.97,9.97,48,0
2015-09-01,09:05:00,9.5,9.5,9.5,9.5,6,0
2015-09-01,10:45:00,9.26,9.26,9.26,9.26,15,0
2015-09-01,10:50:00,9.48,9.48,9.48,9.48,200,0
2015-09-01,12:30:00,9.48,9.48,9.48,9.48,8,0
2015-09-01,13:15:00,9.45,9.45,9.45,9.45,20,0
2015-09-01,13:20:00,9.48,9.48,9.45,9.48,297,0
2015-09-01,15:10:00,9.35,9.35,9.25,9.25,1220,0
2015-09-01,15:30:00,9.25,9.25,9.25,9.25,15,0
2015-09-01,16:10:00,9.25,9.25,9.25,9.25,1035,0
2015-09-01,16:45:00,9.25,9.25,9.25,9.25,6,0
2015-09-01,16:50:00,9.25,9.25,9.25,9.25,1606,0
2015-09-02,09:05:00,9.5,9.5,9.5,9.5,42,0
2015-09-02,09:10:00,9.5,9.5,9.5,9.5,3,0
2015-09-02,09:50:00,9.48,9.48,9.48,9.48,36,0
2015-09-02,09:55:00,9.4,9.4,9.4,9.4,100,0
2015-09-02,13:20:00,9.35,9.35,9.3,9.3,200,0
2015-09-02,15:05:00,9.48,9.48,9.48,9.48,4,0
2015-09-02,16:40:00,9.38,9.38,9.38,9.38,46,0
2015-09-02,16:50:00,9.9,9.9,9.9,9.9,5,0
2015-09-03,09:05:00,9.5,9.5,9.5,9.5,3,0
2015-09-03,09:40:00,9.5,9.5,9.5,9.5,12,0
2015-09-03,10:35:00,9.5,9.5,9.5,9.5,5,0
2015-09-03,12:05:00,9.5,9.5,9.5,9.5,21,0
2015-09-03,15:05:00,9.3,9.3,9.3,9.3,50,0
2015-09-03,15:30:00,9.3,9.3,9.3,9.3,98,0
2015-09-03,15:55:00,9.5,9.5,9.5,9.5,6,0
2015-09-03,16:05:00,9.43,9.5,9.4,9.4,2288,0
2015-09-03,16:50:00,9.49,9.92,9.49,9.92,2005,0
2015-09-04,09:05:00,9.93,9.93,9.93,9.93,19,0
2015-09-04,09:15:00,9.95,9.95,9.95,9.95,3,0
2015-09-04,10:10:00,9.95,9.95,9.95,9.95,8,0
2015-09-04,11:10:00,9.95,9.95,9.95,9.95,15,0
2015-09-04,13:30:00,9.95,9.95,9.95,9.95,21,0
2015-09-04,14:30:00,9.95,9.95,9.95,9.95,27,0
2015-09-07,09:05:00,9.95,9.95,9.95,9.95,6,0
2015-09-07,10:35:00,9.79,9.79,9.79,9.79,5,0
2015-09-07,12:15:00,9.79,9.79,9.79,9.79,17,0
2015-09-07,13:10:00,9.79,9.79,9.79,9.79,3,0
2015-09-07,14:05:00,9.79,9.79,9.79,9.79,8,0
2015-09-07,15:10:00,9.79,9.79,9.79,9.79,18,0
2015-09-07,16:50:00,9.95,9.95,9.95,9.95,5,0
2015-09-08,09:10:00,9.95,9.95,9.95,9.95,5,0
2015-09-08,10:30:00,9.79,9.79,9.5,9.5,155,0
2015-09-08,11:50:00,9.79,9.79,9.79,9.79,8,0
2015-09-08,14:15:00,9.78,9.78,9.78,9.78,6,0
2015-09-08,14:25:00,9.52,9.52,9.52,9.52,51,0
2015-09-08,14:50:00,9.78,9.78,9.72,9.72,11,0
2015-09-09,09:05:00,9.7,9.7,9.7,9.7,27,0
2015-09-09,09:25:00,9.58,9.58,9.58,9.58,3,0
2015-09-09,10:00:00,9.4,9.4,9.4,9.4,34,0
2015-09-09,10:50:00,9.52,9.52,9.52,9.52,10,0
2015-09-09,12:50:00,9.7,9.7,9.7,9.7,3,0
2015-09-09,13:00:00,9.38,9.38,9.38,9.38,1,0
2015-09-09,13:05:00,9.7,9.7,9.7,9.7,3,0
2015-09-09,13:45:00,9.7,9.7,9.7,9.7,5,0
2015-09-09,15:05:00,9.37,9.37,9.37,9.37,1,0
2015-09-09,16:05:00,9.63,9.63,9.63,9.63,3,0
2015-09-09,16:10:00,9.39,9.39,9.37,9.37,56,0
2015-09-09,16:30:00,9.37,9.52,9.37,9.52,7,0
2015-09-09,16:45:00,9.63,9.76,9.63,9.76,826,0
2015-09-10,09:10:00,9.89,9.89,9.89,9.89,3,0
2015-09-10,09:55:00,9.89,9.89,9.89,9.89,6,0
2015-09-10,10:15:00,9.6,9.6,9.6,9.6,47,0
2015-09-10,11:00:00,9.8,9.8,9.8,9.8,8,0
2015-09-10,12:05:00,9.78,9.78,9.78,9.78,6,0
2015-09-10,13:15:00,9.78,9.89,9.78,9.89,12,0
2015-09-10,15:20:00,9.89,9.89,9.89,9.89,13,0
2015-09-10,16:50:00,9.89,9.89,9.89,9.89,3,0
2015-09-11,09:05:00,9.95,9.95,9.95,9.95,4,0
2015-09-11,11:05:00,9.97,9.97,9.97,9.97,5,0
2015-09-11,13:05:00,9.98,9.98,9.98,9.98,6,0
2015-09-11,14:00:00,9.98,9.98,9.98,9.98,44,0
2015-09-11,15:20:00,9.65,9.67,9.65,9.67,80,0
2015-09-11,16:30:00,9.69,9.69,9.69,9.69,48,0
2015-09-14,09:10:00,9.96,9.96,9.96,9.96,6,0
2015-09-14,11:00:00,9.96,9.96,9.96,9.96,5,0
2015-09-14,11:05:00,9.42,9.42,9.42,9.42,1,0
2015-09-14,11:45:00,9.96,9.96,9.96,9.96,3,0
2015-09-14,12:50:00,9.96,9.96,9.96,9.96,8,0
2015-09-14,13:45:00,9.96,9.96,9.96,9.96,8,0
2015-09-14,14:45:00,9.96,9.96,9.96,9.96,5,0
2015-09-14,14:50:00,9.68,9.96,9.68,9.7,258,0
2015-09-14,15:30:00,9.96,9.96,9.96,9.96,5,0
2015-09-15,09:05:00,9.68,9.68,9.68,9.68,6,0
2015-09-15,10:30:00,9.68,9.68,9.68,9.68,11,0
2015-09-15,10:40:00,9.27,9.27,9.27,9.27,1,0
2015-09-15,10:45:00,9.68,9.68,9.68,9.68,3,0
2015-09-15,14:15:00,9.68,9.68,9.68,9.68,5,0
2015-09-15,15:40:00,9.56,9.56,9.56,9.56,114,0
2015-09-16,09:05:00,9.68,9.68,9.68,9.68,3,0
2015-09-16,09:55:00,9.67,9.67,9.67,9.67,3,0
2015-09-16,10:40:00,9.67,9.67,9.67,9.67,6,0
2015-09-16,11:25:00,9.67,9.68,9.67,9.68,156,0
2015-09-16,12:45:00,9.68,9.96,9.68,9.96,27,0
2015-09-17,09:10:00,9.96,9.96,9.96,9.96,3,0
2015-09-17,10:15:00,9.9,9.9,9.9,9.9,6,0
2015-09-17,10:30:00,9.44,9.44,9.44,9.44,29,0
2015-09-17,10:50:00,9.44,9.9,9.44,9.9,53,0
2015-09-17,12:50:00,9.9,9.9,9.9,9.9,5,0
2015-09-17,14:15:00,9.9,9.9,9.9,9.9,5,0
2015-09-17,15:25:00,9.89,9.89,9.89,9.89,5,0
2015-09-17,16:50:00,9.89,9.89,9.89,9.89,2,0
2015-09-18,09:05:00,9.89,9.89,9.89,9.89,6,0
2015-09-18,10:10:00,9.87,9.87,9.87,9.87,10,0
2015-09-18,11:10:00,9.87,9.87,9.87,9.87,3,0
2015-09-18,12:35:00,9.87,9.87,9.87,9.87,3,0
2015-09-18,13:55:00,9.87,9.87,9.87,9.87,14,0
2015-09-18,16:50:00,9.86,9.86,9.86,9.86,5,0
2015-09-21,09:15:00,9.86,9.86,9.86,9.86,5,0
2015-09-21,11:15:00,9.86,9.86,9.86,9.86,10,0
2015-09-21,12:10:00,9.86,9.86,9.86,9.86,10,0
2015-09-21,15:10:00,9.86,9.86,9.86,9.86,20,0
2015-09-21,16:50:00,9.86,9.86,9.86,9.86,21,0
2015-09-22,09:10:00,9.86,9.86,9.86,9.86,8,0
2015-09-22,09:40:00,9.86,9.86,9.86,9.86,7,0
2015-09-22,10:35:00,9.85,9.85,9.85,9.85,20,0
2015-09-22,11:25:00,9.85,9.85,9.85,9.85,8,0
2015-09-22,11:30:00,9.5,9.5,9.5,9.5,19,0
2015-09-22,12:10:00,9.75,9.75,9.75,9.75,1,0
2015-09-22,13:35:00,9.83,9.83,9.83,9.83,6,0
2015-09-22,14:40:00,9.83,9.83,9.83,9.83,5,0
2015-09-22,15:15:00,9.83,9.83,9.83,9.83,8,0
2015-09-22,16:20:00,9.83,9.83,9.83,9.83,7,0
2015-09-23,09:10:00,9.83,9.83,9.83,9.83,6,0
2015-09-23,10:05:00,9.83,9.83,9.83,9.83,5,0
2015-09-23,11:00:00,9.44,9.44,9.44,9.44,5,0
2015-09-23,11:25:00,9.83,9.83,9.83,9.83,6,0
2015-09-23,12:45:00,9.82,9.82,9.82,9.82,5,0
2015-09-23,14:15:00,9.82,9.82,9.82,9.82,13,0
2015-09-23,15:35:00,9.82,9.82,9.82,9.82,5,0
2015-09-24,09:05:00,9.82,9.82,9.82,9.82,6,0
2015-09-24,09:40:00,9.82,9.82,9.82,9.82,5,0
2015-09-24,10:40:00,9.81,9.81,9.81,9.81,3,0
2015-09-24,11:25:00,9.8,9.8,9.8,9.8,5,0
2015-09-24,12:40:00,9.7,9.7,9.7,9.7,101,0
2015-09-24,13:00:00,9.6,9.6,9.6,9.6,20,0
2015-09-24,13:40:00,9.6,9.6,9.6,9.6,18,0
2015-09-24,15:25:00,9.6,9.6,9.6,9.6,10,0
2015-09-24,15:35:00,9.6,9.6,9.6,9.6,22,0
2015-09-24,16:45:00,9.6,9.6,9.6,9.6,31,0
2015-09-25,09:05:00,9.8,9.8,9.8,9.8,5,0
2015-09-25,10:00:00,9.8,9.8,9.8,9.8,12,0
2015-09-25,10:55:00,9.8,9.8,9.8,9.8,10,0
2015-09-25,11:40:00,9.8,9.8,9.8,9.8,5,0
2015-09-25,13:10:00,9.8,9.8,9.8,9.8,3,0
2015-09-25,15:50:00,9.8,9.8,9.8,9.8,20,0
2015-09-28,09:10:00,9.8,9.8,9.8,9.8,15,0
2015-09-28,11:15:00,9.8,9.8,9.8,9.8,5,0
2015-09-28,11:35:00,9.94,9.94,9.94,9.94,1,0
2015-09-28,12:55:00,9.94,9.94,9.94,9.94,8,0
2015-09-28,14:20:00,9.94,9.94,9.94,9.94,5,0
2015-09-28,15:50:00,9.94,9.94,9.94,9.94,5,0
2015-09-28,16:50:00,9.94,9.94,9.94,9.94,1,0
2015-09-29,09:30:00,9.94,9.94,9.94,9.94,1,0
2015-09-30,09:25:00,9.94,9.94,9.94,9.94,5,0
2015-09-30,10:45:00,9.94,9.94,9.94,9.94,5,0
2015-09-30,12:35:00,9.93,9.93,9.93,9.93,5,0
2015-09-30,14:15:00,9.92,9.92,9.92,9.92,5,0
2015-09-30,15:15:00,9.92,9.92,9.92,9.92,12,0
2015-09-30,16:15:00,9.92,9.92,9.92,9.92,4,0
2015-09-30,16:50:00,9.92,9.92,9.92,9.92,21,0
2015-10-01,09:20:00,9.92,9.92,9.92,9.92,3,0
2015-10-01,12:05:00,9.5,9.5,9.5,9.5,155,0
2015-10-01,13:00:00,9.75,9.75,9.75,9.75,8,0
2015-10-01,13:25:00,9.51,9.74,9.5,9.74,90,0
2015-10-01,16:45:00,9.65,9.65,9.65,9.65,152,0
2015-10-02,09:30:00,9.88,9.88,9.88,9.88,2,0
2015-10-02,15:50:00,9.61,9.61,9.61,9.61,10,0
2015-10-05,09:05:00,9.26,9.26,8.92,8.92,1000,0
2015-10-05,10:35:00,9.8,9.8,9.8,9.8,2,0
2015-10-05,11:00:00,9.54,9.54,9.19,9.19,927,0
2015-10-05,13:20:00,9.53,9.53,9.53,9.53,410,0
2015-10-05,13:50:00,9.26,9.26,9.22,9.22,410,0
2015-10-05,16:00:00,9.76,9.76,9.76,9.76,1,0
2015-10-05,16:05:00,9.56,9.56,9.56,9.56,766,0
2015-10-05,16:50:00,9.17,9.17,9.12,9.12,820,0
2015-10-06,09:05:00,9.12,9.12,9.12,9.12,146,0
2015-10-06,09:15:00,9.12,9.12,9.12,9.12,91,0
2015-10-06,09:35:00,9.12,9.12,9.12,9.12,1,0
2015-10-06,09:40:00,9.12,9.12,9.12,9.12,351,0
2015-10-06,15:20:00,9.32,9.32,9.32,9.32,2,0
2015-10-07,13:15:00,9.7,9.7,9.7,9.7,3,0
2015-10-08,09:05:00,9.25,9.25,9.25,9.25,205,0
2015-10-08,09:15:00,9.54,9.54,9.54,9.54,204,0
2015-10-08,09:25:00,9.68,9.68,9.68,9.68,2,0
2015-10-08,14:35:00,9.16,9.16,9.16,9.16,28,0
2015-10-08,15:20:00,9.42,9.42,9.42,9.42,4,0
2015-10-08,16:50:00,9.66,9.66,9.66,9.66,1000,0
2015-10-09,09:20:00,9.68,9.68,9.68,9.68,2,0
2015-10-09,15:25:00,9.47,9.53,9.47,9.53,479,0
2015-10-09,16:00:00,9.67,9.7,9.67,9.7,1924,0
2015-10-12,09:20:00,9.64,9.73,9.64,9.73,680,0
2015-10-12,09:50:00,9.67,9.67,9.67,9.67,200,0
2015-10-12,11:05:00,9.8,9.8,9.8,9.8,316,0
2015-10-12,11:35:00,9.87,9.87,9.87,9.87,70,0
2015-10-13,09:10:00,9.94,9.94,9.94,9.94,150,0
2015-10-13,09:20:00,9.86,9.86,9.86,9.86,46,0
2015-10-13,09:30:00,9.93,10,9.93,10,944,0
2015-10-13,10:20:00,9.7,9.7,9.7,9.7,52,0
2015-10-13,10:35:00,9.99,10,9.99,10,387,0
2015-10-13,14:20:00,10,10,10,10,1396,0
2015-10-13,15:35:00,10.15,10.15,10.15,10.15,162,0
2015-10-14,09:10:00,10.51,10.51,10.51,10.51,5,0
2015-10-14,09:55:00,10.48,10.48,10.48,10.48,3,0
2015-10-14,10:05:00,10.23,10.3,10.23,10.3,200,0
2015-10-14,12:15:00,10.3,10.3,10.3,10.3,5,0
2015-10-14,13:25:00,10.3,10.48,10.3,10.48,58,0
2015-10-14,13:30:00,10.48,10.5,10.48,10.48,964,0
2015-10-14,13:40:00,10.48,10.5,10.48,10.5,500,0
2015-10-14,13:45:00,10.5,10.5,10.5,10.5,100,0
2015-10-14,15:45:00,10.47,10.49,10.47,10.49,200,0
2015-10-14,15:50:00,10.49,10.49,10.49,10.49,25,0
2015-10-14,16:50:00,10.48,10.48,10.48,10.48,5,0
2015-10-15,09:10:00,10.46,10.46,10.46,10.46,5,0
2015-10-15,09:30:00,10.46,10.46,10.46,10.46,6,0
2015-10-15,09:50:00,10.46,10.46,10.46,10.46,5,0
2015-10-15,09:55:00,10.46,10.51,10.46,10.51,500,0
2015-10-15,10:40:00,10.51,10.51,10.51,10.51,12,0
2015-10-15,11:05:00,10.51,10.51,10.51,10.51,8,0
2015-10-15,11:45:00,10.51,10.51,10.51,10.51,5,0
2015-10-15,12:50:00,10.48,10.48,10.48,10.48,5,0
2015-10-15,14:10:00,10.48,10.48,10.48,10.48,5,0
2015-10-15,14:20:00,10.36,10.36,10.36,10.36,200,0
2015-10-15,16:50:00,10.36,10.36,10.36,10.36,200,0
2015-10-16,09:05:00,10.36,10.36,10.36,10.36,572,0
2015-10-16,09:30:00,10.49,10.49,10.49,10.49,15,0
2015-10-16,10:45:00,10.48,10.48,10.48,10.48,10,0
2015-10-16,11:50:00,10.47,10.47,10.47,10.47,3,0
2015-10-16,13:20:00,10.46,10.46,10.46,10.46,3,0
2015-10-16,13:55:00,10.46,10.46,10.46,10.46,3,0
2015-10-16,14:00:00,10.41,10.41,10.41,10.41,140,0
2015-10-16,15:35:00,10.46,10.46,10.46,10.46,5,0
2015-10-16,16:40:00,10.46,10.48,10.46,10.48,1000,0
2015-10-16,16:50:00,10.48,10.48,10.48,10.48,505,0
2015-10-19,09:10:00,10.48,10.48,10.48,10.48,200,0
2015-10-19,09:15:00,10.48,10.48,10.48,10.48,6,0
2015-10-19,09:30:00,10.48,10.48,10.48,10.48,10,0
2015-10-19,10:35:00,10.48,10.51,10.48,10.51,1000,0
2015-10-19,10:40:00,10.51,10.51,10.51,10.51,64,0
2015-10-19,11:05:00,10.4,10.4,10.4,10.4,14,0
2015-10-19,11:35:00,10.5,10.5,10.5,10.5,8,0
2015-10-19,11:45:00,10.49,10.5,10.49,10.5,1042,0
2015-10-19,12:10:00,10.5,10.67,10.5,10.67,6890,0
2015-10-19,13:10:00,10.67,10.67,10.67,10.67,2,0
2015-10-19,14:35:00,10.99,10.99,10.99,10.99,5,0
2015-10-19,15:10:00,10.75,10.75,10.75,10.75,6114,0
2015-10-19,15:50:00,10.99,10.99,10.99,10.99,6,0
2015-10-20,09:05:00,10.99,10.99,10.99,10.99,6,0
2015-10-20,09:10:00,10.99,11,10.99,11,5493,0
2015-10-20,09:15:00,10.8,10.92,10.8,10.92,518,0
2015-10-20,09:40:00,11,11,11,11,12,0
2015-10-20,10:20:00,10.8,10.8,10.8,10.8,85,0
2015-10-20,11:10:00,11,11,11,11,5,0
2015-10-20,12:55:00,11,11,11,11,17,0
2015-10-20,13:00:00,11,11.29,11,11.29,1394,0
2015-10-20,13:40:00,11.06,11.06,11.05,11.05,530,0
2015-10-20,13:50:00,11.28,11.28,11.28,11.28,5,0
2015-10-20,14:15:00,11.26,11.26,11.26,11.26,6,0
2015-10-20,15:25:00,11.26,11.26,11.26,11.26,5,0
2015-10-21,09:10:00,11.28,11.28,11.28,11.28,5,0
2015-10-21,09:20:00,11.2,11.27,11.2,11.27,51,0
2015-10-21,09:45:00,11.27,11.27,11.27,11.27,13,0
2015-10-21,10:00:00,11,11,10.95,10.95,51,0
2015-10-21,10:45:00,11.19,11.19,11.19,11.19,10,0
2015-10-21,11:35:00,11.14,11.14,11.14,11.14,5,0
2015-10-21,11:45:00,10.91,10.99,10.91,10.91,73,0
2015-10-21,12:35:00,10.91,10.99,10.91,10.98,1393,0
2015-10-21,12:40:00,10.91,10.91,10.91,10.91,17,0
2015-10-21,13:05:00,10.93,10.93,10.93,10.93,24,0
2015-10-21,13:10:00,10.93,10.93,10.91,10.93,598,0
2015-10-21,13:15:00,10.91,10.93,10.91,10.93,259,0
2015-10-21,13:25:00,10.91,10.91,10.91,10.91,100,0
2015-10-21,13:45:00,10.93,10.93,10.93,10.93,74,0
2015-10-21,14:10:00,10.91,11,10.91,11,1000,0
2015-10-21,16:40:00,11.15,11.26,11.15,11.26,879,0
2015-10-22,09:10:00,11.27,11.3,11.27,11.3,1241,0
2015-10-22,10:05:00,11.3,11.3,11.3,11.3,15,0
2015-10-22,10:15:00,11.3,11.37,11.18,11.37,1382,0
2015-10-22,10:20:00,11.31,11.31,11.31,11.31,5000,0
2015-10-22,10:25:00,11.31,11.31,11.31,11.31,476,0
2015-10-22,11:10:00,11.1,11.1,11.1,11.1,100,0
2015-10-22,12:35:00,11.09,11.1,11.09,11.1,465,0
2015-10-22,13:45:00,11.29,11.29,11.29,11.29,10,0
2015-10-22,16:00:00,11.29,11.29,11.29,11.29,3,0
2015-10-22,16:50:00,11.29,11.29,11.29,11.29,3,0
2015-10-23,09:10:00,11.29,11.29,11.29,11.29,6,0
2015-10-23,09:55:00,11.29,11.29,11.29,11.29,15,0
2015-10-23,11:10:00,11.29,11.29,11.29,11.29,6,0
2015-10-23,11:30:00,11.27,11.27,11.27,11.27,14,0
2015-10-23,11:55:00,11.1,11.1,11,11,70,0
2015-10-23,12:45:00,11,11,11,11,12,0
2015-10-23,13:35:00,11,11,11,11,21,0
2015-10-23,14:55:00,11,11,11,11,12,0
2015-10-23,15:05:00,11,11,11,11,435,0
2015-10-23,15:30:00,11.27,11.27,11.27,11.27,5,0
2015-10-23,15:50:00,11.27,11.27,11.27,11.27,5,0
2015-10-23,16:50:00,11.24,11.24,11.24,11.24,120,0
2015-10-26,09:15:00,11.24,11.24,11.24,11.24,8,0
2015-10-26,11:10:00,11,11,11,11,27,0
2015-10-26,11:15:00,10.9,10.9,10.79,10.79,92,0
2015-10-26,11:35:00,10.85,11,10.85,11,900,0
2015-10-26,15:00:00,11,11,11,11,3,0
2015-10-26,16:25:00,11,11,11,11,5,0
2015-10-26,16:35:00,11,11,11,11,2,0
2015-10-26,16:50:00,11,11,11,11,2,0
2015-10-27,09:05:00,11.15,11.15,11.15,11.15,3,0
2015-10-27,10:00:00,10.99,10.99,10.99,10.99,1,0
2015-10-27,10:25:00,10.98,10.98,10.98,10.98,2,0
2015-10-27,10:35:00,10.97,10.97,10.97,10.97,1,0
2015-10-27,10:55:00,10.96,10.96,10.96,10.96,1,0
2015-10-27,11:10:00,10.96,10.96,10.96,10.96,1,0
2015-10-27,11:30:00,10.96,10.97,10.96,10.97,565,0
2015-10-27,11:35:00,10.97,10.97,10.97,10.97,3,0
2015-10-27,13:20:00,10.97,10.97,10.97,10.97,2,0
2015-10-27,13:35:00,10.97,10.97,10.97,10.97,2,0
2015-10-27,14:00:00,10.73,10.73,10.73,10.73,28,0
2015-10-27,14:05:00,10.97,10.97,10.97,10.97,1,0
2015-10-27,14:15:00,10.97,10.97,10.97,10.97,2,0
2015-10-27,14:20:00,10.97,10.97,10.97,10.97,21,0
2015-10-27,14:55:00,10.97,10.97,10.97,10.97,5,0
2015-10-27,15:10:00,10.97,10.97,10.97,10.97,15,0
2015-10-27,15:15:00,10.97,10.97,10.97,10.97,14,0
2015-10-27,15:25:00,11,11,11,11,5,0
2015-10-27,16:05:00,10.97,10.97,10.78,10.78,325,0
2015-10-27,16:50:00,10.97,10.97,10.97,10.97,4,0
2015-10-28,09:05:00,10.97,10.97,10.97,10.97,200,0
2015-10-28,09:10:00,10.97,10.97,10.97,10.97,2,0
2015-10-28,09:30:00,10.96,10.96,10.96,10.96,5,0
2015-10-28,10:25:00,10.91,10.91,10.91,10.91,1,0
2015-10-28,10:55:00,10.91,10.91,10.91,10.91,3,0
2015-10-28,11:20:00,10.91,10.91,10.91,10.91,1,0
2015-10-28,11:40:00,10.91,10.91,10.91,10.91,1,0
2015-10-28,12:15:00,10.7,10.7,10.61,10.61,886,0
2015-10-28,12:30:00,10.6,10.61,10.6,10.61,410,0
2015-10-28,13:15:00,10.61,10.61,10.61,10.61,2,0
2015-10-28,14:15:00,10.61,10.61,10.61,10.61,2,0
2015-10-28,14:20:00,10.61,10.79,10.61,10.79,170,0
2015-10-28,15:15:00,10.53,10.53,10.51,10.51,584,0
2015-10-28,16:50:00,10.72,10.72,10.5,10.5,434,0
2015-10-29,09:10:00,11,11,11,11,6,0
2015-10-29,11:00:00,10.5,10.5,10.5,10.5,120,0
2015-10-29,11:05:00,10.41,10.41,10.4,10.4,144,0
2015-10-29,11:25:00,10.4,10.4,10.4,10.4,2,0
2015-10-29,11:30:00,10.31,10.31,10.3,10.3,130,0
2015-10-29,11:40:00,10.25,10.25,10.17,10.17,769,0
2015-10-29,13:00:00,10.38,10.38,10.38,10.38,200,0
2015-10-29,13:05:00,10.38,10.38,10.38,10.38,2,0
2015-10-29,14:15:00,10.37,10.37,10.37,10.37,3,0
2015-10-29,14:35:00,11,11,11,11,3,0
2015-10-29,14:50:00,10.35,10.35,10.35,10.35,5,0
2015-10-29,16:45:00,10.29,10.29,10.29,10.29,9,0
2015-10-29,16:50:00,10.21,10.21,10.21,10.21,6,0
2015-10-30,09:10:00,11,11,11,11,3,0
2015-10-30,10:55:00,10.73,10.73,10.73,10.73,2,0
2015-10-30,12:20:00,10.73,10.73,10.73,10.73,1,0
2015-10-30,14:05:00,10.58,10.58,10.58,10.58,1,0
2015-10-30,15:20:00,10.73,10.73,10.73,10.73,5,0
2015-10-30,16:35:00,10.49,10.49,10.49,10.49,3,0
2015-11-02,09:15:00,11,11,11,11,2,0
2015-11-02,10:00:00,10.4,10.4,10.4,10.4,37,0
2015-11-02,10:25:00,10.41,10.41,10.37,10.37,7,0
2015-11-02,11:35:00,10.37,10.37,10.37,10.37,2,0
2015-11-02,12:25:00,10.37,10.37,10.37,10.37,2,0
2015-11-02,12:50:00,10.37,10.37,10.12,10.37,42,0
2015-11-02,13:40:00,10.41,10.41,10.29,10.29,5,0
2015-11-02,14:00:00,10.29,10.29,10.29,10.29,3,0
2015-11-02,14:55:00,10.29,10.29,10.29,10.29,10,0
2015-11-02,15:45:00,10.29,10.29,10.29,10.29,10,0
2015-11-02,16:45:00,10.29,10.29,10.29,10.29,1,0
2015-11-03,09:10:00,11,11,11,11,5,0
2015-11-03,10:50:00,10.48,10.48,10.48,10.48,3,0
2015-11-03,11:05:00,10.46,10.46,10.46,10.46,1,0
2015-11-03,11:25:00,10.46,10.46,10.46,10.46,1,0
2015-11-03,12:15:00,10.47,10.47,10.47,10.47,1,0
2015-11-03,13:10:00,10.49,10.49,10.49,10.49,2,0
2015-11-03,14:30:00,10.39,10.39,10.39,10.39,1,0
2015-11-03,15:10:00,10.39,10.39,10.39,10.39,1,0
2015-11-03,16:50:00,10.31,10.31,10.31,10.31,1,0
2015-11-04,09:10:00,11,11,11,11,2,0
2015-11-04,10:35:00,10.9,10.9,10.9,10.9,1,0
2015-11-04,10:55:00,10.3,10.3,10.3,10.3,1,0
2015-11-04,12:25:00,10.3,10.3,10.3,10.3,2,0
2015-11-04,12:55:00,10.3,10.3,10.3,10.3,129,0
2015-11-04,14:30:00,10.29,10.29,10.29,10.29,4,0
2015-11-04,14:45:00,10.29,10.29,10.29,10.29,1,0
2015-11-04,14:55:00,10.29,10.29,10.29,10.29,1,0
2015-11-04,15:20:00,10.1,10.1,10.05,10.05,80,0
2015-11-04,15:25:00,10.04,10.04,10.04,10.04,31,0
2015-11-04,15:35:00,10.04,10.04,10.04,10.04,395,0
2015-11-04,15:45:00,10.29,10.29,10.29,10.29,1,0
2015-11-04,16:25:00,10.29,10.29,10.29,10.29,1,0
2015-11-05,10:40:00,11,11,11,11,2,0
2015-11-05,11:45:00,10,10,10,10,697,0
2015-11-05,13:35:00,9.74,9.8,9.74,9.8,94,0
2015-11-05,14:00:00,10,10,10,10,3,0
2015-11-05,15:10:00,10,10,10,10,1,0
2015-11-05,15:25:00,10,10,10,10,1,0
2015-11-05,16:45:00,10,10,10,10,1,0
2015-11-06,09:10:00,10.59,10.59,10.59,10.59,2,0
2015-11-06,10:05:00,10.59,10.59,10.59,10.59,1,0
2015-11-06,10:50:00,10.19,10.19,10.19,10.19,117,0
2015-11-06,13:05:00,10.05,10.05,10.05,10.05,50,0
2015-11-06,13:20:00,10.2,10.2,10.2,10.2,100,0
2015-11-06,14:10:00,10.59,10.59,10.59,10.59,3,0
2015-11-06,14:35:00,10.11,10.11,10.11,10.11,5,0
2015-11-06,16:50:00,9.8,9.8,9.8,9.8,5,0
2015-11-09,11:35:00,9.8,9.8,9.8,9.8,3,0
2015-11-09,12:55:00,9.8,9.8,9.8,9.8,1,0
2015-11-09,13:50:00,9.7,9.7,9.7,9.7,2,0
2015-11-09,14:30:00,9.7,9.7,9.7,9.7,7,0
2015-11-09,15:25:00,9.7,9.7,9.7,9.7,5,0
2015-11-09,16:50:00,9.7,9.7,9.7,9.7,1,0
2015-11-10,09:55:00,9.6,9.6,9.6,9.6,2,0
