Date,Time,Open,High,Low,Close,Volume,OpenInt
2015-02-23,09:15:00,0.65,0.65,0.65,0.65,4,0
2015-02-23,12:40:00,0.65,0.65,0.65,0.65,10,0
2015-02-24,10:20:00,0.65,0.65,0.65,0.65,2,0
2015-02-25,09:05:00,0.65,0.65,0.65,0.65,5,0
2015-02-25,09:45:00,0.64,0.64,0.64,0.64,323,0
2015-02-25,12:05:00,0.65,0.65,0.65,0.65,345,0
2015-02-25,16:30:00,0.64,0.64,0.6,0.6,12383,0
2015-02-25,16:50:00,0.64,0.64,0.64,0.64,100,0
2015-02-26,09:10:00,0.65,0.65,0.65,0.65,5,0
2015-02-26,10:15:00,0.6,0.63,0.6,0.63,3010,0
2015-02-26,11:40:00,0.63,0.63,0.63,0.63,1000,0
2015-02-26,12:10:00,0.63,0.64,0.63,0.64,1000,0
2015-02-26,13:25:00,0.64,0.64,0.61,0.61,766,0
2015-02-26,15:30:00,0.64,0.64,0.64,0.64,5,0
2015-02-27,09:10:00,0.64,0.64,0.64,0.64,5,0
2015-02-27,09:50:00,0.61,0.61,0.61,0.61,142,0
2015-02-27,10:05:00,0.64,0.64,0.64,0.64,5,0
2015-02-27,12:20:00,0.61,0.61,0.61,0.61,2858,0
2015-02-27,13:20:00,0.61,0.61,0.61,0.61,200,0
2015-02-27,13:30:00,0.61,0.61,0.61,0.61,312,0
2015-02-27,13:35:00,0.64,0.64,0.64,0.64,5,0
2015-02-27,13:55:00,0.61,0.61,0.61,0.61,736,0
2015-02-27,14:55:00,0.61,0.61,0.61,0.61,1652,0
2015-02-27,15:10:00,0.61,0.61,0.61,0.61,2000,0
2015-02-27,16:05:00,0.61,0.61,0.61,0.61,348,0
2015-02-27,16:30:00,0.6,0.6,0.6,0.6,10000,0
2015-02-27,16:45:00,0.58,0.58,0.58,0.58,1000,0
2015-02-27,16:50:00,0.58,0.58,0.58,0.58,600,0
2015-03-02,12:40:00,0.55,0.55,0.55,0.55,60,0
2015-03-02,13:25:00,0.58,0.58,0.58,0.58,5,0
2015-03-02,15:45:00,0.59,0.59,0.59,0.59,500,0
2015-03-02,16:45:00,0.6,0.6,0.6,0.6,55,0
2015-03-03,09:05:00,0.63,0.63,0.63,0.63,2000,0
2015-03-04,09:05:00,0.63,0.63,0.63,0.63,1533,0
2015-03-04,09:15:00,0.64,0.64,0.64,0.64,200,0
2015-03-04,09:25:00,0.63,0.63,0.63,0.63,1500,0
2015-03-04,09:40:00,0.63,0.63,0.63,0.63,794,0
2015-03-04,09:45:00,0.64,0.65,0.64,0.65,1300,0
2015-03-04,09:55:00,0.65,0.65,0.65,0.65,900,0
2015-03-04,11:35:00,0.63,0.63,0.61,0.61,1500,0
2015-03-04,11:40:00,0.65,0.65,0.65,0.65,100,0
2015-03-05,09:10:00,0.65,0.65,0.65,0.65,5,0
2015-03-05,14:10:00,0.65,0.65,0.65,0.65,25,0
2015-03-05,14:30:00,0.65,0.68,0.65,0.68,25500,0
2015-03-05,14:50:00,0.68,0.7,0.68,0.7,5000,0
2015-03-05,15:45:00,0.7,0.71,0.7,0.71,10280,0
2015-03-05,15:50:00,0.71,0.71,0.71,0.71,2700,0
2015-03-05,16:10:00,0.72,0.72,0.72,0.72,3125,0
2015-03-05,16:45:00,0.72,0.72,0.72,0.72,1775,0
2015-03-05,16:50:00,0.7,0.7,0.7,0.7,4020,0
2015-03-06,09:30:00,0.75,0.75,0.75,0.75,5,0
2015-03-06,09:40:00,0.75,0.77,0.75,0.77,3200,0
2015-03-06,13:30:00,0.75,0.75,0.75,0.75,9,0
2015-03-06,13:40:00,0.69,0.69,0.69,0.69,1250,0
2015-03-06,13:45:00,0.75,0.75,0.75,0.75,1,0
2015-03-09,09:05:00,0.75,0.75,0.75,0.75,200,0
2015-03-09,09:10:00,0.75,0.75,0.75,0.75,1000,0
2015-03-09,10:25:00,0.73,0.73,0.73,0.73,1250,0
2015-03-09,16:15:00,0.71,0.71,0.71,0.71,2250,0
2015-03-09,16:45:00,0.71,0.71,0.71,0.71,2000,0
2015-03-10,09:40:00,0.72,0.75,0.72,0.75,300,0
2015-03-10,11:45:00,0.72,0.72,0.71,0.71,1500,0
2015-03-10,11:50:00,0.75,0.75,0.75,0.75,100,0
2015-03-10,14:15:00,0.71,0.74,0.7,0.74,16516,0
2015-03-10,16:50:00,0.74,0.74,0.74,0.74,1333,0
2015-03-11,09:50:00,0.75,0.77,0.75,0.77,2000,0
2015-03-11,10:00:00,0.75,0.75,0.75,0.75,50,0
2015-03-11,16:50:00,0.7,0.7,0.7,0.7,666,0
2015-03-12,09:05:00,0.75,0.75,0.75,0.75,100,0
2015-03-12,10:25:00,0.75,0.77,0.75,0.77,1500,0
2015-03-12,10:40:00,0.75,0.75,0.75,0.75,1000,0
2015-03-12,13:55:00,0.72,0.72,0.72,0.72,1700,0
2015-03-12,14:00:00,0.76,0.76,0.76,0.76,50,0
2015-03-13,09:10:00,0.76,0.76,0.76,0.76,5,0
2015-03-13,10:50:00,0.72,0.72,0.72,0.72,1000,0
2015-03-13,11:00:00,0.72,0.76,0.72,0.76,4050,0
2015-03-13,12:10:00,0.72,0.72,0.72,0.72,1500,0
2015-03-13,14:35:00,0.72,0.72,0.72,0.72,1500,0
2015-03-13,14:40:00,0.72,0.72,0.72,0.72,500,0
2015-03-13,14:45:00,0.76,0.76,0.76,0.76,50,0
2015-03-13,16:50:00,0.72,0.72,0.72,0.72,1000,0
2015-03-16,09:20:00,0.75,0.75,0.75,0.75,24,0
2015-03-16,09:55:00,0.69,0.69,0.69,0.69,725,0
2015-03-16,10:05:00,0.75,0.75,0.75,0.75,50,0
2015-03-17,09:20:00,0.74,0.74,0.74,0.74,3,0
2015-03-17,09:30:00,0.7,0.7,0.7,0.7,5000,0
2015-03-17,09:35:00,0.7,0.7,0.7,0.7,4106,0
2015-03-17,12:00:00,0.67,0.67,0.67,0.67,10000,0
2015-03-17,12:10:00,0.7,0.7,0.7,0.7,50,0
2015-03-18,09:05:00,0.69,0.69,0.69,0.69,2000,0
2015-03-18,09:10:00,0.69,0.69,0.69,0.69,1,0
2015-03-19,11:35:00,0.7,0.75,0.7,0.75,25000,0
2015-03-19,11:50:00,0.75,0.75,0.75,0.75,10328,0
2015-03-19,12:10:00,0.75,0.75,0.75,0.75,348,0
2015-03-19,12:35:00,0.76,0.76,0.76,0.76,4589,0
2015-03-19,12:40:00,0.76,0.76,0.76,0.76,3333,0
2015-03-19,12:50:00,0.75,0.75,0.75,0.75,1901,0
2015-03-19,12:55:00,0.76,0.76,0.76,0.76,30,0
2015-03-19,13:10:00,0.75,0.75,0.75,0.75,223,0
2015-03-19,13:15:00,0.75,0.76,0.75,0.76,907,0
2015-03-19,13:25:00,0.75,0.75,0.75,0.75,100,0
2015-03-19,16:50:00,0.75,0.75,0.75,0.75,5,0
2015-03-20,09:45:00,0.71,0.71,0.69,0.69,20343,0
2015-03-20,09:55:00,0.69,0.69,0.69,0.69,1500,0
2015-03-20,10:05:00,0.69,0.69,0.69,0.69,3500,0
2015-03-20,10:40:00,0.68,0.68,0.68,0.68,10000,0
2015-03-20,11:25:00,0.74,0.74,0.74,0.74,1600,0
2015-03-20,11:35:00,0.74,0.74,0.74,0.74,7040,0
2015-03-20,14:45:00,0.73,0.74,0.73,0.74,2000,0
2015-03-20,16:50:00,0.73,0.74,0.73,0.74,7000,0
2015-03-23,09:20:00,0.75,0.75,0.75,0.75,5,0
2015-03-23,14:15:00,0.75,0.75,0.75,0.75,1453,0
2015-03-24,09:05:00,0.75,0.75,0.75,0.75,3,0
2015-03-25,09:15:00,0.75,0.75,0.75,0.75,7,0
2015-03-25,11:05:00,0.7,0.7,0.7,0.7,2215,0
2015-03-25,11:10:00,0.7,0.7,0.7,0.7,3500,0
2015-03-25,11:30:00,0.72,0.73,0.72,0.73,2100,0
2015-03-25,11:40:00,0.74,0.74,0.74,0.74,100,0
2015-03-25,12:10:00,0.73,0.73,0.7,0.7,3922,0
2015-03-25,12:35:00,0.74,0.74,0.74,0.74,70,0
2015-03-25,13:35:00,0.7,0.7,0.7,0.7,2816,0
2015-03-25,13:40:00,0.7,0.7,0.7,0.7,2800,0
2015-03-25,13:45:00,0.74,0.74,0.74,0.74,100,0
2015-03-25,15:15:00,0.74,0.75,0.74,0.75,2500,0
2015-03-26,09:10:00,0.75,0.75,0.75,0.75,5,0
2015-03-26,10:25:00,0.7,0.7,0.68,0.68,34279,0
2015-03-26,10:50:00,0.71,0.74,0.71,0.74,2525,0
2015-03-27,09:10:00,0.74,0.74,0.74,0.74,5,0
2015-03-27,12:55:00,0.7,0.7,0.7,0.7,2925,0
2015-03-27,14:00:00,0.74,0.74,0.74,0.74,75,0
2015-03-27,14:50:00,0.71,0.71,0.71,0.71,10,0
2015-03-27,16:15:00,0.74,0.74,0.74,0.74,100,0
2015-03-30,09:15:00,0.74,0.74,0.74,0.74,5,0
2015-03-30,11:15:00,0.7,0.7,0.7,0.7,1277,0
2015-03-30,11:50:00,0.7,0.7,0.7,0.7,1845,0
2015-03-30,12:10:00,0.69,0.71,0.69,0.71,2910,0
2015-03-30,14:20:00,0.7,0.73,0.69,0.73,8264,0
2015-03-30,16:30:00,0.73,0.73,0.73,0.73,3000,0
2015-03-31,09:10:00,0.74,0.74,0.74,0.74,6,0
2015-03-31,14:10:00,0.71,0.71,0.7,0.7,5488,0
2015-03-31,14:30:00,0.71,0.74,0.71,0.74,1050,0
2015-03-31,15:20:00,0.74,0.74,0.74,0.74,75,0
2015-04-01,09:05:00,0.7,0.7,0.7,0.7,625,0
2015-04-01,09:50:00,0.7,0.74,0.7,0.74,6914,0
2015-04-01,10:55:00,0.72,0.72,0.72,0.72,1250,0
2015-04-01,11:50:00,0.72,0.72,0.72,0.72,1000,0
2015-04-01,15:10:00,0.71,0.71,0.7,0.7,16677,0
2015-04-01,15:20:00,0.71,0.71,0.71,0.71,100,0
2015-04-02,09:05:00,0.71,0.71,0.71,0.71,5,0
2015-04-02,10:45:00,0.71,0.72,0.71,0.72,1250,0
2015-04-02,10:50:00,0.72,0.72,0.72,0.72,90,0
2015-04-02,12:45:00,0.7,0.7,0.7,0.7,1200,0
2015-04-02,13:55:00,0.71,0.73,0.71,0.73,2900,0
2015-04-07,09:10:00,0.68,0.68,0.68,0.68,3040,0
2015-04-07,09:40:00,0.71,0.71,0.71,0.71,100,0
2015-04-07,11:45:00,0.67,0.67,0.66,0.66,960,0
2015-04-07,11:55:00,0.71,0.71,0.71,0.71,10,0
2015-04-07,15:15:00,0.7,0.7,0.7,0.7,50,0
2015-04-07,16:50:00,0.7,0.7,0.7,0.7,542,0
2015-04-08,09:20:00,0.7,0.7,0.7,0.7,3,0
2015-04-08,10:10:00,0.68,0.68,0.68,0.68,307,0
2015-04-08,10:40:00,0.68,0.68,0.68,0.68,4650,0
2015-04-08,10:45:00,0.7,0.7,0.7,0.7,50,0
2015-04-08,11:55:00,0.7,0.7,0.7,0.7,40,0
2015-04-08,13:05:00,0.68,0.68,0.67,0.67,10043,0
2015-04-08,13:10:00,0.67,0.67,0.67,0.67,5000,0
2015-04-08,14:30:00,0.67,0.67,0.67,0.67,100,0
2015-04-08,15:10:00,0.67,0.67,0.67,0.67,1012,0
2015-04-08,16:10:00,0.66,0.66,0.66,0.66,1249,0
2015-04-08,16:35:00,0.67,0.67,0.67,0.67,400,0
2015-04-08,16:50:00,0.67,0.67,0.67,0.67,1125,0
2015-04-09,09:35:00,0.67,0.67,0.67,0.67,5,0
2015-04-09,11:55:00,0.66,0.66,0.66,0.66,1130,0
2015-04-09,12:05:00,0.67,0.67,0.67,0.67,100,0
2015-04-09,12:50:00,0.66,0.66,0.65,0.65,5411,0
2015-04-09,13:30:00,0.65,0.65,0.65,0.65,10000,0
2015-04-09,16:25:00,0.65,0.65,0.65,0.65,5000,0
2015-04-10,09:05:00,0.65,0.65,0.65,0.65,7000,0
2015-04-10,09:10:00,0.65,0.65,0.65,0.65,2201,0
2015-04-10,09:40:00,0.63,0.63,0.63,0.63,1335,0
2015-04-10,09:45:00,0.69,0.69,0.69,0.69,10,0
2015-04-10,09:55:00,0.69,0.7,0.69,0.7,250,0
2015-04-10,10:05:00,0.7,0.71,0.7,0.71,500,0
2015-04-10,10:40:00,0.7,0.7,0.7,0.7,2276,0
2015-04-10,10:55:00,0.69,0.69,0.69,0.69,1277,0
2015-04-10,11:55:00,0.69,0.69,0.69,0.69,286,0
2015-04-10,12:25:00,0.69,0.69,0.69,0.69,437,0
2015-04-10,12:30:00,0.7,0.7,0.7,0.7,250,0
2015-04-10,13:00:00,0.69,0.69,0.69,0.69,554,0
2015-04-10,14:25:00,0.7,0.7,0.7,0.7,100,0
2015-04-10,15:45:00,0.69,0.69,0.69,0.69,1226,0
2015-04-13,09:10:00,0.69,0.69,0.69,0.69,10,0
2015-04-13,09:20:00,0.67,0.67,0.67,0.67,1175,0
2015-04-13,09:55:00,0.67,0.68,0.67,0.68,1200,0
2015-04-14,10:35:00,0.67,0.67,0.67,0.67,1000,0
2015-04-14,10:40:00,0.69,0.69,0.69,0.69,100,0
2015-04-14,11:35:00,0.69,0.69,0.69,0.69,40,0
2015-04-14,11:40:00,0.69,0.7,0.69,0.7,550,0
2015-04-14,12:45:00,0.68,0.68,0.68,0.68,1750,0
2015-04-14,12:50:00,0.68,0.68,0.68,0.68,1001,0
2015-04-15,09:05:00,0.7,0.7,0.7,0.7,150,0
2015-04-16,09:05:00,0.72,0.72,0.72,0.72,600,0
2015-04-16,14:20:00,0.67,0.67,0.67,0.67,500,0
2015-04-16,14:25:00,0.67,0.67,0.67,0.67,857,0
2015-04-16,14:30:00,0.69,0.69,0.69,0.69,1277,0
2015-04-17,09:05:00,0.71,0.71,0.71,0.71,100,0
2015-04-17,12:40:00,0.69,0.69,0.69,0.69,3680,0
2015-04-17,13:10:00,0.69,0.69,0.69,0.69,2292,0
2015-04-17,13:20:00,0.71,0.71,0.71,0.71,328,0
2015-04-17,15:40:00,0.67,0.67,0.67,0.67,4102,0
2015-04-20,09:05:00,0.69,0.69,0.69,0.69,2,0
2015-04-20,16:40:00,0.64,0.64,0.64,0.64,1000,0
2015-04-20,16:50:00,0.63,0.63,0.63,0.63,1188,0
2015-04-21,09:05:00,0.67,0.67,0.67,0.67,10,0
2015-04-21,09:20:00,0.67,0.7,0.67,0.7,4700,0
2015-04-21,09:45:00,0.71,0.71,0.71,0.71,200,0
2015-04-21,16:10:00,0.67,0.67,0.67,0.67,100,0
2015-04-22,09:05:00,0.68,0.7,0.68,0.7,12100,0
2015-04-22,15:10:00,0.7,0.7,0.7,0.7,1250,0
2015-04-23,09:10:00,0.69,0.69,0.69,0.69,10,0
2015-04-23,16:00:00,0.67,0.67,0.67,0.67,1188,0
2015-04-23,16:50:00,0.67,0.69,0.67,0.69,5700,0
2015-04-24,09:05:00,0.7,0.7,0.7,0.7,100,0
2015-04-27,09:05:00,0.68,0.68,0.68,0.68,1500,0
2015-04-27,09:10:00,0.68,0.68,0.68,0.68,10,0
2015-04-28,09:15:00,0.68,0.68,0.68,0.68,10,0
2015-04-28,09:40:00,0.67,0.67,0.66,0.66,728,0
2015-04-28,09:50:00,0.68,0.68,0.68,0.68,100,0
2015-04-28,12:55:00,0.66,0.66,0.66,0.66,1464,0
2015-04-28,13:40:00,0.64,0.64,0.64,0.64,3,0
2015-04-28,14:05:00,0.64,0.66,0.64,0.66,3400,0
2015-04-28,16:25:00,0.64,0.64,0.64,0.64,1097,0
2015-04-29,09:05:00,0.64,0.64,0.64,0.64,551,0
2015-04-29,09:20:00,0.64,0.64,0.64,0.64,10,0
2015-04-29,09:25:00,0.64,0.66,0.64,0.66,1000,0
2015-04-30,09:10:00,0.66,0.66,0.66,0.66,10,0
2015-04-30,09:50:00,0.64,0.66,0.64,0.66,5900,0
2015-05-04,09:15:00,0.6,0.61,0.6,0.6,9000,0
2015-05-04,09:55:00,0.6,0.63,0.6,0.63,1000,0
2015-05-04,10:05:00,0.6,0.6,0.6,0.6,286,0
2015-05-04,10:30:00,0.62,0.62,0.62,0.62,1500,0
2015-05-04,10:35:00,0.61,0.61,0.61,0.61,4488,0
2015-05-04,10:40:00,0.62,0.62,0.62,0.62,40,0
2015-05-04,11:10:00,0.62,0.62,0.62,0.62,1960,0
2015-05-04,11:15:00,0.62,0.62,0.62,0.62,1875,0
2015-05-04,11:30:00,0.64,0.64,0.64,0.64,10,0
2015-05-04,15:10:00,0.62,0.62,0.62,0.62,6000,0
2015-05-04,15:45:00,0.64,0.64,0.64,0.64,10,0
2015-05-05,09:10:00,0.64,0.64,0.64,0.64,10,0
2015-05-05,15:15:00,0.62,0.62,0.62,0.62,2000,0
2015-05-05,15:30:00,0.63,0.63,0.63,0.63,200,0
2015-05-05,16:05:00,0.63,0.63,0.63,0.63,2041,0
2015-05-06,09:05:00,0.63,0.63,0.63,0.63,749,0
2015-05-06,13:30:00,0.63,0.64,0.63,0.64,2655,0
2015-05-06,13:35:00,0.64,0.64,0.64,0.64,120,0
2015-05-06,14:45:00,0.64,0.64,0.64,0.64,1501,0
2015-05-06,14:50:00,0.64,0.64,0.64,0.64,1770,0
2015-05-06,15:10:00,0.66,0.67,0.66,0.67,2010,0
2015-05-07,11:00:00,0.67,0.67,0.67,0.67,5,0
2015-05-07,12:25:00,0.67,0.67,0.67,0.67,111,0
2015-05-07,14:40:00,0.64,0.64,0.64,0.64,587,0
2015-05-07,16:20:00,0.67,0.67,0.67,0.67,10,0
2015-05-08,13:35:00,0.67,0.67,0.67,0.67,10,0
2015-05-11,09:10:00,0.67,0.67,0.67,0.67,4,0
2015-05-11,12:35:00,0.64,0.64,0.64,0.64,413,0
2015-05-11,13:15:00,0.64,0.64,0.64,0.64,1800,0
2015-05-11,13:35:00,0.62,0.62,0.62,0.62,255,0
2015-05-11,16:05:00,0.62,0.62,0.62,0.62,1400,0
2015-05-11,16:50:00,0.64,0.64,0.64,0.64,10,0
2015-05-12,10:25:00,0.62,0.62,0.62,0.62,1500,0
2015-05-12,10:50:00,0.62,0.62,0.62,0.62,5271,0
2015-05-12,11:25:00,0.64,0.64,0.64,0.64,10,0
2015-05-12,16:00:00,0.64,0.64,0.64,0.64,305,0
2015-05-13,09:10:00,0.66,0.66,0.66,0.66,6,0
2015-05-14,09:10:00,0.65,0.65,0.65,0.65,4,0
2015-05-14,15:00:00,0.65,0.65,0.65,0.65,1246,0
2015-05-14,15:05:00,0.66,0.66,0.66,0.66,10250,0
2015-05-15,09:05:00,0.62,0.62,0.62,0.62,7,0
2015-05-15,09:10:00,0.66,0.66,0.66,0.66,4,0
2015-05-15,12:40:00,0.66,0.66,0.66,0.66,289,0
2015-05-15,13:35:00,0.67,0.67,0.67,0.67,30,0
2015-05-15,16:50:00,0.67,0.67,0.67,0.67,2500,0
2015-05-18,11:00:00,0.67,0.67,0.67,0.67,10,0
2015-05-18,11:30:00,0.63,0.63,0.62,0.62,3200,0
2015-05-18,12:35:00,0.62,0.62,0.62,0.62,3000,0
2015-05-18,14:00:00,0.63,0.66,0.63,0.66,3200,0
2015-05-18,14:30:00,0.62,0.62,0.62,0.62,7400,0
2015-05-18,14:40:00,0.62,0.62,0.62,0.62,2750,0
2015-05-18,16:50:00,0.66,0.66,0.66,0.66,4530,0
2015-05-19,09:10:00,0.66,0.66,0.66,0.66,7,0
2015-05-19,11:10:00,0.62,0.62,0.62,0.62,9888,0
2015-05-19,13:55:00,0.62,0.62,0.62,0.62,2000,0
2015-05-20,09:15:00,0.64,0.64,0.64,0.64,6,0
2015-05-21,09:10:00,0.64,0.64,0.64,0.64,21,0
2015-05-21,09:30:00,0.64,0.64,0.64,0.64,8500,0
2015-05-21,13:10:00,0.62,0.62,0.62,0.62,3500,0
2015-05-21,14:00:00,0.64,0.64,0.64,0.64,4500,0
2015-05-21,16:50:00,0.62,0.62,0.62,0.62,1000,0
2015-05-22,09:05:00,0.62,0.62,0.62,0.62,313,0
2015-05-22,09:10:00,0.64,0.64,0.64,0.64,10,0
2015-05-22,11:25:00,0.62,0.62,0.62,0.62,4687,0
2015-05-22,12:35:00,0.64,0.65,0.64,0.65,6851,0
2015-05-22,12:40:00,0.65,0.65,0.65,0.65,3149,0
2015-05-22,14:55:00,0.65,0.65,0.65,0.65,1000,0
2015-05-22,15:00:00,0.65,0.65,0.65,0.65,1000,0
2015-05-22,15:10:00,0.62,0.62,0.62,0.62,5800,0
2015-05-22,16:50:00,0.64,0.64,0.64,0.64,405,0
2015-05-25,09:10:00,0.64,0.64,0.64,0.64,21,0
2015-05-25,14:35:00,0.62,0.62,0.6,0.6,25000,0
2015-05-25,16:50:00,0.63,0.63,0.63,0.63,2000,0
2015-05-26,09:10:00,0.64,0.64,0.64,0.64,10,0
2015-05-26,11:40:00,0.61,0.61,0.6,0.6,10000,0
2015-05-27,09:15:00,0.59,0.59,0.59,0.59,125,0
2015-05-27,09:25:00,0.62,0.62,0.62,0.62,3,0
2015-05-27,10:10:00,0.61,0.61,0.61,0.61,800,0
2015-05-27,10:35:00,0.62,0.62,0.62,0.62,500,0
2015-05-27,10:55:00,0.62,0.62,0.62,0.62,3000,0
2015-05-27,16:50:00,0.62,0.62,0.62,0.62,1416,0
2015-05-28,09:10:00,0.62,0.63,0.62,0.63,3,0
2015-05-28,12:50:00,0.61,0.61,0.6,0.6,14000,0
2015-05-28,13:00:00,0.63,0.63,0.63,0.63,50,0
2015-05-28,13:20:00,0.63,0.63,0.63,0.63,2000,0
2015-05-28,14:50:00,0.6,0.6,0.6,0.6,2400,0
2015-05-28,16:45:00,0.62,0.62,0.62,0.62,5,0
2015-05-29,09:10:00,0.62,0.62,0.62,0.62,10,0
2015-05-29,15:35:00,0.62,0.62,0.62,0.62,840,0
2015-06-01,09:10:00,0.62,0.62,0.62,0.62,22,0
2015-06-01,11:05:00,0.6,0.62,0.6,0.62,1990,0
2015-06-01,16:50:00,0.6,0.6,0.6,0.6,400,0
2015-06-02,09:10:00,0.62,0.62,0.62,0.62,10,0
2015-06-02,09:35:00,0.59,0.59,0.59,0.59,2100,0
2015-06-02,10:55:00,0.58,0.58,0.58,0.58,1887,0
2015-06-02,11:30:00,0.56,0.56,0.56,0.56,88,0
2015-06-02,12:15:00,0.58,0.58,0.58,0.58,35,0
2015-06-02,15:10:00,0.58,0.59,0.58,0.59,2912,0
2015-06-02,15:35:00,0.59,0.61,0.59,0.61,4000,0
2015-06-03,09:10:00,0.6,0.6,0.6,0.6,10,0
2015-06-05,09:25:00,0.6,0.6,0.6,0.6,3,0
2015-06-05,09:50:00,0.6,0.6,0.6,0.6,1,0
2015-06-05,11:10:00,0.6,0.6,0.6,0.6,100,0
2015-06-05,14:45:00,0.59,0.6,0.59,0.6,5100,0
2015-06-05,15:30:00,0.6,0.61,0.6,0.61,1500,0
2015-06-08,09:15:00,0.61,0.61,0.61,0.61,50,0
2015-06-09,09:10:00,0.59,0.59,0.59,0.59,15,0
2015-06-09,09:40:00,0.57,0.57,0.57,0.57,190,0
2015-06-09,11:25:00,0.59,0.61,0.59,0.61,2010,0
2015-06-09,11:55:00,0.61,0.61,0.61,0.61,10000,0
2015-06-09,12:45:00,0.6,0.6,0.6,0.6,3100,0
2015-06-09,13:20:00,0.6,0.6,0.6,0.6,7223,0
2015-06-09,13:50:00,0.6,0.6,0.6,0.6,1862,0
2015-06-09,14:00:00,0.6,0.6,0.6,0.6,5915,0
2015-06-09,14:15:00,0.6,0.61,0.6,0.61,6706,0
2015-06-09,14:25:00,0.61,0.61,0.61,0.61,2324,0
2015-06-09,14:40:00,0.62,0.62,0.62,0.62,2000,0
2015-06-09,15:55:00,0.61,0.61,0.61,0.61,970,0
2015-06-09,16:05:00,0.6,0.6,0.6,0.6,1000,0
2015-06-09,16:10:00,0.6,0.6,0.6,0.6,1000,0
2015-06-10,09:25:00,0.63,0.63,0.63,0.63,150,0
2015-06-10,12:50:00,0.61,0.61,0.61,0.61,2000,0
2015-06-11,09:10:00,0.62,0.62,0.62,0.62,20,0
2015-06-11,10:10:00,0.62,0.62,0.62,0.62,1500,0
2015-06-12,09:20:00,0.62,0.62,0.62,0.62,6,0
2015-06-12,11:40:00,0.62,0.63,0.62,0.63,1584,0
2015-06-15,09:10:00,0.63,0.63,0.63,0.63,5,0
2015-06-15,10:25:00,0.62,0.62,0.62,0.62,7400,0
2015-06-15,14:20:00,0.6,0.6,0.6,0.6,4300,0
2015-06-15,14:25:00,0.6,0.6,0.6,0.6,1700,0
2015-06-15,14:30:00,0.6,0.6,0.6,0.6,6127,0
2015-06-15,16:10:00,0.62,0.62,0.62,0.62,1500,0
2015-06-16,09:10:00,0.62,0.63,0.62,0.63,1729,0
2015-06-16,09:30:00,0.6,0.6,0.6,0.6,2500,0
2015-06-16,15:05:00,0.6,0.6,0.6,0.6,1700,0
2015-06-16,16:45:00,0.61,0.61,0.61,0.61,1500,0
2015-06-17,09:15:00,0.62,0.62,0.62,0.62,22,0
2015-06-17,15:25:00,0.6,0.6,0.59,0.59,2762,0
2015-06-17,15:30:00,0.59,0.59,0.59,0.59,238,0
2015-06-18,09:15:00,0.61,0.61,0.61,0.61,10,0
2015-06-18,16:50:00,0.61,0.62,0.61,0.62,1846,0
2015-06-19,10:55:00,0.62,0.62,0.62,0.62,2,0
2015-06-19,15:05:00,0.6,0.6,0.59,0.59,6442,0
2015-06-22,09:10:00,0.59,0.59,0.59,0.59,1277,0
2015-06-22,09:50:00,0.57,0.57,0.57,0.57,2375,0
2015-06-22,09:55:00,0.57,0.57,0.57,0.57,723,0
2015-06-22,11:00:00,0.57,0.57,0.57,0.57,1669,0
2015-06-22,11:45:00,0.57,0.57,0.56,0.56,1650,0
2015-06-22,12:10:00,0.56,0.56,0.56,0.56,4,0
2015-06-22,13:45:00,0.58,0.58,0.58,0.58,150,0
2015-06-22,15:05:00,0.58,0.58,0.58,0.58,1404,0
2015-06-22,15:15:00,0.61,0.61,0.61,0.61,500,0
2015-06-23,09:10:00,0.61,0.61,0.61,0.61,2,0
2015-06-23,09:20:00,0.61,0.61,0.61,0.61,1000,0
2015-06-24,15:45:00,0.57,0.57,0.57,0.57,888,0
2015-06-25,09:15:00,0.59,0.59,0.59,0.59,2,0
2015-06-25,09:20:00,0.59,0.59,0.59,0.59,1000,0
2015-06-26,09:30:00,0.59,0.59,0.59,0.59,4,0
2015-06-26,10:35:00,0.58,0.58,0.58,0.58,15,0
2015-06-26,12:05:00,0.59,0.59,0.59,0.59,10,0
2015-06-29,09:05:00,0.58,0.58,0.58,0.58,1785,0
2015-06-29,09:15:00,0.59,0.59,0.59,0.59,484,0
2015-06-29,11:20:00,0.57,0.57,0.54,0.54,2389,0
2015-06-29,11:25:00,0.53,0.53,0.53,0.53,1084,0
2015-06-29,12:20:00,0.58,0.58,0.58,0.58,850,0
2015-06-30,09:10:00,0.58,0.6,0.58,0.6,1500,0
2015-07-01,09:35:00,0.59,0.59,0.59,0.59,5,0
2015-07-01,09:50:00,0.55,0.55,0.55,0.55,1000,0
2015-07-01,10:05:00,0.59,0.59,0.59,0.59,5,0
2015-07-01,11:25:00,0.55,0.55,0.55,0.55,1300,0
2015-07-01,12:00:00,0.59,0.59,0.59,0.59,10,0
2015-07-01,13:15:00,0.58,0.58,0.58,0.58,10,0
2015-07-01,15:30:00,0.58,0.58,0.58,0.58,33,0
2015-07-01,16:50:00,0.58,0.58,0.58,0.58,956,0
2015-07-02,09:05:00,0.58,0.58,0.58,0.58,1,0
2015-07-02,10:10:00,0.58,0.58,0.58,0.58,51,0
2015-07-02,13:45:00,0.58,0.58,0.55,0.55,3048,0
2015-07-02,16:50:00,0.58,0.58,0.58,0.58,3,0
2015-07-03,09:15:00,0.58,0.58,0.58,0.58,12,0
2015-07-03,11:15:00,0.55,0.55,0.55,0.55,5300,0
2015-07-03,12:50:00,0.55,0.55,0.55,0.55,2040,0
2015-07-03,13:05:00,0.58,0.58,0.58,0.58,10,0
2015-07-03,16:50:00,0.58,0.58,0.58,0.58,863,0
2015-07-06,09:05:00,0.58,0.58,0.58,0.58,112,0
2015-07-06,09:25:00,0.6,0.6,0.6,0.6,500,0
2015-07-06,11:05:00,0.59,0.59,0.59,0.59,1595,0
2015-07-06,11:50:00,0.59,0.59,0.59,0.59,405,0
2015-07-07,09:05:00,0.59,0.59,0.59,0.59,576,0
2015-07-07,09:10:00,0.6,0.6,0.6,0.6,366,0
2015-07-07,10:45:00,0.6,0.6,0.6,0.6,396,0
2015-07-07,16:05:00,0.59,0.6,0.59,0.6,1001,0
2015-07-08,09:20:00,0.59,0.59,0.59,0.59,22,0
2015-07-08,11:05:00,0.55,0.55,0.55,0.55,825,0
2015-07-08,14:55:00,0.57,0.57,0.57,0.57,824,0
2015-07-08,15:20:00,0.59,0.59,0.59,0.59,10,0
2015-07-09,09:25:00,0.59,0.59,0.59,0.59,15,0
2015-07-10,09:15:00,0.59,0.59,0.59,0.59,15,0
2015-07-10,11:15:00,0.58,0.58,0.58,0.58,250,0
2015-07-10,15:15:00,0.55,0.55,0.55,0.55,650,0
2015-07-10,15:25:00,0.58,0.58,0.58,0.58,1,0
2015-07-13,09:05:00,0.59,0.59,0.59,0.59,4,0
2015-07-13,13:40:00,0.59,0.59,0.59,0.59,20,0
2015-07-13,14:00:00,0.55,0.55,0.55,0.55,3237,0
2015-07-13,14:45:00,0.54,0.54,0.54,0.54,1400,0
2015-07-13,15:35:00,0.59,0.59,0.59,0.59,55,0
2015-07-14,11:00:00,0.58,0.58,0.58,0.58,7,0
2015-07-14,12:45:00,0.55,0.55,0.55,0.55,35,0
2015-07-14,13:20:00,0.58,0.58,0.58,0.58,12,0
2015-07-15,09:25:00,0.58,0.58,0.58,0.58,21,0
2015-07-15,09:45:00,0.55,0.55,0.54,0.54,1800,0
2015-07-15,09:55:00,0.58,0.58,0.58,0.58,6,0
2015-07-15,10:05:00,0.55,0.55,0.55,0.55,221,0
2015-07-15,10:20:00,0.54,0.54,0.53,0.53,1300,0
2015-07-15,10:30:00,0.56,0.56,0.56,0.56,50,0
2015-07-15,10:35:00,0.53,0.53,0.53,0.53,1400,0
2015-07-15,11:05:00,0.54,0.54,0.53,0.53,1500,0
2015-07-15,11:40:00,0.55,0.55,0.55,0.55,1820,0
2015-07-15,11:45:00,0.55,0.57,0.55,0.57,1699,0
2015-07-15,12:10:00,0.57,0.57,0.57,0.57,1005,0
2015-07-15,12:25:00,0.53,0.53,0.53,0.53,3500,0
2015-07-15,14:10:00,0.53,0.53,0.53,0.53,1287,0
2015-07-15,14:15:00,0.53,0.53,0.53,0.53,1000,0
2015-07-15,14:45:00,0.53,0.53,0.53,0.53,1000,0
2015-07-16,09:10:00,0.53,0.53,0.53,0.53,142,0
2015-07-16,09:25:00,0.53,0.53,0.53,0.53,3,0
2015-07-16,10:15:00,0.53,0.53,0.53,0.53,2000,0
2015-07-16,14:35:00,0.53,0.53,0.53,0.53,1,0
2015-07-16,15:40:00,0.53,0.54,0.53,0.54,2150,0
2015-07-16,16:50:00,0.51,0.51,0.51,0.51,2000,0
2015-07-17,09:15:00,0.54,0.54,0.54,0.54,2,0
2015-07-17,14:20:00,0.51,0.51,0.51,0.51,1200,0
2015-07-17,14:30:00,0.51,0.51,0.51,0.51,1800,0
2015-07-17,16:50:00,0.53,0.53,0.53,0.53,1944,0
2015-07-20,09:20:00,0.53,0.53,0.53,0.53,2,0
2015-07-20,16:30:00,0.53,0.53,0.53,0.53,2,0
2015-07-21,09:15:00,0.53,0.53,0.5,0.5,507,0
2015-07-21,09:35:00,0.49,0.49,0.49,0.49,1500,0
2015-07-21,09:40:00,0.53,0.53,0.53,0.53,2,0
2015-07-21,12:10:00,0.5,0.5,0.5,0.5,1000,0
2015-07-21,12:20:00,0.5,0.5,0.5,0.5,1000,0
2015-07-21,14:20:00,0.5,0.5,0.5,0.5,229,0
2015-07-22,09:10:00,0.52,0.52,0.52,0.52,33,0
2015-07-22,10:10:00,0.49,0.49,0.49,0.49,3150,0
2015-07-22,15:10:00,0.48,0.48,0.48,0.48,500,0
2015-07-22,15:40:00,0.5,0.5,0.5,0.5,150,0
2015-07-22,15:50:00,0.48,0.48,0.47,0.47,7552,0
2015-07-22,16:10:00,0.46,0.46,0.46,0.46,1000,0
2015-07-23,10:20:00,0.5,0.5,0.5,0.5,500,0
2015-07-23,10:25:00,0.51,0.51,0.51,0.51,180,0
2015-07-23,13:05:00,0.5,0.5,0.5,0.5,2669,0
2015-07-23,13:50:00,0.51,0.53,0.51,0.53,400,0
2015-07-23,14:45:00,0.55,0.55,0.55,0.55,1000,0
2015-07-23,15:45:00,0.5,0.5,0.5,0.5,33,0
2015-07-24,10:35:00,0.55,0.55,0.55,0.55,1000,0
2015-07-24,11:40:00,0.57,0.57,0.57,0.57,500,0
2015-07-27,09:15:00,0.57,0.57,0.57,0.57,12,0
2015-07-27,13:35:00,0.57,0.57,0.57,0.57,7,0
2015-07-27,15:35:00,0.5,0.52,0.5,0.52,3311,0
2015-07-27,15:50:00,0.52,0.52,0.52,0.52,1000,0
2015-07-27,16:50:00,0.52,0.52,0.52,0.52,789,0
2015-07-28,09:10:00,0.54,0.54,0.54,0.54,7,0
2015-07-28,12:30:00,0.52,0.52,0.52,0.52,1250,0
2015-07-28,13:00:00,0.54,0.54,0.54,0.54,200,0
2015-07-28,16:25:00,0.54,0.54,0.54,0.54,793,0
2015-07-28,16:50:00,0.56,0.56,0.56,0.56,7,0
2015-07-29,09:15:00,0.57,0.57,0.57,0.57,6,0
2015-07-29,11:30:00,0.56,0.56,0.56,0.56,15,0
2015-07-29,13:10:00,0.56,0.56,0.56,0.56,12,0
2015-07-30,09:15:00,0.56,0.56,0.56,0.56,10,0
2015-07-30,12:40:00,0.56,0.56,0.56,0.56,200,0
2015-07-30,14:55:00,0.56,0.56,0.56,0.56,10,0
2015-07-31,09:15:00,0.56,0.56,0.56,0.56,5,0
2015-07-31,10:10:00,0.51,0.51,0.51,0.51,1500,0
2015-07-31,11:15:00,0.53,0.53,0.53,0.53,10,0
2015-07-31,12:25:00,0.52,0.52,0.52,0.52,1489,0
2015-07-31,15:10:00,0.52,0.52,0.52,0.52,620,0
2015-07-31,15:15:00,0.55,0.57,0.55,0.57,1000,0
2015-07-31,16:10:00,0.56,0.56,0.56,0.56,950,0
2015-08-03,09:10:00,0.56,0.56,0.56,0.56,10,0
2015-08-03,15:00:00,0.53,0.53,0.53,0.53,5,0
2015-08-03,15:30:00,0.53,0.53,0.53,0.53,1595,0
2015-08-03,15:55:00,0.55,0.55,0.55,0.55,5,0
2015-08-04,09:10:00,0.55,0.55,0.55,0.55,7,0
2015-08-04,12:10:00,0.52,0.52,0.52,0.52,1000,0
2015-08-04,12:20:00,0.52,0.55,0.52,0.55,137,0
2015-08-04,14:00:00,0.52,0.52,0.52,0.52,700,0
2015-08-04,15:05:00,0.55,0.55,0.55,0.55,2,0
2015-08-04,16:25:00,0.52,0.52,0.52,0.52,675,0
2015-08-04,16:30:00,0.52,0.52,0.52,0.52,5,0
2015-08-04,16:45:00,0.52,0.52,0.52,0.52,20,0
2015-08-04,16:50:00,0.55,0.55,0.55,0.55,10,0
2015-08-05,09:10:00,0.55,0.55,0.55,0.55,12,0
2015-08-05,14:35:00,0.52,0.52,0.52,0.52,13,0
2015-08-05,15:05:00,0.52,0.55,0.52,0.55,10,0
2015-08-06,09:20:00,0.55,0.55,0.55,0.55,4,0
2015-08-06,12:50:00,0.52,0.52,0.52,0.52,210,0
2015-08-06,13:05:00,0.55,0.55,0.55,0.55,1000,0
2015-08-06,13:10:00,0.55,0.55,0.55,0.55,20,0
2015-08-06,13:25:00,0.52,0.52,0.52,0.52,1689,0
2015-08-06,13:30:00,0.55,0.55,0.55,0.55,7,0
2015-08-07,09:05:00,0.54,0.54,0.54,0.54,12,0
2015-08-07,12:40:00,0.54,0.54,0.54,0.54,988,0
2015-08-07,13:25:00,0.55,0.55,0.55,0.55,380,0
2015-08-10,11:55:00,0.5,0.5,0.5,0.5,375,0
2015-08-10,12:40:00,0.5,0.5,0.5,0.5,2080,0
2015-08-10,12:45:00,0.55,0.55,0.55,0.55,200,0
2015-08-10,13:25:00,0.55,0.55,0.55,0.55,85,0
2015-08-11,09:20:00,0.53,0.53,0.53,0.53,20,0
2015-08-11,11:35:00,0.53,0.53,0.53,0.53,6,0
2015-08-12,09:10:00,0.53,0.53,0.53,0.53,10,0
2015-08-12,11:25:00,0.48,0.48,0.48,0.48,3000,0
2015-08-12,14:45:00,0.48,0.48,0.48,0.48,5,0
2015-08-12,16:45:00,0.48,0.48,0.48,0.48,900,0
2015-08-13,09:05:00,0.52,0.52,0.52,0.52,100,0
2015-08-13,09:20:00,0.52,0.52,0.52,0.52,5,0
2015-08-13,09:30:00,0.51,0.51,0.51,0.51,99,0
2015-08-13,10:00:00,0.52,0.52,0.52,0.52,5,0
2015-08-13,11:30:00,0.52,0.52,0.52,0.52,7,0
2015-08-14,09:15:00,0.52,0.52,0.52,0.52,7,0
2015-08-17,09:05:00,0.49,0.49,0.49,0.49,395,0
2015-08-17,10:45:00,0.49,0.49,0.49,0.49,10,0
2015-08-17,16:10:00,0.49,0.49,0.49,0.49,662,0
2015-08-18,09:25:00,0.49,0.49,0.49,0.49,10,0
2015-08-18,10:50:00,0.49,0.49,0.49,0.49,10,0
2015-08-18,12:55:00,0.49,0.49,0.49,0.49,2970,0
2015-08-18,14:45:00,0.45,0.45,0.45,0.45,1500,0
2015-08-18,15:00:00,0.45,0.45,0.45,0.45,14500,0
2015-08-18,15:20:00,0.51,0.51,0.51,0.51,100,0
2015-08-18,16:50:00,0.52,0.52,0.52,0.52,4,0
2015-08-19,09:20:00,0.52,0.52,0.52,0.52,20,0
2015-08-19,14:20:00,0.52,0.52,0.52,0.52,10,0
2015-08-19,16:50:00,0.52,0.52,0.52,0.52,3,0
2015-08-20,09:15:00,0.52,0.52,0.52,0.52,6,0
2015-08-20,10:15:00,0.51,0.52,0.51,0.52,2960,0
2015-08-20,13:05:00,0.51,0.51,0.51,0.51,6550,0
2015-08-20,13:10:00,0.51,0.51,0.51,0.51,1250,0
2015-08-20,13:15:00,0.51,0.51,0.51,0.51,2502,0
2015-08-20,13:20:00,0.52,0.52,0.52,0.52,573,0
2015-08-20,13:25:00,0.53,0.53,0.53,0.53,1250,0
2015-08-20,15:40:00,0.52,0.52,0.52,0.52,1550,0
2015-08-21,09:10:00,0.53,0.53,0.53,0.53,21,0
2015-08-21,09:35:00,0.53,0.55,0.53,0.55,600,0
2015-08-21,09:50:00,0.55,0.55,0.55,0.55,20,0
2015-08-21,10:00:00,0.55,0.55,0.55,0.55,30,0
2015-08-21,10:10:00,0.55,0.56,0.55,0.56,3000,0
2015-08-21,12:05:00,0.56,0.56,0.56,0.56,186,0
2015-08-21,16:25:00,0.54,0.54,0.52,0.52,660,0
2015-08-21,16:30:00,0.52,0.52,0.52,0.52,900,0
2015-08-21,16:50:00,0.55,0.55,0.55,0.55,10,0
2015-08-24,09:05:00,0.55,0.55,0.55,0.55,992,0
2015-08-24,10:05:00,0.55,0.56,0.55,0.56,18,0
2015-08-24,10:15:00,0.55,0.55,0.55,0.55,402,0
2015-08-24,11:05:00,0.51,0.51,0.51,0.51,625,0
2015-08-24,13:30:00,0.51,0.51,0.51,0.51,445,0
2015-08-24,16:10:00,0.47,0.47,0.47,0.47,3500,0
2015-08-24,16:15:00,0.46,0.46,0.46,0.46,4500,0
2015-08-24,16:50:00,0.46,0.46,0.46,0.46,3300,0
2015-08-25,09:05:00,0.49,0.49,0.49,0.49,100,0
2015-08-25,09:30:00,0.46,0.46,0.46,0.46,250,0
2015-08-25,10:05:00,0.47,0.49,0.47,0.49,4300,0
2015-08-25,10:55:00,0.49,0.49,0.49,0.49,100,0
2015-08-25,13:00:00,0.49,0.49,0.49,0.49,14,0
2015-08-25,15:45:00,0.49,0.49,0.49,0.49,7756,0
2015-08-25,15:50:00,0.52,0.52,0.52,0.52,244,0
2015-08-26,09:05:00,0.55,0.55,0.55,0.55,200,0
2015-08-26,10:25:00,0.55,0.55,0.55,0.55,66,0
2015-08-26,14:35:00,0.54,0.54,0.54,0.54,33,0
2015-08-27,09:15:00,0.54,0.54,0.54,0.54,7,0
2015-08-27,11:00:00,0.51,0.51,0.5,0.5,2960,0
2015-08-27,11:05:00,0.52,0.52,0.52,0.52,1,0
2015-08-27,12:40:00,0.5,0.5,0.49,0.49,1916,0
2015-08-27,13:50:00,0.5,0.5,0.5,0.5,2499,0
2015-08-27,14:00:00,0.52,0.52,0.52,0.52,1,0
2015-08-27,15:15:00,0.55,0.55,0.55,0.55,6,0
2015-08-31,09:10:00,0.55,0.55,0.55,0.55,6,0
2015-08-31,11:40:00,0.55,0.55,0.55,0.55,36,0
2015-09-01,09:05:00,0.55,0.55,0.55,0.55,10,0
2015-09-01,10:00:00,0.55,0.55,0.55,0.55,2946,0
2015-09-01,10:15:00,0.56,0.56,0.56,0.56,200,0
2015-09-01,12:00:00,0.56,0.56,0.56,0.56,2950,0
2015-09-01,12:15:00,0.56,0.56,0.56,0.56,1000,0
2015-09-01,12:25:00,0.56,0.57,0.56,0.57,250,0
2015-09-01,12:30:00,0.58,0.58,0.58,0.58,150,0
2015-09-01,13:55:00,0.55,0.55,0.55,0.55,54,0
2015-09-02,09:10:00,0.54,0.54,0.54,0.54,5,0
2015-09-02,10:50:00,0.52,0.52,0.5,0.5,1120,0
2015-09-02,10:55:00,0.49,0.49,0.49,0.49,12755,0
2015-09-02,11:20:00,0.54,0.54,0.54,0.54,7,0
2015-09-03,09:10:00,0.55,0.55,0.55,0.55,10,0
2015-09-03,11:30:00,0.55,0.55,0.55,0.55,10,0
2015-09-03,15:00:00,0.55,0.55,0.55,0.55,17,0
2015-09-03,16:30:00,0.54,0.54,0.54,0.54,1118,0
2015-09-03,16:35:00,0.55,0.55,0.55,0.55,1615,0
2015-09-03,16:45:00,0.57,0.57,0.57,0.57,100,0
2015-09-04,09:10:00,0.57,0.57,0.57,0.57,10,0
2015-09-04,11:10:00,0.54,0.57,0.54,0.57,16,0
2015-09-07,09:10:00,0.55,0.55,0.55,0.55,10,0
2015-09-07,10:35:00,0.5,0.5,0.5,0.5,2395,0
2015-09-07,12:35:00,0.5,0.5,0.5,0.5,1200,0
2015-09-07,14:05:00,0.49,0.49,0.49,0.49,3400,0
2015-09-07,14:40:00,0.48,0.48,0.46,0.46,3750,0
2015-09-07,15:00:00,0.5,0.5,0.5,0.5,9,0
2015-09-08,09:05:00,0.52,0.52,0.52,0.52,100,0
2015-09-08,09:10:00,0.52,0.52,0.52,0.52,6,0
2015-09-08,16:25:00,0.51,0.51,0.51,0.51,10,0
2015-09-09,09:05:00,0.52,0.52,0.52,0.52,100,0
2015-09-09,10:20:00,0.48,0.48,0.48,0.48,10,0
2015-09-09,10:35:00,0.5,0.5,0.5,0.5,10,0
2015-09-09,11:20:00,0.48,0.48,0.48,0.48,1505,0
2015-09-09,12:15:00,0.48,0.48,0.48,0.48,1100,0
2015-09-09,13:50:00,0.5,0.5,0.5,0.5,100,0
2015-09-09,14:25:00,0.47,0.47,0.47,0.47,200,0
2015-09-09,15:05:00,0.5,0.5,0.5,0.5,10,0
2015-09-10,09:15:00,0.51,0.51,0.51,0.51,5,0
2015-09-10,11:15:00,0.46,0.46,0.46,0.46,1182,0
2015-09-10,11:20:00,0.46,0.46,0.46,0.46,941,0
2015-09-10,11:50:00,0.46,0.46,0.46,0.46,1472,0
2015-09-10,12:55:00,0.49,0.49,0.49,0.49,1000,0
2015-09-10,13:05:00,0.49,0.49,0.49,0.49,500,0
2015-09-10,13:40:00,0.46,0.46,0.46,0.46,5000,0
2015-09-10,13:50:00,0.46,0.46,0.46,0.46,3529,0
2015-09-10,14:40:00,0.47,0.47,0.47,0.47,2600,0
2015-09-10,14:45:00,0.47,0.48,0.47,0.48,200,0
2015-09-10,16:20:00,0.48,0.48,0.48,0.48,1500,0
2015-09-10,16:35:00,0.46,0.46,0.46,0.46,2000,0
2015-09-10,16:50:00,0.48,0.48,0.48,0.48,1500,0
2015-09-11,09:05:00,0.48,0.48,0.48,0.48,20,0
2015-09-11,09:20:00,0.47,0.47,0.47,0.47,1000,0
2015-09-11,09:45:00,0.48,0.48,0.48,0.48,12,0
2015-09-11,10:15:00,0.48,0.48,0.48,0.48,2500,0
2015-09-11,11:15:00,0.46,0.46,0.46,0.46,2002,0
2015-09-11,13:15:00,0.46,0.46,0.46,0.46,2480,0
2015-09-11,14:50:00,0.46,0.46,0.46,0.46,2000,0
2015-09-11,16:50:00,0.47,0.47,0.47,0.47,2000,0
2015-09-14,09:10:00,0.48,0.48,0.48,0.48,10,0
2015-09-14,13:10:00,0.45,0.45,0.45,0.45,2000,0
2015-09-14,13:20:00,0.46,0.46,0.46,0.46,1000,0
2015-09-15,09:10:00,0.46,0.48,0.46,0.48,400,0
2015-09-15,09:25:00,0.43,0.43,0.43,0.43,8350,0
2015-09-15,09:30:00,0.43,0.43,0.43,0.43,410,0
2015-09-15,09:55:00,0.46,0.46,0.46,0.46,10,0
2015-09-15,11:45:00,0.42,0.42,0.42,0.42,14000,0
2015-09-15,11:55:00,0.42,0.42,0.42,0.42,3000,0
2015-09-15,12:20:00,0.45,0.45,0.45,0.45,10,0
2015-09-15,12:35:00,0.4,0.4,0.4,0.4,8190,0
2015-09-15,12:40:00,0.44,0.44,0.44,0.44,12,0
2015-09-15,15:20:00,0.42,0.42,0.41,0.41,4500,0
2015-09-15,15:30:00,0.4,0.4,0.4,0.4,5600,0
2015-09-15,15:50:00,0.41,0.41,0.41,0.41,600,0
2015-09-15,16:25:00,0.41,0.41,0.41,0.41,4000,0
2015-09-15,16:35:00,0.41,0.41,0.41,0.41,8650,0
2015-09-15,16:40:00,0.41,0.41,0.41,0.41,4250,0
2015-09-15,16:45:00,0.43,0.43,0.43,0.43,3070,0
2015-09-16,09:10:00,0.43,0.43,0.43,0.43,12,0
2015-09-16,10:35:00,0.43,0.43,0.43,0.43,3978,0
2015-09-16,11:20:00,0.43,0.43,0.43,0.43,822,0
2015-09-16,13:25:00,0.43,0.43,0.43,0.43,1000,0
2015-09-16,14:10:00,0.43,0.43,0.43,0.43,700,0
2015-09-16,15:05:00,0.41,0.41,0.41,0.41,1000,0
2015-09-16,16:35:00,0.43,0.43,0.43,0.43,2840,0
2015-09-16,16:40:00,0.43,0.43,0.43,0.43,300,0
2015-09-16,16:45:00,0.43,0.44,0.43,0.44,3000,0
2015-09-17,09:05:00,0.46,0.46,0.46,0.46,180,0
2015-09-17,09:55:00,0.42,0.42,0.42,0.42,24300,0
2015-09-17,10:00:00,0.42,0.42,0.42,0.42,5800,0
2015-09-17,10:05:00,0.42,0.48,0.42,0.48,5071,0
2015-09-17,10:10:00,0.48,0.5,0.48,0.5,12500,0
2015-09-17,10:15:00,0.5,0.5,0.5,0.5,5000,0
2015-09-17,10:20:00,0.5,0.5,0.5,0.5,24217,0
2015-09-17,10:30:00,0.5,0.5,0.5,0.5,1777,0
2015-09-17,10:35:00,0.5,0.5,0.5,0.5,999,0
2015-09-17,10:40:00,0.5,0.5,0.5,0.5,1,0
2015-09-17,10:50:00,0.5,0.5,0.5,0.5,5502,0
2015-09-17,11:20:00,0.5,0.5,0.5,0.5,7385,0
2015-09-17,11:25:00,0.5,0.5,0.5,0.5,6000,0
2015-09-17,11:30:00,0.5,0.5,0.5,0.5,1830,0
2015-09-17,11:50:00,0.5,0.5,0.5,0.5,2000,0
2015-09-17,12:00:00,0.5,0.5,0.5,0.5,900,0
2015-09-17,12:15:00,0.5,0.5,0.5,0.5,700,0
2015-09-17,13:15:00,0.49,0.49,0.49,0.49,400,0
2015-09-17,14:10:00,0.46,0.49,0.46,0.49,2600,0
2015-09-17,14:55:00,0.44,0.44,0.44,0.44,1600,0
2015-09-17,15:05:00,0.49,0.49,0.49,0.49,1000,0
2015-09-17,15:10:00,0.48,0.49,0.48,0.49,1600,0
2015-09-17,15:20:00,0.48,0.49,0.48,0.49,7300,0
2015-09-17,16:45:00,0.45,0.45,0.45,0.45,5000,0
2015-09-17,16:50:00,0.45,0.47,0.45,0.46,4000,0
2015-09-18,09:10:00,0.47,0.47,0.47,0.47,14,0
2015-09-18,09:15:00,0.47,0.48,0.47,0.48,1000,0
2015-09-18,10:20:00,0.49,0.49,0.49,0.49,1600,0
2015-09-18,10:50:00,0.46,0.46,0.46,0.46,4600,0
2015-09-18,11:25:00,0.5,0.5,0.5,0.5,200,0
2015-09-21,09:05:00,0.47,0.47,0.47,0.47,1000,0
2015-09-21,10:20:00,0.45,0.45,0.45,0.45,5484,0
2015-09-21,13:00:00,0.44,0.44,0.44,0.44,5196,0
2015-09-21,14:15:00,0.44,0.44,0.44,0.44,2500,0
2015-09-21,14:20:00,0.43,0.43,0.43,0.43,6000,0
2015-09-21,14:25:00,0.43,0.43,0.43,0.43,9000,0
2015-09-21,14:50:00,0.44,0.44,0.44,0.44,1000,0
2015-09-21,15:45:00,0.44,0.44,0.44,0.44,1970,0
2015-09-21,15:55:00,0.44,0.44,0.44,0.44,2334,0
2015-09-21,16:50:00,0.44,0.44,0.44,0.44,10,0
2015-09-22,09:15:00,0.45,0.45,0.45,0.45,1,0
2015-09-22,10:55:00,0.45,0.45,0.45,0.45,5,0
2015-09-22,15:25:00,0.41,0.41,0.41,0.41,3500,0
2015-09-22,16:05:00,0.43,0.43,0.43,0.43,1350,0
2015-09-22,16:20:00,0.43,0.43,0.43,0.43,2000,0
2015-09-22,16:30:00,0.44,0.44,0.44,0.44,1000,0
2015-09-22,16:40:00,0.43,0.43,0.43,0.43,1030,0
2015-09-22,16:50:00,0.43,0.43,0.43,0.43,770,0
2015-09-23,09:15:00,0.45,0.45,0.45,0.45,10,0
2015-09-23,09:20:00,0.41,0.41,0.41,0.41,2200,0
2015-09-23,09:25:00,0.4,0.4,0.4,0.4,3000,0
2015-09-23,09:30:00,0.4,0.4,0.4,0.4,1400,0
2015-09-23,10:10:00,0.4,0.4,0.39,0.4,7605,0
2015-09-23,10:35:00,0.4,0.4,0.4,0.4,2000,0
2015-09-23,10:50:00,0.4,0.4,0.4,0.4,380,0
2015-09-23,11:00:00,0.4,0.4,0.4,0.4,200,0
2015-09-23,11:25:00,0.4,0.4,0.4,0.4,1315,0
2015-09-23,11:35:00,0.42,0.42,0.42,0.42,17,0
2015-09-23,13:05:00,0.41,0.41,0.41,0.41,2000,0
2015-09-23,13:40:00,0.39,0.39,0.39,0.39,3790,0
2015-09-23,13:50:00,0.39,0.39,0.39,0.39,1000,0
2015-09-23,14:05:00,0.39,0.39,0.39,0.39,210,0
2015-09-23,15:05:00,0.39,0.39,0.39,0.39,1793,0
2015-09-24,09:05:00,0.4,0.4,0.4,0.4,248,0
2015-09-24,09:15:00,0.4,0.4,0.4,0.4,1000,0
2015-09-24,10:00:00,0.4,0.4,0.4,0.4,652,0
2015-09-24,10:30:00,0.41,0.41,0.4,0.4,148,0
2015-09-24,10:35:00,0.4,0.4,0.38,0.38,2747,0
2015-09-24,11:10:00,0.38,0.38,0.38,0.38,400,0
2015-09-24,11:30:00,0.38,0.38,0.37,0.37,5304,0
2015-09-24,12:10:00,0.37,0.37,0.37,0.37,1580,0
2015-09-24,13:15:00,0.38,0.38,0.38,0.38,300,0
2015-09-24,14:20:00,0.38,0.38,0.38,0.38,4342,0
2015-09-24,15:05:00,0.37,0.37,0.37,0.37,1342,0
2015-09-24,16:30:00,0.38,0.38,0.38,0.38,1225,0
2015-09-24,16:50:00,0.38,0.38,0.38,0.38,2000,0
2015-09-25,09:10:00,0.39,0.39,0.39,0.39,33,0
2015-09-25,09:15:00,0.37,0.37,0.37,0.37,2169,0
2015-09-25,10:35:00,0.37,0.38,0.37,0.38,4500,0
2015-09-25,12:45:00,0.38,0.38,0.38,0.38,2000,0
2015-09-25,13:15:00,0.39,0.39,0.38,0.39,24,0
2015-09-25,14:05:00,0.39,0.39,0.39,0.39,2144,0
2015-09-25,14:20:00,0.4,0.4,0.4,0.4,2725,0
2015-09-25,14:55:00,0.4,0.4,0.4,0.4,737,0
2015-09-25,16:05:00,0.39,0.39,0.39,0.39,15,0
2015-09-25,16:50:00,0.4,0.4,0.4,0.4,100,0
2015-09-28,09:10:00,0.4,0.4,0.4,0.4,10,0
2015-09-28,09:30:00,0.4,0.4,0.4,0.4,2000,0
2015-09-28,14:50:00,0.4,0.4,0.4,0.4,1300,0
2015-09-29,09:30:00,0.39,0.39,0.39,0.39,1,0
2015-09-29,14:15:00,0.37,0.37,0.37,0.37,461694,0
2015-09-29,15:30:00,0.38,0.38,0.38,0.38,100,0
2015-09-29,16:20:00,0.37,0.37,0.37,0.37,3306,0
2015-09-30,09:30:00,0.37,0.37,0.37,0.37,737,0
2015-09-30,11:20:00,0.38,0.38,0.38,0.38,1800,0
2015-10-01,09:20:00,0.39,0.39,0.39,0.39,3,0
2015-10-02,09:30:00,0.39,0.39,0.39,0.39,2,0
2015-10-02,13:05:00,0.37,0.37,0.36,0.36,15740,0
2015-10-02,13:20:00,0.36,0.36,0.36,0.36,3000,0
2015-10-02,14:15:00,0.36,0.36,0.36,0.36,4000,0
2015-10-05,09:05:00,0.33,0.33,0.33,0.33,5010,0
2015-10-05,10:40:00,0.36,0.36,0.36,0.36,10,0
2015-10-05,11:20:00,0.34,0.34,0.34,0.34,3100,0
2015-10-05,11:25:00,0.33,0.33,0.33,0.33,2839,0
2015-10-05,11:30:00,0.32,0.32,0.32,0.32,311,0
2015-10-05,12:10:00,0.34,0.34,0.34,0.34,1153,0
2015-10-05,12:40:00,0.34,0.34,0.34,0.34,2800,0
2015-10-05,12:45:00,0.34,0.34,0.34,0.34,440,0
2015-10-05,12:50:00,0.34,0.34,0.34,0.34,260,0
2015-10-05,13:05:00,0.34,0.34,0.33,0.33,8255,0
2015-10-05,13:15:00,0.32,0.32,0.3,0.3,50997,0
2015-10-05,13:30:00,0.31,0.31,0.3,0.3,12500,0
2015-10-05,13:35:00,0.31,0.31,0.31,0.31,7500,0
2015-10-05,13:45:00,0.31,0.31,0.3,0.3,5000,0
2015-10-05,14:20:00,0.33,0.33,0.33,0.33,2499,0
2015-10-05,15:05:00,0.34,0.34,0.34,0.34,35,0
2015-10-05,15:45:00,0.34,0.34,0.34,0.34,3800,0
2015-10-05,15:55:00,0.32,0.32,0.32,0.32,2725,0
2015-10-05,16:05:00,0.34,0.35,0.34,0.35,25000,0
2015-10-05,16:10:00,0.35,0.35,0.35,0.35,6695,0
2015-10-05,16:15:00,0.35,0.35,0.35,0.35,2000,0
2015-10-05,16:50:00,0.36,0.36,0.36,0.36,1911,0
2015-10-06,09:35:00,0.35,0.35,0.35,0.35,1,0
2015-10-06,13:40:00,0.35,0.35,0.35,0.35,27000,0
2015-10-06,14:30:00,0.35,0.35,0.35,0.35,95,0
2015-10-06,16:50:00,0.35,0.35,0.35,0.35,1079,0
2015-10-07,09:10:00,0.36,0.36,0.36,0.36,2,0
2015-10-07,09:15:00,0.36,0.36,0.36,0.36,3,0
2015-10-07,14:20:00,0.35,0.35,0.35,0.35,1000,0
2015-10-08,09:20:00,0.35,0.35,0.35,0.35,2,0
2015-10-08,13:20:00,0.35,0.35,0.35,0.35,1000,0
2015-10-08,16:00:00,0.33,0.33,0.33,0.33,1000,0
2015-10-08,16:50:00,0.35,0.35,0.35,0.35,2781,0
2015-10-09,09:20:00,0.36,0.36,0.36,0.36,2,0
2015-10-09,13:20:00,0.36,0.36,0.36,0.36,833,0
2015-10-09,13:45:00,0.35,0.35,0.35,0.35,800,0
2015-10-09,16:35:00,0.33,0.33,0.33,0.33,565,0
2015-10-12,09:05:00,0.33,0.33,0.33,0.33,180,0
2015-10-12,12:20:00,0.34,0.34,0.34,0.34,2900,0
2015-10-13,12:25:00,0.35,0.35,0.35,0.35,100,0
2015-10-13,14:05:00,0.35,0.35,0.35,0.35,140,0
2015-10-13,16:50:00,0.35,0.35,0.35,0.35,3300,0
2015-10-14,09:15:00,0.35,0.35,0.35,0.35,16,0
2015-10-14,09:45:00,0.35,0.37,0.35,0.37,16000,0
2015-10-14,10:15:00,0.37,0.37,0.37,0.37,4400,0
2015-10-14,10:20:00,0.37,0.37,0.37,0.37,7000,0
2015-10-14,10:35:00,0.37,0.37,0.37,0.37,14189,0
2015-10-14,11:10:00,0.37,0.37,0.37,0.37,10000,0
2015-10-14,11:15:00,0.37,0.37,0.37,0.37,3000,0
2015-10-14,11:35:00,0.37,0.37,0.37,0.37,68,0
2015-10-14,13:25:00,0.35,0.35,0.35,0.35,5000,0
2015-10-14,15:35:00,0.36,0.36,0.36,0.36,100,0
2015-10-15,09:15:00,0.35,0.35,0.35,0.35,12,0
2015-10-15,10:30:00,0.34,0.34,0.34,0.34,3388,0
2015-10-15,10:55:00,0.36,0.36,0.36,0.36,50,0
2015-10-15,12:50:00,0.36,0.36,0.36,0.36,10,0
2015-10-16,09:30:00,0.36,0.36,0.34,0.36,616,0
2015-10-16,12:10:00,0.34,0.34,0.33,0.33,13600,0
2015-10-16,12:20:00,0.34,0.35,0.34,0.35,2822,0
2015-10-19,09:15:00,0.34,0.34,0.34,0.34,21,0
2015-10-19,12:10:00,0.34,0.34,0.34,0.34,47,0
2015-10-19,12:50:00,0.32,0.34,0.32,0.34,2122,0
2015-10-19,13:35:00,0.32,0.32,0.31,0.31,5920,0
2015-10-19,13:40:00,0.31,0.31,0.31,0.31,5000,0
2015-10-19,14:40:00,0.32,0.32,0.32,0.32,20,0
2015-10-19,14:55:00,0.32,0.33,0.32,0.33,3000,0
2015-10-19,15:35:00,0.33,0.33,0.33,0.33,3030,0
2015-10-19,15:40:00,0.33,0.34,0.33,0.34,4262,0
2015-10-20,09:10:00,0.35,0.35,0.35,0.35,22,0
2015-10-20,14:05:00,0.34,0.34,0.34,0.34,2537,0
2015-10-20,14:25:00,0.32,0.32,0.32,0.32,10000,0
2015-10-20,15:05:00,0.34,0.34,0.34,0.34,1,0
2015-10-20,15:55:00,0.33,0.33,0.33,0.33,333,0
2015-10-20,16:00:00,0.34,0.34,0.34,0.34,200,0
2015-10-20,16:45:00,0.34,0.34,0.34,0.34,2262,0
2015-10-21,09:05:00,0.33,0.33,0.33,0.33,3388,0
2015-10-21,09:15:00,0.35,0.35,0.35,0.35,12,0
2015-10-21,11:35:00,0.35,0.35,0.35,0.35,28,0
2015-10-21,12:45:00,0.35,0.35,0.35,0.35,12,0
2015-10-21,15:50:00,0.33,0.33,0.33,0.33,2512,0
2015-10-22,09:10:00,0.33,0.33,0.33,0.33,12,0
2015-10-22,14:00:00,0.33,0.34,0.33,0.34,10000,0
2015-10-22,14:35:00,0.35,0.35,0.35,0.35,12,0
2015-10-23,09:10:00,0.35,0.35,0.35,0.35,6,0
2015-10-23,11:45:00,0.35,0.35,0.35,0.35,50,0
2015-10-23,13:20:00,0.33,0.33,0.33,0.33,2222,0
2015-10-23,16:10:00,0.32,0.32,0.32,0.32,7488,0
2015-10-26,09:05:00,0.33,0.33,0.33,0.33,1184,0
2015-10-26,09:15:00,0.34,0.34,0.34,0.34,15,0
2015-10-26,10:40:00,0.34,0.34,0.34,0.34,275,0
2015-10-26,12:10:00,0.34,0.34,0.34,0.34,15,0
2015-10-26,13:20:00,0.33,0.34,0.33,0.34,1271,0
2015-10-26,16:30:00,0.33,0.33,0.33,0.33,50,0
2015-10-27,09:10:00,0.33,0.33,0.33,0.33,12,0
2015-10-27,11:25:00,0.32,0.32,0.32,0.32,2438,0
2015-10-27,11:40:00,0.34,0.34,0.34,0.34,5,0
2015-10-27,14:15:00,0.33,0.33,0.33,0.33,20,0
2015-10-27,14:20:00,0.33,0.33,0.33,0.33,125,0
2015-10-27,15:05:00,0.33,0.33,0.33,0.33,44,0
2015-10-27,15:15:00,0.33,0.33,0.33,0.33,22,0
2015-10-27,15:50:00,0.33,0.33,0.33,0.33,25,0
2015-10-27,16:00:00,0.32,0.32,0.31,0.31,7000,0
2015-10-27,16:10:00,0.33,0.33,0.33,0.33,44,0
2015-10-28,09:05:00,0.31,0.31,0.31,0.31,1394,0
2015-10-28,09:10:00,0.32,0.32,0.32,0.32,5,0
2015-10-28,10:55:00,0.32,0.32,0.32,0.32,4,0
2015-10-28,11:55:00,0.32,0.32,0.32,0.32,200,0
2015-10-28,12:05:00,0.32,0.32,0.32,0.32,21,0
2015-10-28,12:25:00,0.32,0.32,0.32,0.32,3,0
2015-10-29,09:10:00,0.32,0.32,0.32,0.32,8,0
2015-10-29,09:40:00,0.31,0.31,0.3,0.3,42968,0
2015-10-29,09:45:00,0.3,0.3,0.3,0.3,45582,0
2015-10-29,10:10:00,0.32,0.32,0.32,0.32,19,0
2015-10-29,11:20:00,0.31,0.31,0.3,0.3,142032,0
2015-10-29,11:45:00,0.29,0.29,0.29,0.29,1800,0
2015-10-29,11:55:00,0.3,0.3,0.3,0.3,2000,0
2015-10-29,13:20:00,0.3,0.3,0.3,0.3,1000,0
2015-10-29,13:30:00,0.3,0.3,0.29,0.29,3325,0
2015-10-29,14:10:00,0.29,0.3,0.29,0.3,5228,0
2015-10-30,09:10:00,0.3,0.3,0.3,0.3,12,0
2015-10-30,12:25:00,0.3,0.3,0.3,0.3,12,0
2015-10-30,12:35:00,0.3,0.3,0.3,0.3,4000,0
2015-10-30,13:45:00,0.3,0.3,0.3,0.3,50000,0
2015-10-30,13:50:00,0.3,0.3,0.29,0.29,118850,0
2015-10-30,13:55:00,0.28,0.28,0.27,0.27,5502,0
2015-10-30,14:00:00,0.29,0.29,0.28,0.28,5055,0
2015-10-30,14:45:00,0.28,0.28,0.28,0.28,3696,0
2015-10-30,16:50:00,0.29,0.29,0.29,0.29,19,0
2015-11-02,09:20:00,0.3,0.3,0.3,0.3,7,0
2015-11-02,09:25:00,0.27,0.27,0.27,0.27,7838,0
2015-11-02,10:20:00,0.29,0.29,0.29,0.29,240,0
2015-11-02,13:50:00,0.29,0.29,0.29,0.29,3030,0
2015-11-02,14:40:00,0.28,0.28,0.28,0.28,3029,0
2015-11-02,14:50:00,0.29,0.29,0.29,0.29,10,0
2015-11-02,15:45:00,0.28,0.28,0.27,0.27,5000,0
2015-11-03,09:15:00,0.3,0.3,0.3,0.3,12,0
2015-11-03,09:25:00,0.29,0.29,0.29,0.29,3600,0
2015-11-03,10:55:00,0.29,0.29,0.29,0.29,768,0
2015-11-03,11:05:00,0.3,0.3,0.3,0.3,1000,0
2015-11-03,11:15:00,0.3,0.3,0.3,0.3,1480,0
2015-11-03,11:20:00,0.29,0.29,0.29,0.29,1377,0
2015-11-03,11:35:00,0.29,0.29,0.29,0.29,374,0
2015-11-03,13:00:00,0.29,0.29,0.29,0.29,55,0
2015-11-03,13:25:00,0.29,0.29,0.29,0.29,2500,0
2015-11-04,09:15:00,0.29,0.29,0.29,0.29,8,0
2015-11-04,10:00:00,0.29,0.29,0.29,0.29,1000,0
2015-11-04,11:40:00,0.27,0.27,0.27,0.27,19093,0
2015-11-04,11:45:00,0.26,0.26,0.26,0.26,3505,0
2015-11-04,12:10:00,0.27,0.27,0.27,0.27,2000,0
2015-11-04,12:20:00,0.27,0.28,0.27,0.28,3000,0
2015-11-04,12:40:00,0.25,0.25,0.25,0.25,14375,0
2015-11-04,13:00:00,0.26,0.26,0.26,0.26,4000,0
2015-11-04,13:20:00,0.26,0.26,0.26,0.26,53,0
2015-11-04,14:30:00,0.26,0.26,0.26,0.26,2322,0
2015-11-04,15:10:00,0.27,0.27,0.27,0.27,10,0
2015-11-05,09:05:00,0.27,0.27,0.27,0.27,300,0
2015-11-05,10:00:00,0.25,0.25,0.25,0.25,13587,0
2015-11-05,10:05:00,0.25,0.25,0.25,0.25,6413,0
2015-11-05,14:30:00,0.26,0.26,0.26,0.26,2734,0
2015-11-05,15:00:00,0.26,0.26,0.26,0.26,550,0
2015-11-05,16:10:00,0.25,0.25,0.25,0.25,7020,0
2015-11-06,09:05:00,0.26,0.26,0.26,0.26,33667,0
2015-11-06,09:10:00,0.27,0.27,0.27,0.27,1,0
2015-11-06,09:20:00,0.26,0.26,0.26,0.26,3745,0
2015-11-06,09:25:00,0.27,0.27,0.26,0.26,3253,0
2015-11-06,09:50:00,0.26,0.26,0.26,0.26,10900,0
2015-11-06,10:00:00,0.26,0.26,0.26,0.26,2886,0
2015-11-06,10:30:00,0.26,0.26,0.26,0.26,5053,0
2015-11-06,10:35:00,0.27,0.27,0.27,0.27,2896,0
2015-11-06,11:00:00,0.27,0.27,0.27,0.27,4650,0
2015-11-06,11:35:00,0.27,0.27,0.27,0.27,10723,0
2015-11-06,11:45:00,0.28,0.28,0.28,0.28,1333,0
2015-11-06,11:50:00,0.28,0.28,0.28,0.28,1667,0
2015-11-06,12:45:00,0.28,0.28,0.28,0.28,2000,0
2015-11-06,12:50:00,0.29,0.29,0.29,0.29,10,0
2015-11-06,13:45:00,0.3,0.3,0.3,0.3,2500,0
2015-11-06,13:55:00,0.32,0.32,0.32,0.32,4200,0
2015-11-06,14:20:00,0.32,0.32,0.3,0.3,2025,0
2015-11-06,14:25:00,0.3,0.3,0.3,0.3,13000,0
2015-11-09,09:05:00,0.33,0.33,0.32,0.32,5833,0
2015-11-09,09:25:00,0.33,0.33,0.33,0.33,400,0
2015-11-09,09:30:00,0.33,0.33,0.33,0.33,300,0
2015-11-09,09:40:00,0.33,0.33,0.33,0.33,1135,0
2015-11-09,09:50:00,0.35,0.35,0.35,0.35,858,0
2015-11-09,10:00:00,0.35,0.35,0.35,0.35,2957,0
2015-11-09,16:50:00,0.38,0.38,0.38,0.38,12600,0
2015-11-10,09:05:00,0.36,0.36,0.36,0.36,4565,0
2015-11-10,09:20:00,0.38,0.38,0.38,0.38,100,0
2015-11-10,09:50:00,0.37,0.37,0.37,0.37,758,0
2015-11-10,10:00:00,0.37,0.37,0.36,0.36,3063,0
2015-11-10,10:20:00,0.35,0.35,0.35,0.35,5000,0
2015-11-10,10:30:00,0.35,0.35,0.35,0.35,3280,0
2015-11-10,11:05:00,0.35,0.35,0.35,0.35,600,0
2015-11-10,11:15:00,0.33,0.33,0.33,0.33,1135,0
2015-11-10,11:25:00,0.36,0.36,0.36,0.36,1000,0
2015-11-10,12:10:00,0.33,0.33,0.33,0.33,4200,0
2015-11-10,12:15:00,0.33,0.33,0.33,0.33,5420,0
2015-11-10,16:10:00,0.34,0.34,0.34,0.34,50,0
2015-11-10,16:50:00,0.35,0.35,0.35,0.35,2300,0
