2015-01-16,09:05:00,2.9,2.9,2.88,2.9,6267,0
2015-01-16,09:20:00,2.9,2.9,2.9,2.9,1,0
2015-01-16,10:05:00,2.9,2.9,2.9,2.9,160,0
2015-01-16,10:20:00,2.9,2.98,2.9,2.98,7000,0
2015-01-16,10:25:00,2.98,2.98,2.98,2.98,2000,0
2015-01-16,13:30:00,2.91,2.91,2.9,2.9,4218,0
2015-01-16,13:40:00,2.9,2.9,2.9,2.9,40,0
2015-01-16,14:35:00,2.98,2.98,2.98,2.98,5,0
2015-01-16,16:30:00,2.97,2.97,2.97,2.97,1653,0
2015-01-19,09:05:00,2.97,2.97,2.97,2.97,10,0
2015-01-19,10:15:00,2.97,2.98,2.97,2.98,4230,0
2015-01-19,10:20:00,3.03,3.03,3.03,3.03,347,0
2015-01-19,10:25:00,2.98,2.98,2.98,2.98,600,0
2015-01-19,12:10:00,2.98,2.98,2.98,2.98,3000,0
2015-01-19,13:25:00,2.91,2.95,2.91,2.95,800,0
2015-01-19,14:10:00,2.95,2.95,2.95,2.95,2000,0
2015-01-19,14:30:00,2.85,2.85,2.85,2.85,290,0
2015-01-19,15:10:00,2.97,2.99,2.97,2.99,10810,0
2015-01-19,15:25:00,2.99,2.99,2.99,2.99,5000,0
2015-01-19,15:35:00,2.99,3,2.99,2.99,3010,0
2015-01-19,15:40:00,3.01,3.01,3,3,1840,0
2015-01-19,15:45:00,3,3.04,3,3.04,20350,0
2015-01-19,16:25:00,3.07,3.07,3.07,3.07,1000,0
2015-01-19,16:50:00,3.07,3.07,3.07,3.07,324,0
2015-01-20,09:05:00,3.07,3.07,3.07,3.07,1,0
2015-01-20,09:10:00,2.91,2.91,2.91,2.91,450,0
2015-01-20,09:45:00,2.93,2.93,2.93,2.93,9673,0
2015-01-20,09:50:00,3.04,3.08,3.04,3.08,8675,0
2015-01-20,12:20:00,2.97,2.97,2.97,2.97,1000,0
2015-01-20,16:30:00,2.98,2.98,2.98,2.98,153,0
2015-01-20,16:50:00,3.08,3.08,3.08,3.08,1,0
2015-01-21,09:10:00,2.91,3.07,2.91,3.07,14572,0
2015-01-21,12:05:00,2.99,3.06,2.99,3.06,500,0
2015-01-21,16:15:00,3,3,3,3,200,0
2015-01-21,16:45:00,3.06,3.06,2.92,2.92,31,0
2015-01-21,16:50:00,3,3,3,3,3714,0
2015-01-22,09:05:00,2.91,2.91,2.91,2.91,2000,0
2015-01-22,11:20:00,3.04,3.04,3.04,3.04,3,0
2015-01-22,13:10:00,3.04,3.04,3.04,3.04,1,0
2015-01-22,14:10:00,3.04,3.08,3.04,3.08,1300,0
2015-01-22,15:10:00,3.07,3.07,3.07,3.07,2600,0
2015-01-22,15:30:00,3.07,3.07,3.07,3.07,2099,0
2015-01-22,16:50:00,3.07,3.07,3.07,3.07,100,0
2015-01-23,09:20:00,3.07,3.07,3.07,3.07,10,0
2015-01-23,11:45:00,3,3,3,3,5,0
2015-01-23,12:45:00,3,3,3,3,4500,0
2015-01-23,15:10:00,2.95,2.95,2.95,2.95,9316,0
2015-01-23,15:15:00,2.99,3.03,2.99,3.03,2600,0
2015-01-23,15:25:00,3.04,3.06,3.04,3.06,10381,0
2015-01-23,15:30:00,3.04,3.06,3.04,3.06,4641,0
2015-01-23,15:35:00,3.06,3.06,3.06,3.06,1100,0
2015-01-23,15:45:00,3.07,3.08,3.07,3.08,2300,0
2015-01-26,09:25:00,3.08,3.09,3.07,3.09,8643,0
2015-01-26,09:30:00,3.09,3.09,3.09,3.09,400,0
2015-01-26,13:55:00,3.09,3.09,3.09,3.09,23000,0
2015-01-26,14:05:00,3.09,3.09,3.09,3.09,6700,0
2015-01-26,14:35:00,3.02,3.02,3.02,3.02,765,0
2015-01-26,16:50:00,3,3,3,3,100,0
2015-01-27,09:20:00,3,3,3,3,3,0
2015-01-27,11:35:00,3,3.09,3,3.01,28199,0
2015-01-27,11:50:00,3.09,3.09,3.09,3.09,67200,0
2015-01-27,11:55:00,3.09,3.09,3.09,3.09,21758,0
2015-01-27,12:00:00,3.09,3.09,3.09,3.09,11742,0
2015-01-27,12:05:00,3.09,3.09,3.09,3.09,3166,0
2015-01-27,12:35:00,3.09,3.09,3.09,3.09,4299,0
2015-01-27,13:00:00,3.09,3.09,3.09,3.09,2999,0
2015-01-27,13:15:00,3.09,3.09,3.09,3.09,5000,0
2015-01-27,13:20:00,3.09,3.09,3.09,3.09,999,0
2015-01-27,13:45:00,3.09,3.09,3.09,3.09,100,0
2015-01-27,13:55:00,3.04,3.04,3.04,3.04,55,0
2015-01-27,16:25:00,3.09,3.09,3.09,3.09,30,0
2015-01-28,09:25:00,3.09,3.09,3.09,3.09,5,0
2015-01-28,11:20:00,3.08,3.1,3.08,3.1,7262,0
2015-01-28,12:35:00,3.05,3.05,3.05,3.05,45,0
2015-01-28,13:25:00,3.15,3.16,3.15,3.16,8000,0
2015-01-28,13:40:00,3.16,3.16,3.16,3.16,3000,0
2015-01-28,14:35:00,3.12,3.12,3.12,3.12,20,0
2015-01-28,16:15:00,3.16,3.16,3.16,3.16,230,0
2015-01-28,16:50:00,3.12,3.16,3.12,3.16,1423,0
2015-01-29,10:45:00,3.15,3.15,3.15,3.15,2,0
2015-01-29,13:30:00,3.09,3.09,3.09,3.09,130,0
2015-01-30,09:25:00,3.15,3.15,3.15,3.15,2,0
2015-01-30,11:05:00,3.15,3.15,3.15,3.15,977,0
2015-01-30,11:45:00,3.05,3.05,3.05,3.05,10,0
2015-01-30,16:50:00,3.15,3.15,3.15,3.15,5,0
2015-02-02,09:20:00,3.15,3.15,3.15,3.15,3,0
2015-02-02,10:10:00,3.15,3.16,3.15,3.16,3712,0
2015-02-02,12:40:00,3.16,3.16,3.16,3.16,971,0
2015-02-03,09:15:00,3.15,3.15,3.15,3.15,5,0
2015-02-03,10:00:00,3.15,3.17,3.15,3.17,800,0
2015-02-04,09:05:00,3.16,3.16,3.16,3.16,200,0
2015-02-04,09:45:00,3.16,3.16,3.15,3.16,3535,0
2015-02-05,09:05:00,3.15,3.15,3.15,3.15,1500,0
2015-02-05,12:10:00,3.05,3.05,3.05,3.05,13000,0
2015-02-05,13:50:00,3.05,3.05,3.05,3.05,4140,0
2015-02-05,16:50:00,3.14,3.14,3.14,3.14,7,0
2015-02-06,09:20:00,3.14,3.14,3.14,3.14,2,0
2015-02-06,09:35:00,3.11,3.14,3.11,3.14,2500,0
2015-02-06,09:40:00,3.14,3.2,3.14,3.2,25700,0
2015-02-06,09:45:00,3.2,3.27,3.2,3.27,41178,0
2015-02-06,09:50:00,3.27,3.45,3.27,3.45,53711,0
2015-02-06,09:55:00,3.45,3.45,3.45,3.45,700,0
2015-02-06,10:10:00,3.5,3.68,3.5,3.62,11858,0
2015-02-06,10:20:00,3.5,3.5,3.5,3.5,2000,0
2015-02-06,10:25:00,3.5,3.5,3.5,3.5,1140,0
2015-02-06,10:30:00,3.5,3.5,3.45,3.45,1052,0
2015-02-06,10:35:00,3.45,3.45,3.45,3.45,18,0
2015-02-06,10:40:00,3.52,3.59,3.52,3.59,1500,0
2015-02-06,10:55:00,3.5,3.5,3.45,3.45,20,0
2015-02-06,11:00:00,3.58,3.58,3.58,3.58,10,0
2015-02-06,11:05:00,3.5,3.5,3.5,3.5,990,0
2015-02-06,12:25:00,3.45,3.57,3.45,3.57,311,0
2015-02-06,14:00:00,3.44,3.44,3.43,3.43,2800,0
2015-02-06,14:10:00,3.43,3.43,3.43,3.43,2422,0
2015-02-06,14:40:00,3.43,3.43,3.43,3.43,78,0
2015-02-06,14:45:00,3.28,3.28,3.28,3.28,25,0
2015-02-06,15:10:00,3.49,3.49,3.49,3.49,1,0
2015-02-06,16:40:00,3.47,3.47,3.47,3.47,173,0
2015-02-09,09:05:00,3.44,3.44,3.44,3.44,84,0
2015-02-09,09:10:00,3.44,3.47,3.44,3.47,375,0
2015-02-09,11:05:00,3.27,3.27,3.27,3.27,53,0
2015-02-09,15:05:00,3.45,3.47,3.45,3.47,300,0
2015-02-09,16:00:00,3.47,3.47,3.47,3.47,192,0
2015-02-10,09:15:00,3.45,3.45,3.45,3.45,3,0
2015-02-10,10:40:00,3.45,3.47,3.45,3.47,2500,0
2015-02-10,15:00:00,3.33,3.33,3.33,3.33,1,0
2015-02-11,09:20:00,3.47,3.47,3.47,3.47,6,0
2015-02-11,09:25:00,3.47,3.49,3.47,3.49,2000,0
2015-02-11,09:30:00,3.49,3.49,3.49,3.49,221,0
2015-02-11,11:05:00,3.49,3.5,3.49,3.5,100,0
2015-02-11,11:30:00,3.5,3.5,3.5,3.5,1300,0
2015-02-11,11:40:00,3.49,3.5,3.49,3.5,103400,0
2015-02-11,13:45:00,3.5,3.77,3.5,3.77,10751,0
2015-02-11,13:50:00,3.73,3.73,3.73,3.73,630,0
2015-02-11,14:15:00,3.73,3.73,3.73,3.73,1215,0
2015-02-11,14:30:00,3.73,3.73,3.73,3.73,1236,0
2015-02-11,15:30:00,3.6,3.6,3.6,3.6,200,0
2015-02-11,15:45:00,3.73,3.77,3.73,3.77,1000,0
2015-02-11,16:10:00,3.6,3.6,3.6,3.6,5,0
2015-02-11,16:50:00,3.77,3.77,3.77,3.77,265,0
2015-02-12,09:05:00,3.8,3.8,3.8,3.8,3523,0
2015-02-12,09:20:00,3.8,3.8,3.8,3.8,177,0
2015-02-12,09:45:00,3.55,3.6,3.55,3.6,5900,0
2015-02-12,09:50:00,3.58,3.58,3.56,3.56,5000,0
2015-02-12,10:15:00,3.6,3.6,3.6,3.6,600,0
2015-02-12,10:30:00,3.6,3.6,3.6,3.6,1422,0
2015-02-12,10:55:00,3.56,3.56,3.56,3.56,600,0
2015-02-12,11:10:00,3.52,3.52,3.52,3.52,52,0
2015-02-12,11:20:00,3.56,3.56,3.56,3.56,100,0
2015-02-12,11:25:00,3.56,3.65,3.56,3.65,13170,0
2015-02-12,13:30:00,3.65,3.77,3.65,3.77,8000,0
2015-02-12,13:35:00,3.79,3.99,3.79,3.99,21986,0
2015-02-12,14:15:00,3.98,3.98,3.98,3.98,400,0
2015-02-12,15:50:00,3.9,3.9,3.9,3.9,100,0
2015-02-12,16:05:00,3.7,3.7,3.7,3.7,50,0
2015-02-12,16:25:00,3.7,3.7,3.7,3.7,1000,0
2015-02-12,16:35:00,3.7,3.7,3.7,3.7,12,0
2015-02-12,16:40:00,3.88,3.88,3.7,3.7,750,0
2015-02-12,16:45:00,3.7,3.7,3.7,3.7,250,0
2015-02-12,16:50:00,3.7,3.7,3.7,3.7,565,0
2015-02-13,09:25:00,3.77,3.77,3.77,3.77,3,0
2015-02-13,09:55:00,3.7,3.7,3.7,3.7,50,0
2015-02-13,10:30:00,3.7,3.7,3.7,3.7,300,0
2015-02-13,12:50:00,3.7,3.7,3.7,3.7,650,0
2015-02-13,13:45:00,3.7,3.77,3.7,3.77,1700,0
2015-02-13,16:40:00,3.77,3.77,3.77,3.77,1000,0
2015-02-13,16:50:00,3.76,3.76,3.76,3.76,1528,0
2015-02-16,09:20:00,3.77,3.77,3.77,3.77,400,0
2015-02-16,11:30:00,3.75,3.77,3.75,3.77,2200,0
2015-02-16,12:50:00,3.75,3.75,3.75,3.75,100999,0
2015-02-16,13:05:00,3.75,3.75,3.75,3.75,1200,0
2015-02-16,13:10:00,3.75,3.75,3.75,3.75,3000,0
2015-02-16,16:10:00,3.75,3.77,3.75,3.77,50000,0
2015-02-16,16:35:00,3.77,3.8,3.77,3.8,13400,0
2015-02-16,16:45:00,3.8,3.8,3.8,3.8,10000,0
2015-02-17,09:05:00,3.79,3.79,3.79,3.79,395,0
2015-02-17,11:15:00,3.7,3.7,3.7,3.7,173,0
2015-02-17,13:05:00,3.79,3.79,3.79,3.79,5,0
2015-02-17,14:05:00,3.79,3.79,3.79,3.79,950,0
2015-02-17,14:45:00,3.79,3.8,3.79,3.8,1127,0
2015-02-17,14:50:00,3.8,3.8,3.8,3.8,185,0
2015-02-17,16:40:00,3.66,3.66,3.66,3.66,400,0
2015-02-18,09:05:00,3.8,3.8,3.8,3.8,10,0
2015-02-19,09:10:00,3.8,3.8,3.8,3.8,3,0
2015-02-19,09:55:00,3.8,3.8,3.8,3.8,1450,0
2015-02-19,10:00:00,3.79,3.8,3.79,3.8,7787,0
2015-02-19,10:05:00,3.79,3.8,3.79,3.8,2000,0
2015-02-19,10:40:00,3.7,3.7,3.7,3.7,1460,0
2015-02-19,11:30:00,3.7,3.7,3.7,3.7,2540,0
2015-02-19,14:45:00,3.78,3.78,3.78,3.78,10,0
2015-02-19,15:45:00,3.78,3.8,3.78,3.8,200000,0
2015-02-19,16:50:00,3.7,3.7,3.7,3.7,10121,0
2015-02-20,09:10:00,3.79,3.79,3.79,3.79,3,0
2015-02-20,12:25:00,3.79,3.79,3.79,3.79,600,0
2015-02-20,12:30:00,3.79,3.8,3.79,3.8,4268,0
2015-02-20,12:50:00,3.79,3.8,3.79,3.8,1000,0
2015-02-20,13:05:00,3.79,3.79,3.78,3.78,48199,0
2015-02-20,13:35:00,3.78,3.78,3.78,3.78,32500,0
2015-02-20,15:20:00,3.7,3.7,3.7,3.7,5000,0
2015-02-20,16:50:00,3.68,3.75,3.68,3.75,16648,0
2015-02-23,09:15:00,3.78,3.78,3.78,3.78,3,0
2015-02-24,09:05:00,3.78,3.78,3.78,3.78,1241,0
2015-02-25,09:05:00,3.77,3.77,3.77,3.77,3,0
2015-02-25,16:50:00,3.77,3.77,3.77,3.77,618,0
2015-02-26,09:05:00,3.75,3.75,3.75,3.75,7,0
2015-02-26,13:45:00,3.62,3.62,3.62,3.62,150,0
2015-02-26,16:50:00,3.62,3.62,3.62,3.62,150,0
2015-02-27,09:05:00,3.61,3.61,3.61,3.61,470,0
2015-02-27,09:15:00,3.61,3.61,3.61,3.61,321,0
2015-02-27,10:00:00,3.77,3.77,3.77,3.77,100,0
2015-02-27,10:05:00,3.77,3.77,3.76,3.76,450,0
2015-02-27,10:10:00,3.76,3.77,3.76,3.77,100,0
2015-02-27,14:25:00,3.67,3.67,3.67,3.67,2000,0
2015-02-27,14:35:00,3.65,3.65,3.65,3.65,5965,0
2015-02-27,15:30:00,3.76,3.76,3.76,3.76,3,0
2015-03-02,10:05:00,3.76,3.76,3.76,3.76,2,0
2015-03-02,11:15:00,3.72,3.72,3.72,3.72,50,0
2015-03-02,15:50:00,3.72,3.72,3.72,3.72,4,0
2015-03-02,16:45:00,3.74,3.74,3.74,3.74,518,0
2015-03-02,16:50:00,3.66,3.66,3.66,3.66,50,0
2015-03-03,09:05:00,3.68,3.74,3.68,3.74,502,0
2015-03-03,10:55:00,3.68,3.74,3.68,3.74,1353,0
2015-03-03,12:55:00,3.7,3.7,3.68,3.68,500,0
2015-03-03,13:40:00,3.68,3.68,3.68,3.68,5,0
2015-03-03,14:50:00,3.71,3.72,3.71,3.72,30,0
2015-03-03,16:45:00,3.7,3.72,3.7,3.72,3644,0
2015-03-03,16:50:00,3.72,3.8,3.72,3.8,7020,0
2015-03-04,09:05:00,3.79,3.79,3.79,3.79,2,0
2015-03-04,09:55:00,3.73,3.73,3.73,3.73,1000,0
2015-03-04,16:50:00,3.73,3.73,3.73,3.73,2,0
2015-03-05,09:10:00,3.78,3.78,3.78,3.78,5,0
2015-03-06,09:40:00,3.72,3.72,3.72,3.72,5,0
2015-03-06,09:50:00,3.68,3.68,3.68,3.68,1,0
2015-03-06,16:00:00,3.6,3.6,3.6,3.6,405,0
2015-03-06,16:05:00,3.59,3.59,3.58,3.58,1411,0
2015-03-06,16:50:00,3.68,3.68,3.68,3.68,3,0
2015-03-09,09:10:00,3.65,3.65,3.65,3.65,2,0
2015-03-10,09:10:00,3.68,3.68,3.68,3.68,3,0
2015-03-10,11:55:00,3.65,3.65,3.65,3.65,61,0
2015-03-10,15:25:00,3.45,3.45,3.45,3.45,100,0
2015-03-10,15:35:00,3.42,3.42,3.33,3.33,384,0
2015-03-10,15:50:00,3.42,3.42,3.42,3.42,500,0
2015-03-10,16:20:00,3.42,3.42,3.42,3.42,1151,0
2015-03-11,09:05:00,3.11,3.11,3.11,3.11,1,0
2015-03-11,10:25:00,3.15,3.15,3.15,3.15,825,0
2015-03-11,11:25:00,3.3,3.3,3.3,3.3,2266,0
2015-03-11,11:50:00,3.48,3.48,3.48,3.48,3000,0
2015-03-11,12:15:00,3.48,3.59,3.48,3.59,3000,0
2015-03-11,12:20:00,3.61,3.61,3.61,3.61,2,0
2015-03-12,11:20:00,3.61,3.8,3.61,3.8,4000,0
2015-03-12,11:25:00,3.7,3.8,3.7,3.8,4779,0
2015-03-12,11:40:00,3.75,3.75,3.75,3.75,10,0
2015-03-12,15:35:00,3.62,3.74,3.62,3.74,392,0
2015-03-12,16:45:00,3.72,3.8,3.72,3.8,6700,0
2015-03-12,16:50:00,3.8,3.8,3.8,3.8,1084,0
2015-03-13,09:05:00,3.79,3.79,3.79,3.79,5,0
2015-03-13,10:20:00,3.51,3.51,3.51,3.51,395,0
2015-03-13,14:10:00,3.77,3.77,3.77,3.77,460,0
2015-03-13,16:50:00,3.51,3.51,3.51,3.51,265,0
2015-03-16,09:55:00,3.78,3.78,3.78,3.78,1,0
2015-03-16,10:35:00,3.53,3.53,3.53,3.53,10,0
2015-03-16,11:00:00,3.8,3.8,3.8,3.8,1000,0
2015-03-16,11:10:00,3.8,3.8,3.8,3.8,400,0
2015-03-16,12:40:00,3.53,3.53,3.53,3.53,460,0
2015-03-16,16:10:00,3.63,3.63,3.63,3.63,459,0
2015-03-16,16:35:00,3.74,3.8,3.74,3.8,1000,0
2015-03-17,09:05:00,3.8,3.8,3.8,3.8,1500,0
2015-03-17,09:20:00,3.8,3.8,3.8,3.8,3,0
2015-03-17,16:50:00,3.8,3.8,3.8,3.8,9797,0
2015-03-18,09:05:00,4,4.18,4,4.18,3376,0
2015-03-18,09:10:00,4.18,4.2,4,4,1545,0
2015-03-18,10:55:00,4,4,3.9,4,2030,0
2015-03-18,11:00:00,4,4.1,4,4.1,500,0
2015-03-18,15:30:00,4,4,4,4,32,0
2015-03-18,16:00:00,3.9,3.9,3.9,3.9,100,0
2015-03-18,16:45:00,3.99,3.99,3.99,3.99,308,0
2015-03-18,16:50:00,3.68,3.68,3.68,3.68,570,0
2015-03-19,09:20:00,4.19,4.19,4.19,4.19,2711,0
2015-03-19,09:50:00,4.19,4.19,4.19,4.19,300,0
2015-03-19,10:00:00,4.19,4.19,4.19,4.19,44,0
2015-03-19,11:55:00,4.19,4.19,4.19,4.19,5,0
2015-03-20,09:05:00,4.18,4.18,4.18,4.18,2000,0
2015-03-20,09:10:00,4.08,4.08,4.08,4.08,100,0
2015-03-20,14:25:00,4,4,4,4,3050,0
2015-03-23,09:05:00,4.01,4.01,4.01,4.01,5,0
2015-03-23,09:10:00,4,4,4,4,498,0
2015-03-23,09:25:00,4,4,4,4,1500,0
2015-03-23,09:45:00,4.12,4.12,4.12,4.12,1267,0
2015-03-23,10:30:00,4.07,4.07,4.07,4.07,89,0
2015-03-23,10:40:00,4.07,4.07,4.07,4.07,70,0
2015-03-23,12:25:00,4.04,4.04,4.03,4.03,178,0
2015-03-23,13:30:00,4.06,4.06,4.06,4.06,500,0
2015-03-23,15:00:00,4.07,4.07,4.07,4.07,5,0
2015-03-23,16:45:00,4.07,4.07,4.07,4.07,500,0
2015-03-23,16:50:00,4,4,4,4,1002,0
2015-03-24,09:05:00,4.15,4.15,4.15,4.15,5,0
2015-03-24,14:35:00,3.88,3.88,3.88,3.88,500,0
2015-03-24,15:00:00,3.88,3.88,3.88,3.88,258,0
2015-03-24,15:05:00,3.94,3.94,3.94,3.94,42,0
2015-03-24,16:50:00,3.98,4.1,3.98,4.1,205,0
2015-03-25,09:15:00,4.13,4.13,4.13,4.13,3,0
2015-03-26,09:05:00,4.12,4.12,4.12,4.12,300,0
2015-03-26,11:30:00,4.1,4.1,4.1,4.1,1190,0
2015-03-27,09:05:00,3.83,3.83,3.82,3.82,1265,0
2015-03-27,16:50:00,4.05,4.05,4.05,4.05,765,0
2015-03-30,09:15:00,4.13,4.13,4.13,4.13,2,0
2015-03-30,09:40:00,4.1,4.1,4.1,4.1,470,0
2015-03-30,09:45:00,3.9,3.9,3.86,3.86,1300,0
2015-03-30,10:35:00,4.01,4.01,4.01,4.01,225,0
2015-03-30,11:20:00,3.87,3.87,3.86,3.86,1488,0
2015-03-30,12:20:00,3.98,4,3.98,4,3000,0
2015-03-30,15:45:00,3.94,3.94,3.94,3.94,200,0
2015-03-31,09:05:00,4.11,4.11,4.11,4.11,5,0
2015-03-31,14:55:00,3.9,3.9,3.86,3.86,1500,0
2015-03-31,15:20:00,3.9,3.9,3.9,3.9,1000,0
2015-04-01,09:05:00,4,4,4,4,3,0
2015-04-02,09:05:00,3.8,3.8,3.8,3.8,340,0
2015-04-02,09:25:00,3.96,3.96,3.95,3.95,201,0
2015-04-02,09:35:00,3.82,3.9,3.8,3.8,2662,0
2015-04-02,12:05:00,3.74,3.74,3.74,3.74,534,0
2015-04-02,12:25:00,3.8,3.8,3.8,3.8,1000,0
2015-04-02,12:30:00,3.83,3.83,3.83,3.83,1300,0
2015-04-02,16:50:00,3.76,3.76,3.76,3.76,752,0
2015-04-07,09:10:00,3.81,3.81,3.81,3.81,7,0
2015-04-07,16:50:00,3.81,3.81,3.81,3.81,300,0
2015-04-08,09:10:00,3.8,3.8,3.8,3.8,2,0
2015-04-08,09:20:00,3.65,3.73,3.59,3.73,1813,0
2015-04-08,10:20:00,3.59,3.72,3.59,3.72,88,0
2015-04-08,13:00:00,3.72,3.79,3.72,3.75,10456,0
2015-04-08,13:05:00,3.79,3.79,3.6,3.79,8,0
2015-04-08,14:20:00,3.78,3.78,3.78,3.78,250,0
2015-04-08,16:50:00,3.79,3.79,3.79,3.79,51,0
2015-04-09,09:05:00,3.8,3.8,3.8,3.8,3,0
2015-04-09,16:20:00,3.8,3.8,3.8,3.8,495,0
2015-04-09,16:50:00,3.95,3.95,3.95,3.95,590,0
2015-04-10,09:05:00,3.95,3.95,3.95,3.95,2,0
2015-04-13,09:05:00,3.94,3.94,3.94,3.94,8,0
2015-04-14,10:55:00,3.7,3.85,3.7,3.85,208,0
2015-04-14,11:30:00,3.69,3.69,3.69,3.69,7,0
2015-04-14,12:30:00,3.8,3.8,3.8,3.8,1,0
2015-04-14,13:30:00,3.7,3.7,3.66,3.66,500,0
2015-04-14,16:20:00,3.66,3.66,3.6,3.6,500,0
2015-04-14,16:45:00,3.71,3.71,3.71,3.71,1,0
2015-04-14,16:50:00,3.79,3.79,3.6,3.6,525,0
2015-04-15,09:05:00,3.85,3.85,3.85,3.85,10,0
2015-04-15,10:10:00,3.83,3.83,3.83,3.83,250,0
2015-04-15,16:30:00,3.82,3.82,3.82,3.82,112,0
2015-04-15,16:50:00,3.84,3.84,3.84,3.84,110,0
2015-04-16,09:10:00,3.85,3.85,3.85,3.85,3,0
2015-04-17,09:05:00,3.85,3.85,3.85,3.85,2,0
2015-04-17,10:45:00,3.69,3.69,3.6,3.6,2305,0
2015-04-17,12:20:00,3.6,3.69,3.58,3.69,143,0
2015-04-17,12:25:00,3.61,3.61,3.61,3.61,10,0
2015-04-17,16:30:00,3.6,3.6,3.6,3.6,630,0
2015-04-17,16:40:00,3.67,3.67,3.67,3.67,300,0
2015-04-17,16:50:00,3.59,3.59,3.59,3.59,970,0
2015-04-20,09:05:00,3.59,3.59,3.59,3.59,3,0
2015-04-20,09:15:00,3.55,3.55,3.55,3.55,397,0
2015-04-20,09:20:00,3.55,3.55,3.55,3.55,470,0
2015-04-20,10:55:00,3.69,3.7,3.69,3.7,500,0
2015-04-20,14:00:00,3.7,3.7,3.7,3.7,993,0
2015-04-20,16:50:00,3.68,3.68,3.68,3.68,7,0
2015-04-21,09:20:00,3.8,3.8,3.8,3.8,10,0
2015-04-22,09:05:00,3.8,3.8,3.8,3.8,1,0
2015-04-22,09:40:00,3.8,3.8,3.8,3.8,20,0
2015-04-22,10:05:00,3.73,3.73,3.71,3.71,600,0
2015-04-22,16:50:00,3.69,3.7,3.66,3.7,288,0
2015-04-23,09:05:00,3.78,3.78,3.78,3.78,7,0
2015-04-24,09:05:00,3.78,3.78,3.78,3.78,10,0
2015-04-24,11:00:00,3.55,3.55,3.55,3.55,50,0
2015-04-24,11:15:00,3.65,3.65,3.65,3.65,1,0
2015-04-27,10:05:00,3.7,3.7,3.7,3.7,5,0
2015-04-27,11:50:00,3.7,3.7,3.7,3.7,1000,0
2015-04-28,09:15:00,3.69,3.69,3.69,3.69,5,0
2015-04-28,15:30:00,3.55,3.55,3.55,3.55,300,0
2015-04-28,16:10:00,3.55,3.55,3.55,3.55,100,0
2015-04-28,16:45:00,3.6,3.6,3.6,3.6,5,0
2015-04-28,16:50:00,3.65,3.65,3.65,3.65,2,0
2015-04-29,09:05:00,3.64,3.64,3.64,3.64,200,0
2015-04-29,12:20:00,3.55,3.55,3.55,3.55,10,0
2015-04-29,14:40:00,3.64,3.64,3.64,3.64,21,0
2015-04-30,09:10:00,3.64,3.64,3.64,3.64,3,0
2015-04-30,11:05:00,3.64,3.7,3.64,3.7,4000,0
2015-04-30,11:25:00,3.7,3.7,3.7,3.7,19819,0
2015-04-30,11:30:00,3.7,3.7,3.7,3.7,208145,0
2015-04-30,11:35:00,3.7,3.75,3.7,3.75,18262,0
2015-04-30,15:05:00,3.74,3.74,3.74,3.74,500,0
2015-04-30,16:10:00,3.75,3.75,3.75,3.75,100,0
2015-04-30,16:35:00,3.75,3.75,3.75,3.75,1000,0
2015-04-30,16:50:00,3.74,3.74,3.74,3.74,15,0
2015-05-04,09:15:00,3.65,3.65,3.65,3.65,2,0
2015-05-04,10:20:00,3.42,3.64,3.42,3.64,886,0
2015-05-04,10:25:00,3.75,3.75,3.75,3.75,1000,0
2015-05-04,12:10:00,3.66,3.66,3.66,3.66,200,0
2015-05-04,13:10:00,3.66,3.66,3.66,3.66,300,0
2015-05-04,16:40:00,3.66,3.66,3.66,3.66,199,0
2015-05-04,16:50:00,3.66,3.66,3.66,3.66,112,0
2015-05-05,09:05:00,3.7,3.7,3.7,3.7,1,0
2015-05-06,10:20:00,3.67,3.75,3.67,3.75,2200,0
2015-05-07,12:10:00,3.66,3.66,3.66,3.66,10,0
2015-05-08,14:55:00,3.44,3.44,3.44,3.44,10,0
2015-05-08,16:45:00,3.66,3.66,3.66,3.66,40,0
2015-05-11,11:25:00,3.55,3.55,3.55,3.55,500,0
2015-05-12,13:00:00,3.65,3.65,3.65,3.65,1,0
2015-05-12,14:55:00,3.42,3.42,3.42,3.42,500,0
2015-05-12,15:05:00,3.58,3.58,3.58,3.58,1,0
2015-05-12,15:40:00,3.49,3.49,3.49,3.49,10,0
2015-05-12,16:45:00,3.49,3.49,3.49,3.49,2,0
2015-05-12,16:50:00,3.38,3.38,3.38,3.38,10,0
2015-05-13,12:35:00,3.58,3.58,3.58,3.58,100,0
2015-05-14,09:05:00,3.38,3.38,3.38,3.38,145,0
2015-05-14,09:30:00,3.58,3.58,3.58,3.58,1,0
2015-05-14,13:50:00,3.39,3.39,3.39,3.39,28,0
2015-05-14,14:00:00,3.58,3.58,3.58,3.58,1,0
2015-05-15,13:05:00,3.59,3.59,3.59,3.59,1,0
2015-05-15,16:50:00,3.59,3.6,3.59,3.6,8000,0
2015-05-18,10:35:00,3.65,3.66,3.65,3.66,500,0
2015-05-18,10:40:00,3.67,3.7,3.67,3.7,204000,0
2015-05-18,16:50:00,3.38,3.38,3.38,3.38,4,0
2015-05-19,09:05:00,3.38,3.38,3.38,3.38,50,0
2015-05-19,09:30:00,3.69,3.69,3.69,3.69,1144,0
2015-05-19,09:35:00,3.78,3.78,3.78,3.78,500,0
2015-05-19,09:40:00,3.75,3.78,3.75,3.78,200570,0
2015-05-19,11:55:00,3.78,3.78,3.78,3.78,430,0
2015-05-19,16:50:00,3.69,3.69,3.69,3.69,3,0
2015-05-20,09:10:00,3.75,3.75,3.75,3.75,2,0
2015-05-21,16:30:00,3.4,3.4,3.4,3.4,2686,0
2015-05-21,16:40:00,3.52,3.52,3.52,3.52,896,0
2015-05-21,16:50:00,3.4,3.43,3.39,3.39,2392,0
2015-05-22,09:15:00,3.73,3.73,3.73,3.73,2000,0
2015-05-22,15:10:00,3.41,3.41,3.41,3.41,42,0
2015-05-22,15:15:00,3.69,3.69,3.69,3.69,1,0
2015-05-22,16:50:00,3.4,3.4,3.4,3.4,3,0
2015-05-25,13:20:00,3.6,3.6,3.6,3.6,1,0
2015-05-25,16:50:00,3.4,3.4,3.4,3.4,123,0
2015-05-26,09:15:00,3.39,3.39,3.39,3.39,2,0
2015-05-26,12:30:00,3.6,3.6,3.6,3.6,1,0
2015-05-26,12:40:00,3.6,3.7,3.6,3.7,1500,0
2015-05-26,12:45:00,3.6,3.6,3.6,3.6,20,0
2015-05-26,13:30:00,3.7,3.7,3.7,3.7,1,0
2015-05-26,13:50:00,3.6,3.6,3.6,3.6,5,0
2015-05-26,14:00:00,3.69,3.69,3.69,3.69,1,0
2015-05-26,15:05:00,3.6,3.6,3.6,3.6,12,0
2015-05-26,16:35:00,3.6,3.6,3.6,3.6,2,0
2015-05-26,16:40:00,3.6,3.6,3.6,3.6,40,0
2015-05-26,16:50:00,3.6,3.6,3.6,3.6,44,0
2015-05-27,13:15:00,3.5,3.7,3.5,3.7,4300,0
2015-05-28,10:50:00,3.69,3.7,3.69,3.7,6000,0
2015-05-29,15:30:00,3.7,3.7,3.7,3.7,1000,0
2015-06-01,09:05:00,3.7,3.7,3.7,3.7,100,0
2015-06-03,13:40:00,3.7,3.7,3.7,3.7,800,0
2015-06-05,14:05:00,3.38,3.38,3.38,3.38,100,0
2015-06-05,16:05:00,3.7,3.7,3.7,3.7,1,0
2015-06-08,09:05:00,3.7,3.7,3.7,3.7,1000,0
2015-06-08,16:00:00,3.5,3.5,3.5,3.5,126,0
2015-06-08,16:50:00,3.68,3.68,3.38,3.38,127,0
2015-06-09,11:00:00,3.68,3.68,3.68,3.68,1,0
2015-06-10,16:45:00,3.6,3.6,3.6,3.6,200,0
2015-06-11,09:05:00,3.68,3.68,3.68,3.68,1000,0
2015-06-12,09:05:00,3.7,3.7,3.7,3.7,1000,0
2015-06-15,09:05:00,3.7,3.7,3.7,3.7,100,0
2015-06-16,12:25:00,3.45,3.45,3.45,3.45,3000,0
2015-06-16,16:30:00,3.55,3.55,3.55,3.55,1,0
2015-06-17,12:55:00,3.5,3.5,3.5,3.5,1000,0
2015-06-17,15:55:00,3.43,3.43,3.43,3.43,999,0
2015-06-18,16:40:00,3.6,3.6,3.6,3.6,1,0
2015-06-23,11:20:00,3.58,3.7,3.58,3.7,5000,0
2015-06-23,11:30:00,3.7,3.7,3.7,3.7,500,0
2015-06-23,14:45:00,3.45,3.45,3.45,3.45,1500,0
2015-06-23,15:40:00,3.65,3.65,3.65,3.65,1,0
2015-06-29,09:50:00,3.68,3.7,3.68,3.7,10000,0
2015-06-29,10:00:00,3.7,3.7,3.7,3.7,10000,0
2015-06-29,13:55:00,3.64,3.64,3.64,3.64,10,0
2015-06-30,09:05:00,3.42,3.42,3.42,3.42,470,0
2015-06-30,09:25:00,3.64,3.64,3.64,3.64,1,0
2015-06-30,09:30:00,3.64,3.7,3.64,3.7,21000,0
2015-06-30,12:50:00,3.52,3.52,3.52,3.52,10,0
2015-06-30,12:55:00,3.69,3.69,3.69,3.69,1,0
2015-07-02,09:05:00,3.69,3.69,3.69,3.69,150,0
2015-07-02,09:35:00,3.68,3.7,3.68,3.7,20000,0
2015-07-03,10:00:00,3.7,3.7,3.7,3.7,10000,0
2015-07-06,11:15:00,3.7,3.7,3.7,3.7,10000,0
2015-07-07,14:55:00,3.51,3.51,3.51,3.51,30,0
2015-07-07,15:25:00,3.69,3.69,3.69,3.69,10,0
2015-07-08,11:40:00,3.4,3.4,3.4,3.4,5500,0
2015-07-08,11:45:00,3.48,3.48,3.48,3.48,916,0
2015-07-08,16:50:00,3.39,3.39,3.35,3.35,1303,0
2015-07-09,09:05:00,3.35,3.35,3.35,3.35,239,0
2015-07-09,11:35:00,3.64,3.64,3.64,3.64,980,0
2015-07-09,15:55:00,3.47,3.47,3.47,3.47,250,0
2015-07-10,09:15:00,3.6,3.6,3.6,3.6,200,0
2015-07-10,09:40:00,3.6,3.65,3.6,3.65,1000,0
2015-07-10,13:00:00,3.62,3.62,3.62,3.62,2,0
2015-07-14,10:55:00,3.66,3.7,3.66,3.7,5300,0
2015-07-14,16:50:00,3.42,3.42,3.42,3.42,2,0
2015-07-15,10:05:00,3.47,3.47,3.47,3.47,5,0
2015-07-15,16:50:00,3.45,3.45,3.45,3.45,197,0
2015-07-16,10:10:00,3.68,3.68,3.68,3.68,22,0
2015-07-16,11:15:00,3.68,3.68,3.68,3.68,13,0
2015-07-16,14:20:00,3.66,3.66,3.66,3.66,12,0
2015-07-17,09:10:00,3.68,3.68,3.68,3.68,22,0
2015-07-17,10:35:00,3.68,3.68,3.68,3.68,3,0
2015-07-17,11:15:00,3.68,3.68,3.68,3.68,3,0
2015-07-20,09:05:00,3.55,3.55,3.55,3.55,1021,0
2015-07-20,11:05:00,3.46,3.46,3.46,3.46,300,0
2015-07-20,11:10:00,3.55,3.55,3.52,3.55,454,0
2015-07-20,14:20:00,3.55,3.55,3.55,3.55,5,0
2015-07-20,16:00:00,3.55,3.55,3.55,3.55,20,0
2015-07-20,16:50:00,3.53,3.53,3.53,3.53,20,0
2015-07-21,09:15:00,3.55,3.55,3.55,3.55,10,0
2015-07-21,09:55:00,3.55,3.55,3.55,3.55,7,0
2015-07-21,11:10:00,3.55,3.55,3.55,3.55,10,0
2015-07-21,11:35:00,3.55,3.55,3.55,3.55,5,0
2015-07-21,12:15:00,3.55,3.55,3.55,3.55,74,0
2015-07-21,14:20:00,3.55,3.55,3.55,3.55,5,0
2015-07-21,16:05:00,3.55,3.55,3.55,3.55,10,0
2015-07-22,09:20:00,3.55,3.55,3.55,3.55,10,0
2015-07-22,10:50:00,3.55,3.55,3.55,3.55,10,0
2015-07-22,11:10:00,3.55,3.55,3.55,3.55,7,0
2015-07-22,11:35:00,3.54,3.54,3.54,3.54,7,0
2015-07-22,12:30:00,3.54,3.54,3.54,3.54,13,0
2015-07-22,12:35:00,3.54,3.54,3.54,3.54,20,0
2015-07-22,12:55:00,3.54,3.54,3.54,3.54,5,0
2015-07-22,13:15:00,3.54,3.59,3.54,3.59,1277,0
2015-07-22,13:50:00,3.59,3.59,3.59,3.59,10,0
2015-07-22,14:10:00,3.59,3.59,3.59,3.59,5,0
2015-07-22,14:35:00,3.59,3.59,3.59,3.59,22,0
2015-07-22,15:25:00,3.59,3.59,3.59,3.59,7,0
2015-07-22,16:50:00,3.59,3.59,3.59,3.59,3,0
2015-07-23,09:20:00,3.59,3.59,3.59,3.59,16,0
2015-07-23,10:05:00,3.59,3.59,3.59,3.59,7,0
2015-07-23,10:30:00,3.59,3.59,3.59,3.59,14,0
2015-07-23,11:05:00,3.59,3.59,3.51,3.51,2022,0
2015-07-23,12:35:00,3.59,3.59,3.59,3.59,20,0
2015-07-23,13:05:00,3.59,3.59,3.59,3.59,20,0
2015-07-23,13:45:00,3.59,3.59,3.59,3.59,12,0
2015-07-24,09:25:00,3.59,3.59,3.59,3.59,10,0
2015-07-24,10:00:00,3.59,3.59,3.59,3.59,3,0
2015-07-24,11:15:00,3.59,3.59,3.59,3.59,12,0
2015-07-24,14:50:00,3.59,3.59,3.59,3.59,10,0
2015-07-27,09:15:00,3.64,3.64,3.64,3.64,7,0
2015-07-27,13:35:00,3.63,3.63,3.63,3.63,6,0
2015-07-27,16:25:00,3.63,3.63,3.63,3.63,12,0
2015-07-27,16:45:00,3.63,3.63,3.63,3.63,5,0
2015-07-27,16:50:00,3.61,3.61,3.61,3.61,3,0
2015-07-28,09:10:00,3.65,3.65,3.65,3.65,7,0
2015-07-28,09:45:00,3.65,3.65,3.65,3.65,6,0
2015-07-28,11:10:00,3.62,3.62,3.62,3.62,7,0
2015-07-28,11:45:00,3.61,3.61,3.61,3.61,8,0
2015-07-28,14:40:00,3.61,3.61,3.61,3.61,5,0
2015-07-29,09:10:00,3.65,3.65,3.65,3.65,13,0
2015-07-29,10:05:00,3.65,3.65,3.65,3.65,5,0
2015-07-29,14:30:00,3.65,3.65,3.65,3.65,6,0
2015-07-29,15:25:00,3.65,3.65,3.65,3.65,20,0
2015-07-30,09:10:00,3.65,3.65,3.65,3.65,10,0
2015-07-30,10:05:00,3.65,3.65,3.65,3.65,10,0
2015-07-30,13:20:00,3.65,3.65,3.65,3.65,12,0
2015-07-30,15:20:00,3.65,3.65,3.65,3.65,10,0
2015-07-31,09:10:00,3.65,3.65,3.65,3.65,12,0
2015-07-31,11:15:00,3.65,3.65,3.65,3.65,10,0
2015-07-31,12:40:00,3.65,3.65,3.65,3.65,8,0
2015-07-31,15:25:00,3.65,3.65,3.65,3.65,7,0
2015-08-03,09:10:00,3.65,3.65,3.65,3.65,6,0
2015-08-03,10:45:00,3.65,3.65,3.65,3.65,7,0
2015-08-03,11:00:00,3.65,3.65,3.65,3.65,6,0
2015-08-03,13:15:00,3.63,3.63,3.63,3.63,5,0
2015-08-03,13:55:00,3.63,3.63,3.63,3.63,10,0
2015-08-03,14:50:00,3.6,3.6,3.6,3.6,5,0
2015-08-03,15:15:00,3.6,3.6,3.6,3.6,5,0
2015-08-03,16:40:00,3.6,3.6,3.6,3.6,10,0
2015-08-04,09:10:00,3.62,3.62,3.62,3.62,12,0
2015-08-04,10:20:00,3.62,3.62,3.62,3.62,7,0
2015-08-04,11:15:00,3.6,3.6,3.6,3.6,4,0
2015-08-04,12:10:00,3.6,3.6,3.6,3.6,3,0
2015-08-04,12:25:00,3.6,3.6,3.6,3.6,5,0
2015-08-04,13:15:00,3.6,3.6,3.6,3.6,6,0
2015-08-04,13:30:00,3.6,3.6,3.6,3.6,22,0
2015-08-04,15:15:00,3.55,3.55,3.55,3.55,7,0
2015-08-04,15:40:00,3.55,3.55,3.55,3.55,45,0
2015-08-04,15:55:00,3.55,3.55,3.55,3.55,12,0
2015-08-04,16:20:00,3.55,3.55,3.55,3.55,10,0
2015-08-04,16:50:00,3.53,3.53,3.53,3.53,20,0
2015-08-05,09:10:00,3.55,3.55,3.55,3.55,10,0
2015-08-05,09:40:00,3.55,3.55,3.55,3.55,8,0
2015-08-05,10:05:00,3.55,3.55,3.55,3.55,5,0
2015-08-05,11:05:00,3.55,3.55,3.55,3.55,10,0
2015-08-05,11:15:00,3.45,3.55,3.45,3.55,305,0
2015-08-05,11:40:00,3.55,3.55,3.55,3.55,10,0
2015-08-05,14:05:00,3.54,3.54,3.54,3.54,7,0
2015-08-05,16:05:00,3.54,3.54,3.54,3.54,5,0
2015-08-06,09:20:00,3.55,3.55,3.55,3.55,10,0
2015-08-06,09:55:00,3.55,3.55,3.55,3.55,10,0
2015-08-06,11:40:00,3.55,3.55,3.55,3.55,10,0
2015-08-06,11:50:00,3.55,3.55,3.55,3.55,7,0
2015-08-06,12:40:00,3.55,3.55,3.55,3.55,16,0
2015-08-06,13:40:00,3.55,3.55,3.55,3.55,5,0
2015-08-06,14:45:00,3.55,3.55,3.55,3.55,10,0
2015-08-06,16:40:00,3.55,3.55,3.55,3.55,17,0
2015-08-07,09:05:00,3.55,3.55,3.55,3.55,6,0
2015-08-07,09:40:00,3.55,3.55,3.55,3.55,5,0
2015-08-07,10:35:00,3.55,3.55,3.55,3.55,5,0
2015-08-07,10:55:00,3.39,3.5,3.39,3.5,898,0
2015-08-07,12:15:00,3.5,3.5,3.5,3.5,10,0
2015-08-07,14:10:00,3.5,3.5,3.5,3.5,10,0
2015-08-07,15:30:00,3.5,3.5,3.5,3.5,15,0
2015-08-10,09:10:00,3.5,3.5,3.5,3.5,13,0
2015-08-10,10:25:00,3.5,3.5,3.5,3.5,7,0
2015-08-10,10:45:00,3.5,3.5,3.5,3.5,10,0
2015-08-10,11:15:00,3.5,3.5,3.5,3.5,5,0
2015-08-10,12:20:00,3.44,3.44,3.44,3.44,5,0
2015-08-10,13:35:00,3.34,3.34,3.3,3.3,3700,0
2015-08-10,14:30:00,3.43,3.43,3.43,3.43,12,0
2015-08-10,15:40:00,3.43,3.43,3.43,3.43,17,0
2015-08-11,09:10:00,3.49,3.49,3.49,3.49,5,0
2015-08-11,09:25:00,3.33,3.33,3.33,3.33,5,0
2015-08-11,10:05:00,3.49,3.49,3.49,3.49,6,0
2015-08-11,10:25:00,3.31,3.31,3.27,3.27,2400,0
2015-08-11,14:15:00,3.25,3.25,3.25,3.25,1000,0
2015-08-11,16:50:00,3.18,3.18,3.18,3.18,1383,0
2015-08-12,09:10:00,3.3,3.3,3.3,3.3,3,0
2015-08-12,10:10:00,3.3,3.3,3.3,3.3,3,0
2015-08-12,10:40:00,3.3,3.3,3.3,3.3,7,0
2015-08-12,11:25:00,3.18,3.3,3.18,3.3,905,0
2015-08-12,12:55:00,3.3,3.3,3.3,3.3,3,0
2015-08-12,13:45:00,3.3,3.3,3.3,3.3,8,0
2015-08-12,14:25:00,3.2,3.2,3.16,3.16,2600,0
2015-08-12,14:30:00,3.16,3.16,3.15,3.15,1102,0
2015-08-12,14:40:00,3.04,3.04,3.04,3.04,400,0
2015-08-12,15:40:00,3.04,3.04,3.04,3.04,300,0
2015-08-13,09:15:00,3.19,3.19,2.99,2.99,3,0
2015-08-13,09:20:00,3.19,3.19,3.19,3.19,5,0
2015-08-13,09:30:00,3.2,3.2,3.04,3.19,1006,0
2015-08-13,11:20:00,3.17,3.17,3.1,3.17,965,0
2015-08-13,13:40:00,3.15,3.15,3.15,3.15,6,0
2015-08-13,15:20:00,3.15,3.15,3.15,3.15,10,0
2015-08-14,09:05:00,2.85,2.85,2.85,2.85,2,0
2015-08-14,09:45:00,3.01,3.01,3.01,3.01,3,0
2015-08-14,10:40:00,3.01,3.01,3.01,3.01,10,0
2015-08-14,11:35:00,3.01,3.01,3.01,3.01,5,0
2015-08-14,14:45:00,3.01,3.01,3.01,3.01,7,0
2015-08-17,09:15:00,3.03,3.03,3.03,3.03,10,0
2015-08-17,09:25:00,3.03,3.04,3.03,3.04,3300,0
2015-08-17,09:30:00,3.04,3.04,3.04,3.04,5,0
2015-08-17,10:35:00,3.04,3.04,3.04,3.04,3,0
2015-08-17,13:35:00,3.01,3.01,3.01,3.01,7,0
2015-08-17,14:55:00,3.01,3.01,3.01,3.01,3,0
2015-08-18,09:10:00,3,3,2.71,2.71,7,0
2015-08-18,09:20:00,3,3,3,3,7,0
2015-08-18,09:55:00,3,3,3,3,5,0
2015-08-18,11:00:00,3,3,3,3,3,0
2015-08-18,12:30:00,3,3,3,3,800,0
2015-08-18,16:50:00,3,3,3,3,7,0
2015-08-19,09:10:00,3,3,3,3,3,0
2015-08-19,09:25:00,3,3,3,3,6,0
2015-08-19,09:55:00,3,3,3,3,6,0
2015-08-19,10:15:00,3,3,3,3,5,0
2015-08-19,11:30:00,3,3,3,3,7,0
2015-08-19,12:20:00,3,3,3,3,5,0
2015-08-19,13:25:00,3,3,3,3,3,0
2015-08-19,14:15:00,3,3,3,3,4,0
2015-08-19,15:40:00,3,3,3,3,3,0
2015-08-20,09:05:00,3,3,3,3,6,0
2015-08-20,10:35:00,3,3,3,3,3,0
2015-08-20,12:25:00,3,3,3,3,7,0
2015-08-21,09:05:00,3,3,3,3,7,0
2015-08-21,09:55:00,3,3,3,3,3,0
2015-08-21,11:00:00,3,3,3,3,2,0
2015-08-21,13:15:00,3,3,3,3,3,0
2015-08-21,15:45:00,3,3,3,3,2,0
2015-08-21,16:25:00,3,3,3,3,3,0
2015-08-21,16:50:00,3,3,3,3,2000,0
2015-08-24,09:10:00,3.01,3.01,3.01,3.01,2,0
2015-08-24,09:45:00,3,3,3,3,100,0
2015-08-24,11:10:00,3,3,3,3,2,0
2015-08-24,12:55:00,3,3,3,3,5,0
2015-08-24,15:25:00,3,3,3,3,3,0
2015-08-24,15:35:00,2.98,2.98,2.98,2.98,1,0
2015-08-25,09:10:00,3,3,3,3,2,0
2015-08-25,11:15:00,3,3,3,3,1,0
2015-08-25,11:30:00,2.8,2.8,2.73,2.73,118,0
2015-08-25,11:35:00,2.7,2.7,2.7,2.7,658,0
2015-08-25,12:00:00,2.98,2.98,2.98,2.98,3,0
2015-08-26,09:10:00,2.97,2.97,2.97,2.97,2,0
2015-08-26,10:25:00,2.95,2.95,2.95,2.95,3,0
2015-08-26,12:15:00,2.95,2.95,2.95,2.95,4,0
2015-08-26,12:45:00,2.95,2.95,2.95,2.95,5,0
2015-08-26,14:50:00,2.94,2.94,2.94,2.94,7,0
2015-08-26,16:50:00,2.95,2.95,2.95,2.95,3,0
2015-08-27,09:05:00,2.97,2.97,2.97,2.97,4,0
2015-08-27,09:20:00,2.97,2.97,2.97,2.97,3,0
2015-08-27,10:15:00,2.95,2.95,2.95,2.95,4,0
2015-08-27,11:35:00,2.91,2.91,2.91,2.91,8,0
2015-08-27,11:50:00,2.91,2.97,2.91,2.97,1066,0
2015-08-27,14:05:00,2.85,2.85,2.8,2.8,3883,0
2015-08-27,14:30:00,2.78,2.78,2.78,2.78,167,0
2015-08-27,14:35:00,2.69,2.78,2.68,2.78,205,0
2015-08-27,14:45:00,2.77,2.77,2.77,2.77,1,0
2015-08-27,14:50:00,2.77,2.8,2.77,2.8,417,0
2015-08-27,15:05:00,2.68,2.79,2.68,2.79,105,0
2015-08-27,15:15:00,2.79,2.79,2.79,2.79,1,0
2015-08-27,16:05:00,2.79,2.8,2.79,2.8,1057,0
2015-08-27,16:50:00,2.77,3,2.77,3,22344,0
2015-08-28,09:05:00,2.97,2.97,2.9,2.9,4690,0
2015-08-28,09:10:00,2.87,2.87,2.87,2.87,10,0
2015-08-28,09:15:00,2.76,2.76,2.69,2.69,7886,0
2015-08-28,09:20:00,2.7,2.7,2.7,2.7,699,0
2015-08-28,09:25:00,2.73,2.74,2.73,2.74,1000,0
2015-08-28,09:45:00,2.76,2.77,2.76,2.77,1942,0
2015-08-28,09:50:00,2.88,2.88,2.8,2.8,68,0
2015-08-28,10:05:00,2.8,2.88,2.8,2.88,150,0
2015-08-28,10:35:00,2.85,2.85,2.85,2.85,300,0
2015-08-28,11:05:00,2.87,2.87,2.87,2.87,700,0
2015-08-28,12:40:00,2.9,2.9,2.84,2.84,107,0
2015-08-28,12:45:00,2.93,2.93,2.93,2.93,7,0
2015-08-28,16:30:00,2.82,2.82,2.82,2.82,100,0
2015-08-28,16:50:00,2.78,2.78,2.78,2.78,500,0
2015-08-31,09:05:00,2.94,2.94,2.94,2.94,10,0
2015-08-31,09:10:00,2.94,2.94,2.8,2.94,734,0
2015-08-31,09:55:00,2.78,2.86,2.78,2.86,691,0
2015-08-31,10:00:00,2.96,2.96,2.96,2.96,6,0
2015-08-31,12:40:00,2.92,2.92,2.92,2.92,10,0
2015-08-31,13:40:00,2.92,2.92,2.92,2.92,8,0
2015-08-31,15:05:00,2.93,2.93,2.93,2.93,5,0
2015-08-31,16:40:00,2.93,2.93,2.93,2.93,8,0
2015-08-31,16:50:00,2.76,2.76,2.76,2.76,1471,0
2015-09-01,09:05:00,2.98,2.98,2.98,2.98,6,0
2015-09-01,09:25:00,2.85,2.85,2.8,2.8,178,0
2015-09-01,10:45:00,2.9,2.9,2.9,2.9,10,0
2015-09-01,11:00:00,2.94,2.94,2.94,2.94,11,0
2015-09-01,12:00:00,2.77,2.77,2.76,2.76,3699,0
2015-09-01,12:20:00,2.94,2.94,2.94,2.94,6,0
2015-09-01,16:00:00,2.76,2.76,2.76,2.76,660,0
2015-09-01,16:10:00,2.82,2.82,2.82,2.82,1,0
2015-09-01,16:50:00,2.87,2.87,2.87,2.87,2,0
2015-09-02,09:10:00,2.87,2.87,2.87,2.87,10,0
2015-09-02,09:15:00,2.87,2.94,2.87,2.94,1200,0
2015-09-02,13:55:00,2.94,2.94,2.94,2.94,5,0
2015-09-03,09:05:00,2.94,2.94,2.94,2.94,3,0
2015-09-03,10:50:00,2.94,2.94,2.94,2.94,3,0
2015-09-03,10:55:00,2.95,2.95,2.95,2.95,7,0
2015-09-03,11:15:00,2.9,2.9,2.9,2.9,200,0
2015-09-03,11:35:00,2.94,2.94,2.94,2.94,3,0
2015-09-03,12:10:00,2.89,2.89,2.89,2.89,100,0
2015-09-03,15:50:00,2.86,2.98,2.86,2.98,6318,0
2015-09-03,15:55:00,2.98,2.99,2.98,2.98,1644,0
2015-09-03,16:05:00,2.94,2.94,2.94,2.94,950,0
2015-09-03,16:50:00,2.99,2.99,2.99,2.99,10,0
2015-09-04,09:10:00,2.99,2.99,2.99,2.99,12,0
2015-09-04,09:40:00,2.85,2.85,2.83,2.83,319,0
2015-09-04,09:45:00,2.94,2.99,2.94,2.99,4319,0
2015-09-04,11:00:00,2.98,3,2.98,3,17455,0
2015-09-04,11:05:00,3,3.01,3,3.01,4673,0
2015-09-04,13:15:00,3.39,3.39,3.39,3.39,500,0
2015-09-04,13:30:00,3.4,3.4,3.4,3.4,500,0
2015-09-04,15:50:00,3.3,3.3,3.3,3.3,500,0
2015-09-04,16:40:00,3.29,3.29,3.29,3.29,195,0
2015-09-04,16:50:00,3.29,3.29,3.29,3.29,20,0
2015-09-07,09:05:00,3.4,3.4,3.4,3.4,10,0
2015-09-07,10:35:00,3.39,3.39,3.39,3.39,10,0
2015-09-07,12:10:00,3.37,3.4,3.37,3.4,2956,0
2015-09-07,12:15:00,3.48,3.48,3.48,3.48,17,0
2015-09-07,13:10:00,3.48,3.48,3.48,3.48,10,0
2015-09-07,13:30:00,3.48,3.6,3.48,3.6,1258,0
2015-09-08,09:10:00,3.6,3.6,3.6,3.6,8,0
2015-09-08,09:50:00,3.52,3.52,3.52,3.52,19,0
2015-09-08,10:50:00,3.52,3.52,3.52,3.52,200,0
2015-09-08,12:55:00,3.53,3.53,3.5,3.5,1837,0
2015-09-08,13:00:00,3.5,3.5,3.5,3.5,10,0
2015-09-08,13:25:00,3.49,3.49,3.46,3.46,1625,0
2015-09-08,13:55:00,3.45,3.46,3.45,3.46,1000,0
2015-09-08,16:05:00,3.45,3.47,3.45,3.47,1669,0
2015-09-08,16:50:00,3.5,3.5,3.5,3.5,1,0
2015-09-09,09:05:00,3.6,3.6,3.6,3.6,6,0
2015-09-09,11:40:00,3.57,3.57,3.57,3.57,10,0
2015-09-09,13:45:00,3.57,3.57,3.57,3.57,6,0
2015-09-10,09:10:00,3.5,3.5,3.5,3.5,8,0
2015-09-10,11:10:00,3.5,3.5,3.5,3.5,12,0
2015-09-10,12:30:00,3.5,3.5,3.5,3.5,17,0
2015-09-10,13:45:00,3.5,3.5,3.5,3.5,41,0
2015-09-10,15:20:00,3.5,3.5,3.5,3.5,13,0
2015-09-10,16:50:00,3.5,3.5,3.5,3.5,12,0
2015-09-11,09:05:00,3.5,3.5,3.5,3.5,5,0
2015-09-11,09:20:00,3.5,3.5,3.5,3.5,8,0
2015-09-11,13:15:00,3.5,3.5,3.5,3.5,15,0
2015-09-11,14:05:00,3.5,3.5,3.5,3.5,27,0
2015-09-11,16:50:00,3.5,3.5,3.5,3.5,5,0
2015-09-14,09:10:00,3.58,3.58,3.58,3.58,12,0
2015-09-14,11:30:00,3.58,3.58,3.58,3.58,17,0
2015-09-14,12:15:00,3.58,3.58,3.58,3.58,10,0
2015-09-14,13:45:00,3.57,3.57,3.57,3.57,10,0
2015-09-14,14:50:00,3.57,3.57,3.57,3.57,21,0
2015-09-14,16:50:00,3.57,3.57,3.57,3.57,12,0
2015-09-15,09:05:00,3.54,3.54,3.54,3.54,10,0
2015-09-15,10:15:00,3.54,3.54,3.54,3.54,12,0
2015-09-15,13:45:00,3.49,3.49,3.49,3.49,24,0
2015-09-15,15:05:00,3.49,3.49,3.49,3.49,22,0
2015-09-16,09:05:00,3.49,3.49,3.49,3.49,12,0
2015-09-16,09:55:00,3.49,3.49,3.49,3.49,14,0
2015-09-16,11:45:00,3.49,3.49,3.49,3.49,15,0
2015-09-16,12:45:00,3.49,3.49,3.49,3.49,17,0
2015-09-16,13:50:00,3.49,3.49,3.49,3.49,10,0
2015-09-16,15:05:00,3.49,3.49,3.49,3.49,5,0
2015-09-17,09:10:00,3.54,3.54,3.54,3.54,5,0
2015-09-17,10:15:00,3.54,3.54,3.54,3.54,8,0
2015-09-17,11:35:00,3.5,3.5,3.5,3.5,7,0
2015-09-17,14:10:00,3.49,3.49,3.49,3.49,8,0
2015-09-17,16:50:00,3.49,3.49,3.49,3.49,5,0
2015-09-18,09:10:00,3.54,3.54,3.54,3.54,21,0
2015-09-18,10:10:00,3.54,3.54,3.54,3.54,7,0
2015-09-18,15:20:00,3.32,3.32,3.31,3.31,605,0
2015-09-18,15:25:00,3.27,3.27,3.27,3.27,2157,0
2015-09-18,16:10:00,3.43,3.43,3.43,3.43,1,0
2015-09-21,09:10:00,3.54,3.54,3.54,3.54,5,0
2015-09-21,10:50:00,3.4,3.4,3.4,3.4,7,0
2015-09-21,12:45:00,3.4,3.4,3.4,3.4,6,0
2015-09-21,14:50:00,3.4,3.4,3.4,3.4,20,0
2015-09-21,15:00:00,3.27,3.27,3.25,3.25,2470,0
2015-09-21,16:50:00,3.4,3.41,3.18,3.18,567,0
2015-09-22,09:10:00,3.39,3.39,3.39,3.39,10,0
2015-09-22,09:15:00,3.24,3.24,3.24,3.24,21,0
2015-09-22,09:50:00,3.24,3.29,3.24,3.29,1500,0
2015-09-23,09:10:00,3.57,3.57,3.57,3.57,10,0
2015-09-23,09:45:00,3.52,3.65,3.37,3.65,9194,0
2015-09-23,09:50:00,3.53,3.76,3.53,3.76,4901,0
2015-09-23,10:00:00,3.7,3.76,3.7,3.76,13949,0
2015-09-23,10:05:00,3.76,3.76,3.76,3.76,2349,0
2015-09-23,10:45:00,3.67,3.7,3.67,3.7,1020,0
2015-09-24,09:15:00,3.7,3.7,3.7,3.7,5,0
2015-09-24,10:35:00,3.7,3.7,3.7,3.7,22,0
2015-09-24,11:30:00,3.7,3.7,3.7,3.7,22,0
2015-09-24,13:10:00,3.58,3.59,3.58,3.59,100,0
2015-09-24,13:40:00,3.7,3.7,3.7,3.7,22,0
2015-09-24,15:20:00,3.7,3.7,3.7,3.7,8,0
2015-09-24,15:25:00,3.57,3.57,3.57,3.57,19,0
2015-09-25,09:05:00,3.7,3.7,3.7,3.7,14,0
2015-09-25,12:05:00,3.7,3.7,3.7,3.7,10,0
2015-09-25,15:10:00,3.7,3.7,3.7,3.7,15,0
2015-09-28,09:15:00,3.7,3.7,3.7,3.7,10,0
2015-09-28,11:15:00,3.7,3.7,3.7,3.7,22,0
2015-09-28,12:55:00,3.7,3.7,3.7,3.7,10,0
2015-09-28,15:10:00,3.7,3.7,3.7,3.7,3,0
2015-09-29,09:30:00,3.63,3.63,3.63,3.63,2,0
2015-09-29,09:45:00,3.43,3.43,3.43,3.43,20,0
2015-09-29,10:10:00,3.54,3.56,3.54,3.56,50,0
2015-09-29,10:20:00,3.43,3.47,3.42,3.47,2610,0
2015-09-29,16:50:00,3.41,3.41,3.41,3.41,17,0
2015-09-30,09:25:00,3.63,3.63,3.63,3.63,8,0
2015-09-30,10:45:00,3.63,3.63,3.63,3.63,7,0
2015-09-30,12:40:00,3.63,3.63,3.63,3.63,15,0
2015-09-30,15:15:00,3.63,3.63,3.63,3.63,8,0
2015-10-01,09:25:00,3.63,3.63,3.63,3.63,3,0
2015-10-02,09:45:00,3.63,3.63,3.63,3.63,12,0
2015-10-05,09:35:00,3.63,3.63,3.63,3.63,1,0
2015-10-05,15:00:00,3.43,3.43,3.41,3.41,2232,0
2015-10-05,16:50:00,3.39,3.39,3.39,3.39,576,0
2015-10-06,09:35:00,3.44,3.44,3.44,3.44,10,0
2015-10-06,13:40:00,3.44,3.44,3.44,3.44,113,0
2015-10-07,09:15:00,3.44,3.44,3.44,3.44,177,0
2015-10-07,10:20:00,3.49,3.49,3.45,3.45,2500,0
2015-10-07,13:25:00,3.45,3.45,3.45,3.45,102,0
2015-10-08,09:30:00,3.63,3.63,3.63,3.63,2,0
2015-10-08,11:45:00,3.45,3.45,3.42,3.42,2376,0
2015-10-09,09:25:00,3.53,3.53,3.53,3.53,2,0
2015-10-12,09:20:00,3.54,3.54,3.54,3.54,2,0
2015-10-12,10:25:00,3.5,3.5,3.43,3.43,2400,0
2015-10-13,09:20:00,3.53,3.53,3.53,3.53,10,0
2015-10-14,09:10:00,3.53,3.53,3.53,3.53,10,0
2015-10-14,09:55:00,3.53,3.53,3.53,3.53,6,0
2015-10-14,11:00:00,3.54,3.54,3.54,3.54,5,0
2015-10-14,12:15:00,3.53,3.53,3.53,3.53,7,0
2015-10-15,09:10:00,3.53,3.53,3.53,3.53,10,0
2015-10-15,09:35:00,3.49,3.49,3.43,3.46,603,0
2015-10-15,11:05:00,3.54,3.54,3.54,3.54,10,0
2015-10-16,09:20:00,3.54,3.54,3.54,3.54,8,0
2015-10-16,15:20:00,3.33,3.33,3.33,3.33,150,0
2015-10-16,16:35:00,3.54,3.54,3.54,3.54,3,0
2015-10-16,16:50:00,3.54,3.54,3.54,3.54,5,0
2015-10-19,09:15:00,3.64,3.64,3.64,3.64,5,0
2015-10-19,11:15:00,3.64,3.64,3.64,3.64,3,0
2015-10-19,13:00:00,3.35,3.35,3.35,3.35,91100,0
2015-10-19,13:10:00,3.33,3.33,3.33,3.33,64,0
2015-10-20,09:10:00,3.44,3.44,3.44,3.44,10,0
2015-10-20,14:20:00,3.44,3.44,3.44,3.44,5,0
2015-10-20,16:50:00,3.44,3.44,3.44,3.44,5,0
2015-10-21,09:10:00,3.44,3.44,3.44,3.44,5,0
2015-10-21,10:50:00,3.44,3.44,3.44,3.44,2,0
2015-10-21,15:15:00,3.44,3.44,3.44,3.44,7,0
2015-10-22,09:10:00,3.44,3.44,3.44,3.44,8,0
2015-10-22,10:50:00,3.44,3.44,3.44,3.44,3,0
2015-10-22,13:50:00,3.44,3.44,3.44,3.44,7,0
2015-10-22,14:25:00,3.21,3.21,3.19,3.19,2777,0
2015-10-22,16:50:00,3.19,3.19,3.19,3.19,400,0
2015-10-23,09:05:00,3.18,3.18,3.18,3.18,478,0
2015-10-23,09:20:00,3.44,3.44,3.44,3.44,2,0
2015-10-23,10:15:00,3.22,3.22,3.22,3.22,120,0
2015-10-23,16:50:00,3.4,3.4,3.4,3.4,6,0
2015-10-26,09:15:00,3.39,3.39,3.39,3.39,5,0
2015-10-26,11:35:00,3.39,3.39,3.39,3.39,3,0
2015-10-26,16:35:00,3.39,3.39,3.39,3.39,12,0
2015-10-26,16:50:00,3.4,3.4,3.4,3.4,3,0
2015-10-27,09:05:00,3.39,3.39,3.39,3.39,8,0
2015-10-27,10:25:00,3.39,3.39,3.39,3.39,2,0
2015-10-27,11:35:00,3.39,3.39,3.39,3.39,3,0
2015-10-27,12:10:00,3.4,3.4,3.4,3.4,2,0
2015-10-27,13:00:00,3.4,3.4,3.4,3.4,1,0
2015-10-27,13:35:00,3.4,3.4,3.4,3.4,1,0
2015-10-27,14:45:00,3.4,3.4,3.19,3.4,121,0
2015-10-27,16:10:00,3.4,3.4,3.4,3.4,2,0
2015-10-27,16:50:00,3.4,3.4,3.4,3.4,1,0
2015-10-28,09:10:00,3.39,3.39,3.39,3.39,2,0
2015-10-28,11:00:00,3.34,3.34,3.34,3.34,4,0
2015-10-28,11:25:00,3.34,3.34,3.34,3.34,1,0
2015-10-28,11:30:00,3.34,3.34,3.34,3.34,2,0
2015-10-28,12:25:00,3.34,3.34,3.34,3.34,2,0
2015-10-28,13:00:00,3.34,3.34,3.34,3.34,3,0
2015-10-28,13:05:00,3.34,3.34,3.34,3.34,1,0
2015-10-28,14:30:00,3.34,3.34,3.34,3.34,1,0
2015-10-28,15:25:00,3.34,3.34,3.34,3.34,1,0
2015-10-28,16:50:00,3.34,3.34,3.34,3.34,1,0
2015-10-29,09:10:00,3.34,3.34,3.34,3.34,3,0
2015-10-29,09:20:00,3.34,3.34,3.34,3.34,1,0
2015-10-29,10:00:00,3.14,3.14,3.14,3.14,21,0
2015-10-29,10:10:00,3.19,3.19,3.19,3.19,5,0
2015-10-29,11:20:00,3.21,3.21,3.21,3.21,2,0
2015-10-29,11:35:00,3.21,3.21,3.21,3.21,500,0
2015-10-29,12:20:00,3.21,3.21,3.21,3.21,5,0
2015-10-29,13:10:00,3.14,3.14,3.14,3.14,350,0
2015-10-29,13:30:00,3.34,3.34,3.34,3.34,2,0
2015-10-29,14:40:00,3.34,3.34,3.34,3.34,3,0
2015-10-29,16:50:00,3.34,3.34,3.34,3.34,40,0
2015-10-30,09:05:00,3.34,3.34,3.34,3.34,4,0
2015-10-30,09:30:00,3.17,3.17,3.17,3.17,150,0
2015-10-30,09:45:00,3.34,3.34,3.34,3.34,1,0
2015-10-30,11:05:00,3.34,3.34,3.34,3.34,12,0
2015-10-30,11:35:00,3.34,3.34,3.34,3.34,3,0
2015-10-30,13:50:00,3.34,3.34,3.34,3.34,4,0
2015-10-30,14:05:00,3.34,3.34,3.34,3.34,3,0
2015-10-30,15:20:00,3.34,3.34,3.34,3.34,2,0
2015-10-30,16:50:00,3.34,3.34,3.34,3.34,151,0
2015-11-02,09:15:00,3.34,3.34,3.34,3.34,2,0
2015-11-02,09:25:00,3.34,3.34,3.34,3.34,2,0
2015-11-02,10:25:00,3.34,3.34,3.34,3.34,2,0
2015-11-02,10:55:00,3.34,3.34,3.34,3.34,1,0
2015-11-02,12:25:00,3.34,3.34,3.34,3.34,1,0
2015-11-02,12:55:00,3.34,3.34,3.34,3.34,1,0
2015-11-02,13:35:00,3.34,3.34,3.34,3.34,1,0
2015-11-02,14:00:00,3.34,3.34,3.34,3.34,1,0
2015-11-02,15:35:00,3.34,3.34,3.34,3.34,1,0
2015-11-02,16:45:00,3.34,3.34,3.34,3.34,1,0
2015-11-02,16:50:00,3.34,3.34,3.34,3.34,1,0
2015-11-03,09:10:00,3.34,3.34,3.34,3.34,4,0
2015-11-03,10:00:00,3.34,3.34,3.34,3.34,3,0
2015-11-03,10:50:00,3.34,3.34,3.34,3.34,1,0
2015-11-03,11:05:00,3.34,3.34,3.34,3.34,1,0
2015-11-03,12:10:00,3.34,3.34,3.34,3.34,1,0
2015-11-03,12:40:00,3.34,3.34,3.34,3.34,1,0
2015-11-03,13:10:00,3.34,3.34,3.34,3.34,2,0
2015-11-03,13:25:00,3.34,3.34,3.34,3.34,1,0
2015-11-03,14:30:00,3.34,3.34,3.34,3.34,1,0
2015-11-03,15:10:00,3.34,3.34,3.34,3.34,1,0
2015-11-03,15:15:00,3.34,3.34,3.34,3.34,2,0
2015-11-03,16:20:00,3.34,3.34,3.34,3.34,2,0
2015-11-04,09:10:00,3.33,3.33,3.33,3.33,1,0
2015-11-04,10:35:00,3.33,3.33,3.33,3.33,1,0
2015-11-04,11:05:00,3.33,3.33,3.33,3.33,1,0
2015-11-04,12:25:00,3.33,3.33,3.33,3.33,1,0
2015-11-04,13:25:00,3.33,3.33,3.33,3.33,1,0
2015-11-04,14:35:00,3.33,3.33,3.33,3.33,1,0
2015-11-04,15:05:00,3.33,3.33,3.33,3.33,3,0
2015-11-04,15:40:00,3.33,3.33,3.33,3.33,1,0
2015-11-04,16:25:00,3.33,3.33,3.33,3.33,4,0
2015-11-04,16:50:00,3.14,3.33,3.14,3.33,30,0
2015-11-05,09:15:00,3.33,3.33,3.33,3.33,6,0
2015-11-05,09:25:00,3.3,3.3,3.27,3.27,93,0
2015-11-05,14:00:00,3.31,3.31,3.31,3.31,1,0
2015-11-05,15:10:00,3.31,3.31,3.31,3.31,1,0
2015-11-06,09:10:00,3.31,3.31,3.31,3.31,1,0
2015-11-06,09:25:00,3.31,3.31,3.31,3.31,2,0
2015-11-06,10:20:00,3.31,3.31,3.31,3.31,5,0
2015-11-06,11:05:00,3.31,3.31,3.31,3.31,1,0
2015-11-06,11:45:00,3.31,3.31,3.31,3.31,1,0
2015-11-06,12:45:00,3.31,3.31,3.31,3.31,1,0
2015-11-06,14:15:00,3.31,3.31,3.31,3.31,1,0
2015-11-09,11:35:00,3.31,3.31,3.31,3.31,1,0
2015-11-09,11:45:00,3.31,3.31,3.31,3.31,1,0
2015-11-09,12:30:00,3.18,3.5,3.18,3.5,3579,0
2015-11-09,15:10:00,3.25,3.25,3.25,3.25,95,0
2015-11-09,15:20:00,3.06,3.06,3.06,3.06,150,0
2015-11-09,15:55:00,3.11,3.11,3.11,3.11,77,0
2015-11-09,16:50:00,3.29,3.29,3.29,3.29,3,0
2015-11-10,10:00:00,3.3,3.3,3.3,3.3,3,0
