Date,Time,Open,High,Low,Close,Volume,OpenInt
2015-02-04,09:20:00,1.79,1.79,1.79,1.79,16,0
2015-02-04,16:50:00,1.79,1.79,1.79,1.79,8,0
2015-02-05,09:20:00,1.79,1.79,1.79,1.79,5,0
2015-02-05,09:50:00,1.79,1.79,1.79,1.79,1393,0
2015-02-05,11:05:00,1.79,1.79,1.79,1.79,6,0
2015-02-05,11:35:00,1.74,1.74,1.74,1.74,475,0
2015-02-05,14:20:00,1.74,1.74,1.74,1.74,1188,0
2015-02-05,14:35:00,1.74,1.79,1.74,1.79,7415,0
2015-02-05,14:55:00,1.8,1.8,1.8,1.8,2253,0
2015-02-05,15:15:00,1.82,1.85,1.82,1.85,1405,0
2015-02-06,09:05:00,1.85,1.85,1.85,1.85,17,0
2015-02-06,13:40:00,1.85,1.85,1.73,1.8,9052,0
2015-02-06,14:10:00,1.72,1.72,1.72,1.72,51,0
2015-02-06,15:40:00,1.74,1.74,1.74,1.74,1,0
2015-02-06,15:50:00,1.8,1.8,1.8,1.8,1386,0
2015-02-06,16:35:00,1.73,1.73,1.73,1.73,912,0
2015-02-06,16:50:00,1.79,1.8,1.79,1.8,100,0
2015-02-09,09:10:00,1.8,1.87,1.8,1.87,3203,0
2015-02-09,09:15:00,1.92,1.98,1.92,1.98,221,0
2015-02-09,09:20:00,1.82,1.95,1.82,1.84,6392,0
2015-02-09,09:25:00,1.76,1.76,1.76,1.76,50,0
2015-02-09,09:35:00,1.76,1.76,1.76,1.76,300,0
2015-02-09,09:55:00,1.8,1.92,1.8,1.89,4484,0
2015-02-10,09:05:00,1.87,1.87,1.87,1.87,10,0
2015-02-10,10:40:00,1.87,1.87,1.87,1.87,4,0
2015-02-10,10:50:00,1.87,1.87,1.87,1.87,1333,0
2015-02-10,11:55:00,1.87,1.87,1.87,1.87,2,0
2015-02-10,12:45:00,1.87,1.87,1.87,1.87,2,0
2015-02-10,14:15:00,1.87,1.87,1.87,1.87,2,0
2015-02-10,16:15:00,1.86,1.87,1.86,1.87,1000,0
2015-02-11,09:10:00,1.87,1.87,1.87,1.87,3,0
2015-02-11,12:40:00,1.79,1.79,1.79,1.79,612,0
2015-02-11,13:00:00,1.87,1.87,1.87,1.87,2,0
2015-02-12,09:20:00,1.87,1.87,1.87,1.87,5,0
2015-02-12,15:00:00,1.86,1.86,1.86,1.86,4,0
2015-02-13,09:10:00,1.87,1.87,1.87,1.87,4,0
2015-02-13,12:30:00,1.8,1.8,1.8,1.8,1000,0
2015-02-13,12:35:00,1.78,1.78,1.78,1.78,5000,0
2015-02-13,14:25:00,1.78,1.78,1.78,1.78,3700,0
2015-02-13,14:55:00,1.74,1.74,1.74,1.74,500,0
2015-02-13,15:30:00,1.8,1.8,1.8,1.8,1386,0
2015-02-13,16:00:00,1.75,1.75,1.75,1.75,500,0
2015-02-13,16:35:00,1.75,1.75,1.75,1.75,602,0
2015-02-13,16:50:00,1.74,1.74,1.74,1.74,1000,0
2015-02-16,09:05:00,1.74,1.74,1.74,1.74,150,0
2015-02-16,10:00:00,1.74,1.74,1.74,1.74,15,0
2015-02-16,10:20:00,1.73,1.73,1.72,1.72,1633,0
2015-02-16,10:40:00,1.74,1.74,1.74,1.74,485,0
2015-02-16,12:10:00,1.72,1.72,1.72,1.72,400,0
2015-02-16,15:50:00,1.72,1.72,1.72,1.72,600,0
2015-02-16,15:55:00,1.72,1.72,1.72,1.72,3842,0
2015-02-16,16:50:00,1.74,1.76,1.74,1.76,510,0
2015-02-17,09:05:00,1.76,1.76,1.76,1.76,10,0
2015-02-17,09:50:00,1.7,1.7,1.7,1.7,380,0
2015-02-17,13:15:00,1.7,1.7,1.7,1.7,1822,0
2015-02-17,14:10:00,1.7,1.7,1.7,1.7,166,0
2015-02-17,16:15:00,1.7,1.7,1.7,1.7,60,0
2015-02-17,16:25:00,1.71,1.71,1.71,1.71,180,0
2015-02-17,16:50:00,1.74,1.74,1.74,1.74,10,0
2015-02-18,09:45:00,1.71,1.71,1.71,1.71,142,0
2015-02-18,11:10:00,1.74,1.75,1.74,1.75,2000,0
2015-02-18,13:40:00,1.76,1.78,1.76,1.78,40712,0
2015-02-18,14:00:00,1.79,1.8,1.79,1.8,1115,0
2015-02-18,14:30:00,1.84,1.85,1.84,1.85,952,0
2015-02-18,14:35:00,1.85,1.85,1.85,1.85,436,0
2015-02-19,09:05:00,1.84,1.84,1.84,1.84,150,0
2015-02-19,10:45:00,1.77,1.77,1.77,1.77,246,0
2015-02-19,11:35:00,1.77,1.77,1.76,1.76,5010,0
2015-02-19,16:40:00,1.72,1.72,1.72,1.72,758,0
2015-02-19,16:50:00,1.77,1.77,1.77,1.77,200,0
2015-02-20,09:15:00,1.75,1.75,1.75,1.75,13,0
2015-02-20,09:20:00,1.75,1.76,1.75,1.76,888,0
2015-02-20,09:25:00,1.75,1.75,1.75,1.75,2,0
2015-02-20,15:05:00,1.75,1.75,1.75,1.75,5,0
2015-02-23,09:10:00,1.75,1.75,1.75,1.75,4,0
2015-02-23,09:15:00,1.75,1.83,1.75,1.79,4193,0
2015-02-23,12:00:00,1.77,1.77,1.77,1.77,900,0
2015-02-23,12:10:00,1.78,1.78,1.78,1.78,1402,0
2015-02-23,13:10:00,1.77,1.77,1.77,1.77,508,0
2015-02-23,16:50:00,1.75,1.75,1.75,1.75,51,0
2015-02-24,09:05:00,1.74,1.75,1.74,1.75,2199,0
2015-02-24,09:15:00,1.77,1.82,1.77,1.82,301,0
2015-02-24,12:15:00,1.73,1.73,1.72,1.72,72,0
2015-02-24,12:20:00,1.79,1.79,1.79,1.79,10,0
2015-02-24,12:25:00,1.74,1.74,1.74,1.74,45,0
2015-02-24,14:35:00,1.75,1.75,1.75,1.75,150,0
2015-02-24,15:10:00,1.79,1.79,1.79,1.79,300,0
2015-02-25,09:25:00,1.8,1.8,1.8,1.8,10,0
2015-02-25,09:35:00,1.82,1.83,1.82,1.83,6106,0
2015-02-25,09:45:00,1.84,1.85,1.84,1.85,2814,0
2015-02-25,10:15:00,1.85,1.87,1.85,1.87,1324,0
2015-02-25,11:15:00,1.88,1.88,1.85,1.85,442,0
2015-02-25,12:00:00,1.85,1.85,1.85,1.85,1535,0
2015-02-25,16:10:00,1.87,1.87,1.87,1.87,428,0
2015-02-25,16:15:00,1.87,1.87,1.87,1.87,1000,0
2015-02-25,16:50:00,1.9,1.9,1.9,1.9,1019,0
2015-02-26,09:30:00,1.9,1.9,1.9,1.9,10,0
2015-02-26,10:20:00,1.95,2,1.95,2,6536,0
2015-02-26,12:20:00,2,2,2,2,400,0
2015-02-26,13:15:00,2.04,2.05,2.04,2.05,2000,0
2015-02-26,13:35:00,2.05,2.05,2.05,2.05,1400,0
2015-02-26,13:40:00,2.05,2.05,2.05,2.05,2025,0
2015-02-26,13:45:00,2.05,2.07,2.05,2.07,950,0
2015-02-26,13:50:00,2.05,2.05,2.05,2.05,1825,0
2015-02-26,13:55:00,2.05,2.05,2.05,2.05,160,0
2015-02-26,15:05:00,2.04,2.04,2.04,2.04,400,0
2015-02-26,16:45:00,2.04,2.09,2.04,2.09,12788,0
2015-02-26,16:50:00,2.09,2.09,2.09,2.09,100,0
2015-02-27,09:05:00,2.09,2.09,2.09,2.09,200,0
2015-02-27,09:15:00,2.09,2.09,2.09,2.09,288,0
2015-02-27,09:40:00,2.09,2.09,2.09,2.09,750,0
2015-02-27,10:35:00,2.09,2.09,2.09,2.09,500,0
2015-02-27,12:05:00,2.09,2.09,2.09,2.09,4,0
2015-02-27,13:40:00,2.09,2.09,2.09,2.09,4,0
2015-02-27,14:05:00,2.11,2.11,2.11,2.11,3,0
2015-02-27,14:10:00,2.11,2.11,2.11,2.11,462,0
2015-02-27,14:55:00,2.1,2.1,2.1,2.1,250,0
2015-02-27,15:00:00,2.18,2.19,2.18,2.19,110,0
2015-02-27,16:30:00,2.11,2.11,2.11,2.11,4,0
2015-02-27,16:40:00,2.11,2.11,2.11,2.11,20,0
2015-02-27,16:50:00,2.18,2.18,2.18,2.18,10,0
2015-03-02,09:55:00,2.18,2.2,2.18,2.2,2408,0
2015-03-02,10:25:00,2.25,2.25,2.25,2.25,500,0
2015-03-02,10:30:00,2.25,2.25,2.25,2.25,500,0
2015-03-02,16:35:00,2.21,2.21,2.21,2.21,425,0
2015-03-02,16:50:00,2.28,2.28,2.28,2.28,1,0
2015-03-03,09:05:00,2.28,2.28,2.28,2.28,860,0
2015-03-03,13:35:00,2.27,2.27,2.27,2.27,800,0
2015-03-03,13:40:00,2.27,2.27,2.27,2.27,200,0
2015-03-03,14:20:00,2.24,2.25,2.24,2.25,1543,0
2015-03-03,15:45:00,2.27,2.27,2.27,2.27,250,0
2015-03-04,09:05:00,2.26,2.26,2.26,2.26,100,0
2015-03-04,09:45:00,2.26,2.26,2.26,2.26,1601,0
2015-03-04,09:55:00,2.27,2.28,2.27,2.28,200,0
2015-03-04,11:30:00,2.28,2.29,2.28,2.29,2572,0
2015-03-04,14:20:00,2.29,2.29,2.29,2.29,3020,0
2015-03-04,16:40:00,2.3,2.3,2.3,2.3,61,0
2015-03-04,16:50:00,2.33,2.33,2.33,2.33,5,0
2015-03-05,09:05:00,2.38,2.38,2.38,2.38,2445,0
2015-03-05,09:20:00,2.39,2.39,2.39,2.39,313,0
2015-03-05,10:10:00,2.4,2.4,2.4,2.4,97,0
2015-03-05,10:25:00,2.41,2.45,2.41,2.45,105,0
2015-03-05,11:05:00,2.43,2.43,2.42,2.42,300,0
2015-03-05,11:25:00,2.48,2.49,2.48,2.49,3000,0
2015-03-05,11:45:00,2.5,2.5,2.5,2.5,350,0
2015-03-05,12:20:00,2.54,2.57,2.54,2.54,5331,0
2015-03-05,12:25:00,2.54,2.54,2.54,2.54,3467,0
2015-03-05,12:55:00,2.74,2.74,2.74,2.74,5033,0
2015-03-05,13:35:00,2.67,2.67,2.67,2.67,150,0
2015-03-05,14:25:00,2.65,2.65,2.65,2.65,17813,0
2015-03-05,14:35:00,2.71,2.71,2.57,2.57,5267,0
2015-03-05,14:40:00,2.71,2.73,2.71,2.71,813,0
2015-03-05,15:00:00,2.71,2.72,2.71,2.72,500,0
2015-03-05,16:30:00,2.7,2.7,2.7,2.7,200,0
2015-03-05,16:40:00,2.68,2.68,2.68,2.68,825,0
2015-03-05,16:45:00,2.67,2.7,2.67,2.7,900,0
2015-03-05,16:50:00,2.7,2.72,2.7,2.72,776,0
2015-03-06,09:05:00,2.8,2.8,2.8,2.8,620,0
2015-03-06,09:35:00,2.72,2.8,2.7,2.8,3827,0
2015-03-06,09:55:00,2.8,2.8,2.8,2.8,350,0
2015-03-06,10:40:00,2.71,2.71,2.69,2.69,1453,0
2015-03-06,11:10:00,2.68,2.68,2.64,2.64,1902,0
2015-03-06,11:30:00,2.59,2.59,2.59,2.59,100,0
2015-03-06,12:05:00,2.53,2.53,2.53,2.53,55,0
2015-03-06,12:45:00,2.52,2.59,2.52,2.59,160,0
2015-03-06,13:15:00,2.59,2.59,2.59,2.59,695,0
2015-03-06,14:45:00,2.59,2.59,2.59,2.59,20,0
2015-03-06,14:55:00,2.63,2.63,2.63,2.63,1000,0
2015-03-06,15:25:00,2.55,2.55,2.55,2.55,1,0
2015-03-06,15:35:00,2.54,2.54,2.54,2.54,1000,0
2015-03-06,16:50:00,2.54,2.64,2.54,2.64,261,0
2015-03-09,09:20:00,2.6,2.72,2.6,2.67,2521,0
2015-03-09,09:40:00,2.63,2.74,2.63,2.69,3001,0
2015-03-09,10:55:00,2.54,2.54,2.54,2.54,250,0
2015-03-09,11:15:00,2.54,2.54,2.54,2.54,3350,0
2015-03-09,11:20:00,2.63,2.64,2.63,2.64,3300,0
2015-03-09,16:50:00,2.65,2.65,2.65,2.65,5,0
2015-03-10,09:10:00,2.58,2.74,2.58,2.64,6032,0
2015-03-10,10:30:00,2.65,2.65,2.65,2.65,395,0
2015-03-10,10:50:00,2.6,2.6,2.6,2.6,125,0
2015-03-10,11:25:00,2.66,2.66,2.66,2.66,105,0
2015-03-10,12:50:00,2.64,2.64,2.64,2.64,120,0
2015-03-10,14:30:00,2.61,2.61,2.6,2.6,3120,0
2015-03-10,14:40:00,2.59,2.59,2.57,2.57,3300,0
2015-03-10,16:20:00,2.56,2.56,2.54,2.54,1000,0
2015-03-10,16:50:00,2.59,2.59,2.59,2.59,50,0
2015-03-11,10:10:00,2.59,2.59,2.59,2.59,1150,0
2015-03-11,11:05:00,2.6,2.6,2.6,2.6,50,0
2015-03-11,11:15:00,2.61,2.74,2.61,2.69,3891,0
2015-03-11,11:20:00,2.75,2.75,2.75,2.75,5791,0
2015-03-11,11:25:00,2.8,2.8,2.8,2.8,2125,0
2015-03-11,11:35:00,2.8,2.8,2.79,2.79,1020,0
2015-03-11,11:40:00,2.74,2.78,2.74,2.78,385,0
2015-03-11,11:45:00,2.8,2.8,2.8,2.8,500,0
2015-03-11,12:25:00,2.8,2.8,2.8,2.8,4615,0
2015-03-11,13:40:00,2.8,2.8,2.8,2.8,478,0
2015-03-11,14:05:00,2.83,2.83,2.83,2.83,400,0
2015-03-11,14:15:00,2.83,2.83,2.83,2.83,1457,0
2015-03-11,14:20:00,2.85,2.85,2.85,2.85,1000,0
2015-03-11,14:25:00,2.84,2.92,2.84,2.88,2980,0
2015-03-11,14:30:00,2.88,2.88,2.88,2.88,55,0
2015-03-11,14:35:00,2.84,2.84,2.84,2.84,550,0
2015-03-11,14:50:00,2.86,2.86,2.86,2.86,650,0
2015-03-11,14:55:00,2.84,2.84,2.84,2.84,515,0
2015-03-11,15:00:00,2.84,2.84,2.83,2.83,1035,0
2015-03-11,15:30:00,2.83,2.83,2.83,2.83,100,0
2015-03-11,16:50:00,2.81,2.84,2.81,2.84,1255,0
2015-03-12,09:15:00,2.84,2.84,2.84,2.84,17600,0
2015-03-12,09:50:00,2.84,2.84,2.84,2.84,209,0
2015-03-12,10:00:00,2.84,2.86,2.84,2.86,2260,0
2015-03-12,10:10:00,2.76,2.76,2.76,2.76,2350,0
2015-03-12,11:00:00,2.72,2.72,2.72,2.72,720,0
2015-03-12,11:15:00,2.69,2.69,2.66,2.66,3057,0
2015-03-12,12:00:00,2.7,2.7,2.7,2.7,500,0
2015-03-12,13:50:00,2.72,2.72,2.72,2.72,180,0
2015-03-12,16:50:00,2.71,2.75,2.71,2.75,70,0
2015-03-13,14:50:00,2.76,2.76,2.76,2.76,100,0
2015-03-13,15:10:00,2.75,2.75,2.75,2.75,3,0
2015-03-13,15:15:00,2.75,2.75,2.75,2.75,2,0
2015-03-16,09:05:00,2.75,2.75,2.75,2.75,250,0
2015-03-16,09:10:00,2.75,2.75,2.75,2.75,1306,0
2015-03-16,09:15:00,2.74,2.74,2.74,2.74,205,0
2015-03-16,09:20:00,2.76,2.76,2.76,2.76,1400,0
2015-03-16,09:25:00,2.74,2.77,2.74,2.77,1096,0
2015-03-16,09:45:00,2.74,2.74,2.66,2.66,2889,0
2015-03-16,09:50:00,2.66,2.66,2.66,2.66,111,0
2015-03-16,10:05:00,2.7,2.7,2.7,2.7,60,0
2015-03-16,12:15:00,2.7,2.7,2.7,2.7,129,0
2015-03-17,12:30:00,2.64,2.64,2.64,2.64,2,0
2015-03-17,13:55:00,2.64,2.64,2.64,2.64,5,0
2015-03-17,15:10:00,2.64,2.64,2.64,2.64,3,0
2015-03-17,16:25:00,2.64,2.64,2.57,2.57,3200,0
2015-03-18,09:10:00,2.57,2.57,2.57,2.57,671,0
2015-03-18,11:50:00,2.56,2.56,2.56,2.56,73,0
2015-03-18,12:45:00,2.56,2.56,2.56,2.56,35,0
2015-03-18,13:25:00,2.56,2.56,2.55,2.55,731,0
2015-03-18,13:35:00,2.56,2.64,2.56,2.64,130,0
2015-03-19,09:45:00,2.54,2.54,2.51,2.51,163,0
2015-03-19,09:55:00,2.64,2.64,2.64,2.64,10,0
2015-03-19,10:20:00,2.63,2.63,2.63,2.63,4,0
2015-03-19,11:20:00,2.52,2.52,2.52,2.52,360,0
2015-03-19,11:30:00,2.52,2.6,2.51,2.6,437,0
2015-03-20,11:05:00,2.5,2.5,2.5,2.5,3,0
2015-03-20,12:15:00,2.49,2.49,2.49,2.49,240,0
2015-03-20,14:45:00,2.49,2.49,2.49,2.49,1455,0
2015-03-20,15:00:00,2.5,2.5,2.5,2.5,4,0
2015-03-23,10:00:00,2.5,2.5,2.5,2.5,1712,0
2015-03-23,14:45:00,2.46,2.46,2.46,2.46,750,0
2015-03-23,14:50:00,2.45,2.46,2.41,2.46,2900,0
2015-03-23,15:35:00,2.45,2.45,2.45,2.45,4,0
2015-03-23,16:15:00,2.45,2.45,2.45,2.45,800,0
2015-03-24,10:30:00,2.41,2.41,2.41,2.41,3049,0
2015-03-24,11:10:00,2.42,2.42,2.42,2.42,716,0
2015-03-24,15:00:00,2.43,2.43,2.43,2.43,46,0
2015-03-24,15:05:00,2.43,2.43,2.41,2.41,1017,0
2015-03-24,16:00:00,2.36,2.36,2.3,2.3,5589,0
2015-03-24,16:35:00,2.3,2.3,2.3,2.3,1438,0
2015-03-24,16:50:00,2.3,2.3,2.3,2.3,200,0
2015-03-25,10:55:00,2.23,2.23,2.2,2.2,1039,0
2015-03-25,11:30:00,2.2,2.2,2.2,2.2,413,0
2015-03-25,11:35:00,2.17,2.17,2.16,2.16,300,0
2015-03-25,14:25:00,2.18,2.18,2.17,2.17,1737,0
2015-03-25,16:50:00,2.17,2.17,2.17,2.17,902,0
2015-03-26,09:05:00,2.19,2.19,2.19,2.19,1250,0
2015-03-26,09:25:00,2.24,2.24,2.24,2.24,650,0
2015-03-26,09:40:00,2.24,2.24,2.24,2.24,3,0
2015-03-26,11:30:00,2.24,2.24,2.24,2.24,166,0
2015-03-26,11:55:00,2.24,2.24,2.24,2.24,20,0
2015-03-26,16:35:00,2.24,2.24,2.24,2.24,4,0
2015-03-27,09:45:00,2.44,2.44,2.44,2.44,1,0
2015-03-30,09:30:00,2.45,2.45,2.45,2.45,3,0
2015-03-30,10:20:00,2.45,2.5,2.45,2.5,1504,0
2015-03-30,10:35:00,2.5,2.5,2.5,2.5,1,0
2015-03-30,12:30:00,2.5,2.5,2.5,2.5,999,0
2015-03-30,13:00:00,2.5,2.5,2.5,2.5,1,0
2015-03-30,14:40:00,2.53,2.53,2.53,2.53,3,0
2015-03-30,15:40:00,2.5,2.5,2.5,2.5,700,0
2015-03-30,16:50:00,2.52,2.52,2.52,2.52,1,0
2015-03-31,09:45:00,2.53,2.53,2.53,2.53,4,0
2015-03-31,10:00:00,2.32,2.32,2.32,2.32,440,0
2015-03-31,10:05:00,2.32,2.33,2.32,2.33,719,0
2015-03-31,10:10:00,2.33,2.33,2.33,2.33,174,0
2015-03-31,10:25:00,2.33,2.33,2.33,2.33,226,0
2015-03-31,11:15:00,2.37,2.37,2.37,2.37,214,0
2015-03-31,12:45:00,2.37,2.37,2.37,2.37,180,0
2015-03-31,16:35:00,2.37,2.37,2.37,2.37,31,0
2015-03-31,16:50:00,2.57,2.57,2.57,2.57,10,0
2015-04-01,10:00:00,2.42,2.42,2.42,2.42,3120,0
2015-04-01,16:15:00,2.42,2.42,2.4,2.4,3151,0
2015-04-01,16:50:00,2.58,2.58,2.58,2.58,5,0
2015-04-02,09:05:00,2.6,2.6,2.6,2.6,2,0
2015-04-02,09:30:00,2.44,2.44,2.44,2.44,3100,0
2015-04-02,09:45:00,2.52,2.52,2.52,2.52,3000,0
2015-04-02,09:55:00,2.55,2.55,2.55,2.55,150,0
2015-04-02,12:00:00,2.55,2.57,2.55,2.57,400,0
2015-04-02,12:05:00,2.53,2.53,2.5,2.5,225,0
2015-04-02,16:30:00,2.57,2.57,2.57,2.57,1150,0
2015-04-02,16:50:00,2.58,2.58,2.58,2.58,5,0
2015-04-07,09:15:00,2.58,2.58,2.58,2.58,10,0
2015-04-07,10:00:00,2.57,2.6,2.57,2.6,2603,0
2015-04-07,10:05:00,2.53,2.53,2.51,2.53,4610,0
2015-04-07,10:10:00,2.5,2.54,2.5,2.54,1030,0
2015-04-07,13:35:00,2.54,2.54,2.54,2.54,500,0
2015-04-07,13:40:00,2.5,2.5,2.5,2.5,1000,0
2015-04-07,15:35:00,2.5,2.5,2.5,2.5,900,0
2015-04-07,15:40:00,2.5,2.5,2.5,2.5,500,0
2015-04-07,15:50:00,2.5,2.5,2.5,2.5,800,0
2015-04-07,16:00:00,2.5,2.5,2.5,2.5,409,0
2015-04-07,16:10:00,2.5,2.5,2.5,2.5,500,0
2015-04-07,16:50:00,2.48,2.56,2.48,2.56,150,0
2015-04-08,09:05:00,2.56,2.56,2.56,2.56,2,0
2015-04-08,09:10:00,2.56,2.56,2.5,2.5,604,0
2015-04-08,09:20:00,2.5,2.5,2.5,2.5,2000,0
2015-04-08,13:00:00,2.48,2.48,2.46,2.46,100,0
2015-04-08,16:45:00,2.46,2.53,2.46,2.53,126,0
2015-04-08,16:50:00,2.53,2.53,2.53,2.53,110,0
2015-04-09,09:25:00,2.53,2.53,2.53,2.53,3,0
2015-04-09,09:50:00,2.53,2.53,2.53,2.53,3700,0
2015-04-09,09:55:00,2.53,2.53,2.53,2.53,2168,0
2015-04-09,10:05:00,2.53,2.53,2.53,2.53,2191,0
2015-04-09,12:05:00,2.46,2.46,2.46,2.46,1278,0
2015-04-09,15:05:00,2.45,2.45,2.4,2.4,3565,0
2015-04-09,16:15:00,2.44,2.44,2.44,2.44,2000,0
2015-04-09,16:50:00,2.39,2.39,2.39,2.39,32100,0
2015-04-10,09:05:00,2.44,2.44,2.44,2.44,3,0
2015-04-10,11:15:00,2.37,2.37,2.34,2.34,21674,0
2015-04-10,15:00:00,2.41,2.41,2.41,2.41,1200,0
2015-04-10,16:50:00,2.55,2.55,2.55,2.55,10,0
2015-04-13,09:05:00,2.57,2.57,2.57,2.57,1511,0
2015-04-13,09:30:00,2.57,2.57,2.57,2.57,39,0
2015-04-13,15:15:00,2.56,2.56,2.56,2.56,12,0
2015-04-13,15:20:00,2.56,2.56,2.56,2.56,5,0
2015-04-13,16:50:00,2.6,2.6,2.6,2.6,50,0
2015-04-14,09:20:00,2.5,2.5,2.5,2.5,4,0
2015-04-14,11:55:00,2.5,2.5,2.5,2.5,4,0
2015-04-14,13:05:00,2.5,2.5,2.5,2.5,3,0
2015-04-14,16:20:00,2.5,2.5,2.5,2.5,200,0
2015-04-15,09:10:00,2.6,2.6,2.6,2.6,4,0
2015-04-15,10:50:00,2.54,2.54,2.54,2.54,2980,0
2015-04-15,14:25:00,2.6,2.6,2.6,2.6,1246,0
2015-04-15,15:45:00,2.6,2.6,2.6,2.6,4,0
2015-04-15,16:30:00,2.6,2.6,2.42,2.42,4266,0
2015-04-15,16:35:00,2.42,2.42,2.41,2.41,29374,0
2015-04-15,16:40:00,2.55,2.61,2.55,2.61,40,0
2015-04-16,09:15:00,2.6,2.6,2.6,2.6,4,0
2015-04-16,09:55:00,2.58,2.58,2.58,2.58,450,0
2015-04-16,10:10:00,2.58,2.58,2.58,2.58,2480,0
2015-04-16,15:30:00,2.6,2.61,2.6,2.61,300,0
2015-04-16,16:30:00,2.61,2.61,2.61,2.61,86,0
2015-04-16,16:50:00,2.65,2.65,2.65,2.65,10,0
2015-04-17,09:25:00,2.7,2.7,2.7,2.7,2565,0
2015-04-17,15:25:00,2.62,2.62,2.62,2.62,250,0
2015-04-17,16:50:00,2.7,2.7,2.7,2.7,10,0
2015-04-20,09:20:00,2.73,2.73,2.73,2.73,4,0
2015-04-20,10:40:00,2.73,2.73,2.73,2.73,110,0
2015-04-20,13:45:00,2.72,2.72,2.72,2.72,4,0
2015-04-20,16:30:00,2.72,2.72,2.72,2.72,1236,0
2015-04-20,16:40:00,2.62,2.62,2.62,2.62,1805,0
2015-04-20,16:50:00,2.73,2.73,2.73,2.73,1,0
2015-04-21,09:15:00,2.73,2.73,2.73,2.73,4,0
2015-04-21,09:20:00,2.73,2.73,2.73,2.73,368,0
2015-04-21,09:25:00,2.75,2.77,2.75,2.77,4250,0
2015-04-21,11:00:00,2.76,2.77,2.76,2.77,750,0
2015-04-21,11:40:00,2.77,2.77,2.77,2.77,2000,0
2015-04-21,12:25:00,2.77,2.77,2.77,2.77,60,0
2015-04-21,13:05:00,2.77,2.77,2.77,2.77,640,0
2015-04-21,13:10:00,2.82,2.82,2.82,2.82,210,0
2015-04-21,14:20:00,2.83,2.83,2.83,2.83,1000,0
2015-04-21,16:15:00,2.84,2.85,2.84,2.85,7960,0
2015-04-21,16:50:00,2.88,2.88,2.88,2.88,31,0
2015-04-22,09:15:00,2.76,2.76,2.76,2.76,100,0
2015-04-22,10:10:00,2.88,2.88,2.88,2.88,2605,0
2015-04-22,10:20:00,2.88,2.88,2.88,2.88,339,0
2015-04-22,11:30:00,2.88,2.88,2.88,2.88,205,0
2015-04-22,11:35:00,2.82,2.82,2.82,2.82,50300,0
2015-04-22,14:50:00,2.86,2.86,2.86,2.86,205,0
2015-04-22,16:50:00,2.8,2.87,2.8,2.87,41,0
2015-04-23,09:05:00,2.87,2.87,2.87,2.87,4,0
2015-04-24,09:10:00,2.87,2.87,2.87,2.87,1546,0
2015-04-24,09:15:00,2.87,2.87,2.87,2.87,454,0
2015-04-24,09:20:00,2.87,2.87,2.87,2.87,351,0
2015-04-24,09:40:00,2.87,2.87,2.87,2.87,600,0
2015-04-24,09:55:00,2.89,2.89,2.89,2.89,16,0
2015-04-24,10:50:00,2.89,2.89,2.89,2.89,599,0
2015-04-24,12:15:00,2.89,2.9,2.89,2.9,7790,0
2015-04-24,12:35:00,2.9,2.9,2.9,2.9,1320,0
2015-04-24,13:25:00,2.9,2.9,2.9,2.9,4,0
2015-04-24,13:30:00,2.9,2.9,2.9,2.9,5526,0
2015-04-24,16:50:00,2.95,2.95,2.95,2.95,1,0
2015-04-27,09:05:00,2.95,2.95,2.95,2.95,999,0
2015-04-27,13:10:00,2.97,2.97,2.97,2.97,1350,0
2015-04-27,14:55:00,2.83,2.83,2.8,2.8,1950,0
2015-04-27,16:50:00,2.94,2.94,2.94,2.94,51,0
2015-04-28,09:30:00,2.9,2.9,2.9,2.9,4,0
2015-04-28,14:25:00,2.9,2.9,2.9,2.9,4,0
2015-04-28,14:55:00,2.9,2.9,2.9,2.9,4,0
2015-04-28,16:50:00,2.9,2.9,2.9,2.9,50,0
2015-04-29,09:10:00,2.9,2.9,2.9,2.9,4,0
2015-04-29,11:55:00,2.8,2.8,2.8,2.8,45000,0
2015-04-29,12:00:00,2.8,2.8,2.8,2.8,45000,0
2015-04-29,12:05:00,2.8,2.8,2.8,2.8,200,0
2015-04-29,12:50:00,2.9,2.9,2.9,2.9,1,0
2015-04-29,13:10:00,2.89,2.89,2.89,2.89,4,0
2015-04-29,13:15:00,2.79,2.79,2.77,2.77,2,0
2015-04-29,14:15:00,2.9,2.9,2.9,2.9,3000,0
2015-04-29,14:20:00,2.77,2.77,2.77,2.77,1,0
2015-04-29,16:45:00,2.9,2.9,2.9,2.9,1,0
2015-04-30,10:05:00,2.98,2.98,2.98,2.98,10,0
2015-04-30,12:25:00,2.98,2.98,2.98,2.98,5,0
2015-04-30,16:10:00,2.81,2.81,2.81,2.81,1,0
2015-04-30,16:45:00,2.94,2.94,2.94,2.94,1,0
2015-04-30,16:50:00,2.94,2.94,2.94,2.94,100,0
2015-05-04,09:45:00,2.95,2.95,2.83,2.83,23,0
2015-05-04,15:05:00,2.83,2.83,2.83,2.83,1004,0
2015-05-04,15:50:00,2.95,2.95,2.95,2.95,50,0
2015-05-04,16:30:00,2.83,2.83,2.83,2.83,1,0
2015-05-04,16:35:00,2.83,2.83,2.83,2.83,94,0
2015-05-04,16:40:00,2.9,2.94,2.9,2.94,950,0
2015-05-04,16:45:00,2.95,2.96,2.83,2.83,2791,0
2015-05-04,16:50:00,2.99,2.99,2.99,2.99,10,0
2015-05-05,10:30:00,2.99,2.99,2.99,2.99,158,0
2015-05-05,10:55:00,2.99,2.99,2.87,2.87,8,0
2015-05-05,11:30:00,2.99,3,2.99,3,465,0
2015-05-05,11:35:00,3.17,3.17,3.17,3.17,35,0
2015-05-05,12:15:00,3,3,3,3,1,0
2015-05-05,12:35:00,2.88,2.88,2.88,2.88,6,0
2015-05-05,14:00:00,3.15,3.15,3.15,3.15,100,0
2015-05-05,14:05:00,2.97,2.97,2.97,2.97,1,0
2015-05-05,16:45:00,3.12,3.15,3.12,3.15,2271,0
2015-05-06,09:05:00,2.9,2.9,2.9,2.9,10000,0
2015-05-06,09:30:00,2.96,2.96,2.96,2.96,10,0
2015-05-06,09:35:00,2.95,2.95,2.94,2.94,540,0
2015-05-06,09:45:00,2.94,2.94,2.94,2.94,434,0
2015-05-06,09:55:00,2.95,2.95,2.95,2.95,87,0
2015-05-06,10:00:00,2.94,2.94,2.93,2.93,332,0
2015-05-06,12:20:00,2.94,2.94,2.94,2.94,216,0
2015-05-06,12:35:00,2.94,2.94,2.94,2.94,150,0
2015-05-06,13:30:00,2.9,2.9,2.89,2.89,410,0
2015-05-06,13:40:00,2.87,2.87,2.87,2.87,1,0
2015-05-06,13:45:00,2.9,2.9,2.9,2.9,1,0
2015-05-06,14:00:00,2.88,2.92,2.88,2.92,536,0
2015-05-06,15:55:00,2.86,2.86,2.86,2.86,1,0
2015-05-06,16:25:00,2.88,2.88,2.88,2.88,170,0
2015-05-06,16:30:00,2.88,2.88,2.88,2.88,434,0
2015-05-06,16:40:00,2.88,2.88,2.88,2.88,170,0
2015-05-06,16:45:00,2.93,2.93,2.93,2.93,130,0
2015-05-06,16:50:00,2.88,2.88,2.88,2.88,926,0
2015-05-07,09:45:00,2.85,2.85,2.83,2.83,2770,0
2015-05-07,09:55:00,2.77,2.77,2.77,2.77,300,0
2015-05-07,10:00:00,2.77,2.77,2.77,2.77,200,0
2015-05-07,10:10:00,2.82,2.82,2.82,2.82,40,0
2015-05-07,10:15:00,2.77,2.81,2.77,2.81,335,0
2015-05-07,10:20:00,2.82,2.82,2.82,2.82,16,0
2015-05-07,10:35:00,2.78,2.78,2.78,2.78,516,0
2015-05-07,13:15:00,2.82,2.82,2.82,2.82,4,0
2015-05-07,13:25:00,2.86,2.86,2.86,2.86,1002,0
2015-05-07,15:55:00,2.85,2.85,2.85,2.85,900,0
2015-05-07,16:50:00,2.95,2.95,2.95,2.95,10,0
2015-05-08,09:15:00,2.8,2.8,2.8,2.8,1,0
2015-05-08,12:45:00,2.81,2.81,2.81,2.81,5,0
2015-05-08,15:00:00,2.8,2.8,2.8,2.8,3,0
2015-05-08,16:50:00,2.9,2.99,2.9,2.99,218,0
2015-05-11,09:05:00,2.99,3,2.76,2.76,1381,0
2015-05-11,09:40:00,2.93,2.93,2.93,2.93,1,0
2015-05-11,10:00:00,2.93,2.93,2.93,2.93,1195,0
2015-05-11,11:10:00,2.92,2.92,2.92,2.92,5721,0
2015-05-11,14:20:00,2.92,2.92,2.92,2.92,300,0
2015-05-11,14:25:00,2.92,2.92,2.92,2.92,385,0
2015-05-11,14:35:00,2.92,2.92,2.92,2.92,4,0
2015-05-11,15:20:00,2.92,2.92,2.92,2.92,506,0
2015-05-11,15:45:00,2.96,2.96,2.96,2.96,568,0
2015-05-11,16:50:00,3,3,3,3,4,0
2015-05-12,09:50:00,3,3,3,3,5,0
2015-05-12,12:40:00,2.98,2.98,2.98,2.98,763,0
2015-05-12,13:20:00,3,3,3,3,4163,0
2015-05-13,09:05:00,2.99,2.99,2.99,2.99,180,0
2015-05-14,09:45:00,2.99,2.99,2.99,2.99,5,0
2015-05-14,12:50:00,2.98,2.98,2.98,2.98,2500,0
2015-05-14,13:15:00,2.99,2.99,2.99,2.99,1645,0
2015-05-14,13:20:00,2.95,2.95,2.85,2.85,3000,0
2015-05-14,13:30:00,2.87,2.87,2.87,2.87,100,0
2015-05-14,15:30:00,2.86,2.86,2.86,2.86,45,0
2015-05-14,16:50:00,2.99,2.99,2.99,2.99,110,0
2015-05-15,09:05:00,2.99,2.99,2.99,2.99,1000,0
2015-05-15,11:15:00,2.87,2.87,2.87,2.87,400,0
2015-05-15,11:20:00,2.87,2.87,2.87,2.87,350,0
2015-05-15,11:35:00,2.87,2.87,2.87,2.87,380,0
2015-05-15,12:20:00,2.87,2.87,2.87,2.87,100,0
2015-05-15,16:10:00,2.85,2.85,2.85,2.85,120,0
2015-05-15,16:50:00,2.85,2.85,2.85,2.85,350,0
2015-05-18,09:05:00,2.82,2.82,2.82,2.82,125,0
2015-05-18,09:15:00,2.85,2.98,2.85,2.98,6,0
2015-05-18,09:55:00,2.98,2.99,2.98,2.99,901,0
2015-05-18,11:10:00,2.99,2.99,2.99,2.99,5,0
2015-05-18,11:20:00,2.85,2.85,2.85,2.85,1005,0
2015-05-18,11:45:00,2.82,2.82,2.82,2.82,800,0
2015-05-18,15:45:00,2.8,2.8,2.8,2.8,157,0
2015-05-18,16:50:00,2.99,2.99,2.99,2.99,100,0
2015-05-19,09:05:00,2.85,2.85,2.85,2.85,700,0
2015-05-19,10:00:00,2.8,2.8,2.8,2.8,775,0
2015-05-19,10:05:00,2.77,2.77,2.77,2.77,625,0
2015-05-19,10:10:00,2.77,2.77,2.77,2.77,625,0
2015-05-19,12:45:00,2.77,2.77,2.77,2.77,150,0
2015-05-19,16:45:00,2.86,2.9,2.86,2.9,260,0
2015-05-20,09:10:00,2.96,2.96,2.96,2.96,4,0
2015-05-20,16:30:00,2.87,2.87,2.87,2.87,5,0
2015-05-20,16:50:00,2.87,2.87,2.87,2.87,200,0
2015-05-21,09:10:00,2.85,2.85,2.85,2.85,146,0
2015-05-21,10:30:00,2.96,2.96,2.96,2.96,60,0
2015-05-22,09:30:00,2.9,2.9,2.9,2.9,5,0
2015-05-22,11:20:00,2.76,2.76,2.65,2.65,1750,0
2015-05-22,13:30:00,2.74,2.74,2.74,2.74,2,0
2015-05-22,14:20:00,2.78,2.81,2.78,2.81,200,0
2015-05-22,15:15:00,2.81,2.81,2.81,2.81,15,0
2015-05-22,15:50:00,2.81,2.81,2.81,2.81,17,0
2015-05-22,16:35:00,2.72,2.82,2.69,2.82,1402,0
2015-05-22,16:50:00,2.9,2.9,2.9,2.9,70,0
2015-05-25,13:55:00,2.75,2.75,2.69,2.69,3124,0
2015-05-25,14:00:00,2.69,2.69,2.69,2.69,101,0
2015-05-25,14:15:00,2.69,2.69,2.69,2.69,130,0
2015-05-25,14:25:00,2.69,2.69,2.69,2.69,100,0
2015-05-25,14:30:00,2.69,2.69,2.69,2.69,295,0
2015-05-25,15:30:00,2.82,2.82,2.82,2.82,54,0
2015-05-25,16:50:00,2.88,2.88,2.88,2.88,50,0
2015-05-26,10:55:00,2.84,2.84,2.7,2.7,50,0
2015-05-26,16:50:00,2.88,2.88,2.88,2.88,50,0
2015-05-27,09:05:00,2.8,2.8,2.8,2.8,28,0
2015-05-27,09:35:00,2.8,2.8,2.8,2.8,14,0
2015-05-27,09:40:00,2.8,2.8,2.8,2.8,15,0
2015-05-27,10:20:00,2.8,2.8,2.8,2.8,16,0
2015-05-27,11:25:00,2.8,2.8,2.8,2.8,19,0
2015-05-27,12:30:00,2.8,2.8,2.8,2.8,18,0
2015-05-27,12:35:00,2.8,2.8,2.8,2.8,540,0
2015-05-27,12:50:00,2.8,2.8,2.8,2.8,14,0
2015-05-27,13:00:00,2.8,2.8,2.8,2.8,6,0
2015-05-27,14:15:00,2.8,2.8,2.8,2.8,10,0
2015-05-27,15:40:00,2.8,2.8,2.8,2.8,15,0
2015-05-27,15:45:00,2.8,2.8,2.8,2.8,14,0
2015-05-27,16:20:00,2.8,2.8,2.8,2.8,800,0
2015-05-27,16:50:00,2.8,2.8,2.8,2.8,50,0
2015-05-28,16:50:00,2.88,2.88,2.88,2.88,1,0
2015-05-29,12:30:00,2.87,2.87,2.87,2.87,7,0
2015-06-01,09:25:00,2.85,2.88,2.85,2.88,675,0
2015-06-05,09:15:00,2.88,2.88,2.88,2.88,225,0
2015-06-05,09:25:00,2.88,2.88,2.88,2.88,75,0
2015-06-05,16:50:00,2.89,2.89,2.89,2.89,28,0
2015-06-08,10:00:00,2.9,2.9,2.9,2.9,4,0
2015-06-08,14:55:00,2.9,2.9,2.9,2.9,8,0
2015-06-08,15:05:00,2.9,2.9,2.9,2.9,13,0
2015-06-09,09:45:00,2.9,2.9,2.9,2.9,21,0
2015-06-09,09:50:00,2.9,2.9,2.9,2.9,3,0
2015-06-09,10:35:00,2.9,2.9,2.9,2.9,300,0
2015-06-09,12:45:00,2.9,2.9,2.9,2.9,6,0
2015-06-09,12:50:00,2.9,2.9,2.9,2.9,5,0
2015-06-09,12:55:00,2.9,2.9,2.9,2.9,11,0
2015-06-09,13:20:00,2.85,2.85,2.75,2.75,35,0
2015-06-09,13:25:00,2.65,2.65,2.65,2.65,30,0
2015-06-09,13:35:00,2.9,2.9,2.9,2.9,1700,0
2015-06-09,14:55:00,2.85,2.85,2.85,2.85,400,0
2015-06-09,15:35:00,2.89,2.89,2.89,2.89,10,0
2015-06-09,16:40:00,2.89,2.9,2.89,2.9,400,0
2015-06-10,09:35:00,2.89,2.89,2.89,2.89,10,0
2015-06-10,09:40:00,2.89,2.89,2.89,2.89,6,0
2015-06-10,10:40:00,2.89,2.89,2.89,2.89,4,0
2015-06-10,12:35:00,2.89,2.89,2.89,2.89,5,0
2015-06-10,15:10:00,2.89,2.89,2.89,2.89,9,0
2015-06-10,15:20:00,2.89,2.89,2.89,2.89,12,0
2015-06-10,16:30:00,2.9,2.9,2.9,2.9,46,0
2015-06-11,09:25:00,2.87,2.87,2.87,2.87,275,0
2015-06-11,10:45:00,2.87,2.87,2.87,2.87,13,0
2015-06-11,13:00:00,2.8,2.8,2.75,2.75,64,0
2015-06-11,16:40:00,2.86,2.86,2.86,2.86,13,0
2015-06-12,12:05:00,2.87,2.87,2.87,2.87,10,0
2015-06-15,09:35:00,2.8,2.8,2.8,2.8,4,0
2015-06-16,16:15:00,2.7,2.7,2.65,2.65,46,0
2015-06-16,16:40:00,2.65,2.79,2.65,2.79,100,0
2015-06-18,09:35:00,2.8,2.8,2.8,2.8,4,0
2015-06-19,09:05:00,2.79,2.79,2.79,2.79,954,0
2015-06-19,09:40:00,2.79,2.79,2.79,2.79,46,0
2015-06-22,09:40:00,2.74,2.74,2.74,2.74,4,0
2015-06-22,14:45:00,2.49,2.49,2.49,2.49,1000,0
2015-06-22,15:40:00,2.53,2.53,2.53,2.53,985,0
2015-06-22,15:55:00,2.53,2.53,2.53,2.53,15,0
2015-06-22,16:45:00,2.53,2.53,2.53,2.53,1037,0
2015-06-22,16:50:00,2.73,2.73,2.73,2.73,13,0
2015-06-23,09:55:00,2.7,2.7,2.7,2.7,730,0
2015-06-23,10:40:00,2.45,2.45,2.45,2.45,350,0
2015-06-23,11:40:00,2.57,2.57,2.57,2.57,200,0
2015-06-23,13:50:00,2.48,2.48,2.48,2.48,149,0
2015-06-23,14:40:00,2.49,2.49,2.48,2.48,1107,0
2015-06-23,15:00:00,2.5,2.5,2.5,2.5,750,0
2015-06-23,16:45:00,2.7,2.7,2.7,2.7,50,0
2015-06-24,09:40:00,2.5,2.5,2.5,2.5,1000,0
2015-06-24,11:45:00,2.51,2.51,2.51,2.51,1000,0
2015-06-24,12:00:00,2.5,2.5,2.5,2.5,1030,0
2015-06-24,14:45:00,2.5,2.5,2.5,2.5,1327,0
2015-06-24,15:15:00,2.5,2.5,2.5,2.5,600,0
2015-06-24,16:50:00,2.67,2.67,2.67,2.67,50,0
2015-06-25,09:55:00,2.5,2.5,2.5,2.5,72,0
2015-06-25,15:20:00,2.63,2.63,2.63,2.63,40,0
2015-06-25,15:25:00,2.7,2.7,2.7,2.7,60,0
2015-06-26,13:50:00,2.5,2.5,2.5,2.5,1000,0
2015-06-26,16:50:00,2.7,2.7,2.7,2.7,10,0
2015-06-29,12:25:00,2.55,2.55,2.55,2.55,1,0
2015-06-29,14:25:00,2.55,2.55,2.5,2.5,1000,0
2015-06-29,16:30:00,2.7,2.7,2.7,2.7,44,0
2015-06-30,09:15:00,2.7,2.7,2.7,2.7,74,0
2015-06-30,16:50:00,2.72,2.72,2.72,2.72,10,0
2015-07-02,09:05:00,2.71,2.71,2.71,2.71,4362,0
2015-07-02,16:50:00,2.72,2.72,2.72,2.72,10,0
2015-07-03,15:00:00,2.6,2.6,2.6,2.6,2000,0
2015-07-03,16:50:00,2.65,2.65,2.65,2.65,200,0
2015-07-06,09:05:00,2.48,2.48,2.48,2.48,1545,0
2015-07-06,09:30:00,2.5,2.5,2.5,2.5,10,0
2015-07-06,11:45:00,2.55,2.55,2.55,2.55,2000,0
2015-07-06,14:50:00,2.55,2.55,2.55,2.55,550,0
2015-07-06,14:55:00,2.55,2.58,2.55,2.58,450,0
2015-07-07,10:05:00,2.56,2.56,2.56,2.56,20,0
2015-07-07,11:35:00,2.5,2.5,2.5,2.5,50,0
2015-07-07,12:25:00,2.56,2.56,2.56,2.56,50,0
2015-07-08,14:15:00,2.58,2.58,2.58,2.58,1980,0
2015-07-08,14:50:00,2.6,2.62,2.6,2.62,50,0
2015-07-09,09:30:00,2.65,2.75,2.65,2.75,1938,0
2015-07-09,09:35:00,2.8,2.8,2.8,2.8,6292,0
2015-07-09,09:45:00,2.8,2.8,2.8,2.8,8,0
2015-07-09,10:20:00,2.75,2.75,2.74,2.74,692,0
2015-07-09,11:15:00,2.73,2.73,2.73,2.73,300,0
2015-07-09,11:25:00,2.72,2.72,2.72,2.72,350,0
2015-07-09,12:25:00,2.72,2.72,2.72,2.72,70,0
2015-07-09,14:15:00,2.65,2.65,2.65,2.65,950,0
2015-07-09,14:30:00,2.5,2.5,2.47,2.47,2853,0
2015-07-09,14:35:00,2.5,2.5,2.45,2.45,137,0
2015-07-09,14:45:00,2.42,2.42,2.42,2.42,1863,0
2015-07-09,16:35:00,2.7,2.7,2.7,2.7,10,0
2015-07-10,10:20:00,2.7,2.7,2.7,2.7,10,0
2015-07-13,09:05:00,2.76,2.76,2.76,2.76,5,0
2015-07-13,13:30:00,2.7,2.7,2.7,2.7,410,0
2015-07-13,15:50:00,2.7,2.7,2.7,2.7,1000,0
2015-07-13,16:50:00,2.65,2.7,2.65,2.7,2005,0
2015-07-14,12:05:00,2.5,2.5,2.5,2.5,10,0
2015-07-14,12:15:00,2.45,2.45,2.45,2.45,15,0
2015-07-14,12:35:00,2.45,2.45,2.45,2.45,200,0
2015-07-14,12:55:00,2.45,2.45,2.45,2.45,1953,0
2015-07-14,13:55:00,2.64,2.64,2.64,2.64,10,0
2015-07-14,16:50:00,2.68,2.68,2.68,2.68,105,0
2015-07-16,09:45:00,2.7,2.7,2.7,2.7,5,0
2015-07-16,15:20:00,2.69,2.7,2.69,2.7,1175,0
2015-07-16,15:45:00,2.7,2.7,2.7,2.7,25,0
2015-07-17,10:15:00,2.7,2.7,2.7,2.7,4,0
2015-07-17,10:20:00,2.5,2.5,2.5,2.5,30,0
2015-07-17,13:25:00,2.5,2.5,2.5,2.5,2318,0
2015-07-17,14:45:00,2.66,2.66,2.66,2.66,5,0
2015-07-17,16:15:00,2.6,2.6,2.6,2.6,25,0
2015-07-20,10:20:00,2.52,2.52,2.52,2.52,50,0
2015-07-20,11:05:00,2.42,2.42,2.35,2.35,350,0
2015-07-20,13:15:00,2.45,2.45,2.45,2.45,250,0
2015-07-20,16:45:00,2.4,2.4,2.4,2.4,120,0
2015-07-20,16:50:00,2.5,2.66,2.5,2.66,221,0
2015-07-21,09:55:00,2.66,2.66,2.66,2.66,15,0
2015-07-22,10:40:00,2.6,2.6,2.6,2.6,10,0
2015-07-27,11:25:00,2.54,2.54,2.54,2.54,4,0
2015-07-27,15:45:00,2.44,2.44,2.41,2.41,750,0
2015-07-27,16:20:00,2.43,2.43,2.43,2.43,91,0
2015-07-27,16:40:00,2.42,2.42,2.42,2.42,300,0
2015-07-27,16:45:00,2.46,2.46,2.46,2.46,310,0
2015-07-27,16:50:00,2.4,2.4,2.4,2.4,516,0
2015-07-28,09:40:00,2.53,2.53,2.53,2.53,10,0
2015-07-29,11:55:00,2.53,2.54,2.53,2.54,150,0
2015-07-29,12:20:00,2.54,2.54,2.54,2.54,500,0
2015-07-29,16:50:00,2.59,2.59,2.59,2.59,50,0
2015-07-30,10:05:00,2.58,2.58,2.58,2.58,10,0
2015-07-30,12:25:00,2.58,2.58,2.58,2.58,10,0
2015-07-30,15:45:00,2.58,2.58,2.58,2.58,25,0
2015-07-31,09:05:00,2.58,2.58,2.58,2.58,10,0
2015-07-31,10:10:00,2.58,2.58,2.58,2.58,10,0
2015-07-31,10:20:00,2.58,2.58,2.58,2.58,8,0
2015-07-31,10:55:00,2.58,2.58,2.58,2.58,10,0
2015-07-31,12:15:00,2.58,2.58,2.58,2.58,3,0
2015-08-03,09:20:00,2.55,2.55,2.55,2.55,10,0
2015-08-03,11:30:00,2.55,2.55,2.55,2.55,10,0
2015-08-03,12:00:00,2.55,2.55,2.55,2.55,13,0
2015-08-03,13:55:00,2.55,2.55,2.55,2.55,10,0
2015-08-04,09:15:00,2.55,2.55,2.55,2.55,5,0
2015-08-04,10:00:00,2.5,2.5,2.5,2.5,23,0
2015-08-04,11:45:00,2.5,2.5,2.5,2.5,977,0
2015-08-04,12:00:00,2.55,2.55,2.55,2.55,10,0
2015-08-05,09:05:00,2.5,2.5,2.5,2.5,5,0
2015-08-05,10:35:00,2.5,2.5,2.5,2.5,10,0
2015-08-05,11:15:00,2.5,2.5,2.5,2.5,10,0
2015-08-05,12:50:00,2.5,2.5,2.5,2.5,10,0
2015-08-05,12:55:00,2.5,2.5,2.5,2.5,15,0
2015-08-06,09:25:00,2.5,2.5,2.5,2.5,5,0
2015-08-06,13:45:00,2.5,2.5,2.5,2.5,9,0
2015-08-06,15:55:00,2.5,2.5,2.5,2.5,10,0
2015-08-06,16:00:00,2.4,2.4,2.35,2.35,482,0
2015-08-06,16:05:00,2.32,2.47,2.32,2.47,245,0
2015-08-06,16:35:00,2.5,2.5,2.47,2.47,928,0
2015-08-06,16:40:00,2.31,2.39,2.31,2.39,2975,0
2015-08-06,16:50:00,2.54,2.54,2.54,2.54,50,0
2015-08-07,09:10:00,2.5,2.5,2.5,2.5,10,0
2015-08-07,09:35:00,2.49,2.49,2.49,2.49,10,0
2015-08-07,09:45:00,2.49,2.49,2.49,2.49,10,0
2015-08-07,11:45:00,2.4,2.4,2.4,2.4,400,0
2015-08-07,12:35:00,2.4,2.4,2.4,2.4,2009,0
2015-08-07,14:30:00,2.45,2.45,2.45,2.45,10,0
2015-08-07,15:35:00,2.4,2.4,2.4,2.4,35,0
2015-08-07,16:25:00,2.42,2.42,2.42,2.42,486,0
2015-08-07,16:50:00,2.55,2.55,2.55,2.55,101,0
2015-08-10,09:30:00,2.39,2.54,2.39,2.48,6211,0
2015-08-10,09:50:00,2.45,2.45,2.45,2.45,109,0
2015-08-10,10:40:00,2.49,2.49,2.31,2.37,3255,0
2015-08-10,12:05:00,2.36,2.36,2.35,2.35,3420,0
2015-08-10,13:05:00,2.35,2.48,2.35,2.38,4761,0
2015-08-10,15:40:00,2.31,2.31,2.16,2.18,4464,0
2015-08-10,15:50:00,2.3,2.3,2.3,2.3,7,0
2015-08-10,16:05:00,2.39,2.39,2.3,2.3,999,0
2015-08-10,16:15:00,2.31,2.31,2.31,2.31,942,0
2015-08-10,16:40:00,2.36,2.38,2.36,2.38,1342,0
2015-08-10,16:50:00,2.38,2.38,2.38,2.38,990,0
2015-08-11,09:05:00,2.49,2.49,2.49,2.49,4,0
2015-08-11,09:20:00,2.42,2.42,2.27,2.34,3231,0
2015-08-11,10:45:00,2.36,2.36,2.36,2.36,500,0
2015-08-11,10:50:00,2.36,2.36,2.36,2.36,250,0
2015-08-11,13:15:00,2.32,2.32,2.3,2.3,200,0
2015-08-11,13:20:00,2.3,2.3,2.3,2.3,84,0
2015-08-11,15:00:00,2.3,2.3,2.3,2.3,716,0
2015-08-11,16:50:00,2.35,2.35,2.35,2.35,124,0
2015-08-12,11:55:00,2.35,2.35,2.35,2.35,150,0
2015-08-12,12:40:00,2.3,2.3,2.3,2.3,200,0
2015-08-12,12:55:00,2.3,2.3,2.3,2.3,200,0
2015-08-12,15:35:00,2.3,2.3,2.3,2.3,150,0
2015-08-12,15:45:00,2.3,2.3,2.3,2.3,633,0
2015-08-13,09:05:00,2.3,2.3,2.3,2.3,105,0
2015-08-13,10:15:00,2.25,2.25,2.18,2.18,6565,0
2015-08-13,11:50:00,2.25,2.28,2.25,2.28,200,0
2015-08-13,11:55:00,2.29,2.29,2.29,2.29,1,0
2015-08-13,16:50:00,2.3,2.3,2.3,2.3,1,0
2015-08-14,10:35:00,2.3,2.3,2.3,2.3,80,0
2015-08-14,13:15:00,2.3,2.3,2.3,2.3,60,0
2015-08-14,13:55:00,2.31,2.31,2.31,2.31,30,0
2015-08-18,09:30:00,2.3,2.44,2.22,2.22,3971,0
2015-08-18,16:50:00,2.28,2.28,2.28,2.28,1,0
2015-08-19,12:35:00,2.2,2.2,2.1,2.1,5653,0
2015-08-19,13:00:00,2.1,2.1,2.1,2.1,284,0
2015-08-19,13:40:00,2.1,2.1,2.1,2.1,2216,0
2015-08-19,16:50:00,2.1,2.2,2.1,2.2,132,0
2015-08-20,09:05:00,2.2,2.2,2.2,2.2,5,0
2015-08-20,12:45:00,2.2,2.2,2.2,2.2,45,0
2015-08-21,09:50:00,2.2,2.2,2.2,2.2,50,0
2015-08-21,10:05:00,2.2,2.2,2.2,2.2,311,0
2015-08-24,09:10:00,1.9,1.9,1.9,1.9,213,0
2015-08-24,12:20:00,2.08,2.08,2.08,2.08,2,0
2015-08-24,12:55:00,2.19,2.19,2.19,2.19,10,0
2015-08-24,16:00:00,1.9,1.9,1.9,1.9,200,0
2015-08-24,16:10:00,2.19,2.19,2.19,2.19,2,0
2015-08-25,09:45:00,1.99,2.02,1.99,2.02,2950,0
2015-08-25,11:00:00,1.9,1.9,1.9,1.9,250,0
2015-08-25,12:05:00,1.89,1.89,1.89,1.89,300,0
2015-08-25,12:25:00,1.95,1.95,1.95,1.95,100,0
2015-08-25,15:00:00,2,2,2,2,1500,0
2015-08-25,15:10:00,2,2,2,2,4250,0
2015-08-25,16:45:00,2.08,2.08,2.08,2.08,3,0
2015-08-26,09:05:00,2.19,2.19,2.19,2.19,3,0
2015-08-26,09:35:00,2.18,2.18,2.05,2.05,25,0
2015-08-26,16:20:00,2.07,2.07,2.07,2.07,25,0
2015-08-27,09:05:00,2.17,2.17,2.17,2.17,5,0
2015-08-27,09:10:00,2.17,2.2,2.17,2.2,84,0
2015-08-27,14:30:00,2,2,2,2,8098,0
2015-08-27,15:55:00,2.02,2.02,2.02,2.02,1700,0
2015-08-27,16:15:00,2.08,2.08,2.08,2.08,5,0
2015-08-28,09:05:00,2.15,2.15,2.15,2.15,5,0
2015-08-28,11:00:00,2.15,2.2,2.15,2.2,1000,0
2015-08-28,13:10:00,2.2,2.2,2.2,2.2,30,0
2015-08-31,09:15:00,2.2,2.2,2.2,2.2,10,0
2015-08-31,09:45:00,2.2,2.2,2.2,2.2,10,0
2015-08-31,11:45:00,2.2,2.2,2.2,2.2,33,0
2015-08-31,14:15:00,2.2,2.2,2.2,2.2,100,0
2015-09-01,09:15:00,2.2,2.2,2.2,2.2,5,0
2015-09-01,09:50:00,2.2,2.2,2.2,2.2,1380,0
2015-09-01,09:55:00,2.2,2.2,2.2,2.2,8,0
2015-09-01,10:25:00,2.2,2.2,2.2,2.2,28,0
2015-09-02,09:15:00,2.2,2.2,2.2,2.2,5,0
2015-09-02,09:30:00,2.2,2.2,2.2,2.2,8,0
2015-09-02,09:45:00,2.2,2.2,2.2,2.2,18,0
2015-09-03,09:05:00,2.2,2.2,2.2,2.2,5,0
2015-09-03,10:15:00,2.2,2.2,2.2,2.2,25,0
2015-09-04,09:20:00,2.19,2.19,2.19,2.19,5,0
2015-09-04,16:50:00,2.15,2.15,2.15,2.15,400,0
2015-09-07,09:50:00,2.15,2.15,2.15,2.15,7,0
2015-09-07,12:50:00,2.15,2.15,2.15,2.15,23,0
2015-09-07,16:40:00,2.14,2.15,2.14,2.15,352,0
2015-09-08,13:00:00,2.04,2.04,1.96,2.03,4271,0
2015-09-08,13:05:00,2.16,2.16,2.04,2.04,3710,0
2015-09-08,14:10:00,2.05,2.05,2.05,2.05,50,0
2015-09-08,14:25:00,2.05,2.14,1.98,1.98,364,0
2015-09-08,14:35:00,2.02,2.02,2.02,2.02,424,0
2015-09-08,16:15:00,2.02,2.02,2.02,2.02,75,0
2015-09-08,16:25:00,2.05,2.05,2.05,2.05,170,0
2015-09-08,16:30:00,2.1,2.1,2.1,2.1,100,0
2015-09-08,16:50:00,2.18,2.18,2.18,2.18,101,0
2015-09-09,09:30:00,2.18,2.18,2.18,2.18,412,0
2015-09-09,09:40:00,2.11,2.11,2.1,2.1,400,0
2015-09-09,15:55:00,2.07,2.07,2.05,2.05,427,0
2015-09-09,16:35:00,2.05,2.05,2.05,2.05,71,0
2015-09-09,16:50:00,2.17,2.17,2.17,2.17,1,0
2015-09-10,09:25:00,2.16,2.16,2.16,2.16,10,0
2015-09-10,10:05:00,2.16,2.16,2.16,2.16,17,0
2015-09-10,11:30:00,2.16,2.16,2.16,2.16,13,0
2015-09-10,16:40:00,2.14,2.14,2.14,2.14,3550,0
2015-09-10,16:50:00,2.15,2.15,2.15,2.15,1,0
2015-09-11,09:50:00,2.16,2.16,2.16,2.16,15,0
2015-09-11,11:45:00,2.16,2.16,2.16,2.16,8,0
2015-09-11,12:00:00,2.16,2.16,2.16,2.16,19,0
2015-09-11,15:20:00,2.06,2.06,2.05,2.05,582,0
2015-09-11,16:40:00,2.12,2.12,2.12,2.12,1,0
2015-09-11,16:50:00,2.13,2.13,2.13,2.13,1,0
2015-09-14,09:05:00,2.13,2.13,2.13,2.13,5,0
2015-09-14,09:35:00,2.13,2.13,2.13,2.13,8,0
2015-09-14,10:35:00,2.13,2.13,2.13,2.13,33,0
2015-09-14,15:25:00,2.05,2.05,2.05,2.05,500,0
2015-09-14,16:35:00,2,2,2,2,93,0
2015-09-14,16:45:00,2.13,2.13,2.13,2.13,1,0
2015-09-15,09:40:00,2.13,2.13,2.13,2.13,11,0
2015-09-15,10:05:00,2.13,2.13,2.13,2.13,5,0
2015-09-15,11:05:00,2.13,2.13,2.13,2.13,18,0
2015-09-15,11:25:00,2.05,2.05,2,2,463,0
2015-09-15,12:50:00,2,2,2,2,494,0
2015-09-15,13:25:00,2,2,2,2,390,0
2015-09-15,14:00:00,2,2,2,2,313,0
2015-09-15,15:00:00,2.02,2.02,2,2,587,0
2015-09-15,15:35:00,2,2,2,2,1000,0
2015-09-15,16:05:00,1.96,1.96,1.96,1.96,635,0
2015-09-15,16:45:00,1.96,2,1.96,2,848,0
2015-09-15,16:50:00,2.1,2.1,2.09,2.09,2007,0
2015-09-16,09:15:00,1.98,1.98,1.96,1.96,3401,0
2015-09-16,09:25:00,1.94,1.97,1.94,1.97,130,0
2015-09-16,09:45:00,2.12,2.12,2.12,2.12,1,0
2015-09-16,10:15:00,2.11,2.11,2.11,2.11,1550,0
2015-09-16,12:45:00,1.97,1.97,1.97,1.97,1000,0
2015-09-16,13:25:00,2.12,2.12,2.12,2.12,1,0
2015-09-17,09:05:00,1.96,2.12,1.96,2.12,286,0
2015-09-17,10:55:00,1.96,1.96,1.96,1.96,35,0
2015-09-17,11:30:00,1.96,1.96,1.96,1.96,15864,0
2015-09-17,11:35:00,1.96,1.96,1.96,1.96,5336,0
2015-09-17,11:45:00,1.96,1.96,1.96,1.96,1000,0
2015-09-17,12:10:00,1.96,1.96,1.96,1.96,455,0
2015-09-17,12:40:00,1.95,1.96,1.95,1.96,4280,0
2015-09-17,12:45:00,1.96,1.96,1.96,1.96,20113,0
2015-09-17,12:50:00,1.99,1.99,1.99,1.99,1000,0
2015-09-17,13:15:00,1.99,1.99,1.99,1.99,5050,0
2015-09-17,13:40:00,1.99,1.99,1.99,1.99,3950,0
2015-09-17,16:20:00,2.1,2.1,2.1,2.1,1,0
2015-09-17,16:50:00,1.99,1.99,1.99,1.99,1199,0
2015-09-18,09:05:00,2.12,2.12,2.12,2.12,1,0
2015-09-18,11:30:00,1.96,1.96,1.96,1.96,6250,0
2015-09-18,12:10:00,2.12,2.12,2.12,2.12,1,0
2015-09-18,13:30:00,2.12,2.12,2.12,2.12,35,0
2015-09-18,13:35:00,2.12,2.12,2.12,2.12,31,0
2015-09-18,13:40:00,2.12,2.12,2.12,2.12,10,0
2015-09-18,14:50:00,1.98,1.98,1.98,1.98,400,0
2015-09-18,16:20:00,1.96,1.96,1.96,1.96,103,0
2015-09-18,16:50:00,2.05,2.05,2.05,2.05,100,0
2015-09-21,16:50:00,2.12,2.12,2.12,2.12,1,0
2015-09-22,09:10:00,2.11,2.11,2.11,2.11,13,0
2015-09-22,09:40:00,2.11,2.11,2.11,2.11,13,0
2015-09-22,10:15:00,2.11,2.11,2.11,2.11,17,0
2015-09-22,10:45:00,2.11,2.11,2.11,2.11,18,0
2015-09-22,12:15:00,2.11,2.11,2.11,2.11,12,0
2015-09-22,13:20:00,2.11,2.11,2.11,2.11,7,0
2015-09-22,14:00:00,2.11,2.11,2.11,2.11,13,0
2015-09-22,15:20:00,2.11,2.11,2.11,2.11,5,0
2015-09-23,09:10:00,2.11,2.11,2.11,2.11,5,0
2015-09-23,09:25:00,2.11,2.11,2.11,2.11,8,0
2015-09-23,09:30:00,2.11,2.11,2.11,2.11,12,0
2015-09-23,10:00:00,2.11,2.11,2.11,2.11,2458,0
2015-09-23,12:25:00,2.12,2.12,2.12,2.12,12,0
2015-09-24,09:05:00,2.09,2.09,2.09,2.09,5,0
2015-09-24,09:40:00,2.09,2.1,2.09,2.1,35,0
2015-09-24,15:15:00,2.1,2.1,2.1,2.1,401,0
2015-09-25,10:20:00,2.1,2.1,2.1,2.1,5,0
2015-09-25,10:30:00,2.1,2.1,2.1,2.1,32,0
2015-09-28,09:05:00,2.09,2.09,2.09,2.09,5,0
2015-09-28,09:10:00,2.09,2.09,2.09,2.09,36,0
2015-09-28,15:35:00,2.09,2.12,2.09,2.12,5571,0
2015-09-28,15:55:00,2.12,2.12,2.12,2.12,229,0
2015-09-28,16:25:00,2.11,2.11,2.11,2.11,90,0
2015-09-28,16:35:00,2.11,2.11,2.1,2.1,110,0
2015-09-28,16:40:00,2.09,2.09,2,2,1728,0
2015-09-28,16:50:00,2,2,1.95,1.95,1144,0
2015-09-29,11:05:00,1.98,1.98,1.98,1.98,21,0
2015-09-29,11:10:00,1.98,1.98,1.98,1.98,14,0
2015-09-29,16:50:00,2.1,2.1,2.1,2.1,1,0
2015-09-30,09:25:00,2.1,2.1,2.1,2.1,17,0
2015-09-30,09:45:00,2.1,2.1,2.1,2.1,21,0
2015-10-01,09:05:00,2.1,2.1,2.1,2.1,3,0
2015-10-01,09:15:00,2.1,2.1,2.1,2.1,233,0
2015-10-01,09:20:00,2.1,2.1,2.1,2.1,80,0
2015-10-01,09:35:00,2.1,2.1,2.1,2.1,20,0
2015-10-01,09:55:00,2.1,2.1,2.1,2.1,35,0
2015-10-01,10:10:00,2.1,2.1,2.1,2.1,1250,0
2015-10-01,16:20:00,2.1,2.1,2.1,2.1,575,0
2015-10-01,16:50:00,2.14,2.14,2.14,2.14,1,0
2015-10-02,09:05:00,2.14,2.14,2.14,2.14,3,0
2015-10-02,09:15:00,2.1,2.1,2.1,2.1,250,0
2015-10-02,10:35:00,2.1,2.1,2.1,2.1,45,0
2015-10-02,16:50:00,2.14,2.14,2.14,2.14,1,0
2015-10-05,12:30:00,2.15,2.15,2.15,2.15,8,0
2015-10-05,15:10:00,2.15,2.15,2.15,2.15,29,0
2015-10-06,09:05:00,2.15,2.15,2.15,2.15,5,0
2015-10-06,09:40:00,2.1,2.1,2.1,2.1,420,0
2015-10-06,10:05:00,2.15,2.15,2.15,2.15,28,0
2015-10-07,09:05:00,2.15,2.15,2.15,2.15,5,0
2015-10-07,10:00:00,2.15,2.15,2.15,2.15,8,0
2015-10-07,10:15:00,2.15,2.15,2.15,2.15,13,0
2015-10-07,12:10:00,2.15,2.15,2.15,2.15,18,0
2015-10-08,09:05:00,2.15,2.15,2.15,2.15,5,0
2015-10-08,09:10:00,2.15,2.15,2.15,2.15,8,0
2015-10-08,09:20:00,2.15,2.15,2.15,2.15,7,0
2015-10-08,09:30:00,2.15,2.15,2.15,2.15,3,0
2015-10-08,09:45:00,2.15,2.15,2.15,2.15,14,0
2015-10-08,12:15:00,2.15,2.15,2.15,2.15,239,0
2015-10-08,12:25:00,2.15,2.15,2.15,2.15,180,0
2015-10-08,16:50:00,2.15,2.17,2.15,2.17,21,0
2015-10-09,10:35:00,2.17,2.17,2.17,2.17,98,0
2015-10-09,12:05:00,2.2,2.2,2.2,2.2,100,0
2015-10-09,12:40:00,2.24,2.25,2.24,2.25,431,0
2015-10-09,14:55:00,2.25,2.25,2.25,2.25,15,0
2015-10-09,16:50:00,2.3,2.3,2.3,2.3,66,0
2015-10-13,16:50:00,2.31,2.31,2.31,2.31,1,0
2015-10-14,10:00:00,2.2,2.2,2.19,2.19,1300,0
2015-10-14,10:20:00,2.31,2.31,2.31,2.31,1,0
2015-10-14,14:00:00,2.2,2.2,2.2,2.2,895,0
2015-10-14,15:20:00,2.32,2.32,2.32,2.32,5,0
2015-10-15,09:15:00,2.32,2.32,2.32,2.32,5,0
2015-10-15,10:25:00,2.32,2.32,2.32,2.32,5,0
2015-10-16,09:05:00,2.24,2.24,2.24,2.24,100,0
2015-10-16,11:30:00,2.24,2.24,2.24,2.24,78,0
2015-10-19,09:05:00,2.24,2.24,2.24,2.24,5,0
2015-10-19,15:25:00,2.24,2.24,2.24,2.24,45,0
2015-10-20,09:50:00,2.24,2.24,2.24,2.24,3,0
2015-10-20,10:10:00,2.24,2.24,2.24,2.24,9,0
2015-10-20,11:20:00,2.24,2.24,2.24,2.24,20,0
2015-10-21,09:05:00,2.24,2.24,2.24,2.24,5,0
2015-10-21,10:30:00,2.24,2.24,2.24,2.24,32,0
2015-10-22,09:05:00,2.2,2.2,2.2,2.2,100,0
2015-10-22,10:10:00,2.19,2.19,2.19,2.19,700,0
2015-10-22,10:25:00,2.24,2.24,2.24,2.24,27,0
2015-10-23,09:05:00,2.24,2.24,2.24,2.24,3,0
2015-10-23,11:50:00,2.24,2.24,2.24,2.24,11,0
2015-10-23,12:30:00,2.24,2.24,2.24,2.24,16,0
2015-10-26,09:05:00,2.24,2.24,2.24,2.24,5,0
2015-10-26,10:35:00,2.24,2.24,2.24,2.24,9,0
2015-10-26,10:55:00,2.24,2.24,2.24,2.24,20,0
2015-10-27,09:55:00,2.24,2.24,2.24,2.24,10,0
2015-10-27,10:15:00,2.24,2.24,2.24,2.24,8,0
2015-10-27,10:40:00,2.24,2.24,2.24,2.24,14,0
2015-10-27,16:25:00,2.24,2.24,2.24,2.24,1000,0
2015-10-28,09:05:00,2.24,2.24,2.24,2.24,5,0
2015-10-28,10:10:00,2.24,2.24,2.24,2.24,5,0
2015-10-28,10:20:00,2.24,2.24,2.24,2.24,9,0
2015-10-28,10:30:00,2.24,2.24,2.24,2.24,9,0
2015-10-29,09:30:00,2.24,2.24,2.24,2.24,3,0
2015-10-29,11:50:00,2.24,2.24,2.24,2.24,12,0
2015-10-29,13:50:00,2.24,2.24,2.24,2.24,15,0
2015-10-30,09:05:00,2.23,2.23,2.23,2.23,7,0
2015-10-30,11:10:00,2.15,2.15,2.1,2.1,1687,0
2015-10-30,11:15:00,2.23,2.23,2.23,2.23,17,0
2015-10-30,12:10:00,2.15,2.15,2.1,2.1,1000,0
2015-10-30,15:45:00,2.23,2.23,2.23,2.23,50,0
2015-10-30,16:50:00,2.11,2.23,2.11,2.23,1700,0
2015-11-02,09:05:00,2.23,2.23,2.23,2.23,5,0
2015-11-02,11:15:00,2.23,2.23,2.23,2.23,9,0
2015-11-02,12:10:00,2.23,2.23,2.23,2.23,19,0
2015-11-02,12:40:00,2.11,2.11,2.11,2.11,500,0
2015-11-02,12:45:00,2.23,2.23,2.23,2.23,50,0
2015-11-03,09:05:00,2.23,2.23,2.23,2.23,3,0
2015-11-03,09:30:00,2.23,2.23,2.23,2.23,3,0
2015-11-03,10:10:00,2.23,2.23,2.23,2.23,26,0
2015-11-04,09:05:00,2.23,2.23,2.23,2.23,3,0
2015-11-04,10:50:00,2.23,2.23,2.23,2.23,19,0
2015-11-04,11:05:00,2.23,2.23,2.23,2.23,10,0
2015-11-05,09:05:00,2.23,2.23,2.23,2.23,3,0
2015-11-05,12:10:00,2.23,2.23,2.23,2.23,14,0
2015-11-05,13:15:00,2.23,2.23,2.23,2.23,14,0
2015-11-05,16:00:00,2.23,2.23,2.23,2.23,5,0
2015-11-05,16:40:00,2.12,2.23,2.11,2.23,4002,0
2015-11-06,09:15:00,2.23,2.23,2.23,2.23,3,0
2015-11-06,10:15:00,2.23,2.23,2.23,2.23,8,0
2015-11-06,10:25:00,2.23,2.23,2.23,2.23,3,0
2015-11-06,11:55:00,2.23,2.23,2.23,2.23,17,0
2015-11-09,09:05:00,2.23,2.23,2.12,2.12,603,0
2015-11-09,10:05:00,2.23,2.23,2.23,2.23,9,0
2015-11-09,14:00:00,2.11,2.11,2.11,2.11,500,0
2015-11-09,14:30:00,2.23,2.23,2.23,2.23,12,0
2015-11-09,14:40:00,2.23,2.23,2.23,2.23,25,0
2015-11-10,09:05:00,2.24,2.24,2.24,2.24,3352,0
