Date,Time,Open,High,Low,Close,Volume,OpenInt
2014-07-02,09:10:00,1.52,1.52,1.52,1.52,10,0
2014-07-02,10:50:00,1.35,1.35,1.35,1.35,5700,0
2014-07-02,11:00:00,1.24,1.3,1.24,1.3,2520,0
2014-07-02,11:05:00,1.24,1.29,1.24,1.29,650,0
2014-07-02,13:45:00,1.28,1.28,1.28,1.28,1707,0
2014-07-02,14:05:00,1.29,1.3,1.29,1.3,397,0
2014-07-02,14:50:00,1.3,1.3,1.3,1.3,423,0
2014-07-02,14:55:00,1.3,1.3,1.3,1.3,300,0
2014-07-02,15:25:00,1.31,1.33,1.31,1.33,327,0
2014-07-02,15:35:00,1.31,1.31,1.26,1.26,5630,0
2014-07-02,16:15:00,1.29,1.29,1.29,1.29,843,0
2014-07-02,16:45:00,1.29,1.29,1.29,1.29,2000,0
2014-07-02,16:50:00,1.26,1.26,1.26,1.26,100,0
2014-07-03,09:05:00,1.29,1.29,1.29,1.29,25,0
2014-07-03,09:25:00,1.26,1.26,1.26,1.26,204,0
2014-07-03,09:45:00,1.23,1.23,1.17,1.18,510,0
2014-07-03,09:50:00,1.17,1.2,1.17,1.2,2000,0
2014-07-03,09:55:00,1.2,1.22,1.2,1.22,1000,0
2014-07-03,11:10:00,1.2,1.21,1.2,1.21,2010,0
2014-07-03,11:25:00,1.19,1.19,1.19,1.19,2180,0
2014-07-03,11:30:00,1.19,1.19,1.19,1.19,900,0
2014-07-03,11:40:00,1.21,1.21,1.21,1.21,92,0
2014-07-03,12:50:00,1.19,1.19,1.19,1.19,1240,0
2014-07-03,13:05:00,1.19,1.19,1.19,1.19,150,0
2014-07-03,13:15:00,1.19,1.19,1.19,1.19,7195,0
2014-07-03,13:25:00,1.21,1.21,1.21,1.21,198,0
2014-07-03,15:55:00,1.2,1.23,1.18,1.18,24384,0
2014-07-03,16:00:00,1.17,1.17,1.17,1.17,535,0
2014-07-03,16:05:00,1.21,1.21,1.21,1.21,1510,0
2014-07-03,16:20:00,1.23,1.23,1.23,1.23,290,0
2014-07-03,16:40:00,1.23,1.23,1.23,1.23,888,0
2014-07-04,09:35:00,1.19,1.2,1.18,1.2,1402,0
2014-07-04,11:20:00,1.2,1.2,1.2,1.2,498,0
2014-07-04,11:30:00,1.21,1.21,1.21,1.21,300,0
2014-07-04,11:35:00,1.22,1.23,1.22,1.23,310,0
2014-07-04,13:30:00,1.23,1.23,1.23,1.23,290,0
2014-07-04,13:40:00,1.24,1.26,1.24,1.26,1500,0
2014-07-04,14:20:00,1.26,1.26,1.26,1.26,5170,0
2014-07-04,14:25:00,1.26,1.26,1.23,1.23,1678,0
2014-07-04,14:50:00,1.26,1.26,1.26,1.26,100,0
2014-07-04,15:15:00,1.26,1.27,1.26,1.27,1500,0
2014-07-04,15:25:00,1.27,1.29,1.27,1.29,1000,0
2014-07-04,16:25:00,1.29,1.29,1.29,1.29,1000,0
2014-07-07,09:20:00,1.28,1.28,1.28,1.28,1000,0
2014-07-07,10:00:00,1.24,1.24,1.24,1.24,1000,0
2014-07-07,11:50:00,1.28,1.28,1.28,1.28,950,0
2014-07-07,13:00:00,1.28,1.28,1.28,1.28,3262,0
2014-07-07,13:05:00,1.28,1.29,1.28,1.29,13291,0
2014-07-07,13:10:00,1.29,1.31,1.29,1.31,15800,0
2014-07-07,13:15:00,1.4,1.4,1.4,1.4,3000,0
2014-07-07,14:00:00,1.41,1.41,1.41,1.41,2000,0
2014-07-07,15:10:00,1.45,1.45,1.45,1.45,295,0
2014-07-07,15:15:00,1.41,1.45,1.41,1.45,605,0
2014-07-08,10:50:00,1.5,1.5,1.5,1.5,1000,0
2014-07-08,12:00:00,1.54,1.54,1.54,1.54,295,0
2014-07-08,16:00:00,1.6,1.6,1.6,1.6,180,0
2014-07-08,16:10:00,1.6,1.6,1.6,1.6,20,0
2014-07-09,13:00:00,1.56,1.56,1.56,1.56,5285,0
2014-07-09,13:15:00,1.6,1.6,1.6,1.6,3000,0
2014-07-09,15:15:00,1.65,1.66,1.65,1.66,2050,0
2014-07-09,15:30:00,1.68,1.69,1.68,1.69,4745,0
2014-07-09,16:20:00,1.69,1.69,1.69,1.69,800,0
2014-07-10,09:05:00,1.72,1.75,1.72,1.75,10000,0
2014-07-10,09:10:00,1.77,1.77,1.77,1.77,180,0
2014-07-10,10:35:00,1.76,1.76,1.76,1.76,1095,0
2014-07-10,11:25:00,1.76,1.76,1.76,1.76,1900,0
2014-07-10,14:30:00,1.85,1.85,1.85,1.85,85,0
2014-07-10,14:40:00,1.85,1.85,1.85,1.85,1915,0
2014-07-10,14:55:00,1.87,1.88,1.87,1.88,3190,0
2014-07-10,15:35:00,1.88,1.89,1.88,1.89,159,0
2014-07-10,15:40:00,1.87,1.87,1.87,1.87,550,0
2014-07-11,09:05:00,1.87,1.87,1.87,1.87,1000,0
2014-07-11,09:20:00,1.87,1.87,1.87,1.87,3900,0
2014-07-11,10:20:00,1.82,1.82,1.82,1.82,1000,0
2014-07-11,10:55:00,1.82,1.82,1.82,1.82,1000,0
2014-07-11,11:00:00,1.86,1.86,1.86,1.86,1952,0
2014-07-11,16:35:00,1.92,1.93,1.92,1.93,2605,0
2014-07-11,16:40:00,1.96,1.96,1.96,1.96,1052,0
2014-07-14,09:30:00,1.95,1.95,1.95,1.95,100,0
2014-07-14,10:25:00,1.91,1.91,1.91,1.91,400,0
2014-07-14,10:40:00,1.98,2.05,1.98,2.05,1244,0
2014-07-14,10:55:00,2.07,2.07,2.07,2.07,1600,0
2014-07-14,11:10:00,2.07,2.07,2.07,2.07,330,0
2014-07-14,11:15:00,2,2,2,2,397,0
2014-07-14,11:20:00,2,2,2,2,483,0
2014-07-14,14:00:00,1.98,1.98,1.98,1.98,285,0
2014-07-14,16:45:00,1.98,1.98,1.98,1.98,100,0
2014-07-14,16:50:00,1.98,1.98,1.98,1.98,615,0
2014-07-15,11:55:00,1.92,1.92,1.92,1.92,4000,0
2014-07-15,16:05:00,1.9,1.9,1.9,1.9,100,0
2014-07-16,09:05:00,1.86,1.86,1.84,1.84,9996,0
2014-07-16,11:25:00,1.75,1.75,1.75,1.75,900,0
2014-07-16,12:25:00,1.85,1.85,1.85,1.85,579,0
2014-07-16,16:10:00,1.85,1.85,1.85,1.85,1000,0
2014-07-17,09:35:00,1.78,1.78,1.78,1.78,163,0
2014-07-17,10:45:00,1.85,1.85,1.85,1.85,2000,0
2014-07-22,13:30:00,1.83,1.83,1.83,1.83,4200,0
2014-07-22,14:25:00,1.8,1.8,1.8,1.8,800,0
2014-07-22,16:50:00,1.8,1.8,1.8,1.8,3852,0
2014-07-23,15:55:00,1.76,1.76,1.75,1.75,4748,0
2014-07-23,16:35:00,1.74,1.74,1.74,1.74,3000,0
2014-07-24,09:55:00,1.74,1.74,1.74,1.74,3000,0
2014-07-25,10:05:00,1.74,1.74,1.71,1.71,1252,0
2014-07-30,09:35:00,1.71,1.71,1.71,1.71,4600,0
2014-07-31,09:10:00,1.7,1.7,1.7,1.7,1,0
2014-08-01,11:30:00,1.7,1.7,1.7,1.7,1,0
2014-08-01,16:10:00,1.7,1.72,1.7,1.72,4500,0
2014-08-04,09:55:00,1.63,1.63,1.63,1.63,541,0
2014-08-04,15:25:00,1.72,1.72,1.72,1.72,4500,0
2014-08-06,09:05:00,1.7,1.7,1.7,1.7,800,0
2014-08-12,16:25:00,1.79,1.79,1.79,1.79,4973,0
2014-08-13,15:45:00,1.77,1.77,1.77,1.77,1,0
2014-08-13,16:30:00,1.77,1.77,1.77,1.77,4999,0
2014-08-13,16:50:00,1.71,1.71,1.71,1.71,400,0
2014-08-14,09:50:00,1.71,1.71,1.71,1.71,1,0
2014-08-18,16:50:00,1.79,1.79,1.79,1.79,355,0
2014-08-19,15:20:00,1.79,1.79,1.79,1.79,6200,0
2014-08-20,09:05:00,1.79,1.79,1.79,1.79,800,0
2014-08-20,10:30:00,1.8,1.8,1.8,1.8,3000,0
2014-08-20,13:35:00,1.81,1.81,1.81,1.81,1365,0
2014-08-20,16:45:00,1.92,1.95,1.92,1.95,4519,0
2014-08-21,09:05:00,1.94,1.94,1.94,1.94,102,0
2014-08-21,13:10:00,1.94,1.94,1.94,1.94,1300,0
2014-08-21,15:40:00,1.97,1.97,1.97,1.97,2000,0
2014-08-21,15:45:00,1.97,2.05,1.97,2.05,16170,0
2014-08-21,15:55:00,2.1,2.11,2,2,1780,0
2014-08-22,09:25:00,2.01,2.01,2.01,2.01,100,0
2014-08-22,11:20:00,2.06,2.06,2.06,2.06,1170,0
2014-08-22,11:50:00,2.06,2.06,2.06,2.06,1000,0
2014-08-22,12:00:00,2.06,2.06,2.06,2.06,1000,0
2014-08-22,13:55:00,2.1,2.1,2.1,2.1,97,0
2014-08-22,14:05:00,2.1,2.1,2.1,2.1,500,0
2014-08-25,09:05:00,2.1,2.22,2.1,2.22,24175,0
2014-08-25,11:20:00,2.19,2.19,2.18,2.18,2926,0
2014-08-25,12:30:00,2.18,2.18,2.18,2.18,2270,0
2014-08-25,13:05:00,2.17,2.17,2.16,2.16,6574,0
2014-08-25,15:25:00,2.16,2.16,2.14,2.14,12726,0
2014-08-25,15:30:00,2.1,2.1,2.1,2.1,3900,0
2014-08-26,09:05:00,2,2,2,2,300,0
2014-08-26,09:40:00,2.05,2.05,2.05,2.05,3800,0
2014-08-26,16:50:00,2.17,2.17,2.17,2.17,1000,0
2014-08-27,09:05:00,2.16,2.16,2.16,2.16,1,0
2014-08-27,16:20:00,2.07,2.07,2.06,2.06,3000,0
2014-08-28,09:30:00,2.16,2.16,2.16,2.16,1,0
2014-08-28,09:50:00,2.14,2.16,2.14,2.16,2486,0
2014-08-28,15:35:00,2.14,2.15,2.14,2.15,7100,0
2014-08-28,16:50:00,2.14,2.14,2.14,2.14,7422,0
2014-08-29,12:05:00,2.17,2.17,2.17,2.17,1,0
2014-08-29,14:20:00,2.15,2.17,2.15,2.17,10899,0
2014-08-29,14:25:00,2.3,2.3,2.3,2.3,1700,0
2014-08-29,16:05:00,2.18,2.18,2.18,2.18,1450,0
2014-08-29,16:20:00,2.18,2.18,2.18,2.18,134,0
2014-08-29,16:50:00,2.28,2.28,2.28,2.28,1799,0
2014-09-01,09:05:00,2.29,2.29,2.29,2.29,122,0
2014-09-01,11:30:00,2.07,2.07,2.07,2.07,2000,0
2014-09-01,13:45:00,2.15,2.15,2.15,2.15,220,0
2014-09-01,16:50:00,2.15,2.15,2.15,2.15,2,0
2014-09-02,09:05:00,2.24,2.24,2.24,2.24,1,0
2014-09-02,09:20:00,2.24,2.25,2.24,2.25,616,0
2014-09-02,11:35:00,2.15,2.15,2.15,2.15,1082,0
2014-09-02,12:35:00,2.14,2.14,2.14,2.14,97,0
2014-09-02,14:15:00,2.15,2.15,2.15,2.15,2000,0
2014-09-03,09:30:00,2.28,2.28,2.28,2.28,1,0
2014-09-04,11:30:00,2.42,2.42,2.42,2.42,1,0
2014-09-04,15:05:00,2.28,2.28,2.28,2.28,1100,0
2014-09-04,16:50:00,2.2,2.2,2.2,2.2,1,0
2014-09-05,09:05:00,2.3,2.3,2.3,2.3,1,0
2014-09-05,16:25:00,2.2,2.2,2.2,2.2,122,0
2014-09-08,11:05:00,2.3,2.3,2.3,2.3,1,0
2014-09-09,09:05:00,2.3,2.3,2.3,2.3,1,0
2014-09-09,10:40:00,2.21,2.21,2.21,2.21,650,0
2014-09-09,11:00:00,2.21,2.21,2.21,2.21,260,0
2014-09-09,11:25:00,2.2,2.2,2.2,2.2,18,0
2014-09-09,16:30:00,2.2,2.2,2.2,2.2,40,0
2014-09-10,09:10:00,2.29,2.29,2.29,2.29,1,0
2014-09-11,16:25:00,2.29,2.3,2.29,2.3,9073,0
2014-09-11,16:40:00,2.3,2.3,2.3,2.3,2332,0
2014-09-11,16:45:00,2.42,2.46,2.42,2.46,3500,0
2014-09-11,16:50:00,2.46,2.46,2.46,2.46,2461,0
2014-09-12,09:05:00,2.45,2.45,2.45,2.45,82,0
2014-09-12,09:45:00,2.49,2.49,2.49,2.49,611,0
2014-09-12,10:10:00,2.5,2.55,2.5,2.55,5210,0
2014-09-12,10:25:00,2.66,2.68,2.66,2.68,3240,0
2014-09-12,10:30:00,2.69,2.69,2.69,2.69,2400,0
2014-09-12,10:35:00,2.55,2.65,2.55,2.65,1300,0
2014-09-15,09:05:00,2.65,2.65,2.65,2.65,1,0
2014-09-15,15:20:00,2.82,2.82,2.82,2.82,150,0
2014-09-15,15:25:00,2.82,2.82,2.82,2.82,425,0
2014-09-15,16:15:00,2.74,2.74,2.74,2.74,150,0
2014-09-15,16:35:00,2.73,2.73,2.69,2.69,650,0
2014-09-16,12:15:00,2.79,2.79,2.75,2.75,200,0
2014-09-16,12:55:00,2.91,2.91,2.91,2.91,300,0
2014-09-16,13:00:00,2.92,3,2.92,3,340,0
2014-09-16,13:45:00,3,3,3,3,15,0
2014-09-16,14:55:00,3,3,3,3,1245,0
2014-09-16,15:00:00,2.75,2.75,2.75,2.75,1,0
2014-09-17,09:05:00,3,3,3,3,2374,0
2014-09-17,09:50:00,2.99,3,2.99,3,460,0
2014-09-17,10:30:00,2.83,2.83,2.83,2.83,269,0
2014-09-17,10:35:00,2.83,3.1,2.83,3.1,1253,0
2014-09-17,15:05:00,3.1,3.1,3.1,3.1,300,0
2014-09-17,15:45:00,3.1,3.1,3.1,3.1,30,0
2014-09-17,15:50:00,3.19,3.2,3.19,3.2,4425,0
2014-09-17,16:05:00,3.24,3.24,3.24,3.24,1043,0
2014-09-17,16:10:00,3.24,3.3,3.24,3.3,1017,0
2014-09-17,16:40:00,3.24,3.24,3.1,3.1,1000,0
2014-09-17,16:50:00,3.08,3.08,3.08,3.08,195,0
2014-09-18,09:15:00,3.1,3.1,3.1,3.1,1,0
2014-09-18,13:05:00,3.14,3.14,3.14,3.14,15,0
2014-09-18,13:40:00,3.14,3.14,3.14,3.14,2414,0
2014-09-18,14:10:00,3.1,3.1,3.1,3.1,794,0
2014-09-18,14:55:00,3.1,3.1,3.1,3.1,334,0
2014-09-18,15:15:00,3.15,3.15,3.15,3.15,37,0
2014-09-19,09:15:00,3.3,3.3,3.3,3.3,1,0
2014-09-19,12:25:00,3,3,3,3,1,0
2014-09-19,13:45:00,3,3,3,3,549,0
2014-09-22,09:10:00,2.98,2.98,2.98,2.98,1,0
2014-09-22,10:10:00,2.95,2.95,2.95,2.95,150,0
2014-09-22,14:00:00,2.95,2.95,2.95,2.95,1100,0
2014-09-22,14:05:00,2.94,2.94,2.94,2.94,999,0
2014-09-22,16:50:00,2.94,2.94,2.94,2.94,213,0
2014-09-23,12:20:00,3,3,3,3,500,0
2014-09-23,12:25:00,3,3,3,3,500,0
2014-09-23,13:25:00,3,3,3,3,1000,0
2014-09-23,14:00:00,3,3,3,3,1000,0
2014-09-24,10:25:00,3.1,3.1,3.1,3.1,1,0
2014-09-25,10:30:00,3.1,3.1,3.1,3.1,1,0
2014-09-25,16:30:00,2.96,2.96,2.96,2.96,300,0
2014-09-26,09:20:00,3,3,3,3,1,0
2014-09-26,12:25:00,2.97,2.97,2.97,2.97,3000,0
2014-09-26,14:45:00,2.98,2.98,2.97,2.97,5340,0
2014-09-29,13:15:00,3.1,3.1,3.1,3.1,1,0
2014-09-29,16:05:00,2.91,2.91,2.91,2.91,602,0
2014-09-30,09:15:00,2.86,2.86,2.86,2.86,200,0
2014-09-30,13:05:00,2.86,2.86,2.86,2.86,150,0
2014-09-30,13:50:00,2.86,2.86,2.86,2.86,101,0
2014-10-01,12:20:00,2.91,2.91,2.91,2.91,935,0
2014-10-01,12:40:00,2.86,2.86,2.86,2.86,1335,0
2014-10-01,13:05:00,2.74,2.74,2.74,2.74,10,0
2014-10-01,13:25:00,2.74,2.74,2.74,2.74,50,0
2014-10-01,13:30:00,2.74,2.74,2.74,2.74,630,0
2014-10-01,14:40:00,2.8,2.8,2.8,2.8,1000,0
2014-10-01,16:50:00,2.7,2.7,2.7,2.7,101,0
2014-10-02,09:10:00,2.69,2.69,2.69,2.69,200,0
2014-10-02,10:30:00,2.79,2.79,2.79,2.79,775,0
2014-10-02,16:50:00,2.69,2.69,2.69,2.69,100,0
2014-10-03,09:05:00,2.7,2.7,2.7,2.7,1,0
2014-10-03,09:40:00,2.68,2.68,2.68,2.68,200,0
2014-10-03,09:50:00,2.68,2.68,2.68,2.68,225,0
2014-10-03,14:05:00,2.7,2.7,2.7,2.7,199,0
2014-10-06,12:25:00,2.69,2.69,2.68,2.68,1450,0
2014-10-06,12:50:00,2.75,2.8,2.75,2.8,150,0
2014-10-06,12:55:00,2.75,2.75,2.75,2.75,1000,0
2014-10-06,14:30:00,2.79,2.79,2.79,2.79,1000,0
2014-10-06,14:45:00,2.75,2.75,2.75,2.75,850,0
2014-10-06,15:20:00,2.7,2.7,2.7,2.7,110,0
2014-10-06,16:15:00,2.7,2.7,2.7,2.7,960,0
2014-10-07,09:10:00,2.68,2.68,2.67,2.67,1000,0
2014-10-07,09:15:00,2.67,2.67,2.67,2.67,1840,0
2014-10-07,10:30:00,2.68,2.68,2.68,2.68,2133,0
2014-10-07,12:25:00,2.68,2.68,2.68,2.68,2318,0
2014-10-07,15:45:00,2.68,2.68,2.68,2.68,100,0
2014-10-07,16:40:00,2.7,2.7,2.7,2.7,216000,0
2014-10-07,16:45:00,2.71,2.71,2.71,2.71,215,0
2014-10-08,09:05:00,2.73,2.77,2.73,2.77,3000,0
2014-10-08,09:15:00,2.77,2.77,2.77,2.77,62,0
2014-10-08,10:40:00,2.87,2.87,2.87,2.87,21,0
2014-10-08,11:25:00,2.77,2.77,2.77,2.77,100,0
2014-10-08,12:25:00,2.87,2.87,2.87,2.87,2000,0
2014-10-08,12:55:00,2.87,2.87,2.87,2.87,2000,0
2014-10-08,13:05:00,2.87,2.87,2.87,2.87,461,0
2014-10-08,13:30:00,2.95,2.99,2.95,2.99,770,0
2014-10-08,13:45:00,2.97,2.97,2.97,2.97,559,0
2014-10-08,13:50:00,2.97,2.97,2.97,2.97,441,0
2014-10-08,16:50:00,2.78,2.78,2.78,2.78,600,0
2014-10-09,09:05:00,2.79,2.79,2.79,2.79,1,0
2014-10-09,10:40:00,2.86,2.86,2.86,2.86,300,0
2014-10-09,12:30:00,2.88,2.88,2.88,2.88,100,0
2014-10-09,16:50:00,3,3,3,3,100,0
2014-10-10,09:05:00,3,3,3,3,864,0
2014-10-10,12:50:00,2.97,2.97,2.97,2.97,150,0
2014-10-10,15:25:00,3,3,3,3,300,0
2014-10-10,15:55:00,3,3,3,3,150,0
2014-10-10,16:50:00,2.9,2.9,2.9,2.9,100,0
2014-10-13,09:05:00,2.9,2.9,2.9,2.9,850,0
2014-10-13,16:25:00,2.9,2.9,2.9,2.9,138200,0
2014-10-14,09:15:00,2.9,2.9,2.9,2.9,1,0
2014-10-15,09:05:00,2.9,2.9,2.9,2.9,14,0
2014-10-16,09:35:00,2.9,2.9,2.9,2.9,1,0
2014-10-17,10:50:00,2.9,2.9,2.9,2.9,1,0
2014-10-20,09:20:00,2.9,2.9,2.9,2.9,1,0
2014-10-20,13:55:00,2.91,2.91,2.91,2.91,26952,0
2014-10-21,11:00:00,2.9,2.9,2.9,2.9,1,0
2014-10-21,14:05:00,2.9,2.9,2.9,2.9,456,0
2014-10-22,11:50:00,2.99,2.99,2.99,2.99,1,0
2014-10-22,11:55:00,2.86,2.86,2.86,2.86,998,0
2014-10-22,14:55:00,2.86,2.86,2.86,2.86,2800,0
2014-10-22,15:00:00,2.78,2.78,2.78,2.78,977,0
2014-10-23,10:50:00,2.74,2.74,2.74,2.74,97,0
2014-10-27,09:20:00,2.86,2.86,2.86,2.86,1,0
2014-10-28,09:05:00,2.86,2.86,2.86,2.86,1,0
2014-10-29,09:05:00,2.86,2.86,2.86,2.86,1,0
2014-10-30,10:35:00,2.85,2.85,2.85,2.85,1,0
2014-11-03,14:05:00,2.85,2.85,2.85,2.85,1,0
2014-11-04,12:25:00,2.86,2.86,2.86,2.86,1,0
2014-11-10,09:05:00,2.85,2.85,2.85,2.85,105,0
2014-11-12,10:15:00,2.85,2.85,2.85,2.85,1,0
2014-11-12,10:20:00,2.85,2.85,2.85,2.85,99,0
2014-11-12,15:40:00,2.87,3,2.87,3,5786,0
2014-11-12,15:55:00,3,3,3,3,500,0
2014-11-12,16:45:00,3,3,3,3,100,0
2014-11-13,10:15:00,3,3,3,3,2000,0
2014-11-13,13:30:00,3,3,3,3,400,0
2014-11-13,14:50:00,3,3,3,3,200,0
2014-11-14,10:20:00,3,3,3,3,100,0
2014-11-17,09:05:00,3.13,3.13,3.13,3.13,2000,0
2014-11-17,10:45:00,3.29,3.29,3.29,3.29,100,0
2014-11-17,11:15:00,3.2,3.2,3.2,3.2,1757,0
2014-11-18,12:45:00,3.2,3.2,3.2,3.2,200,0
2014-11-19,09:05:00,3.27,3.27,3.27,3.27,300,0
2014-11-19,11:20:00,3.27,3.27,3.27,3.27,2500,0
2014-11-19,11:40:00,3.35,3.43,3.35,3.43,669,0
2014-11-19,15:00:00,3.44,3.44,3.44,3.44,730,0
2014-11-19,16:50:00,3.44,3.45,3.44,3.45,2224,0
2014-11-20,09:05:00,3.45,3.45,3.45,3.45,145,0
2014-11-20,09:30:00,3.45,3.45,3.45,3.45,455,0
2014-11-21,09:55:00,3.45,3.45,3.45,3.45,1,0
2014-11-21,14:35:00,3.4,3.4,3.4,3.4,4000,0
2014-11-21,14:40:00,3.44,3.44,3.44,3.44,2000,0
2014-11-21,15:35:00,3.45,3.45,3.45,3.45,30,0
2014-11-24,09:10:00,3.6,3.6,3.6,3.6,1,0
2014-11-24,13:50:00,3.5,3.5,3.5,3.5,2000,0
2014-11-24,14:15:00,3.5,3.5,3.5,3.5,50,0
2014-11-24,15:50:00,3.51,3.51,3.5,3.5,3050,0
2014-11-25,10:50:00,3.56,3.56,3.56,3.56,100,0
2014-11-25,15:20:00,3.57,3.57,3.57,3.57,1600,0
2014-11-26,09:05:00,3.5,3.5,3.5,3.5,1,0
2014-11-26,09:35:00,3.58,3.6,3.58,3.6,550,0
2014-11-26,13:00:00,3.6,3.6,3.6,3.6,279,0
2014-11-27,09:05:00,3.5,3.5,3.5,3.5,1,0
2014-11-27,09:10:00,3.5,3.5,3.5,3.5,550,0
2014-11-27,15:20:00,3.55,3.55,3.55,3.55,200,0
2014-11-27,16:50:00,3.65,3.75,3.65,3.75,440,0
2014-11-28,11:30:00,3.75,3.75,3.75,3.75,2,0
2014-11-28,11:35:00,3.65,3.65,3.65,3.65,170,0
2014-11-28,12:25:00,3.65,3.65,3.65,3.65,1500,0
2014-12-01,09:55:00,3.75,3.79,3.75,3.79,2767,0
2014-12-01,10:15:00,3.79,4,3.79,4,4792,0
2014-12-01,11:15:00,3.99,3.99,3.99,3.99,100,0
2014-12-01,12:30:00,3.99,3.99,3.99,3.99,200,0
2014-12-01,13:05:00,3.99,3.99,3.99,3.99,15,0
2014-12-01,14:40:00,3.79,3.79,3.79,3.79,447,0
2014-12-01,15:00:00,3.8,3.8,3.8,3.8,2000,0
2014-12-02,09:05:00,3.78,3.78,3.78,3.78,599,0
2014-12-02,12:30:00,3.78,3.79,3.78,3.79,4800,0
2014-12-02,16:10:00,3.78,3.78,3.78,3.78,1000,0
2014-12-03,09:05:00,3.61,3.61,3.61,3.61,120,0
2014-12-03,16:05:00,3.62,3.62,3.62,3.62,79,0
2014-12-04,09:05:00,3.61,3.61,3.61,3.61,300,0
2014-12-04,09:25:00,3.61,3.61,3.61,3.61,1350,0
2014-12-08,09:35:00,3.5,3.5,3.5,3.5,45,0
2014-12-08,10:30:00,3.5,3.5,3.5,3.5,100,0
2014-12-08,10:40:00,3.5,3.5,3.5,3.5,335,0
2014-12-10,09:05:00,3.65,3.65,3.65,3.65,2200,0
2014-12-10,09:35:00,3.55,3.55,3.55,3.55,512,0
2014-12-10,11:05:00,3.7,3.7,3.7,3.7,2500,0
2014-12-10,13:05:00,3.7,3.7,3.7,3.7,1000,0
2014-12-10,16:15:00,3.7,3.7,3.7,3.7,2000,0
2014-12-11,13:45:00,3.85,3.85,3.85,3.85,3580,0
2014-12-11,13:50:00,3.7,3.7,3.7,3.7,3197,0
2014-12-11,16:30:00,3.7,3.7,3.7,3.7,220,0
2014-12-11,16:35:00,3.71,3.71,3.71,3.71,5000,0
2014-12-12,09:30:00,3.69,3.69,3.69,3.69,250,0
2014-12-12,09:35:00,3.69,3.69,3.69,3.69,300,0
2014-12-12,09:55:00,3.7,3.7,3.7,3.7,2200,0
2014-12-12,10:55:00,3.7,3.7,3.7,3.7,895,0
2014-12-12,16:05:00,3.7,3.7,3.7,3.7,4000,0
2014-12-12,16:10:00,3.7,3.7,3.7,3.7,4000,0
2014-12-12,16:30:00,3.7,3.7,3.7,3.7,8000,0
2014-12-15,11:55:00,3.7,3.7,3.7,3.7,1,0
2014-12-16,09:05:00,3.7,3.7,3.7,3.7,350,0
2014-12-16,14:15:00,3.69,3.69,3.69,3.69,2000,0
2014-12-16,14:20:00,3.69,3.69,3.69,3.69,3000,0
2014-12-16,14:25:00,3.7,3.7,3.7,3.7,2000,0
2014-12-16,14:30:00,3.8,3.8,3.8,3.8,1,0
2014-12-16,14:40:00,3.7,3.7,3.7,3.7,1000,0
2014-12-16,16:50:00,3.84,3.84,3.84,3.84,1,0
2014-12-17,09:35:00,3.7,3.7,3.69,3.69,2101,0
2014-12-17,09:40:00,3.69,3.69,3.69,3.69,350,0
2014-12-17,11:05:00,3.67,3.7,3.67,3.7,2500,0
2014-12-17,13:00:00,3.7,3.7,3.7,3.7,1503,0
2014-12-17,15:10:00,3.67,3.67,3.67,3.67,500,0
2014-12-18,10:55:00,3.6,3.6,3.6,3.6,151,0
2014-12-19,09:35:00,3.65,3.65,3.65,3.65,1,0
2014-12-19,16:10:00,3.5,3.5,3.5,3.5,1,0
2014-12-19,16:50:00,3.67,3.67,3.67,3.67,1,0
2014-12-23,11:10:00,3.5,3.5,3.5,3.5,2299,0
2014-12-23,13:00:00,3.5,3.5,3.5,3.5,529,0
2014-12-23,16:45:00,3.48,3.49,3.48,3.49,5429,0
2014-12-29,09:10:00,3.5,3.5,3.5,3.5,500,0
2014-12-29,09:20:00,3.5,3.5,3.5,3.5,11916,0
2014-12-29,09:35:00,3.4,3.4,3.4,3.4,2000,0
2014-12-29,11:25:00,3.34,3.34,3.34,3.34,219,0
2014-12-29,12:35:00,3.34,3.34,3.34,3.34,300,0
2014-12-29,15:25:00,3.42,3.42,3.42,3.42,1058,0
2014-12-30,10:10:00,3.42,3.42,3.42,3.42,2529,0
2015-01-02,09:15:00,3.5,3.5,3.5,3.5,143,0
2015-01-02,11:30:00,3.43,3.43,3.43,3.43,3449,0
2015-01-02,14:55:00,3.46,3.46,3.46,3.46,30,0
2015-01-02,15:50:00,3.42,3.42,3.42,3.42,283,0
2015-01-05,09:55:00,3.42,3.42,3.42,3.42,1,0
2015-01-05,11:30:00,3.42,3.42,3.42,3.42,4000,0
2015-01-07,09:40:00,3.42,3.42,3.42,3.42,1,0
2015-01-07,16:50:00,3.46,3.46,3.46,3.46,1,0
2015-01-08,09:45:00,3.42,3.42,3.42,3.42,1,0
2015-01-08,14:00:00,3.42,3.42,3.42,3.42,786,0
2015-01-08,15:55:00,3.34,3.34,3.34,3.34,1500,0
2015-01-08,16:20:00,3.34,3.34,3.34,3.34,800,0
2015-01-08,16:25:00,3.13,3.13,3.13,3.13,200,0
2015-01-08,16:50:00,3.15,3.15,3.15,3.15,200,0
2015-01-09,09:05:00,3.23,3.23,3.23,3.23,1000,0
2015-01-09,15:30:00,3.17,3.17,3.17,3.17,385,0
2015-01-12,09:10:00,3.17,3.42,3.17,3.42,4731,0
2015-01-12,12:55:00,3.41,3.41,3.41,3.41,400,0
2015-01-12,16:50:00,3.4,3.4,3.4,3.4,1000,0
2015-01-14,09:35:00,3.41,3.41,3.41,3.41,400,0
2015-01-14,15:35:00,3.4,3.4,3.4,3.4,1,0
2015-01-14,15:45:00,3.38,3.41,3.38,3.41,235,0
2015-01-15,12:05:00,3.41,3.42,3.41,3.42,13330,0
2015-01-15,12:45:00,3.46,3.55,3.46,3.55,13,0
2015-01-16,10:25:00,3.9,4.1,3.9,4.1,1886,0
2015-01-16,10:30:00,3.72,3.72,3.72,3.72,504,0
2015-01-16,12:30:00,3.8,3.81,3.8,3.81,1408,0
2015-01-16,12:50:00,3.8,3.8,3.8,3.8,1000,0
2015-01-16,13:35:00,3.8,3.8,3.8,3.8,1000,0
2015-01-16,15:35:00,3.9,3.9,3.9,3.9,1000,0
2015-01-16,16:50:00,3.9,3.9,3.9,3.9,408,0
2015-01-19,09:30:00,4.3,4.3,4.3,4.3,13,0
2015-01-19,10:40:00,4.1,4.1,4.1,4.1,750,0
2015-01-19,11:50:00,4.1,4.1,4.1,4.1,700,0
2015-01-20,10:30:00,4.3,4.3,4.3,4.3,1800,0
2015-01-20,10:40:00,4.3,4.3,4.3,4.3,210,0
2015-01-20,11:05:00,4.3,4.3,4.3,4.3,140,0
2015-01-20,11:30:00,4.3,4.32,4.3,4.32,5150,0
2015-01-20,12:50:00,4.45,4.45,4.45,4.45,893,0
2015-01-20,15:55:00,4.25,4.25,4.24,4.24,1550,0
2015-01-21,11:10:00,4.24,4.24,4.24,4.24,1,0
2015-01-21,13:10:00,4.24,4.24,4.24,4.24,117,0
2015-01-21,15:15:00,4.22,4.22,4.22,4.22,893,0
2015-01-21,15:25:00,4.2,4.2,4.2,4.2,103,0
2015-01-22,09:20:00,4.1,4.1,4.1,4.1,1,0
2015-01-22,10:25:00,4.1,4.1,4.1,4.1,249,0
2015-01-22,12:50:00,4,4,4,4,150,0
2015-01-23,14:30:00,4.01,4.01,4,4,2050,0
2015-01-26,09:05:00,3.81,3.81,3.81,3.81,13,0
2015-01-27,15:55:00,3.84,3.84,3.84,3.84,1,0
2015-01-28,16:50:00,3.98,3.98,3.98,3.98,10,0
2015-02-02,09:05:00,3.99,3.99,3.99,3.99,1750,0
2015-02-02,15:40:00,3.99,3.99,3.99,3.99,300,0
2015-02-02,16:10:00,3.99,3.99,3.99,3.99,34,0
2015-02-04,15:45:00,3.98,3.98,3.98,3.98,25,0
2015-02-04,16:50:00,3.99,3.99,3.99,3.99,25,0
2015-02-05,09:45:00,3.98,3.98,3.98,3.98,1,0
2015-02-05,10:25:00,3.98,3.98,3.98,3.98,3104,0
2015-02-05,16:50:00,3.97,3.97,3.97,3.97,1,0
2015-02-06,09:25:00,3.97,3.97,3.97,3.97,1,0
2015-02-09,09:35:00,3.97,3.97,3.97,3.97,1,0
2015-02-10,09:05:00,3.97,3.97,3.97,3.97,1,0
2015-02-11,09:05:00,3.85,3.85,3.85,3.85,170,0
2015-02-11,16:50:00,3.97,3.97,3.97,3.97,5,0
2015-02-12,11:05:00,3.97,3.98,3.97,3.98,500,0
2015-02-12,15:25:00,3.98,3.98,3.98,3.98,1000,0
2015-02-12,16:40:00,3.98,3.98,3.98,3.98,335,0
2015-02-13,10:20:00,3.9,3.9,3.9,3.9,235,0
2015-02-13,10:25:00,3.9,3.9,3.9,3.9,15,0
2015-02-13,11:45:00,3.9,3.9,3.9,3.9,30000,0
2015-02-13,12:25:00,3.9,3.9,3.9,3.9,19985,0
2015-02-16,09:25:00,3.99,3.99,3.99,3.99,539,0
2015-02-16,14:25:00,3.98,3.98,3.98,3.98,675,0
2015-02-16,16:30:00,3.98,3.98,3.98,3.98,350,0
2015-02-16,16:35:00,3.98,3.98,3.98,3.98,1050,0
2015-02-16,16:50:00,3.91,3.91,3.9,3.9,100300,0
2015-02-17,15:05:00,3.9,3.9,3.9,3.9,95012,0
2015-02-17,15:55:00,3.97,3.97,3.97,3.97,565,0
2015-02-18,09:05:00,3.98,3.98,3.98,3.98,377,0
2015-02-18,09:40:00,3.98,3.98,3.98,3.98,550,0
2015-02-18,12:50:00,3.95,3.95,3.95,3.95,2000,0
2015-02-18,16:30:00,3.95,3.95,3.95,3.95,70,0
2015-02-18,16:50:00,3.95,3.98,3.95,3.98,2039,0
2015-02-19,09:30:00,3.98,3.98,3.98,3.98,245,0
2015-02-19,09:55:00,3.98,3.98,3.98,3.98,1900,0
2015-02-19,13:05:00,3.9,3.9,3.9,3.9,500,0
2015-02-19,13:35:00,3.96,3.96,3.96,3.96,500,0
2015-02-19,13:40:00,3.98,3.98,3.98,3.98,650,0
2015-02-19,15:40:00,3.98,3.98,3.98,3.98,620,0
2015-02-19,16:05:00,3.98,3.98,3.98,3.98,1000,0
2015-02-20,10:00:00,3.98,3.98,3.98,3.98,1,0
2015-02-20,10:25:00,3.91,3.91,3.91,3.91,401,0
2015-02-20,16:30:00,3.99,3.99,3.99,3.99,1,0
2015-02-23,09:15:00,3.98,3.98,3.98,3.98,1,0
2015-02-23,09:55:00,3.98,3.98,3.98,3.98,100,0
2015-02-23,10:00:00,3.98,3.98,3.98,3.98,100,0
2015-02-23,16:00:00,3.98,3.98,3.98,3.98,500,0
2015-02-23,16:50:00,3.98,3.98,3.98,3.98,1625,0
2015-02-24,09:20:00,3.98,3.98,3.98,3.98,1,0
2015-02-24,10:25:00,3.92,3.92,3.92,3.92,313,0
2015-02-24,12:10:00,3.98,3.98,3.98,3.98,290,0
2015-02-24,12:50:00,3.98,3.98,3.98,3.98,500,0
2015-02-24,13:35:00,3.98,3.98,3.98,3.98,2520,0
2015-02-24,14:00:00,3.98,3.98,3.98,3.98,2000,0
2015-02-24,14:15:00,3.98,3.98,3.98,3.98,1475,0
2015-02-24,14:35:00,3.98,3.98,3.98,3.98,1000,0
2015-02-24,14:45:00,3.98,3.99,3.98,3.99,2826,0
2015-02-24,15:20:00,3.99,3.99,3.99,3.99,20,0
2015-02-24,16:15:00,3.98,3.98,3.98,3.98,174,0
2015-02-25,09:10:00,3.95,3.95,3.95,3.95,1,0
2015-02-25,09:20:00,3.95,3.95,3.95,3.95,999,0
2015-02-25,09:25:00,3.93,3.93,3.93,3.93,826,0
2015-02-25,10:05:00,3.93,3.93,3.93,3.93,574,0
2015-02-25,10:10:00,3.92,3.92,3.92,3.92,326,0
2015-02-25,16:00:00,3.95,3.95,3.95,3.95,2000,0
2015-02-25,16:05:00,3.95,3.95,3.95,3.95,3000,0
2015-02-25,16:10:00,3.95,3.95,3.95,3.95,2000,0
2015-02-26,10:55:00,3.97,3.97,3.97,3.97,2150,0
2015-02-26,11:00:00,3.99,4.2,3.99,4.2,2020,0
2015-02-26,11:20:00,4.17,4.17,4.17,4.17,1000,0
2015-02-26,16:20:00,4.36,4.36,4.36,4.36,1,0
2015-02-27,09:05:00,4.35,4.35,4.35,4.35,1,0
2015-02-27,16:35:00,4.36,4.36,4.36,4.36,200,0
2015-02-27,16:50:00,4.36,4.36,4.36,4.36,1899,0
2015-03-02,09:05:00,4.41,4.41,4.41,4.41,1,0
2015-03-02,09:55:00,4.41,4.75,4.41,4.75,1250,0
2015-03-02,10:30:00,4.4,4.4,4.4,4.4,390,0
2015-03-02,11:30:00,4.4,4.4,4.4,4.4,1600,0
2015-03-02,11:35:00,4.4,4.4,4.4,4.4,10,0
2015-03-02,12:20:00,4.58,4.58,4.58,4.58,1290,0
2015-03-02,12:25:00,4.75,4.75,4.75,4.75,3263,0
2015-03-03,09:05:00,4.85,4.85,4.85,4.85,103,0
2015-03-03,09:10:00,4.85,4.85,4.85,4.85,1597,0
2015-03-03,09:35:00,4.99,5,4.99,5,700,0
2015-03-03,10:40:00,5.08,5.09,5.08,5.09,490,0
2015-03-03,15:45:00,5.09,5.09,5.09,5.09,290,0
2015-03-04,09:50:00,5.09,5.09,5.09,5.09,130,0
2015-03-04,13:30:00,5.08,5.08,5.08,5.08,1,0
2015-03-04,13:35:00,4.86,4.86,4.67,4.67,22,0
2015-03-05,09:15:00,4.7,4.7,4.7,4.7,220,0
2015-03-05,11:05:00,4.7,4.7,4.7,4.7,25,0
2015-03-05,11:40:00,4.7,4.7,4.7,4.7,275,0
2015-03-05,12:05:00,4.7,4.7,4.7,4.7,732,0
2015-03-05,14:55:00,4.9,4.9,4.9,4.9,70,0
2015-03-05,16:15:00,4.9,4.9,4.9,4.9,1530,0
2015-03-05,16:20:00,5.08,5.08,5.08,5.08,2,0
2015-03-06,09:55:00,5.08,5.12,5.08,5.08,1974,0
2015-03-06,10:50:00,5.1,5.1,5.1,5.1,290,0
2015-03-06,11:45:00,5.38,5.38,5.38,5.38,1000,0
2015-03-06,11:50:00,5.36,5.36,5.36,5.36,254,0
2015-03-06,13:45:00,5.35,5.35,5.35,5.35,243,0
2015-03-06,15:25:00,5.35,5.35,5.35,5.35,299,0
2015-03-06,16:05:00,5.35,5.35,5.35,5.35,243,0
2015-03-06,16:50:00,5.35,5.35,5.35,5.35,254,0
2015-03-09,09:20:00,5.6,5.6,5.6,5.6,1000,0
2015-03-09,09:30:00,5.7,5.72,5.7,5.7,464,0
2015-03-09,09:35:00,5.67,5.67,5.67,5.67,231,0
2015-03-09,10:10:00,5.99,5.99,5.99,5.99,500,0
2015-03-09,15:30:00,7,7,7,7,39237,0
2015-03-09,16:05:00,7.09,7.09,7.09,7.09,750,0
2015-03-09,16:10:00,7.09,7.09,7.09,7.09,965,0
2015-03-09,16:15:00,7,7,7,7,300,0
2015-03-09,16:25:00,7.09,7.09,7.09,7.09,159,0
2015-03-09,16:30:00,6.91,6.91,6.9,6.9,180,0
2015-03-09,16:35:00,7,7,6.7,6.7,340,0
2015-03-09,16:40:00,6.99,6.99,6.99,6.99,50,0
2015-03-09,16:50:00,6.6,6.6,6.6,6.6,20,0
2015-03-10,09:05:00,6.89,6.9,6.41,6.41,9330,0
2015-03-10,09:10:00,6.43,6.43,6.21,6.21,1500,0
2015-03-10,09:20:00,6.49,6.49,6.49,6.49,201,0
2015-03-10,09:40:00,6.22,6.22,6.21,6.21,763,0
2015-03-10,11:55:00,6.21,6.21,6.21,6.21,388,0
2015-03-10,12:10:00,6.21,6.21,6.21,6.21,212,0
2015-03-10,12:30:00,6.45,6.45,6.45,6.45,15500,0
2015-03-10,13:55:00,6.2,6.2,6.2,6.2,665,0
2015-03-10,14:45:00,6.1,6.1,6,6,966,0
2015-03-10,16:50:00,5.96,5.96,5.96,5.96,80,0
2015-03-11,09:05:00,6.19,6.19,6.19,6.19,148,0
2015-03-11,09:55:00,6.18,6.18,6.18,6.18,2000,0
2015-03-11,13:00:00,6.19,6.19,6.19,6.19,250,0
2015-03-11,13:10:00,6,6,5.9,5.9,250,0
2015-03-11,16:20:00,5.9,5.9,5.9,5.9,159,0
2015-03-12,09:05:00,6.15,6.15,6.15,6.15,1,0
2015-03-12,09:30:00,6.15,6.15,6.15,6.15,322,0
2015-03-12,11:40:00,5.9,5.9,5.9,5.9,450,0
2015-03-12,15:05:00,5.9,5.9,5.9,5.9,60,0
2015-03-12,15:25:00,5.9,5.9,5.9,5.9,25,0
2015-03-12,16:00:00,5.9,5.9,5.9,5.9,4350,0
2015-03-12,16:30:00,5.9,6.2,5.9,6.2,5904,0
2015-03-12,16:40:00,6.44,6.44,6.44,6.44,1,0
2015-03-13,09:05:00,6.38,6.38,6.38,6.38,52,0
2015-03-13,09:30:00,6.2,6.2,6.2,6.2,274,0
2015-03-13,10:25:00,6.19,6.19,6.19,6.19,317,0
2015-03-13,10:30:00,6,6,6,6,43,0
2015-03-13,12:45:00,6.19,6.19,6.19,6.19,1000,0
2015-03-13,13:10:00,6.19,6.19,6.19,6.19,80,0
2015-03-13,16:00:00,6.19,6.19,6.19,6.19,413,0
2015-03-13,16:25:00,6.19,6.42,6.19,6.42,1133,0
2015-03-13,16:30:00,6.6,6.75,6.6,6.75,81,0
2015-03-16,09:10:00,6.75,6.75,6.75,6.75,1,0
2015-03-16,09:25:00,6.74,6.74,6.74,6.74,17,0
2015-03-16,09:50:00,6.74,6.75,6.74,6.75,1639,0
2015-03-16,12:40:00,6.77,6.77,6.77,6.77,200,0
2015-03-16,12:50:00,6.77,6.77,6.77,6.77,391,0
2015-03-16,15:00:00,6.77,6.77,6.77,6.77,300,0
2015-03-16,15:30:00,6.77,6.77,6.77,6.77,17,0
2015-03-16,16:25:00,6.9,6.9,6.9,6.9,99,0
2015-03-16,16:50:00,6.9,6.9,6.9,6.9,80,0
2015-03-17,09:05:00,7,7,7,7,1,0
2015-03-17,10:25:00,6.8,6.8,6.8,6.8,50,0
2015-03-17,12:40:00,6.8,6.8,6.77,6.77,1900,0
2015-03-17,15:40:00,6.85,6.85,6.85,6.85,1,0
2015-03-18,09:30:00,6.85,6.85,6.85,6.85,17,0
2015-03-19,10:40:00,6.55,6.55,6.53,6.53,6400,0
2015-03-19,11:10:00,6.53,6.53,6.53,6.53,52,0
2015-03-19,11:15:00,6.19,6.19,6.19,6.19,3744,0
2015-03-19,12:30:00,6.21,6.21,6.2,6.2,838,0
2015-03-19,13:25:00,6.2,6.2,6.2,6.2,2759,0
2015-03-19,15:30:00,6.34,6.34,6.34,6.34,250,0
2015-03-20,09:05:00,6.47,6.47,6.47,6.47,1,0
2015-03-20,10:35:00,6.38,6.38,6.38,6.38,130,0
2015-03-20,12:25:00,6.3,6.3,6.3,6.3,190,0
2015-03-20,12:30:00,6.37,6.37,6.37,6.37,38,0
2015-03-20,16:50:00,6.32,6.32,6.32,6.32,51,0
2015-03-23,09:05:00,6.19,6.19,6.19,6.19,1000,0
2015-03-23,09:30:00,6.47,6.47,6.47,6.47,30,0
2015-03-23,16:35:00,6.21,6.39,6.06,6.06,4949,0
2015-03-23,16:50:00,6.19,6.19,6.19,6.19,3,0
2015-03-24,09:05:00,6.18,6.18,6.18,6.18,1,0
2015-03-24,11:10:00,5.87,6.15,5.87,6.15,507,0
2015-03-24,11:30:00,5.86,6.14,5.86,5.86,1360,0
2015-03-24,11:35:00,5.61,5.61,5.61,5.61,399,0
2015-03-24,15:40:00,5.65,5.65,5.65,5.65,300,0
2015-03-24,16:50:00,5.8,5.8,5.8,5.8,10,0
2015-03-25,11:00:00,5.75,5.75,5.75,5.75,1000,0
2015-03-25,11:45:00,5.7,5.7,5.7,5.7,30,0
2015-03-25,14:55:00,5.65,5.65,5.65,5.65,77,0
2015-03-25,15:40:00,5.65,5.65,5.56,5.56,122,0
2015-03-25,16:50:00,5.56,5.56,5.56,5.56,18,0
2015-03-26,09:05:00,5.56,5.56,5.56,5.56,1651,0
2015-03-26,09:45:00,5.56,5.56,5.56,5.56,650,0
2015-03-26,16:40:00,5.56,5.56,5.56,5.56,800,0
2015-03-26,16:45:00,5.75,5.75,5.75,5.75,10,0
2015-03-27,09:05:00,5.75,5.75,5.75,5.75,156,0
2015-03-30,09:05:00,5.75,5.75,5.75,5.75,1144,0
2015-03-30,09:10:00,5.75,5.75,5.75,5.75,131,0
2015-03-30,09:20:00,5.83,5.83,5.83,5.83,1275,0
2015-03-30,09:35:00,5.83,5.83,5.83,5.83,11,0
2015-03-30,09:40:00,6,6,6,6,3000,0
2015-03-30,09:45:00,6,6.15,6,6.15,2017,0
2015-03-30,10:15:00,5.9,5.9,5.9,5.9,438,0
2015-03-31,10:15:00,6.1,6.1,6.1,6.1,1,0
2015-04-01,11:55:00,6.1,6.1,6.1,6.1,1,0
2015-04-01,13:55:00,6.05,6.05,5.85,5.85,179,0
2015-04-01,14:00:00,5.85,5.85,5.85,5.85,80,0
2015-04-02,09:05:00,5.85,5.85,5.85,5.85,1,0
2015-04-02,14:50:00,5.87,5.87,5.87,5.87,300,0
2015-04-07,09:15:00,5.88,5.88,5.88,5.88,80,0
2015-04-07,16:35:00,5.75,5.75,5.75,5.75,1200,0
2015-04-08,11:50:00,5.79,5.79,5.74,5.74,321,0
2015-04-13,09:05:00,5.74,5.74,5.74,5.74,1,0
2015-04-13,09:15:00,5.74,5.74,5.74,5.74,273,0
2015-04-13,14:35:00,5.76,5.76,5.76,5.76,400,0
2015-04-15,09:05:00,5.76,5.76,5.76,5.76,1,0
2015-04-15,15:00:00,5.53,5.53,5.53,5.53,51,0
2015-04-17,12:15:00,5.79,5.79,5.53,5.53,400,0
2015-04-21,12:30:00,5.65,5.65,5.65,5.65,1001,0
2015-04-21,12:40:00,5.64,5.64,5.64,5.64,1,0
2015-04-21,13:25:00,5.55,5.55,5.55,5.55,199,0
2015-04-21,13:50:00,5.75,5.75,5.75,5.75,10,0
2015-04-21,15:25:00,5.75,5.75,5.75,5.75,50,0
2015-04-21,16:50:00,5.75,5.75,5.75,5.75,1340,0
2015-04-22,09:05:00,6.1,6.1,6.1,6.1,1,0
2015-04-22,10:00:00,5.98,5.98,5.98,5.98,1300,0
2015-04-22,10:45:00,5.8,5.8,5.8,5.8,123,0
2015-04-22,16:25:00,5.87,5.87,5.87,5.87,80,0
2015-04-23,09:05:00,6.09,6.09,6.09,6.09,678,0
2015-04-23,09:20:00,6.09,6.09,6.09,6.09,400,0
2015-04-23,09:35:00,6.09,6.09,6.09,6.09,30,0
2015-04-23,09:40:00,6.08,6.08,6.08,6.08,1,0
2015-04-23,09:50:00,5.82,5.82,5.82,5.82,200,0
2015-04-23,10:50:00,5.82,5.82,5.82,5.82,5000,0
2015-04-23,11:15:00,5.82,5.82,5.82,5.82,80,0
2015-04-23,12:15:00,6.08,6.08,6.08,6.08,1,0
2015-04-23,12:50:00,6.08,6.08,6.08,6.08,490,0
2015-04-23,13:40:00,6.08,6.08,6.08,6.08,5,0
2015-04-24,10:55:00,6.08,6.08,6.08,6.08,1,0
2015-04-24,11:45:00,6.08,6.08,6.08,6.08,75,0
2015-04-24,12:00:00,6.08,6.08,6.08,6.08,4,0
2015-04-24,15:30:00,6.09,6.68,6.09,6.68,1795,0
2015-04-27,09:05:00,6.49,6.49,6.49,6.49,340,0
2015-04-27,09:15:00,6.49,6.49,6.49,6.49,69,0
2015-04-27,09:40:00,6.49,6.49,6.49,6.49,831,0
2015-04-27,14:25:00,6.45,6.45,6.45,6.45,500,0
2015-04-27,16:50:00,6.48,6.48,6.48,6.48,150,0
2015-04-28,09:05:00,6.48,6.48,6.48,6.48,200,0
2015-04-29,09:05:00,6.18,6.18,6.18,6.18,400,0
2015-04-29,11:25:00,6.2,6.2,6.2,6.2,20,0
2015-04-29,14:20:00,6.18,6.18,6.18,6.18,176,0
2015-04-30,16:50:00,6.48,6.48,6.48,6.48,1,0
2015-05-04,13:35:00,6.35,6.35,6.35,6.35,1,0
2015-05-05,09:05:00,6.18,6.18,6.18,6.18,468,0
2015-05-06,09:05:00,6.18,6.18,6.18,6.18,519,0
2015-05-06,10:25:00,6.3,6.3,6.3,6.3,120,0
2015-05-06,14:25:00,6.2,6.2,6.2,6.2,250,0
2015-05-07,09:05:00,6.18,6.18,6.18,6.18,603,0
2015-05-07,13:35:00,6.05,6.05,5.9,5.9,180,0
2015-05-08,09:05:00,5.9,5.9,5.9,5.9,60,0
2015-05-08,10:15:00,5.9,5.9,5.9,5.9,1333,0
2015-05-08,16:45:00,5.87,5.87,5.87,5.87,500,0
2015-05-12,12:45:00,5.86,5.86,5.86,5.86,405,0
2015-05-12,13:05:00,5.86,5.86,5.86,5.86,895,0
2015-05-12,15:45:00,5.85,5.85,5.85,5.85,1,0
2015-05-13,11:55:00,5.6,5.6,5.6,5.6,69,0
2015-05-13,14:45:00,5.75,5.75,5.75,5.75,700,0
2015-05-13,15:45:00,6.2,6.2,6.2,6.2,200,0
2015-05-14,09:05:00,5.9,5.9,5.9,5.9,20,0
2015-05-14,16:40:00,6.15,6.15,6.15,6.15,100,0
2015-05-15,14:10:00,6.15,6.15,6.15,6.15,8,0
2015-05-15,15:50:00,6.14,6.14,6.14,6.14,10,0
2015-05-18,09:15:00,5.9,5.9,5.9,5.9,700,0
2015-05-18,09:20:00,5.9,5.9,5.9,5.9,337,0
2015-05-18,09:50:00,5.67,5.67,5.67,5.67,190,0
2015-05-18,10:25:00,5.67,5.67,5.67,5.67,595,0
2015-05-18,11:45:00,5.9,5.9,5.9,5.9,1292,0
2015-05-18,12:00:00,5.92,5.92,5.9,5.9,2694,0
2015-05-18,12:45:00,5.88,5.88,5.88,5.88,30,0
2015-05-18,13:20:00,5.88,5.89,5.88,5.89,1000,0
2015-05-19,09:05:00,5.88,5.88,5.88,5.88,40000,0
2015-05-19,15:30:00,5.88,5.88,5.88,5.88,25000,0
2015-05-19,16:50:00,5.87,5.87,5.87,5.87,1,0
2015-05-20,10:05:00,5.87,5.87,5.87,5.87,1300,0
2015-05-20,12:40:00,5.86,5.86,5.86,5.86,1,0
2015-05-20,16:50:00,5.88,5.88,5.88,5.88,1,0
2015-05-21,10:15:00,5.88,5.88,5.88,5.88,1,0
2015-05-21,10:30:00,5.87,5.87,5.87,5.87,20000,0
2015-05-21,15:00:00,5.8,5.84,5.8,5.84,2615,0
2015-05-21,15:05:00,5.87,5.87,5.87,5.87,1930,0
2015-05-21,15:15:00,5.87,5.87,5.87,5.87,3400,0
2015-05-21,15:20:00,5.87,5.87,5.87,5.87,4000,0
2015-05-21,15:40:00,5.87,5.87,5.87,5.87,650,0
2015-05-21,16:50:00,5.87,5.87,5.87,5.87,1,0
2015-05-22,09:15:00,5.87,5.87,5.87,5.87,15000,0
2015-05-22,11:50:00,5.87,5.87,5.87,5.87,2500,0
2015-05-22,16:35:00,5.87,5.87,5.87,5.87,1000,0
2015-05-22,16:50:00,5.87,5.87,5.87,5.87,41500,0
2015-05-25,09:05:00,5.88,5.88,5.88,5.88,100,0
2015-05-26,11:55:00,5.88,5.88,5.88,5.88,1,0
2015-05-27,09:35:00,5.88,5.88,5.88,5.88,1,0
2015-05-28,11:40:00,5.87,5.87,5.85,5.85,101,0
2015-05-29,09:30:00,5.87,5.87,5.87,5.87,1,0
2015-05-29,09:45:00,5.7,5.7,5.7,5.7,20,0
2015-05-29,15:10:00,5.83,5.83,5.83,5.83,5,0
2015-06-01,10:00:00,5.87,5.87,5.87,5.87,1,0
2015-06-02,09:05:00,5.83,5.83,5.83,5.83,1,0
2015-06-02,09:55:00,5.7,5.7,5.7,5.7,330,0
2015-06-02,11:05:00,5.83,5.83,5.83,5.83,134,0
2015-06-03,09:50:00,5.83,5.83,5.83,5.83,1,0
2015-06-05,09:25:00,5.83,5.83,5.83,5.83,1,0
2015-06-05,11:45:00,5.83,5.83,5.83,5.83,88,0
2015-06-05,16:00:00,5.7,5.7,5.7,5.7,649,0
2015-06-05,16:05:00,5.61,5.61,5.61,5.61,1400,0
2015-06-05,16:25:00,5.83,5.83,5.83,5.83,5,0
2015-06-08,09:05:00,5.83,5.83,5.83,5.83,1,0
2015-06-08,10:55:00,5.5,5.5,5.5,5.5,500,0
2015-06-08,16:00:00,5.65,5.65,5.65,5.65,5,0
2015-06-09,09:05:00,5.65,5.65,5.65,5.65,1,0
2015-06-09,10:15:00,5.5,5.5,5.5,5.5,500,0
2015-06-09,10:55:00,5.5,5.5,5.5,5.5,299,0
2015-06-09,11:20:00,5.5,5.5,5.5,5.5,80,0
2015-06-09,12:50:00,5.5,5.5,5.5,5.5,1000,0
2015-06-09,12:55:00,5.25,5.25,5.25,5.25,1500,0
2015-06-09,13:15:00,5.25,5.25,5.25,5.25,1500,0
2015-06-09,13:25:00,5.25,5.25,5.25,5.25,4500,0
2015-06-10,10:20:00,5.33,5.33,5.33,5.33,1458,0
2015-06-10,12:30:00,5.56,5.56,5.56,5.56,100,0
2015-06-10,12:35:00,5.56,5.56,5.56,5.56,300,0
2015-06-10,12:40:00,5.56,5.56,5.56,5.56,800,0
2015-06-10,12:50:00,5.56,5.56,5.56,5.56,300,0
2015-06-10,12:55:00,5.8,5.8,5.8,5.8,1000,0
2015-06-10,13:00:00,5.8,5.8,5.8,5.8,3000,0
2015-06-10,14:40:00,5.85,5.85,5.85,5.85,1455,0
2015-06-11,09:05:00,5.86,5.86,5.86,5.86,1,0
2015-06-11,13:05:00,5.84,5.84,5.84,5.84,50,0
2015-06-12,09:40:00,5.84,5.84,5.84,5.84,1,0
2015-06-15,10:20:00,5.84,5.84,5.84,5.84,1,0
2015-06-15,16:50:00,5.84,5.84,5.84,5.84,1,0
2015-06-16,09:05:00,5.84,5.84,5.84,5.84,1,0
2015-06-16,09:55:00,5.6,5.6,5.6,5.6,1500,0
2015-06-16,16:50:00,5.58,5.58,5.58,5.58,10,0
2015-06-17,09:15:00,5.57,5.57,5.57,5.57,1,0
2015-06-17,09:20:00,5.32,5.32,5.32,5.32,1500,0
2015-06-17,10:50:00,5.2,5.2,5.2,5.2,1500,0
2015-06-17,11:20:00,5.21,5.21,5.21,5.21,400,0
2015-06-17,11:55:00,5.28,5.3,5.2,5.2,3290,0
2015-06-17,12:50:00,5.1,5.1,5.1,5.1,459,0
2015-06-17,14:30:00,5.1,5.1,5.1,5.1,1000,0
2015-06-17,14:35:00,5.05,5.05,5.05,5.05,1500,0
2015-06-17,16:50:00,5.05,5.05,5.05,5.05,566,0
2015-06-18,09:05:00,4.81,4.81,4.81,4.81,1500,0
2015-06-18,11:45:00,4.99,4.99,4.99,4.99,50,0
2015-06-18,14:45:00,4.99,4.99,4.99,4.99,130,0
2015-06-18,15:40:00,4.99,5.24,4.99,5.24,1450,0
2015-06-19,09:30:00,5.24,5.24,5.24,5.24,70,0
2015-06-19,11:00:00,5.24,5.24,5.24,5.24,950,0
2015-06-19,11:15:00,5.24,5.5,5.24,5.5,1523,0
2015-06-19,12:25:00,5.28,5.28,5.1,5.1,1800,0
2015-06-19,13:25:00,5.39,5.4,5.39,5.4,1424,0
2015-06-19,14:45:00,5.4,5.4,5.4,5.4,76,0
2015-06-19,16:40:00,5.48,5.48,5.48,5.48,5,0
2015-06-22,09:05:00,5.35,5.35,5.35,5.35,77,0
2015-06-23,09:35:00,5.1,5.35,5.1,5.35,1532,0
2015-06-24,11:15:00,5.14,5.14,5.1,5.1,118,0
2015-06-25,09:20:00,5.15,5.15,5.15,5.15,32,0
2015-06-25,09:25:00,5.14,5.14,5,5,1811,0
2015-06-25,09:30:00,4.91,5.15,4.91,5.15,1180,0
2015-06-25,16:40:00,5.15,5.15,5.15,5.15,7,0
2015-06-29,09:05:00,4.91,4.91,4.91,4.91,1185,0
2015-06-29,16:35:00,5.1,5.15,5.1,5.15,1866,0
2015-06-29,16:50:00,5.4,5.4,5.4,5.4,134,0
2015-06-30,09:05:00,5.4,5.4,5.4,5.4,634,0
2015-07-01,11:10:00,5.1,5.1,5,5,1750,0
2015-07-01,11:40:00,5,5,5,5,850,0
2015-07-03,10:05:00,5,5,5,5,2,0
2015-07-03,12:50:00,5,5,5,5,55,0
2015-07-03,16:50:00,5,5,5,5,942,0
2015-07-06,09:05:00,4.95,4.95,4.9,4.9,150,0
2015-07-06,10:05:00,4.9,4.9,4.9,4.9,20,0
2015-07-08,10:10:00,4.87,4.87,4.87,4.87,1,0
2015-07-08,10:25:00,4.87,4.87,4.86,4.86,730,0
2015-07-09,11:30:00,4.86,4.86,4.86,4.86,2,0
2015-07-09,16:50:00,5.09,5.09,5.09,5.09,83,0
2015-07-10,09:30:00,5.1,5.1,5.1,5.1,1,0
2015-07-13,09:35:00,5.1,5.1,5.1,5.1,1,0
2015-07-14,14:25:00,5.1,5.1,5.1,5.1,1,0
2015-07-17,15:15:00,5.1,5.1,5.1,5.1,1,0
2015-07-22,16:45:00,4.77,4.77,4.7,4.7,1401,0
2015-07-23,09:15:00,4.77,4.77,4.77,4.77,100,0
2015-07-23,16:25:00,4.67,4.67,4.67,4.67,630,0
2015-07-24,09:45:00,4.54,4.54,4.54,4.54,500,0
2015-07-24,15:40:00,4.53,4.53,4.53,4.53,83,0
2015-07-24,16:50:00,4.7,4.7,4.7,4.7,4,0
2015-07-27,10:40:00,4.55,4.55,4.55,4.55,290,0
2015-07-27,16:50:00,4.7,4.7,4.7,4.7,4,0
2015-07-28,10:00:00,4.7,4.7,4.7,4.7,1000,0
2015-07-28,10:05:00,4.7,4.7,4.7,4.7,592,0
2015-07-28,14:10:00,4.99,4.99,4.99,4.99,1,0
2015-07-28,16:05:00,4.83,4.83,4.83,4.83,155,0
2015-08-04,12:15:00,4.79,4.79,4.79,4.79,1,0
2015-08-05,09:05:00,4.79,4.79,4.79,4.79,1,0
2015-08-07,09:05:00,4.78,4.78,4.78,4.78,1,0
2015-08-10,09:05:00,4.78,4.78,4.78,4.78,1,0
2015-08-11,14:45:00,4.78,4.79,4.78,4.79,1000,0
2015-08-12,13:45:00,4.78,4.78,4.78,4.78,126,0
2015-08-12,14:20:00,4.79,4.79,4.79,4.79,278,0
2015-08-14,09:10:00,4.78,4.78,4.78,4.78,632,0
2015-08-19,14:30:00,4.58,4.58,4.58,4.58,1056,0
2015-08-19,14:50:00,4.66,4.66,4.66,4.66,155,0
2015-08-20,10:50:00,4.78,4.78,4.78,4.78,1,0
2015-08-21,09:35:00,4.78,4.78,4.78,4.78,1,0
2015-08-24,10:35:00,4.5,4.5,4.5,4.5,10,0
2015-08-24,16:00:00,4.55,4.55,4.55,4.55,1000,0
2015-08-24,16:50:00,4.66,4.66,4.66,4.66,2,0
2015-08-25,11:10:00,4.5,4.5,4.5,4.5,43,0
2015-08-26,12:55:00,4.5,4.5,4.5,4.5,355,0
2015-08-26,14:05:00,4.66,4.66,4.66,4.66,11,0
2015-08-27,09:20:00,4.69,4.69,4.69,4.69,18278,0
2015-08-28,09:35:00,4.7,4.7,4.7,4.7,210,0
2015-08-31,16:50:00,4.7,5,4.7,5,2550,0
2015-09-01,09:10:00,4.68,4.68,4.68,4.68,248,0
2015-09-01,09:15:00,4.67,4.67,4.67,4.67,262,0
2015-09-01,10:15:00,4.67,4.67,4.67,4.67,1606,0
2015-09-01,10:20:00,4.39,4.39,4.39,4.39,99,0
2015-09-01,10:25:00,4.4,4.4,4.4,4.4,400,0
2015-09-01,16:45:00,4.61,4.61,4.61,4.61,10,0
2015-09-03,12:00:00,4.61,4.61,4.61,4.61,500,0
2015-09-07,16:50:00,4.58,4.58,4.58,4.58,20,0
2015-09-08,13:20:00,4.62,4.62,4.62,4.62,1701,0
2015-09-08,15:05:00,4.53,4.53,4.5,4.5,4500,0
2015-09-08,15:55:00,4.5,4.5,4.5,4.5,3000,0
2015-09-09,09:25:00,4.5,4.5,4.5,4.5,10,0
2015-09-09,12:10:00,4.49,4.5,4.49,4.5,519,0
2015-09-11,12:10:00,4.5,4.5,4.5,4.5,50,0
2015-09-15,15:35:00,4.64,4.64,4.64,4.64,200,0
2015-09-15,16:00:00,4.5,4.5,4.5,4.5,4000,0
2015-09-15,16:05:00,4.5,4.5,4.5,4.5,6000,0
2015-09-15,16:25:00,4.5,4.5,4.5,4.5,1000,0
2015-09-16,09:40:00,4.42,4.42,4.42,4.42,10,0
2015-09-16,11:15:00,4.5,4.5,4.5,4.5,190,0
2015-09-16,11:50:00,4.5,4.5,4.5,4.5,1457,0
2015-09-18,09:25:00,4.5,4.5,4.5,4.5,200,0
2015-09-21,09:15:00,4.5,4.5,4.5,4.5,10,0
2015-09-23,13:40:00,4.5,4.5,4.5,4.5,200,0
2015-09-24,10:40:00,4.5,4.5,4.5,4.5,10,0
2015-09-24,12:15:00,4.5,4.5,4.5,4.5,490,0
2015-09-25,09:20:00,4.64,4.64,4.64,4.64,5,0
2015-09-25,13:20:00,4.5,4.5,4.5,4.5,200,0
2015-09-25,14:10:00,4.42,4.42,4.42,4.42,143,0
2015-09-25,14:20:00,4.42,4.42,4.42,4.42,1697,0
2015-09-30,16:40:00,4.4,4.51,4.4,4.51,4000,0
2015-09-30,16:50:00,4.51,4.98,4.51,4.98,5000,0
2015-10-01,09:05:00,5,5,5,5,15,0
2015-10-01,10:40:00,4.76,4.76,4.76,4.76,499,0
2015-10-01,14:00:00,4.75,4.75,4.75,4.75,1579,0
2015-10-01,16:50:00,4.72,4.72,4.72,4.72,350,0
2015-10-02,09:15:00,4.76,4.76,4.76,4.76,5,0
2015-10-05,10:15:00,4.76,4.76,4.76,4.76,5,0
2015-10-05,13:50:00,4.55,4.55,4.55,4.55,17,0
2015-10-06,11:10:00,4.76,4.76,4.76,4.76,5,0
2015-10-07,10:00:00,4.76,4.76,4.76,4.76,134,0
2015-10-07,12:00:00,4.77,4.77,4.77,4.77,20,0
2015-10-07,15:50:00,4.77,4.77,4.77,4.77,1573,0
2015-10-08,09:25:00,4.7,4.7,4.7,4.7,1596,0
2015-10-08,12:20:00,4.82,4.82,4.82,4.82,1557,0
2015-10-08,14:30:00,4.93,5,4.93,5,2198,0
2015-10-08,15:05:00,4.95,4.95,4.95,4.95,1516,0
2015-10-08,16:05:00,5.19,5.19,5.19,5.19,200,0
2015-10-08,16:50:00,5.17,5.17,5.17,5.17,95,0
2015-10-09,09:05:00,5.2,5.2,5.2,5.2,60,0
2015-10-09,11:10:00,5.2,5.2,5.2,5.2,859,0
2015-10-09,11:20:00,5.2,5.24,5.2,5.24,1513,0
2015-10-09,11:55:00,5.48,5.48,5.48,5.48,347,0
2015-10-09,15:45:00,5.4,5.4,5.4,5.4,1389,0
2015-10-09,16:35:00,5.6,5.6,5.6,5.6,1340,0
2015-10-09,16:50:00,5.73,5.73,5.73,5.73,1030,0
2015-10-12,09:05:00,6.2,6.2,6.2,6.2,405,0
2015-10-12,09:30:00,6.4,6.4,6.4,6.4,1000,0
2015-10-12,09:40:00,6.4,6.4,6.4,6.4,400,0
2015-10-12,10:20:00,6.48,6.48,6.48,6.48,400,0
2015-10-12,10:45:00,6.41,6.41,6.41,6.41,50,0
2015-10-12,11:55:00,6.1,6.1,6.1,6.1,1230,0
2015-10-12,16:20:00,5.9,5.9,5.9,5.9,95,0
2015-10-12,16:50:00,6.12,6.12,6.12,6.12,175,0
2015-10-13,09:05:00,6.12,6.12,6.12,6.12,100,0
2015-10-13,09:55:00,6.1,6.1,6.1,6.1,200,0
2015-10-13,12:45:00,6.12,6.12,6.12,6.12,1200,0
2015-10-13,13:55:00,6.12,6.14,6.12,6.14,1747,0
2015-10-13,15:10:00,6.14,6.14,6.14,6.14,1353,0
2015-10-14,09:05:00,6.32,6.32,6.32,6.32,228,0
2015-10-14,09:40:00,6.05,6.05,6.05,6.05,1240,0
2015-10-14,10:10:00,6.14,6.14,6.14,6.14,1222,0
2015-10-14,10:25:00,6.14,6.14,6.14,6.14,228,0
2015-10-14,11:35:00,6.05,6.05,6.05,6.05,1240,0
2015-10-15,09:50:00,5.95,5.95,5.95,5.95,1261,0
2015-10-15,16:25:00,5.9,5.9,5.9,5.9,405,0
2015-10-16,09:50:00,6,6,6,6,5,0
2015-10-16,14:15:00,6,6,6,6,135,0
2015-10-19,09:05:00,6.07,6.07,6.07,6.07,50,0
2015-10-20,09:05:00,6.05,6.05,6.05,6.05,50,0
2015-10-21,09:05:00,6.07,6.07,6.07,6.07,50,0
2015-10-22,09:05:00,6.05,6.05,6.05,6.05,5,0
2015-10-23,09:05:00,6.05,6.05,6.05,6.05,5,0
2015-10-23,11:00:00,6.05,6.05,6.05,6.05,60,0
2015-10-23,12:00:00,6.05,6.05,6.05,6.05,820,0
2015-10-23,16:50:00,6.05,6.05,6.05,6.05,65,0
2015-10-26,09:05:00,6.1,6.1,6.1,6.1,2,0
2015-10-26,09:50:00,6.1,6.1,6.1,6.1,48,0
2015-10-27,09:05:00,6.09,6.09,6.09,6.09,5,0
2015-10-27,11:05:00,6.09,6.09,6.09,6.09,95,0
2015-10-27,11:35:00,6.1,6.14,6.1,6.14,4000,0
2015-10-27,11:40:00,6.14,6.17,6.14,6.17,3557,0
2015-10-27,16:25:00,6.01,6.01,6.01,6.01,40,0
2015-10-27,16:50:00,6.22,6.22,6.22,6.22,5,0
2015-10-28,09:05:00,6.22,6.22,6.22,6.22,67,0
2015-10-28,11:50:00,6.19,6.19,6.19,6.19,72,0
2015-10-29,09:05:00,6.09,6.09,6.09,6.09,5,0
2015-10-29,09:40:00,5.95,5.95,5.95,5.95,1261,0
2015-10-29,10:25:00,6.08,6.08,6.08,6.08,5,0
2015-10-29,12:00:00,5.85,5.95,5.85,5.95,2698,0
2015-10-29,13:05:00,5.95,5.95,5.95,5.95,43,0
2015-10-30,15:25:00,5.96,5.96,5.96,5.96,4,0
2015-11-02,09:05:00,5.95,5.95,5.95,5.95,5,0
2015-11-02,09:10:00,5.9,5.9,5.9,5.9,800,0
2015-11-03,09:05:00,5.87,5.87,5.87,5.87,15,0
2015-11-04,09:05:00,5.78,5.78,5.78,5.78,25,0
2015-11-04,09:25:00,5.63,5.63,5.63,5.63,3000,0
2015-11-04,10:55:00,5.4,5.4,5.4,5.4,1389,0
2015-11-05,09:05:00,5.17,5.17,5.17,5.17,1451,0
2015-11-05,10:10:00,5.24,5.24,5.24,5.24,200,0
2015-11-05,12:35:00,5.1,5.1,5,5,2500,0
2015-11-05,12:40:00,4.85,4.85,4.85,4.85,200,0
2015-11-05,14:05:00,5.09,5.09,5.09,5.09,1474,0
2015-11-05,14:30:00,5.19,5.19,5.19,5.19,1446,0
2015-11-05,15:00:00,5.19,5.19,5.19,5.19,454,0
2015-11-05,16:45:00,5.25,5.25,5.25,5.25,20,0
2015-11-06,09:05:00,5.1,5.1,5.1,5.1,60,0
2015-11-09,10:45:00,4.95,4.95,4.95,4.95,50,0
2015-11-09,16:45:00,5.19,5.19,5.19,5.19,4,0
2015-11-10,09:05:00,5.15,5.19,4.95,5.19,1918,0
2015-11-10,09:20:00,5.24,5.24,5.24,5.24,1000,0
2015-11-10,12:50:00,5.24,5.24,5.24,5.24,120,0
2015-11-10,16:50:00,5.33,5.33,5.33,5.33,1,0
