Date,Time,Open,High,Low,Close,Volume,OpenInt
2015-08-10,09:05:00,10.737,10.737,10.701,10.701,2117,0
2015-08-10,09:10:00,10.701,10.701,10.701,10.701,221,0
2015-08-10,09:15:00,10.701,10.701,10.701,10.701,908,0
2015-08-10,09:25:00,10.701,10.701,10.701,10.701,221,0
2015-08-10,09:40:00,10.701,10.701,10.701,10.701,121,0
2015-08-10,09:50:00,10.701,10.764,10.701,10.764,5514,0
2015-08-10,10:00:00,10.701,10.701,10.701,10.701,662,0
2015-08-10,10:15:00,10.746,10.746,10.746,10.746,441,0
2015-08-10,10:25:00,10.701,10.701,10.701,10.701,331,0
2015-08-10,10:50:00,10.701,10.701,10.701,10.701,221,0
2015-08-10,11:10:00,10.701,10.746,10.701,10.746,1103,0
2015-08-10,11:25:00,10.737,10.737,10.737,10.737,55,0
2015-08-10,11:30:00,10.737,10.737,10.737,10.737,55,0
2015-08-10,11:50:00,10.737,10.737,10.737,10.737,546,0
2015-08-10,12:10:00,10.737,10.737,10.737,10.737,2299,0
2015-08-10,12:20:00,10.737,10.737,10.701,10.701,1116,0
2015-08-10,12:25:00,10.701,10.701,10.701,10.701,551,0
2015-08-10,12:40:00,10.737,10.737,10.737,10.737,2757,0
2015-08-10,12:50:00,10.701,10.701,10.701,10.701,331,0
2015-08-10,13:30:00,10.701,10.701,10.701,10.701,992,0
2015-08-10,14:05:00,10.701,10.701,10.701,10.701,518,0
2015-08-10,14:10:00,10.701,10.701,10.701,10.701,232,0
2015-08-10,14:15:00,10.701,10.701,10.701,10.701,1103,0
2015-08-10,14:25:00,10.701,10.701,10.701,10.701,271,0
2015-08-10,14:30:00,10.701,10.764,10.701,10.764,9099,0
2015-08-10,14:35:00,10.701,10.701,10.701,10.701,331,0
2015-08-10,14:45:00,10.746,10.746,10.746,10.746,926,0
2015-08-10,14:50:00,10.701,10.701,10.701,10.701,176,0
2015-08-10,15:00:00,10.701,10.701,10.701,10.701,380,0
2015-08-10,15:25:00,10.701,10.701,10.701,10.701,1478,0
2015-08-10,15:50:00,10.746,10.746,10.701,10.701,573,0
2015-08-10,16:05:00,10.701,10.701,10.701,10.701,114,0
2015-08-10,16:15:00,10.701,10.701,10.701,10.701,429,0
2015-08-10,16:20:00,10.701,10.701,10.701,10.701,110,0
2015-08-10,16:30:00,10.692,10.692,10.692,10.692,110,0
2015-08-10,16:35:00,10.701,10.701,10.701,10.701,518,0
2015-08-10,16:40:00,10.701,10.701,10.701,10.701,132,0
2015-08-10,16:45:00,10.701,10.701,10.701,10.701,20,0
2015-08-10,16:50:00,10.701,10.701,10.683,10.701,842,0
2015-08-11,09:05:00,10.701,10.701,10.701,10.701,17,0
2015-08-11,09:15:00,10.701,10.701,10.701,10.701,551,0
2015-08-11,09:20:00,10.701,10.701,10.701,10.701,110,0
2015-08-11,09:45:00,10.701,10.701,10.701,10.701,154,0
2015-08-11,09:55:00,10.701,10.701,10.674,10.674,663,0
2015-08-11,10:20:00,10.683,10.701,10.683,10.701,65,0
2015-08-11,10:55:00,10.701,10.701,10.701,10.701,551,0
2015-08-11,11:05:00,10.701,10.701,10.701,10.701,368,0
2015-08-11,11:20:00,10.701,10.701,10.701,10.701,99,0
2015-08-11,11:40:00,10.701,10.701,10.701,10.701,508,0
2015-08-11,11:50:00,10.701,10.701,10.701,10.701,331,0
2015-08-11,12:10:00,10.692,10.692,10.655,10.655,1889,0
2015-08-11,13:10:00,10.701,10.701,10.701,10.701,110,0
2015-08-11,14:00:00,10.701,10.701,10.701,10.701,495,0
2015-08-11,14:35:00,10.719,10.737,10.719,10.737,5679,0
2015-08-11,14:55:00,10.71,10.737,10.71,10.737,254,0
2015-08-11,15:00:00,10.737,10.737,10.737,10.737,1323,0
2015-08-11,15:15:00,10.737,10.737,10.737,10.737,331,0
2015-08-11,15:20:00,10.701,10.701,10.701,10.701,154,0
2015-08-11,15:40:00,10.719,10.719,10.719,10.719,186,0
2015-08-11,15:55:00,10.701,10.701,10.683,10.683,1174,0
2015-08-11,16:15:00,10.701,10.701,10.701,10.701,441,0
2015-08-11,16:30:00,10.701,10.701,10.701,10.701,10,0
2015-08-11,16:50:00,10.701,10.701,10.701,10.701,380,0
2015-08-12,09:05:00,10.701,10.701,10.61,10.61,1776,0
2015-08-12,09:45:00,10.655,10.655,10.61,10.61,2372,0
2015-08-12,11:00:00,10.565,10.565,10.565,10.565,203,0
2015-08-12,12:50:00,10.583,10.583,10.583,10.583,83,0
2015-08-12,13:20:00,10.637,10.637,10.637,10.637,44,0
2015-08-12,13:30:00,10.637,10.637,10.637,10.637,110,0
2015-08-12,14:00:00,10.646,10.646,10.646,10.646,143,0
2015-08-12,14:30:00,10.646,10.646,10.646,10.646,441,0
2015-08-12,14:40:00,10.619,10.619,10.592,10.592,684,0
2015-08-12,14:55:00,10.646,10.646,10.646,10.646,153,0
2015-08-12,15:05:00,10.646,10.646,10.646,10.646,339,0
2015-08-12,15:25:00,10.61,10.61,10.61,10.61,187,0
2015-08-12,15:55:00,10.646,10.646,10.646,10.646,110,0
2015-08-12,16:35:00,10.646,10.646,10.646,10.646,668,0
2015-08-12,16:50:00,10.61,10.61,10.61,10.61,391,0
2015-08-13,09:05:00,10.674,10.674,10.61,10.61,454,0
2015-08-13,09:10:00,10.565,10.565,10.565,10.565,331,0
2015-08-13,09:25:00,10.565,10.565,10.565,10.565,33,0
2015-08-13,09:30:00,10.529,10.529,10.519,10.519,265,0
2015-08-13,09:35:00,10.519,10.519,10.519,10.519,657,0
2015-08-13,09:45:00,10.601,10.61,10.601,10.601,298,0
2015-08-13,10:50:00,10.574,10.574,10.565,10.565,265,0
2015-08-13,11:00:00,10.592,10.592,10.592,10.592,270,0
2015-08-13,11:15:00,10.556,10.556,10.556,10.556,6,0
2015-08-13,12:30:00,10.565,10.565,10.565,10.565,69,0
2015-08-13,12:45:00,10.519,10.519,10.519,10.519,1103,0
2015-08-13,12:55:00,10.529,10.529,10.529,10.529,484,0
2015-08-13,13:10:00,10.529,10.529,10.529,10.529,519,0
2015-08-13,13:50:00,10.565,10.565,10.565,10.565,331,0
2015-08-13,15:00:00,10.547,10.556,10.547,10.556,276,0
2015-08-13,15:45:00,10.556,10.556,10.556,10.556,110,0
2015-08-13,15:50:00,10.556,10.556,10.556,10.556,112,0
2015-08-13,15:55:00,10.565,10.565,10.565,10.565,110,0
2015-08-13,16:00:00,10.565,10.565,10.565,10.565,221,0
2015-08-13,16:20:00,10.556,10.556,10.556,10.556,1952,0
2015-08-13,16:35:00,10.565,10.565,10.565,10.565,331,0
2015-08-13,16:40:00,10.565,10.565,10.565,10.565,232,0
2015-08-14,09:05:00,10.601,10.601,10.601,10.601,1086,0
2015-08-14,09:40:00,10.519,10.519,10.519,10.519,221,0
2015-08-14,09:50:00,10.519,10.519,10.519,10.519,22,0
2015-08-14,10:10:00,10.519,10.519,10.519,10.519,695,0
2015-08-14,10:15:00,10.519,10.519,10.519,10.519,110,0
2015-08-14,10:30:00,10.519,10.519,10.519,10.519,171,0
2015-08-14,10:35:00,10.519,10.519,10.519,10.519,110,0
2015-08-14,10:50:00,10.519,10.519,10.519,10.519,143,0
2015-08-14,11:10:00,10.519,10.519,10.519,10.519,860,0
2015-08-14,11:20:00,10.574,10.574,10.574,10.574,143,0
2015-08-14,11:25:00,10.519,10.519,10.519,10.519,2,0
2015-08-14,11:30:00,10.574,10.574,10.574,10.574,204,0
2015-08-14,11:35:00,10.574,10.574,10.574,10.574,662,0
2015-08-14,11:45:00,10.574,10.574,10.574,10.574,75,0
2015-08-14,12:10:00,10.519,10.519,10.519,10.519,39,0
2015-08-14,12:35:00,10.519,10.519,10.519,10.519,9,0
2015-08-14,12:40:00,10.519,10.519,10.519,10.519,18,0
2015-08-14,13:00:00,10.51,10.51,10.51,10.51,110,0
2015-08-14,13:15:00,10.483,10.483,10.483,10.483,50,0
2015-08-14,13:30:00,10.483,10.483,10.483,10.483,55,0
2015-08-14,13:55:00,10.51,10.565,10.456,10.565,3465,0
2015-08-14,14:00:00,10.565,10.565,10.565,10.565,99,0
2015-08-14,14:10:00,10.565,10.565,10.565,10.565,221,0
2015-08-14,15:00:00,10.556,10.556,10.556,10.556,110,0
2015-08-14,15:15:00,10.556,10.556,10.556,10.556,221,0
2015-08-14,16:00:00,10.556,10.565,10.556,10.565,331,0
2015-08-14,16:10:00,10.565,10.565,10.565,10.565,243,0
2015-08-14,16:15:00,10.565,10.565,10.565,10.565,165,0
2015-08-14,16:20:00,10.565,10.565,10.474,10.474,1442,0
2015-08-14,16:25:00,10.456,10.456,10.429,10.429,2376,0
2015-08-14,16:40:00,10.519,10.529,10.519,10.529,175,0
2015-08-14,16:45:00,10.538,10.538,10.429,10.429,661,0
2015-08-14,16:50:00,10.429,10.474,10.429,10.474,1031,0
2015-08-17,09:05:00,10.32,10.32,9.794,9.794,5401,0
2015-08-17,09:10:00,9.794,9.948,9.794,9.948,275,0
2015-08-17,09:15:00,9.812,9.812,9.504,9.504,3356,0
2015-08-17,09:20:00,9.504,9.504,9.4947,9.4947,551,0
2015-08-17,09:25:00,9.83,9.885,9.83,9.885,993,0
2015-08-17,09:30:00,9.885,9.885,9.885,9.885,750,0
2015-08-17,09:35:00,9.794,9.794,9.794,9.794,1019,0
2015-08-17,09:40:00,9.712,9.712,9.576,9.576,601,0
2015-08-17,09:55:00,9.703,9.703,9.703,9.703,182,0
2015-08-17,10:05:00,9.785,9.785,9.622,9.767,593,0
2015-08-17,10:10:00,9.767,9.767,9.767,9.767,198,0
2015-08-17,10:15:00,9.776,9.776,9.776,9.776,28,0
2015-08-17,10:30:00,9.758,9.776,9.758,9.776,127,0
2015-08-17,10:35:00,9.776,9.794,9.776,9.794,1103,0
2015-08-17,10:40:00,9.794,9.794,9.794,9.794,221,0
2015-08-17,11:10:00,9.839,9.885,9.839,9.885,3310,0
2015-08-17,11:15:00,9.885,9.885,9.885,9.885,1709,0
2015-08-17,11:20:00,9.885,9.885,9.885,9.885,1333,0
2015-08-17,11:30:00,9.885,9.885,9.885,9.885,1424,0
2015-08-17,11:35:00,9.867,9.867,9.867,9.867,57,0
2015-08-17,12:00:00,9.894,9.894,9.894,9.894,441,0
2015-08-17,12:10:00,9.885,9.885,9.885,9.885,1103,0
2015-08-17,12:20:00,9.894,9.894,9.885,9.885,1102,0
2015-08-17,12:25:00,9.885,9.885,9.885,9.885,99,0
2015-08-17,12:35:00,9.885,9.885,9.885,9.885,331,0
2015-08-17,13:05:00,9.885,9.885,9.839,9.839,275,0
2015-08-17,13:10:00,9.803,9.803,9.794,9.794,277,0
2015-08-17,13:15:00,9.794,9.794,9.794,9.794,262,0
2015-08-17,13:20:00,9.785,9.785,9.758,9.758,1578,0
2015-08-17,13:30:00,9.758,9.758,9.758,9.758,151,0
2015-08-17,13:35:00,9.712,9.885,9.694,9.694,1146,0
2015-08-17,13:40:00,9.703,9.703,9.694,9.694,551,0
2015-08-17,13:50:00,9.694,9.694,9.694,9.694,11,0
2015-08-17,14:00:00,9.694,9.694,9.576,9.576,4942,0
2015-08-17,14:05:00,9.576,9.576,9.576,9.576,11,0
2015-08-17,14:20:00,9.703,9.721,9.694,9.694,794,0
2015-08-17,14:40:00,9.694,9.812,9.676,9.812,989,0
2015-08-17,14:45:00,9.821,9.821,9.703,9.703,235,0
2015-08-17,14:50:00,9.703,9.703,9.703,9.703,44,0
2015-08-17,15:05:00,9.821,9.839,9.821,9.839,331,0
2015-08-17,15:20:00,9.839,9.839,9.839,9.839,361,0
2015-08-17,15:25:00,9.839,9.839,9.676,9.676,1103,0
2015-08-17,15:35:00,9.749,9.749,9.749,9.749,15,0
2015-08-17,15:40:00,9.876,9.885,9.876,9.885,1041,0
2015-08-17,15:50:00,9.885,9.885,9.885,9.885,220,0
2015-08-17,15:55:00,9.885,9.885,9.885,9.885,110,0
2015-08-17,16:10:00,9.885,9.93,9.885,9.93,1734,0
2015-08-17,16:15:00,9.93,9.93,9.885,9.93,2274,0
2015-08-17,16:25:00,9.921,9.921,9.921,9.921,876,0
2015-08-17,16:30:00,9.93,9.93,9.93,9.93,221,0
2015-08-17,16:35:00,9.93,9.93,9.93,9.93,903,0
2015-08-17,16:45:00,9.939,9.939,9.939,9.939,2983,0
2015-08-17,16:50:00,9.939,9.948,9.93,9.93,7337,0
2015-08-18,09:05:00,9.56,9.93,9.55,9.8,3942,0
2015-08-18,09:10:00,9.79,9.8,9.79,9.8,115,0
2015-08-18,09:15:00,9.8,9.8,9.8,9.8,125,0
2015-08-18,09:20:00,9.8,9.8,9.57,9.79,1081,0
2015-08-18,09:25:00,9.53,9.53,9.2,9.32,329,0
2015-08-18,09:30:00,9.5,9.5,9.5,9.5,503,0
2015-08-18,09:35:00,9.5,9.69,9.5,9.69,127,0
2015-08-18,09:40:00,9.67,9.67,9.5,9.5,20400,0
2015-08-18,09:50:00,9.52,9.52,9.5,9.5,495,0
2015-08-18,09:55:00,9.6,9.6,9.5,9.5,772,0
2015-08-18,10:05:00,9.5,9.5,9.5,9.5,100,0
2015-08-18,10:10:00,9.55,9.66,9.46,9.46,700,0
2015-08-18,10:30:00,9.51,9.51,9.51,9.51,100,0
2015-08-18,10:35:00,9.5,9.5,9.5,9.5,2,0
2015-08-18,10:40:00,9.5,9.5,9.5,9.5,182,0
2015-08-18,10:45:00,9.5,9.5,9.48,9.49,378,0
2015-08-18,10:55:00,9.49,9.55,9.49,9.55,900,0
2015-08-18,11:00:00,9.55,9.55,9.55,9.55,1200,0
2015-08-18,11:10:00,9.55,9.55,9.55,9.55,59,0
2015-08-18,11:15:00,9.55,9.55,9.55,9.55,141,0
2015-08-18,11:25:00,9.55,9.55,9.55,9.55,80,0
2015-08-18,11:50:00,9.6,9.6,9.6,9.6,300,0
2015-08-18,12:10:00,9.55,9.55,9.49,9.49,400,0
2015-08-18,13:00:00,9.56,9.56,9.56,9.56,550,0
2015-08-18,13:30:00,9.56,9.6,9.56,9.6,925,0
2015-08-18,13:35:00,9.6,9.6,9.6,9.6,110,0
2015-08-18,13:50:00,9.67,9.67,9.67,9.67,111,0
2015-08-18,14:05:00,9.66,9.67,9.66,9.67,1184,0
2015-08-18,14:10:00,9.66,9.67,9.66,9.67,1537,0
2015-08-18,14:30:00,9.67,9.67,9.67,9.67,1078,0
2015-08-18,14:35:00,9.68,9.68,9.68,9.68,650,0
2015-08-18,14:40:00,9.68,9.68,9.68,9.68,995,0
2015-08-18,15:00:00,9.8,9.87,9.8,9.87,400,0
2015-08-18,15:05:00,9.85,9.85,9.85,9.85,50,0
2015-08-18,15:10:00,9.85,9.85,9.85,9.85,130,0
2015-08-18,15:15:00,9.85,9.85,9.85,9.85,111,0
2015-08-18,15:20:00,9.85,9.85,9.85,9.85,560,0
2015-08-18,15:45:00,9.88,9.88,9.88,9.88,760,0
2015-08-18,16:00:00,9.89,9.89,9.89,9.89,530,0
2015-08-18,16:05:00,9.9,9.9,9.9,9.9,100,0
2015-08-18,16:15:00,9.94,9.94,9.94,9.94,900,0
2015-08-18,16:25:00,10,10,10,10,25,0
2015-08-18,16:35:00,10,10.29,10,10.29,885,0
2015-08-18,16:50:00,10.01,10.19,10.01,10.15,180,0
2015-08-19,09:20:00,10.01,10.01,9.99,9.99,200,0
2015-08-19,09:30:00,9.78,9.99,9.77,9.99,619,0
2015-08-19,09:40:00,9.86,9.86,9.86,9.86,185,0
2015-08-19,09:45:00,9.86,9.86,9.86,9.86,285,0
2015-08-19,10:45:00,10,10,10,10,50,0
2015-08-19,11:15:00,10,10,10,10,10,0
2015-08-19,11:30:00,10.1,10.1,10.1,10.1,196,0
2015-08-19,11:45:00,10,10,10,10,40,0
2015-08-19,12:30:00,9.99,9.99,9.99,9.99,2264,0
2015-08-19,13:05:00,9.99,9.99,9.99,9.99,350,0
2015-08-19,13:20:00,9.99,9.99,9.99,9.99,353,0
2015-08-19,13:35:00,9.99,9.99,9.99,9.99,110,0
2015-08-19,14:35:00,9.96,9.96,9.96,9.96,210,0
2015-08-19,14:40:00,9.96,9.96,9.96,9.96,300,0
2015-08-19,14:45:00,10,10,10,10,50,0
2015-08-19,14:50:00,9.99,9.99,9.99,9.99,190,0
2015-08-19,14:55:00,9.99,9.99,9.99,9.99,145,0
2015-08-19,15:35:00,9.98,9.98,9.98,9.98,1453,0
2015-08-19,16:40:00,10.09,10.09,10.09,10.09,50,0
2015-08-19,16:45:00,10.05,10.05,9.99,9.99,400,0
2015-08-19,16:50:00,10.08,10.08,10.08,10.08,1,0
2015-08-20,09:10:00,9.99,10,9.99,10,7217,0
2015-08-20,09:40:00,9.96,9.96,9.96,9.96,150,0
2015-08-20,10:15:00,10,10,10,10,400,0
2015-08-20,10:30:00,10,10,10,10,50,0
2015-08-20,11:50:00,9.96,9.96,9.96,9.96,49,0
2015-08-20,12:20:00,9.99,9.99,9.99,9.99,118,0
2015-08-20,12:35:00,10,10,9.99,9.99,580,0
2015-08-20,12:45:00,9.96,9.96,9.96,9.96,400,0
2015-08-20,13:20:00,9.96,9.96,9.96,9.96,310,0
2015-08-20,13:25:00,9.96,9.96,9.96,9.96,1205,0
2015-08-20,13:30:00,9.96,9.96,9.96,9.96,44,0
2015-08-20,13:55:00,9.99,9.99,9.99,9.99,1500,0
2015-08-20,14:05:00,9.99,9.99,9.99,9.99,115,0
2015-08-20,15:05:00,9.99,9.99,9.99,9.99,35,0
2015-08-20,15:10:00,9.99,9.99,9.99,9.99,350,0
2015-08-20,15:25:00,10,10,10,10,88,0
2015-08-20,16:50:00,9.96,9.99,9.96,9.99,3000,0
2015-08-21,09:10:00,9.98,10,9.98,10,1278,0
2015-08-21,11:20:00,10.01,10.01,10,10,500,0
2015-08-21,11:50:00,9.99,9.99,9.99,9.99,330,0
2015-08-21,11:55:00,9.82,9.82,9.82,9.82,85,0
2015-08-21,12:00:00,9.82,9.82,9.82,9.82,125,0
2015-08-21,12:25:00,9.91,9.91,9.91,9.91,200,0
2015-08-21,12:40:00,10.09,10.09,10.09,10.09,1,0
2015-08-21,13:15:00,10,10,10,10,230,0
2015-08-21,13:40:00,9.95,9.95,9.95,9.95,285,0
2015-08-21,14:10:00,10,10,10,10,199,0
2015-08-21,14:35:00,10.05,10.05,10,10,578,0
2015-08-21,15:15:00,9.98,9.98,9.98,9.98,386,0
2015-08-21,15:25:00,9.95,9.95,9.95,9.95,300,0
2015-08-21,15:45:00,9.98,9.98,9.95,9.95,414,0
2015-08-21,15:50:00,9.95,9.95,9.95,9.95,2000,0
2015-08-21,16:20:00,9.95,9.95,9.95,9.95,1240,0
2015-08-21,16:45:00,9.95,9.95,9.95,9.95,530,0
2015-08-21,16:50:00,9.95,9.95,9.95,9.95,2956,0
2015-08-24,09:05:00,9.5,9.5,9.49,9.49,2395,0
2015-08-24,09:10:00,9.49,9.5,9.49,9.5,269,0
2015-08-24,09:15:00,9.59,9.6,9.59,9.6,72,0
2015-08-24,09:20:00,9.65,9.66,9.65,9.65,147,0
2015-08-24,09:25:00,9.65,9.65,9.65,9.65,103,0
2015-08-24,09:30:00,9.6,9.6,9.6,9.6,18,0
2015-08-24,09:35:00,9.6,9.6,9.55,9.55,335,0
2015-08-24,09:40:00,9.55,9.55,9.55,9.55,700,0
2015-08-24,09:45:00,9.51,9.51,9.51,9.51,100,0
2015-08-24,10:00:00,9.5,9.5,9.5,9.5,499,0
2015-08-24,10:45:00,9.52,9.52,9.5,9.5,631,0
2015-08-24,11:10:00,9.4,9.4,9.37,9.37,107,0
2015-08-24,11:15:00,9.4,9.45,9.4,9.45,150,0
2015-08-24,11:20:00,9.45,9.55,9.45,9.55,838,0
2015-08-24,11:25:00,9.51,9.51,9.51,9.51,100,0
2015-08-24,11:30:00,9.51,9.51,9.51,9.51,39,0
2015-08-24,11:45:00,9.4,9.4,9.4,9.4,388,0
2015-08-24,11:55:00,9.4,9.4,9.4,9.4,905,0
2015-08-24,13:00:00,9.4,9.6,9.4,9.6,4631,0
2015-08-24,13:15:00,9.5,9.5,9.5,9.5,302,0
2015-08-24,13:20:00,9.5,9.5,9.5,9.5,50,0
2015-08-24,13:25:00,9.5,9.5,9.4,9.4,800,0
2015-08-24,13:40:00,9.4,9.4,9.4,9.4,263,0
2015-08-24,13:45:00,9.4,9.4,9.4,9.4,100,0
2015-08-24,14:00:00,9.4,9.4,9.36,9.36,333,0
2015-08-24,14:15:00,9.36,9.36,9.3,9.3,807,0
2015-08-24,14:20:00,9.3,9.3,9.3,9.3,150,0
2015-08-24,14:40:00,9.3,9.3,9.3,9.3,1000,0
2015-08-24,14:45:00,9.3,9.3,9.3,9.3,766,0
2015-08-24,14:50:00,9.29,9.3,9.29,9.3,315,0
2015-08-24,14:55:00,9.2,9.2,9,9,1442,0
2015-08-24,15:05:00,9,9,9,9,135,0
2015-08-24,15:35:00,9.01,9.01,9.01,9.01,100,0
2015-08-24,15:40:00,9,9,8.8,8.8,140,0
2015-08-24,15:55:00,8.99,9,8.99,9,1358,0
2015-08-24,16:00:00,9,9.1,9,9.1,5231,0
2015-08-24,16:05:00,9,9.2,9,9.2,7850,0
2015-08-24,16:15:00,9.21,9.21,9.2,9.2,6000,0
2015-08-24,16:35:00,9.2,9.2,9.2,9.2,3116,0
2015-08-24,16:50:00,9.2,9.2,9.2,9.2,2046,0
2015-08-25,09:05:00,8.82,9,8.73,9,875,0
2015-08-25,09:10:00,9,9.09,9,9.09,878,0
2015-08-25,09:45:00,9.1,9.1,9.1,9.1,715,0
2015-08-25,10:00:00,9.1,9.29,9.1,9.29,1886,0
2015-08-25,10:15:00,9.39,9.39,9.39,9.39,10,0
2015-08-25,10:25:00,9.39,9.44,9.39,9.44,2850,0
2015-08-25,10:45:00,9.49,9.5,9.44,9.44,2111,0
2015-08-25,10:50:00,9.51,9.51,9.51,9.51,325,0
2015-08-25,11:05:00,9.51,9.51,9.51,9.51,468,0
2015-08-25,11:15:00,9.51,9.51,9.51,9.51,560,0
2015-08-25,11:30:00,9.51,9.51,9.51,9.51,287,0
2015-08-25,11:50:00,9.5,9.5,9.44,9.44,5000,0
2015-08-25,12:15:00,9.44,9.44,9.44,9.44,85,0
2015-08-25,12:20:00,9.51,9.51,9.51,9.51,5,0
2015-08-25,13:25:00,9.51,9.51,9.51,9.51,80,0
2015-08-25,14:25:00,9.51,9.51,9.51,9.51,20,0
2015-08-25,15:15:00,9.52,9.55,9.52,9.55,246,0
2015-08-25,15:40:00,9.55,9.55,9.55,9.55,200,0
2015-08-25,15:50:00,9.44,9.44,9.44,9.44,941,0
2015-08-25,16:05:00,9.44,9.44,9.44,9.44,203,0
2015-08-25,16:15:00,9.44,9.44,9.44,9.44,909,0
2015-08-25,16:25:00,9.44,9.44,9.44,9.44,30,0
2015-08-25,16:50:00,9.44,9.44,9.44,9.44,100,0
2015-08-26,09:25:00,9.64,9.64,9.64,9.64,322,0
2015-08-26,09:35:00,9.64,9.64,9.64,9.64,120,0
2015-08-26,09:50:00,9.64,9.64,9.64,9.64,458,0
2015-08-26,10:10:00,9.59,9.59,9.59,9.59,210,0
2015-08-26,10:30:00,9.59,9.6,9.59,9.6,270,0
2015-08-26,10:35:00,9.6,9.6,9.6,9.6,100,0
2015-08-26,10:45:00,9.6,9.6,9.6,9.6,300,0
2015-08-26,11:00:00,9.6,9.6,9.6,9.6,270,0
2015-08-26,11:05:00,9.6,9.6,9.6,9.6,155,0
2015-08-26,11:10:00,9.6,9.6,9.6,9.6,280,0
2015-08-26,11:25:00,9.6,9.6,9.6,9.6,300,0
2015-08-26,11:40:00,9.59,9.6,9.59,9.6,270,0
2015-08-26,11:50:00,9.6,9.6,9.6,9.6,260,0
2015-08-26,12:05:00,9.6,9.6,9.6,9.6,270,0
2015-08-26,12:15:00,9.6,9.79,9.6,9.79,469,0
2015-08-26,12:30:00,9.7,9.79,9.7,9.79,750,0
2015-08-26,12:45:00,9.79,9.79,9.79,9.79,270,0
2015-08-26,13:00:00,9.79,9.79,9.79,9.79,260,0
2015-08-26,13:10:00,9.79,9.79,9.79,9.79,290,0
2015-08-26,13:25:00,9.79,9.79,9.79,9.79,280,0
2015-08-26,13:40:00,9.79,9.79,9.79,9.79,270,0
2015-08-26,13:55:00,9.79,9.79,9.79,9.79,250,0
2015-08-26,14:05:00,9.79,9.79,9.79,9.79,240,0
2015-08-26,14:20:00,9.78,9.79,9.78,9.79,250,0
2015-08-26,14:30:00,9.78,9.78,9.78,9.78,240,0
2015-08-26,14:40:00,9.77,9.77,9.77,9.77,99,0
2015-08-26,14:45:00,9.77,9.77,9.77,9.77,141,0
2015-08-26,15:00:00,9.77,9.78,9.77,9.78,270,0
2015-08-26,15:10:00,9.78,9.78,9.78,9.78,249,0
2015-08-26,15:15:00,9.79,9.79,9.79,9.79,1,0
2015-08-26,15:25:00,9.79,9.79,9.79,9.79,280,0
2015-08-26,15:40:00,9.78,9.78,9.78,9.78,270,0
2015-08-26,15:50:00,9.78,9.78,9.78,9.78,290,0
2015-08-26,16:05:00,9.78,9.78,9.78,9.78,270,0
2015-08-26,16:20:00,9.78,9.78,9.78,9.78,250,0
2015-08-26,16:30:00,9.78,9.78,9.78,9.78,260,0
2015-08-26,16:45:00,9.78,9.78,9.78,9.78,280,0
2015-08-26,16:50:00,9.52,9.78,9.51,9.51,772,0
2015-08-27,09:05:00,9.78,9.78,9.78,9.78,304,0
2015-08-27,09:10:00,9.78,9.78,9.52,9.52,168,0
2015-08-27,11:05:00,9.56,9.74,9.55,9.74,600,0
2015-08-27,12:00:00,9.75,9.75,9.74,9.74,2000,0
2015-08-27,12:05:00,9.76,9.76,9.76,9.76,773,0
2015-08-27,12:10:00,9.76,9.76,9.76,9.76,80,0
2015-08-27,12:15:00,9.76,9.76,9.76,9.76,56,0
2015-08-27,12:25:00,9.76,9.76,9.76,9.76,7,0
2015-08-27,13:10:00,9.77,10.05,9.77,9.9,2484,0
2015-08-27,13:15:00,9.9,9.9,9.9,9.9,80,0
2015-08-27,13:20:00,9.9,9.9,9.9,9.9,80,0
2015-08-27,13:25:00,9.9,9.9,9.9,9.9,80,0
2015-08-27,13:30:00,9.9,9.9,9.9,9.9,80,0
2015-08-27,13:35:00,9.9,9.9,9.9,9.9,80,0
2015-08-27,13:40:00,9.9,9.9,9.9,9.9,37,0
2015-08-27,14:05:00,9.9,9.9,9.9,9.9,150,0
2015-08-27,15:00:00,9.9,9.9,9.9,9.9,600,0
2015-08-27,16:10:00,9.91,10,9.91,10,1046,0
2015-08-27,16:15:00,10.08,10.08,10.08,10.08,1375,0
2015-08-27,16:20:00,10.07,10.07,10.07,10.07,160,0
2015-08-27,16:25:00,10.07,10.07,10.07,10.07,80,0
2015-08-27,16:30:00,10.07,10.07,10.07,10.07,80,0
2015-08-27,16:35:00,9.75,9.75,9.75,9.75,247,0
2015-08-27,16:40:00,10.06,10.06,10.06,10.06,161,0
2015-08-27,16:45:00,10.06,10.06,10.06,10.06,80,0
2015-08-27,16:50:00,10.05,10.08,10.05,10.08,2380,0
2015-08-28,09:10:00,10.07,10.07,10.07,10.07,179,0
2015-08-28,09:20:00,10.08,10.08,10.08,10.08,358,0
2015-08-28,09:25:00,10.08,10.08,10.08,10.08,158,0
2015-08-28,09:30:00,10.08,10.08,10.08,10.08,79,0
2015-08-28,09:35:00,10.08,10.08,10.08,10.08,79,0
2015-08-28,09:40:00,10.08,10.08,10.08,10.08,79,0
2015-08-28,09:45:00,10.08,10.08,10.08,10.08,79,0
2015-08-28,09:50:00,10.08,10.08,10.08,10.08,79,0
2015-08-28,09:55:00,10.08,10.08,10.08,10.08,79,0
2015-08-28,10:00:00,10.08,10.08,10.08,10.08,79,0
2015-08-28,10:05:00,10.08,10.08,10.08,10.08,79,0
2015-08-28,10:10:00,10.08,10.08,10.08,10.08,79,0
2015-08-28,10:15:00,10.08,10.08,10.08,10.08,79,0
2015-08-28,10:20:00,10.08,10.08,10.08,10.08,79,0
2015-08-28,10:25:00,10.08,10.08,10.08,10.08,79,0
2015-08-28,10:30:00,10.08,10.08,10.08,10.08,79,0
2015-08-28,10:35:00,10.08,10.08,10.08,10.08,158,0
2015-08-28,10:40:00,10.08,10.08,10.08,10.08,79,0
2015-08-28,10:45:00,10.08,10.08,10.08,10.08,79,0
2015-08-28,10:50:00,10.08,10.08,10.08,10.08,24,0
2015-08-28,11:00:00,10.08,10.08,10.08,10.08,213,0
2015-08-28,11:05:00,10.08,10.08,10.08,10.08,79,0
2015-08-28,11:10:00,10.08,10.08,10.08,10.08,79,0
2015-08-28,11:15:00,10.08,10.08,10.08,10.08,79,0
2015-08-28,11:20:00,10.08,10.08,10.08,10.08,79,0
2015-08-28,11:25:00,10.08,10.08,10.08,10.08,79,0
2015-08-28,11:30:00,10.08,10.08,10.08,10.08,79,0
2015-08-28,11:35:00,10.08,10.08,10.08,10.08,179,0
2015-08-28,11:40:00,10.08,10.08,10.08,10.08,79,0
2015-08-28,11:45:00,10.08,10.08,10.08,10.08,158,0
2015-08-28,11:50:00,10.08,10.08,10.08,10.08,79,0
2015-08-28,11:55:00,10.08,10.08,10.08,10.08,79,0
2015-08-28,12:00:00,10.08,10.08,10.08,10.08,79,0
2015-08-28,12:05:00,10,10,9.83,9.83,130,0
2015-08-28,12:45:00,10,10,10,10,682,0
2015-08-28,12:50:00,10,10,10,10,79,0
2015-08-28,12:55:00,10,10,9.82,9.82,111,0
2015-08-28,15:15:00,10.06,10.06,10.06,10.06,888,0
2015-08-28,15:20:00,10.06,10.06,10.06,10.06,1721,0
2015-08-28,15:30:00,10.07,10.15,10.07,10.15,965,0
2015-08-28,15:35:00,10.15,10.15,10.15,10.15,79,0
2015-08-28,15:40:00,10.15,10.15,10.15,10.15,79,0
2015-08-28,15:45:00,10.15,10.15,10.15,10.15,79,0
2015-08-28,15:50:00,10.15,10.15,10.15,10.15,79,0
2015-08-28,15:55:00,10.15,10.15,10.15,10.15,79,0
2015-08-28,16:00:00,10.15,10.15,10.15,10.15,79,0
2015-08-28,16:15:00,10.15,10.15,10.15,10.15,237,0
2015-08-28,16:20:00,10.15,10.15,10.15,10.15,79,0
2015-08-28,16:25:00,10.15,10.15,10.15,10.15,158,0
2015-08-28,16:30:00,10.15,10.15,10.15,10.15,79,0
2015-08-28,16:35:00,10.15,10.15,10.15,10.15,79,0
2015-08-28,16:40:00,10.15,10.15,10.15,10.15,79,0
2015-08-28,16:45:00,10.14,10.14,10.14,10.14,79,0
2015-08-28,16:50:00,10.14,10.19,10.07,10.19,2279,0
2015-08-31,09:05:00,10.19,10.19,10.19,10.19,100,0
2015-08-31,13:15:00,9.91,9.91,9.9,9.9,131,0
2015-08-31,13:35:00,9.9,9.9,9.9,9.9,229,0
2015-08-31,14:10:00,10.12,10.13,10.12,10.13,300,0
2015-08-31,14:15:00,10.13,10.13,10.13,10.13,150,0
2015-08-31,14:20:00,10.13,10.13,10.13,10.13,112,0
2015-08-31,15:20:00,10.13,10.13,10.13,10.13,1538,0
2015-08-31,15:25:00,10.13,10.13,10.13,10.13,150,0
2015-08-31,15:30:00,10.13,10.13,10.13,10.13,150,0
2015-08-31,15:35:00,10.13,10.13,10.13,10.13,150,0
2015-08-31,15:40:00,10.13,10.13,10.13,10.13,150,0
2015-08-31,15:45:00,10.13,10.13,10.13,10.13,150,0
2015-08-31,15:55:00,10.09,10.09,10.09,10.09,150,0
2015-08-31,16:00:00,10.09,10.09,10.09,10.09,150,0
2015-08-31,16:05:00,10.09,10.09,10.09,10.09,150,0
2015-08-31,16:10:00,10.09,10.09,10.09,10.09,150,0
2015-08-31,16:15:00,10.09,10.09,10.09,10.09,150,0
2015-08-31,16:20:00,10.09,10.09,10.09,10.09,150,0
2015-08-31,16:30:00,10.09,10.09,10.09,10.09,150,0
2015-08-31,16:35:00,10.09,10.09,10.09,10.09,150,0
2015-08-31,16:40:00,10.09,10.09,10.09,10.09,150,0
2015-08-31,16:45:00,10.09,10.09,10.09,10.09,142,0
2015-08-31,16:50:00,10.13,10.13,10.13,10.13,720,0
2015-09-01,09:10:00,10.18,10.18,10.18,10.18,45,0
2015-09-01,09:15:00,10.18,10.18,10.18,10.18,45,0
2015-09-01,09:20:00,10.18,10.18,9.77,9.77,46,0
2015-09-01,09:25:00,10,10,9.79,9.79,800,0
2015-09-01,09:45:00,10.15,10.15,10.14,10.14,271,0
2015-09-01,09:50:00,10.14,10.14,10.14,10.14,45,0
2015-09-01,09:55:00,10.13,10.13,10.13,10.13,45,0
2015-09-01,10:00:00,10.13,10.13,10.13,10.13,45,0
2015-09-01,10:05:00,10.13,10.13,10.13,10.13,45,0
2015-09-01,10:10:00,10.13,10.13,10.13,10.13,45,0
2015-09-01,10:15:00,10.13,10.13,10.13,10.13,45,0
2015-09-01,10:20:00,10.12,10.12,10.12,10.12,45,0
2015-09-01,10:25:00,10.09,10.09,10.09,10.09,45,0
2015-09-01,10:30:00,10.05,10.05,9.83,9.83,46,0
2015-09-01,11:05:00,10.05,10.05,10.05,10.05,361,0
2015-09-01,11:10:00,10.05,10.05,10.05,10.05,45,0
2015-09-01,11:15:00,10.05,10.05,10.05,10.05,45,0
2015-09-01,11:20:00,10.04,10.04,10.04,10.04,45,0
2015-09-01,11:25:00,10.04,10.04,10.04,10.04,45,0
2015-09-01,11:30:00,10.04,10.04,10.04,10.04,45,0
2015-09-01,11:35:00,10.04,10.04,10.04,10.04,45,0
2015-09-01,11:40:00,10.04,10.04,10.04,10.04,20,0
2015-09-01,11:45:00,10.09,10.09,10.09,10.09,71,0
2015-09-01,11:50:00,10.09,10.09,10.09,10.09,45,0
2015-09-01,11:55:00,10.09,10.09,10.09,10.09,90,0
2015-09-01,12:00:00,10.09,10.09,10.09,10.09,45,0
2015-09-01,12:05:00,10.09,10.09,10.09,10.09,45,0
2015-09-01,12:10:00,10.09,10.09,10.09,10.09,45,0
2015-09-01,12:15:00,10.09,10.09,10.09,10.09,45,0
2015-09-01,12:20:00,10.09,10.09,10.09,10.09,12,0
2015-09-01,12:25:00,10.09,10.09,10.09,10.09,78,0
2015-09-01,12:30:00,10.09,10.09,10.09,10.09,45,0
2015-09-01,12:35:00,10.09,10.09,10.09,10.09,45,0
2015-09-01,12:40:00,10.09,10.09,10.09,10.09,45,0
2015-09-01,12:45:00,10.09,10.09,10.09,10.09,45,0
2015-09-01,12:50:00,10.09,10.09,10.09,10.09,45,0
2015-09-01,12:55:00,10.09,10.09,10.09,10.09,45,0
2015-09-01,13:00:00,10,10.09,10,10.09,45,0
2015-09-01,13:05:00,10.09,10.09,10.09,10.09,90,0
2015-09-01,13:10:00,10.09,10.09,10.09,10.09,18,0
2015-09-01,13:20:00,10.09,10.09,10.08,10.08,117,0
2015-09-01,13:25:00,10.08,10.08,10.08,10.08,15,0
2015-09-01,13:40:00,10.08,10.08,10.08,10.08,100,0
2015-09-01,14:25:00,10.08,10.08,10.08,10.08,350,0
2015-09-01,14:40:00,10.08,10.08,10.08,10.08,300,0
2015-09-01,14:45:00,10.08,10.08,10.08,10.08,45,0
2015-09-01,14:50:00,10.08,10.08,10.08,10.08,45,0
2015-09-01,14:55:00,10.08,10.08,10.08,10.08,45,0
2015-09-01,15:00:00,10.08,10.08,10.08,10.08,45,0
2015-09-01,15:05:00,10.08,10.08,10.08,10.08,20,0
2015-09-01,15:35:00,10.08,10.08,9.87,9.87,795,0
2015-09-01,15:55:00,10.08,10.08,10.08,10.08,226,0
2015-09-01,16:00:00,10.08,10.08,10.08,10.08,45,0
2015-09-01,16:05:00,10.07,10.07,10.07,10.07,45,0
2015-09-01,16:10:00,10.07,10.07,10.07,10.07,45,0
2015-09-01,16:15:00,10.07,10.07,10.07,10.07,45,0
2015-09-01,16:20:00,10.07,10.07,10.07,10.07,45,0
2015-09-01,16:25:00,10.07,10.07,10.07,10.07,45,0
2015-09-01,16:30:00,10.07,10.07,10.07,10.07,44,0
2015-09-01,16:40:00,10.07,10.07,10.07,10.07,136,0
2015-09-01,16:45:00,10.05,10.05,10.05,10.05,45,0
2015-09-01,16:50:00,10.05,10.09,10.05,10.09,545,0
2015-09-02,09:05:00,10.19,10.19,10.19,10.19,350,0
2015-09-02,09:10:00,10.19,10.19,9.72,9.72,46,0
2015-09-02,10:00:00,10.1,10.1,10.1,10.1,712,0
2015-09-02,10:05:00,10.1,10.1,10.1,10.1,45,0
2015-09-02,10:10:00,10.1,10.1,10.1,10.1,45,0
2015-09-02,10:15:00,10.1,10.1,10.1,10.1,45,0
2015-09-02,10:20:00,10.1,10.1,10.1,10.1,90,0
2015-09-02,10:25:00,10.1,10.1,10.1,10.1,45,0
2015-09-02,10:30:00,10.1,10.1,10.1,10.1,18,0
2015-09-02,10:35:00,10.1,10.1,10.1,10.1,90,0
2015-09-02,10:40:00,10.1,10.1,10.1,10.1,45,0
2015-09-02,10:45:00,10.1,10.1,10.1,10.1,45,0
2015-09-02,10:50:00,10,10,10,10,167,0
2015-09-02,12:05:00,10,10,10,10,685,0
2015-09-02,12:30:00,10.1,10.1,10.09,10.09,511,0
2015-09-02,12:35:00,10.09,10.09,10.09,10.09,45,0
2015-09-02,12:40:00,10.09,10.09,10.09,10.09,45,0
2015-09-02,12:45:00,10.09,10.09,9.85,9.85,85,0
2015-09-02,13:30:00,10.1,10.1,10.1,10.1,450,0
2015-09-02,13:35:00,10.1,10.1,10.1,10.1,45,0
2015-09-02,13:40:00,10.1,10.1,10.1,10.1,45,0
2015-09-02,13:45:00,10.09,10.09,10.09,10.09,45,0
2015-09-02,13:50:00,10.09,10.09,10.09,10.09,8,0
2015-09-02,15:05:00,10.09,10.09,10.09,10.09,300,0
2015-09-02,15:15:00,10.1,10.1,10.1,10.1,849,0
2015-09-02,15:20:00,10.1,10.1,10.1,10.1,45,0
2015-09-02,15:25:00,10.1,10.1,10.1,10.1,45,0
2015-09-02,15:30:00,10.1,10.1,10.1,10.1,45,0
2015-09-02,15:35:00,10.1,10.1,10.1,10.1,45,0
2015-09-02,15:40:00,10.1,10.1,10.1,10.1,45,0
2015-09-02,15:45:00,10.1,10.1,10.1,10.1,45,0
2015-09-02,15:50:00,10.1,10.1,10.1,10.1,45,0
2015-09-02,15:55:00,10.1,10.1,10.1,10.1,830,0
2015-09-02,16:00:00,10.1,10.1,10.1,10.1,45,0
2015-09-02,16:05:00,10.1,10.1,10.1,10.1,45,0
2015-09-02,16:10:00,10.1,10.1,10.1,10.1,45,0
2015-09-02,16:15:00,10.1,10.1,10.1,10.1,45,0
2015-09-02,16:20:00,10.1,10.1,10.1,10.1,45,0
2015-09-02,16:25:00,10.1,10.1,10.1,10.1,45,0
2015-09-02,16:30:00,10.1,10.1,10.1,10.1,90,0
2015-09-02,16:35:00,10.1,10.1,10.1,10.1,45,0
2015-09-02,16:40:00,10.1,10.1,10.1,10.1,45,0
2015-09-02,16:45:00,10.1,10.1,10.1,10.1,45,0
2015-09-02,16:50:00,10.1,10.1,10.1,10.1,545,0
2015-09-03,09:05:00,10.17,10.17,10.17,10.17,626,0
2015-09-03,09:35:00,10.01,10.01,10,10,230,0
2015-09-03,09:55:00,9.99,9.99,9.99,9.99,60,0
2015-09-03,11:20:00,9.97,10.09,9.97,10.09,150,0
2015-09-03,14:25:00,10.09,10.09,10.09,10.09,37,0
2015-09-03,14:50:00,10.09,10.09,10.09,10.09,3,0
2015-09-03,15:05:00,9.86,9.86,9.86,9.86,52,0
2015-09-03,15:30:00,10.05,10.05,10.05,10.05,1,0
2015-09-03,16:35:00,10.05,10.05,10.05,10.05,200,0
2015-09-04,09:30:00,10.07,10.07,10.07,10.07,100,0
2015-09-04,11:05:00,10.07,10.07,10.07,10.07,119,0
2015-09-04,15:25:00,10,10,10,10,100,0
2015-09-04,16:50:00,10,10,10,10,45,0
2015-09-07,15:25:00,9.96,9.97,9.96,9.97,66,0
2015-09-07,15:40:00,9.82,9.82,9.82,9.82,350,0
2015-09-07,15:50:00,9.81,9.81,9.81,9.81,500,0
2015-09-07,16:50:00,9.99,9.99,9.99,9.99,4,0
2015-09-08,09:10:00,9.99,9.99,9.99,9.99,46,0
2015-09-08,09:20:00,10,10,10,10,54,0
2015-09-08,11:15:00,9.7,9.7,9.7,9.7,130,0
2015-09-08,12:40:00,9.76,9.76,9.7,9.7,2000,0
2015-09-08,15:35:00,9.86,9.87,9.86,9.87,70,0
2015-09-08,16:40:00,9.75,9.75,9.75,9.75,50,0
2015-09-08,16:50:00,9.7,9.7,9.7,9.7,414,0
2015-09-09,09:05:00,9.7,9.7,9.7,9.7,72,0
2015-09-09,11:10:00,9.7,9.9,9.7,9.9,51165,0
2015-09-09,11:20:00,9.91,9.91,9.9,9.9,5503,0
2015-09-09,11:35:00,9.9,9.9,9.9,9.9,5000,0
2015-09-09,11:45:00,9.9,9.9,9.9,9.9,1300,0
2015-09-09,12:05:00,9.9,9.9,9.9,9.9,910,0
2015-09-09,12:15:00,9.9,9.9,9.9,9.9,2000,0
2015-09-09,13:30:00,9.9,9.9,9.9,9.9,110,0
2015-09-09,14:00:00,9.9,9.9,9.9,9.9,1000,0
2015-09-09,14:20:00,9.9,9.9,9.9,9.9,379,0
2015-09-09,14:40:00,9.9,9.9,9.9,9.9,6000,0
2015-09-09,14:50:00,9.91,9.91,9.91,9.91,30,0
2015-09-09,16:05:00,9.9,9.9,9.9,9.9,659,0
2015-09-09,16:30:00,9.9,9.9,9.9,9.9,100,0
2015-09-09,16:45:00,9.9,9.9,9.9,9.9,100,0
2015-09-09,16:50:00,9.91,9.91,9.91,9.91,62,0
2015-09-10,09:05:00,9.91,9.91,9.91,9.91,634,0
2015-09-10,10:10:00,9.89,9.9,9.89,9.9,4148,0
2015-09-10,10:30:00,9.9,9.9,9.9,9.9,120,0
2015-09-10,10:40:00,9.9,9.9,9.9,9.9,235,0
2015-09-10,10:45:00,9.9,9.9,9.9,9.9,476,0
2015-09-10,11:15:00,9.9,9.9,9.9,9.9,5000,0
2015-09-10,11:30:00,9.99,9.99,9.99,9.99,50,0
2015-09-10,11:40:00,9.9,9.9,9.9,9.9,95,0
2015-09-10,12:15:00,9.9,9.9,9.9,9.9,10000,0
2015-09-10,14:00:00,9.9,9.9,9.9,9.9,20000,0
2015-09-10,14:05:00,9.9,9.9,9.9,9.9,5000,0
2015-09-10,14:10:00,9.9,9.9,9.9,9.9,4939,0
2015-09-10,15:40:00,9.71,9.71,9.7,9.7,1272,0
2015-09-10,16:05:00,9.7,9.71,9.7,9.71,2028,0
2015-09-10,16:30:00,9.87,9.88,9.87,9.88,1158,0
2015-09-10,16:50:00,9.88,9.9,9.88,9.9,10357,0
2015-09-11,09:50:00,9.81,9.81,9.81,9.81,17,0
2015-09-11,10:15:00,9.81,9.81,9.81,9.81,383,0
2015-09-11,10:20:00,9.8,9.8,9.8,9.8,614,0
2015-09-11,12:30:00,9.84,9.84,9.84,9.84,100,0
2015-09-11,12:35:00,9.84,9.84,9.84,9.84,101,0
2015-09-11,12:55:00,9.84,9.85,9.84,9.85,619,0
2015-09-11,14:00:00,9.9,9.9,9.9,9.9,13,0
2015-09-11,16:50:00,9.8,9.8,9.8,9.8,106,0
2015-09-14,09:05:00,9.72,9.72,9.72,9.72,487,0
2015-09-14,11:45:00,9.88,9.88,9.88,9.88,5,0
2015-09-14,13:05:00,9.88,9.88,9.88,9.88,652,0
2015-09-14,13:50:00,9.88,9.88,9.88,9.88,105,0
2015-09-14,15:55:00,9.87,9.88,9.87,9.88,790,0
2015-09-15,09:40:00,9.85,9.85,9.85,9.85,160,0
2015-09-15,10:00:00,9.85,9.85,9.85,9.85,130,0
2015-09-15,10:05:00,9.85,9.85,9.85,9.85,10,0
2015-09-15,10:25:00,9.8,9.8,9.8,9.8,200,0
2015-09-15,11:25:00,9.8,9.8,9.8,9.8,50,0
2015-09-15,11:50:00,9.81,9.81,9.81,9.81,5,0
2015-09-15,16:15:00,9.7,9.7,9.7,9.7,220,0
2015-09-15,16:45:00,9.7,9.7,9.7,9.7,94,0
2015-09-15,16:50:00,9.69,9.69,9.69,9.69,70,0
2015-09-16,09:05:00,9.7,9.7,9.7,9.7,217,0
2015-09-16,10:10:00,9.72,9.72,9.7,9.7,300,0
2015-09-16,10:25:00,9.7,9.7,9.7,9.7,100,0
2015-09-16,10:35:00,9.7,9.7,9.7,9.7,24,0
2015-09-16,10:40:00,9.6,9.6,9.58,9.58,210,0
2015-09-16,10:50:00,9.7,9.7,9.7,9.7,17,0
2015-09-16,11:50:00,9.69,9.69,9.69,9.69,20,0
2015-09-16,16:50:00,9.6,9.6,9.6,9.6,130,0
2015-09-17,09:10:00,9.51,9.51,9.5,9.5,825,0
2015-09-17,09:20:00,9.5,9.5,9.5,9.5,32,0
2015-09-17,09:35:00,9.22,9.22,9.21,9.21,863,0
2015-09-17,10:05:00,9.25,9.25,9.25,9.25,47,0
2015-09-17,11:50:00,9.49,9.49,9.49,9.49,177,0
2015-09-17,12:10:00,9.48,9.5,9.48,9.5,1096,0
2015-09-17,12:15:00,9.5,9.5,9.48,9.48,111,0
2015-09-17,12:20:00,9.5,9.5,9.5,9.5,85,0
2015-09-17,12:25:00,9.5,9.58,9.5,9.58,250,0
2015-09-17,12:40:00,9.58,9.58,9.58,9.58,153,0
2015-09-17,12:50:00,9.6,9.6,9.6,9.6,10,0
2015-09-17,12:55:00,9.58,9.58,9.58,9.58,65,0
2015-09-17,13:15:00,9.6,9.6,9.58,9.58,31,0
2015-09-17,13:20:00,9.6,9.6,9.6,9.6,67,0
2015-09-17,14:00:00,9.58,9.58,9.58,9.58,12,0
2015-09-17,15:05:00,9.55,9.55,9.55,9.55,88,0
2015-09-17,15:10:00,9.59,9.59,9.59,9.59,50,0
2015-09-17,16:50:00,9.56,9.56,9.55,9.55,474,0
2015-09-18,10:30:00,9.4,9.4,9.35,9.35,100,0
2015-09-18,11:00:00,9.35,9.35,9.35,9.35,150,0
2015-09-18,11:20:00,9.3,9.3,9.3,9.3,218,0
2015-09-18,12:15:00,9.28,9.28,9.28,9.28,48,0
2015-09-18,12:25:00,9.3,9.35,9.3,9.35,1057,0
2015-09-18,13:10:00,9.34,9.34,9.34,9.34,537,0
2015-09-18,13:30:00,9.33,9.34,9.33,9.34,95,0
2015-09-18,13:55:00,9.34,9.34,9.34,9.34,98,0
2015-09-18,14:00:00,9.35,9.35,9.35,9.35,235,0
2015-09-18,14:25:00,9.34,9.35,9.34,9.35,146,0
2015-09-18,16:20:00,9.31,9.31,9.3,9.3,244,0
2015-09-18,16:25:00,9.35,9.35,9.35,9.35,7,0
2015-09-18,16:50:00,9.3,9.35,9.28,9.35,647,0
2015-09-21,09:05:00,9.49,9.49,9.49,9.49,4,0
2015-09-21,09:40:00,9.48,9.48,9.48,9.48,100,0
2015-09-21,10:45:00,9.49,9.7,9.49,9.69,234,0
2015-09-21,14:15:00,9.45,9.45,9.45,9.45,325,0
2015-09-21,14:35:00,9.45,9.66,9.45,9.66,327,0
2015-09-21,16:50:00,9.66,9.66,9.66,9.66,40,0
2015-09-22,11:30:00,9.5,9.5,9.5,9.5,9,0
2015-09-22,13:35:00,9.63,9.63,9.63,9.63,3,0
2015-09-22,16:50:00,9.65,9.65,9.65,9.65,3,0
2015-09-23,11:15:00,9.45,9.45,9.2,9.28,350,0
2015-09-23,11:20:00,9.63,9.63,9.63,9.63,4,0
2015-09-23,11:25:00,9.31,9.31,9.31,9.31,50,0
2015-09-23,11:35:00,9.63,9.63,9.63,9.63,1,0
2015-09-23,13:00:00,9.6,9.6,9.6,9.6,141,0
2015-09-23,16:40:00,9.5,9.5,9.5,9.5,58,0
2015-09-24,09:05:00,9.2,9.64,9.2,9.64,617,0
2015-09-25,09:40:00,9.47,9.48,9.47,9.47,510,0
2015-09-25,10:00:00,9.47,9.5,9.47,9.5,491,0
2015-09-25,10:20:00,9.5,9.5,9.5,9.5,1000,0
2015-09-25,10:35:00,9.5,9.5,9.5,9.5,213,0
2015-09-25,11:30:00,9.5,9.5,9.5,9.5,200,0
2015-09-25,13:10:00,9.5,9.5,9.5,9.5,2692,0
2015-09-25,13:45:00,9.5,9.5,9.5,9.5,620,0
2015-09-25,13:50:00,9.5,9.55,9.5,9.55,1540,0
2015-09-25,14:00:00,9.5,9.5,9.5,9.5,432,0
2015-09-25,14:55:00,9.51,9.51,9.51,9.51,28,0
2015-09-25,16:05:00,9.51,9.51,9.51,9.51,1,0
2015-09-25,16:50:00,9.6,9.6,9.6,9.6,474,0
2015-09-28,09:15:00,9.74,9.75,9.05,9.05,264,0
2015-09-28,09:40:00,9.6,9.6,9.6,9.6,26,0
2015-09-28,11:15:00,9.6,9.6,9.6,9.6,100,0
2015-09-28,14:20:00,9.6,9.7,9.6,9.7,25,0
2015-09-29,16:50:00,9.59,9.59,9.59,9.59,5,0
2015-09-30,10:35:00,9.5,9.5,9.5,9.5,35,0
2015-09-30,10:55:00,9.31,9.31,9.31,9.31,55,0
2015-09-30,11:05:00,9.5,9.5,9.5,9.5,3,0
2015-09-30,11:15:00,9.69,9.69,9.5,9.5,544,0
2015-09-30,11:25:00,9.32,9.32,9.32,9.32,10,0
2015-09-30,11:30:00,9.4,9.4,9.4,9.4,200,0
2015-09-30,11:40:00,9.5,9.7,9.5,9.7,64,0
2015-09-30,12:25:00,9.49,9.6,9.41,9.6,455,0
2015-09-30,12:40:00,9.6,9.6,9.6,9.6,144,0
2015-09-30,14:05:00,9.6,9.6,9.6,9.6,15,0
2015-09-30,14:10:00,9.6,9.6,9.6,9.6,400,0
2015-09-30,16:25:00,9.7,9.8,9.7,9.8,2598,0
2015-09-30,16:35:00,9.89,9.9,9.89,9.9,1108,0
2015-09-30,16:40:00,9.9,9.9,9.9,9.9,5378,0
2015-10-02,13:00:00,9.9,9.9,9.9,9.9,13,0
2015-10-05,09:05:00,9.9,9.9,9.9,9.9,120,0
2015-10-05,16:40:00,9.9,9.9,9.9,9.9,337,0
2015-10-05,16:50:00,10,10,10,10,402,0
2015-10-06,11:35:00,10,10,10,10,51,0
2015-10-07,12:10:00,9.99,10,9.99,10,325,0
2015-10-07,12:55:00,9.8,9.8,9.8,9.8,100,0
2015-10-07,14:00:00,9.97,9.98,9.97,9.98,159,0
2015-10-07,14:50:00,9.8,9.8,9.8,9.8,221,0
2015-10-07,15:05:00,9.97,9.97,9.97,9.97,15,0
2015-10-07,16:50:00,9.97,9.97,9.97,9.97,29,0
2015-10-08,12:55:00,9.87,9.87,9.87,9.87,14,0
2015-10-08,13:35:00,9.75,9.75,9.73,9.73,115,0
2015-10-08,14:35:00,9.73,9.73,9.73,9.73,7,0
2015-10-08,15:10:00,9.73,9.73,9.73,9.73,3,0
2015-10-08,15:55:00,9.88,9.88,9.88,9.88,25,0
2015-10-08,16:50:00,9.88,9.88,9.88,9.88,14,0
2015-10-09,09:05:00,9.76,9.76,9.76,9.76,140,0
2015-10-09,09:40:00,9.76,9.76,9.76,9.76,122,0
2015-10-09,11:25:00,9.76,9.76,9.76,9.76,108,0
2015-10-09,12:35:00,9.76,9.76,9.76,9.76,75,0
2015-10-09,12:50:00,9.75,9.76,9.75,9.76,863,0
2015-10-09,13:15:00,9.76,9.76,9.76,9.76,500,0
2015-10-09,14:15:00,9.76,9.76,9.76,9.76,3000,0
2015-10-09,15:10:00,9.88,9.88,9.88,9.88,62,0
2015-10-09,16:25:00,9.88,9.88,9.88,9.88,3,0
2015-10-09,16:50:00,9.88,9.88,9.88,9.88,488,0
2015-10-12,09:05:00,9.9,9.9,9.9,9.9,25,0
2015-10-12,15:45:00,9.63,9.63,9.63,9.63,322,0
2015-10-12,16:10:00,9.87,9.88,9.87,9.88,403,0
2015-10-12,16:30:00,9.88,9.88,9.88,9.88,77,0
2015-10-12,16:50:00,9.9,9.9,9.9,9.9,582,0
2015-10-13,09:05:00,9.65,9.65,9.65,9.65,100,0
2015-10-13,09:55:00,9.8,9.89,9.8,9.89,25,0
2015-10-13,10:10:00,9.65,9.65,9.65,9.65,150,0
2015-10-13,15:40:00,9.86,9.88,9.86,9.88,623,0
2015-10-13,16:10:00,9.88,9.88,9.88,9.88,200,0
2015-10-13,16:50:00,9.89,9.89,9.89,9.89,62,0
2015-10-14,13:25:00,9.65,9.65,9.5,9.5,800,0
2015-10-14,13:45:00,9.5,9.5,9.5,9.5,14,0
2015-10-14,13:55:00,9.5,9.5,9.5,9.5,20,0
2015-10-14,14:30:00,9.86,9.86,9.86,9.86,10,0
2015-10-14,14:35:00,9.75,9.75,9.75,9.75,50,0
2015-10-15,09:10:00,9.52,9.52,9.52,9.52,112,0
2015-10-15,09:40:00,9.69,9.69,9.69,9.69,400,0
2015-10-15,09:45:00,9.69,9.7,9.69,9.7,52,0
2015-10-15,09:50:00,9.7,9.77,9.7,9.77,260,0
2015-10-15,14:15:00,9.77,9.77,9.77,9.77,81,0
2015-10-15,15:35:00,9.75,9.75,9.75,9.75,150,0
2015-10-15,16:45:00,9.75,9.75,9.75,9.75,150,0
2015-10-15,16:50:00,9.77,9.77,9.77,9.77,1992,0
2015-10-16,12:30:00,9.7,9.7,9.67,9.67,109,0
2015-10-16,12:40:00,9.76,9.76,9.76,9.76,99,0
2015-10-16,13:40:00,9.77,9.77,9.77,9.77,600,0
2015-10-16,14:00:00,9.77,9.77,9.77,9.77,51,0
2015-10-16,14:10:00,9.77,9.77,9.77,9.77,131,0
2015-10-16,15:45:00,9.77,9.77,9.36,9.36,1000,0
2015-10-16,16:10:00,9.76,9.76,9.76,9.76,10,0
2015-10-16,16:25:00,9.76,9.76,9.76,9.76,35,0
2015-10-16,16:50:00,9.75,9.75,9.75,9.75,500,0
2015-10-19,09:05:00,9.51,9.51,9.51,9.51,538,0
2015-10-19,09:15:00,9.75,9.75,9.75,9.75,15,0
2015-10-19,10:25:00,9.51,9.51,9.51,9.51,250,0
2015-10-19,11:00:00,9.74,9.74,9.52,9.52,170,0
2015-10-19,11:40:00,9.52,9.52,9.52,9.52,89,0
2015-10-19,11:50:00,9.52,9.52,9.51,9.51,450,0
2015-10-19,12:00:00,9.51,9.51,9.51,9.51,160,0
2015-10-19,12:05:00,9.5,9.5,9.46,9.46,165,0
2015-10-19,14:50:00,9.59,9.6,9.59,9.6,360,0
2015-10-19,15:50:00,9.6,9.6,9.6,9.6,15,0
2015-10-19,16:45:00,9.68,9.7,9.68,9.7,1102,0
2015-10-19,16:50:00,9.7,9.7,9.7,9.7,2305,0
2015-10-20,09:05:00,9.6,9.6,9.6,9.6,60,0
2015-10-20,09:35:00,9.6,9.6,9.52,9.52,135,0
2015-10-20,09:50:00,9.56,9.56,9.51,9.51,200,0
2015-10-20,11:35:00,9.58,9.58,9.55,9.55,1000,0
2015-10-20,11:45:00,9.64,9.64,9.64,9.64,50,0
2015-10-20,14:50:00,9.58,9.58,9.56,9.56,74,0
2015-10-20,16:50:00,9.59,9.59,9.59,9.59,52,0
2015-10-21,09:55:00,9.58,9.65,9.58,9.65,500,0
2015-10-21,10:00:00,9.66,9.66,9.65,9.65,360,0
2015-10-21,11:15:00,9.66,9.66,9.66,9.66,184,0
2015-10-21,11:55:00,9.66,9.66,9.66,9.66,91,0
2015-10-21,12:50:00,9.66,9.66,9.66,9.66,125,0
2015-10-21,13:00:00,9.66,9.66,9.66,9.66,210,0
2015-10-21,14:25:00,9.66,9.66,9.66,9.66,65,0
2015-10-21,16:00:00,9.7,9.73,9.7,9.73,816,0
2015-10-21,16:50:00,9.7,9.7,9.7,9.7,709,0
2015-10-22,09:20:00,9.52,9.7,9.52,9.7,63,0
2015-10-22,16:50:00,9.53,9.53,9.53,9.53,111,0
2015-10-23,13:20:00,9.6,9.6,9.6,9.6,1000,0
2015-10-23,14:05:00,9.54,9.54,9.54,9.54,1,0
2015-10-23,14:35:00,9.54,9.54,9.54,9.54,100,0
2015-10-23,14:40:00,9.54,9.54,9.54,9.54,100,0
2015-10-23,14:45:00,9.54,9.54,9.54,9.54,100,0
2015-10-23,14:50:00,9.54,9.54,9.54,9.54,174,0
2015-10-23,14:55:00,9.54,9.54,9.54,9.54,100,0
2015-10-23,16:25:00,9.54,9.54,9.54,9.54,330,0
2015-10-23,16:50:00,9.53,9.53,9.53,9.53,606,0
2015-10-26,11:10:00,9.56,9.6,9.56,9.6,1251,0
2015-10-26,12:25:00,9.7,9.7,9.7,9.7,25,0
2015-10-26,12:55:00,9.6,9.6,9.6,9.6,510,0
2015-10-26,16:50:00,9.69,9.69,9.69,9.69,8,0
2015-10-27,09:05:00,9.6,9.6,9.6,9.6,280,0
2015-10-27,16:50:00,9.61,9.61,9.61,9.61,62,0
2015-10-28,12:45:00,9.6,9.6,9.6,9.6,100,0
2015-10-28,12:50:00,9.65,9.7,9.65,9.7,6002,0
2015-10-28,13:55:00,9.7,9.7,9.7,9.7,72,0
2015-10-28,14:15:00,9.7,9.7,9.7,9.7,500,0
2015-10-28,15:30:00,9.85,9.85,9.85,9.85,10,0
2015-10-28,15:45:00,9.7,9.7,9.7,9.7,500,0
2015-10-28,16:50:00,9.8,9.8,9.8,9.8,5,0
2015-10-29,09:50:00,9.7,9.7,9.7,9.7,42,0
2015-10-29,11:05:00,9.72,9.72,9.72,9.72,119,0
2015-10-29,11:55:00,9.72,9.72,9.7,9.7,1500,0
2015-10-29,12:20:00,9.7,9.7,9.7,9.7,2495,0
2015-10-29,12:25:00,9.7,9.7,9.7,9.7,1000,0
2015-10-29,12:50:00,9.7,9.7,9.7,9.7,4500,0
2015-10-29,13:00:00,9.75,9.79,9.75,9.79,1067,0
2015-10-29,16:25:00,9.7,9.7,9.7,9.7,68,0
2015-10-29,16:50:00,9.7,9.84,9.7,9.84,4005,0
2015-10-30,13:35:00,9.74,9.74,9.74,9.74,58,0
2015-10-30,14:00:00,9.74,9.74,9.74,9.74,40,0
2015-10-30,14:40:00,9.74,9.74,9.73,9.73,503,0
2015-10-30,15:10:00,9.73,9.73,9.73,9.73,50,0
2015-10-30,15:15:00,9.73,9.73,9.73,9.73,69,0
2015-10-30,15:25:00,9.73,9.73,9.73,9.73,330,0
2015-10-30,15:35:00,9.7,9.7,9.7,9.7,600,0
2015-10-30,15:40:00,9.7,9.7,9.7,9.7,500,0
2015-10-30,15:50:00,9.7,9.7,9.7,9.7,120,0
2015-10-30,16:30:00,9.7,9.7,9.7,9.7,10000,0
2015-10-30,16:35:00,9.7,9.7,9.7,9.7,16449,0
2015-11-02,16:20:00,9.52,9.52,9.52,9.52,10,0
2015-11-02,16:50:00,9.7,9.7,9.7,9.7,1,0
2015-11-03,09:05:00,9.47,9.47,9.47,9.47,1,0
2015-11-03,09:40:00,9.7,9.7,9.7,9.7,497,0
2015-11-03,09:45:00,9.7,9.7,9.7,9.7,129,0
2015-11-03,10:00:00,9.7,9.72,9.7,9.7,3199,0
2015-11-03,10:15:00,9.72,9.8,9.72,9.8,380,0
2015-11-03,11:10:00,9.7,9.7,9.7,9.7,592,0
2015-11-03,11:20:00,9.8,9.83,9.8,9.83,108,0
2015-11-03,13:40:00,9.7,9.79,9.7,9.79,34772,0
2015-11-03,15:15:00,9.7,9.7,9.7,9.7,11428,0
2015-11-04,09:25:00,9.79,9.79,9.79,9.79,10,0
2015-11-04,09:50:00,9.79,9.79,9.79,9.79,100,0
2015-11-04,10:15:00,9.78,9.78,9.78,9.78,100,0
2015-11-04,10:40:00,9.78,9.78,9.78,9.78,100,0
2015-11-04,11:05:00,9.7,9.77,9.7,9.77,100,0
2015-11-04,11:30:00,9.7,9.7,9.7,9.7,100,0
2015-11-04,11:55:00,9.7,9.7,9.7,9.7,100,0
2015-11-04,12:20:00,9.7,9.7,9.7,9.7,100,0
2015-11-04,12:40:00,9.7,9.7,9.7,9.7,100,0
2015-11-04,13:05:00,9.7,9.7,9.7,9.7,100,0
2015-11-04,13:10:00,9.61,9.61,9.61,9.61,20,0
2015-11-04,14:50:00,9.62,9.78,9.62,9.78,1066,0
2015-11-04,15:10:00,9.78,9.78,9.78,9.78,99,0
2015-11-04,15:30:00,9.79,9.79,9.79,9.79,2,0
2015-11-04,15:35:00,9.79,9.79,9.79,9.79,100,0
2015-11-04,16:00:00,9.78,9.79,9.78,9.79,100,0
2015-11-04,16:25:00,9.79,9.79,9.79,9.79,100,0
2015-11-04,16:50:00,9.79,9.79,9.78,9.78,300,0
2015-11-05,09:05:00,9.77,9.77,9.77,9.77,100,0
2015-11-05,09:20:00,9.77,9.77,9.77,9.77,100,0
2015-11-05,09:45:00,9.77,9.77,9.77,9.77,322,0
2015-11-05,09:50:00,9.82,9.82,9.82,9.82,10,0
2015-11-05,10:15:00,9.82,9.82,9.82,9.82,100,0
2015-11-05,10:40:00,9.78,9.78,9.78,9.78,100,0
2015-11-05,11:10:00,9.78,9.78,9.78,9.78,100,0
2015-11-05,11:40:00,9.78,9.78,9.78,9.78,100,0
2015-11-05,12:05:00,9.78,9.78,9.78,9.78,100,0
2015-11-05,12:35:00,9.76,9.76,9.76,9.76,100,0
2015-11-05,13:05:00,9.76,9.76,9.76,9.76,100,0
2015-11-05,13:30:00,9.76,9.76,9.76,9.76,100,0
2015-11-05,14:00:00,9.76,9.76,9.76,9.76,100,0
2015-11-05,14:25:00,9.8,9.8,9.8,9.8,100,0
2015-11-05,14:55:00,9.81,9.81,9.81,9.81,100,0
2015-11-05,15:25:00,9.81,9.82,9.81,9.82,100,0
2015-11-05,15:50:00,9.82,9.82,9.82,9.82,100,0
2015-11-05,16:20:00,9.82,9.82,9.82,9.82,100,0
2015-11-05,16:50:00,9.82,9.83,9.82,9.82,300,0
2015-11-06,09:05:00,9.82,9.82,9.82,9.82,100,0
2015-11-06,09:15:00,9.82,9.82,9.82,9.82,50,0
2015-11-06,09:25:00,9.82,9.82,9.82,9.82,50,0
2015-11-06,09:40:00,9.82,9.82,9.82,9.82,50,0
2015-11-06,09:55:00,9.82,9.82,9.82,9.82,50,0
2015-11-06,10:10:00,9.82,9.82,9.82,9.82,50,0
2015-11-06,10:20:00,9.82,9.82,9.82,9.82,50,0
2015-11-06,10:35:00,9.82,9.82,9.82,9.82,50,0
2015-11-06,10:50:00,9.82,9.82,9.82,9.82,50,0
2015-11-06,11:05:00,9.82,9.82,9.82,9.82,50,0
2015-11-06,11:15:00,9.82,9.82,9.82,9.82,50,0
2015-11-06,11:30:00,9.82,9.82,9.82,9.82,50,0
2015-11-06,11:45:00,9.82,9.82,9.82,9.82,50,0
2015-11-06,12:00:00,9.82,9.82,9.82,9.82,50,0
2015-11-06,12:10:00,9.82,9.82,9.82,9.82,50,0
2015-11-06,12:25:00,9.82,9.82,9.82,9.82,50,0
2015-11-06,12:40:00,9.82,9.82,9.82,9.82,50,0
2015-11-06,12:55:00,9.82,9.82,9.82,9.82,50,0
2015-11-06,13:05:00,9.7,9.82,9.7,9.82,99,0
2015-11-06,13:20:00,9.82,9.82,9.82,9.82,50,0
2015-11-06,13:35:00,9.82,9.82,9.82,9.82,50,0
2015-11-06,13:50:00,9.82,9.82,9.82,9.82,50,0
2015-11-06,14:00:00,9.82,9.83,9.82,9.83,50,0
2015-11-06,14:15:00,9.83,9.83,9.83,9.83,50,0
2015-11-06,14:30:00,9.83,9.83,9.83,9.83,50,0
2015-11-06,14:45:00,9.83,9.83,9.83,9.83,50,0
2015-11-06,14:55:00,9.83,9.85,9.83,9.85,50,0
2015-11-06,15:10:00,9.85,9.85,9.85,9.85,50,0
2015-11-06,15:25:00,9.85,9.9,9.85,9.9,50,0
2015-11-06,15:40:00,9.89,9.89,9.89,9.89,50,0
2015-11-06,15:50:00,9.82,9.83,9.82,9.83,50,0
2015-11-06,16:05:00,9.83,9.83,9.83,9.83,50,0
2015-11-06,16:20:00,9.83,9.83,9.83,9.83,50,0
2015-11-06,16:35:00,9.83,9.83,9.83,9.83,50,0
2015-11-06,16:50:00,9.8,9.8,9.79,9.79,250,0
2015-11-09,14:05:00,9.79,9.79,9.79,9.79,270,0
2015-11-09,14:55:00,9.8,9.8,9.8,9.8,681,0
2015-11-10,09:05:00,9.62,9.62,9.62,9.62,2500,0
2015-11-10,09:35:00,9.62,9.62,9.62,9.62,106,0
2015-11-10,09:55:00,9.62,9.62,9.62,9.62,9,0
2015-11-10,14:10:00,9.56,9.56,9.52,9.52,360,0
2015-11-10,14:55:00,9.54,9.54,9.54,9.54,1,0
2015-11-10,15:20:00,9.54,9.54,9.54,9.54,5,0
2015-11-10,15:40:00,9.55,9.59,9.55,9.59,168,0
2015-11-10,16:20:00,9.6,9.6,9.6,9.6,75,0
2015-11-10,16:40:00,9.6,9.6,9.6,9.6,126,0
2015-11-10,16:50:00,9.54,9.54,9.54,9.54,356,0
