Date,Time,Open,High,Low,Close,Volume,OpenInt
2011-03-07,09:55:00,21.388,21.388,21.388,21.388,30,0
2011-03-07,10:05:00,21.388,21.388,21.388,21.388,55,0
2011-03-07,10:30:00,21.388,21.388,21.388,21.388,80,0
2011-03-07,11:15:00,21.388,21.388,21.388,21.388,10,0
2011-03-07,12:00:00,21.388,21.388,21.388,21.388,8,0
2011-03-07,12:50:00,21.388,21.388,21.388,21.388,126,0
2011-03-07,13:15:00,21.388,21.388,21.388,21.388,240,0
2011-03-07,13:55:00,21.059,21.059,21.059,21.059,59,0
2011-03-07,14:35:00,21.059,21.059,21.059,21.059,29,0
2011-03-07,14:40:00,21.059,21.059,21.059,21.059,17,0
2011-03-07,14:45:00,21.059,21.059,21.059,21.059,27,0
2011-03-07,15:00:00,21.059,21.059,21.059,21.059,312,0
2011-03-07,15:05:00,20.977,20.977,20.812,20.812,232,0
2011-03-07,15:15:00,20.812,20.812,20.812,20.812,6,0
2011-03-07,15:20:00,21.059,21.059,21.059,21.059,4,0
2011-03-07,15:40:00,20.812,20.812,20.812,20.812,12,0
2011-03-07,15:45:00,20.812,20.812,20.812,20.812,32,0
2011-03-07,16:00:00,20.812,20.812,20.812,20.812,12,0
2011-03-07,16:30:00,20.894,20.894,20.894,20.894,54,0
2011-03-07,16:40:00,20.894,20.894,20.648,20.648,293,0
2011-03-07,16:55:00,20.689,20.689,20.582,20.582,243,0
2011-03-07,17:20:00,21.289,21.289,21.289,21.289,1,0
2011-03-08,09:05:00,20.73,20.73,20.73,20.73,65,0
2011-03-08,10:05:00,20.73,20.73,20.73,20.73,38,0
2011-03-08,10:30:00,20.73,20.73,20.73,20.73,29,0
2011-03-08,12:30:00,20.812,20.812,20.812,20.812,9,0
2011-03-08,13:10:00,20.812,20.812,20.565,20.565,2294,0
2011-03-08,14:25:00,20.565,20.565,20.565,20.565,12,0
2011-03-08,14:40:00,20.565,20.565,20.565,20.565,304,0
2011-03-08,14:45:00,20.565,20.565,20.401,20.401,278,0
2011-03-08,14:55:00,20.977,20.977,20.977,20.977,123,0
2011-03-08,15:50:00,20.565,20.565,20.565,20.565,6,0
2011-03-08,16:15:00,20.565,20.565,20.565,20.565,12,0
2011-03-09,09:05:00,20.565,20.565,20.565,20.565,12,0
2011-03-09,10:00:00,20.565,20.565,20.565,20.565,36,0
2011-03-09,10:45:00,20.648,20.648,20.565,20.565,12,0
2011-03-09,11:40:00,20.565,20.565,20.565,20.565,22,0
2011-03-09,12:00:00,20.565,20.565,20.565,20.565,13,0
2011-03-09,12:45:00,20.565,20.565,20.565,20.565,6,0
2011-03-09,13:05:00,20.565,20.565,20.236,20.236,238,0
2011-03-09,15:20:00,20.269,20.269,20.269,20.269,11,0
2011-03-09,15:25:00,20.269,20.269,20.26,20.26,123,0
2011-03-09,15:35:00,20.26,20.26,20.26,20.26,95,0
2011-03-09,16:00:00,20.245,20.245,20.245,20.245,26,0
2011-03-10,09:05:00,20.163,20.163,20.163,20.163,38,0
2011-03-10,09:50:00,20.236,20.236,20.236,20.236,31,0
2011-03-10,10:25:00,20.245,21.289,20.245,21.289,243,0
2011-03-10,11:05:00,20.278,20.278,20.236,20.236,123,0
2011-03-10,11:25:00,20.252,20.252,20.252,20.252,7,0
2011-03-10,12:40:00,21.075,21.289,20.327,20.327,1258,0
2011-03-10,12:45:00,21.371,21.371,21.289,21.289,664,0
2011-03-10,12:50:00,20.384,21.363,20.384,21.363,1424,0
2011-03-10,13:00:00,20.565,21.388,20.252,20.252,868,0
2011-03-10,14:35:00,20.639,21.1,20.639,21.1,123,0
2011-03-11,09:05:00,20.409,20.409,20.409,20.409,88,0
2011-03-11,09:10:00,20.409,20.409,20.409,20.409,146,0
2011-03-11,09:15:00,20.409,20.409,20.409,20.409,32,0
2011-03-11,09:55:00,20.36,20.36,20.36,20.36,366,0
2011-03-11,10:20:00,20.401,20.401,20.401,20.401,11,0
2011-03-11,16:35:00,20.401,20.401,20.401,20.401,38,0
2011-03-11,17:05:00,20.401,20.401,20.401,20.401,36,0
2011-03-14,09:05:00,20.318,20.318,20.318,20.318,36,0
2011-03-14,09:40:00,20.401,20.565,20.401,20.565,60,0
2011-03-14,10:00:00,20.565,20.565,20.565,20.565,26,0
2011-03-14,10:30:00,20.565,20.565,20.565,20.565,93,0
2011-03-14,11:10:00,20.96,20.96,20.96,20.96,60,0
2011-03-14,11:55:00,20.327,20.327,20.327,20.327,152,0
2011-03-14,12:00:00,20.327,20.327,20.327,20.327,152,0
2011-03-14,12:05:00,20.327,20.327,20.327,20.327,36,0
2011-03-14,13:10:00,20.894,20.96,20.894,20.96,123,0
2011-03-14,15:00:00,20.565,20.565,20.565,20.565,12,0
2011-03-14,15:10:00,20.803,20.812,20.803,20.812,106,0
2011-03-14,16:05:00,20.565,20.763,20.565,20.763,49,0
2011-03-14,16:55:00,20.36,20.36,20.36,20.36,43,0
2011-03-15,09:30:00,20.401,20.401,20.401,20.401,31,0
2011-03-15,09:35:00,20.401,20.401,20.401,20.401,31,0
2011-03-15,10:35:00,20.409,20.409,20.409,20.409,5,0
2011-03-15,10:45:00,20.409,20.409,20.409,20.409,22,0
2011-03-15,10:55:00,20.409,20.409,20.401,20.401,98,0
2011-03-15,11:05:00,20.565,20.565,20.565,20.565,26,0
2011-03-15,11:20:00,20.565,20.565,20.565,20.565,18,0
2011-03-15,11:25:00,20.565,20.565,20.474,20.474,36,0
2011-03-15,11:30:00,20.474,20.474,20.474,20.474,6,0
2011-03-15,11:40:00,20.474,20.474,20.401,20.401,3085,0
2011-03-15,12:05:00,20.401,20.401,20.401,20.401,153,0
2011-03-15,12:45:00,20.401,20.401,20.401,20.401,27,0
2011-03-15,12:50:00,20.401,20.401,20.401,20.401,207,0
2011-03-15,15:30:00,20.401,20.401,20.401,20.401,85,0
2011-03-15,15:35:00,20.401,20.401,20.401,20.401,38,0
2011-03-15,15:45:00,20.401,20.401,20.401,20.401,96,0
2011-03-16,09:05:00,20.442,20.442,20.442,20.442,6,0
2011-03-16,11:55:00,20.401,20.401,20.401,20.401,14,0
2011-03-16,15:00:00,20.565,20.565,20.565,20.565,49,0
2011-03-16,15:20:00,20.565,20.565,20.565,20.565,54,0
2011-03-16,15:40:00,20.565,20.565,20.565,20.565,148,0
2011-03-16,15:45:00,20.565,20.565,20.278,20.278,7,0
2011-03-16,15:50:00,20.278,20.278,20.278,20.278,6,0
2011-03-16,16:15:00,20.648,20.968,20.648,20.968,81,0
2011-03-16,16:50:00,20.327,20.327,20.327,20.327,12,0
2011-03-17,09:05:00,20.327,20.327,20.327,20.327,26,0
2011-03-17,10:45:00,20.565,20.565,20.278,20.278,36,0
2011-03-17,10:55:00,20.327,20.327,20.327,20.327,9,0
2011-03-17,11:05:00,20.318,20.318,20.278,20.278,60,0
2011-03-17,11:30:00,20.327,20.327,20.327,20.327,12,0
2011-03-17,12:05:00,20.318,20.318,20.318,20.318,6,0
2011-03-17,12:55:00,20.286,20.286,20.286,20.286,6,0
2011-03-17,15:10:00,20.565,20.869,20.565,20.869,10,0
2011-03-18,09:05:00,20.977,20.977,20.977,20.977,99,0
2011-03-18,09:15:00,20.163,20.163,20.163,20.163,13,0
2011-03-18,09:40:00,20.803,20.869,20.803,20.869,488,0
2011-03-18,10:50:00,20.318,20.318,20.318,20.318,6,0
2011-03-18,11:55:00,20.73,20.73,20.73,20.73,10,0
2011-03-18,13:30:00,20.73,20.73,20.73,20.73,49,0
2011-03-18,13:45:00,20.812,20.812,20.812,20.812,170,0
2011-03-18,13:50:00,20.869,21.388,20.869,21.388,571,0
2011-03-18,16:05:00,21.306,21.388,21.306,21.388,136,0
2011-03-21,09:15:00,20.368,20.368,20.368,20.368,22,0
2011-03-21,09:55:00,21.379,21.379,21.379,21.379,30,0
2011-03-21,12:10:00,20.656,20.656,20.656,20.656,32,0
2011-03-21,16:15:00,20.977,20.977,20.977,20.977,123,0
2011-03-22,09:05:00,20.392,20.392,20.392,20.392,24,0
2011-03-22,09:25:00,20.565,20.565,20.565,20.565,54,0
2011-03-22,09:45:00,20.565,21.388,20.565,21.355,129,0
2011-03-22,13:30:00,20.574,20.574,20.574,20.574,12,0
2011-03-22,14:40:00,20.977,20.977,20.977,20.977,10,0
2011-03-22,14:55:00,20.574,20.574,20.574,20.574,8,0
2011-03-22,15:10:00,20.574,20.574,20.574,20.574,86,0
2011-03-23,10:00:00,20.574,20.977,20.574,20.977,59,0
2011-03-23,10:05:00,20.977,20.977,20.977,20.977,1,0
2011-03-23,12:10:00,20.894,20.977,20.894,20.977,60,0
2011-03-23,13:20:00,20.574,20.574,20.574,20.574,123,0
2011-03-23,14:05:00,20.606,20.606,20.606,20.606,6,0
2011-03-23,14:55:00,20.606,20.606,20.606,20.606,27,0
2011-03-23,15:40:00,20.648,20.648,20.648,20.648,6,0
2011-03-23,16:40:00,20.689,20.689,20.689,20.689,7,0
2011-03-24,09:05:00,20.574,20.574,20.574,20.574,17,0
2011-03-24,09:15:00,20.574,21.059,20.574,21.059,92,0
2011-03-24,09:30:00,21.059,21.059,21.059,21.059,29,0
2011-03-24,09:45:00,21.059,21.059,21.059,21.059,12,0
2011-03-24,10:05:00,21.059,21.059,21.059,21.059,24,0
2011-03-24,10:30:00,21.059,21.059,21.059,21.059,3,0
2011-03-24,14:15:00,20.574,20.574,20.574,20.574,284,0
2011-03-24,14:35:00,20.574,20.574,20.574,20.574,7,0
2011-03-24,16:15:00,20.648,20.648,20.648,20.648,6,0
2011-03-25,09:05:00,20.663,20.663,20.663,20.663,70,0
2011-03-25,09:40:00,20.663,20.663,20.663,20.663,48,0
2011-03-25,10:25:00,20.689,20.689,20.689,20.689,6,0
2011-03-25,10:35:00,20.771,20.771,20.771,20.771,54,0
2011-03-25,10:45:00,20.771,20.771,20.771,20.771,4,0
2011-03-25,11:25:00,20.663,20.663,20.663,20.663,12,0
2011-03-25,11:35:00,20.663,20.663,20.663,20.663,51,0
2011-03-25,11:50:00,20.656,20.656,20.656,20.656,96,0
2011-03-25,12:25:00,20.656,20.656,20.656,20.656,2,0
2011-03-25,12:35:00,20.574,20.574,20.574,20.574,199,0
2011-03-25,12:50:00,20.574,20.574,20.574,20.574,243,0
2011-03-25,13:20:00,20.582,20.582,20.582,20.582,17,0
2011-03-25,13:30:00,20.582,20.582,20.582,20.582,17,0
2011-03-25,15:10:00,20.582,20.582,20.574,20.574,62,0
2011-03-25,15:45:00,20.656,20.771,20.656,20.771,49,0
2011-03-28,09:20:00,20.73,20.73,20.73,20.73,18,0
2011-03-28,10:45:00,20.771,20.771,20.771,20.771,22,0
2011-03-28,11:10:00,20.771,20.771,20.771,20.771,11,0
2011-03-28,12:25:00,20.771,20.771,20.771,20.771,12,0
2011-03-28,13:05:00,20.771,20.771,20.771,20.771,22,0
2011-03-28,14:40:00,20.771,20.771,20.771,20.771,6,0
2011-03-28,14:45:00,20.771,20.771,20.771,20.771,12,0
2011-03-28,15:25:00,20.771,20.771,20.771,20.771,34,0
2011-03-28,15:55:00,20.771,20.771,20.771,20.771,60,0
2011-03-28,16:20:00,20.771,20.771,20.771,20.771,30,0
2011-03-28,17:10:00,20.771,20.771,20.565,20.565,613,0
2011-03-29,09:05:00,20.771,20.771,20.771,20.771,17,0
2011-03-29,09:30:00,20.771,20.771,20.771,20.771,91,0
2011-03-29,10:40:00,20.565,20.565,20.565,20.565,42,0
2011-03-29,16:40:00,20.648,20.648,20.648,20.648,44,0
2011-03-29,17:20:00,20.648,20.648,20.648,20.648,22,0
2011-03-30,09:15:00,20.401,20.401,20.401,20.401,12,0
2011-03-30,11:20:00,20.565,20.565,20.565,20.565,6,0
2011-03-30,13:00:00,20.442,20.442,20.442,20.442,11,0
2011-03-30,13:15:00,20.565,20.565,20.565,20.565,9,0
2011-03-30,14:20:00,20.73,20.73,20.73,20.73,2,0
2011-03-31,09:05:00,20.442,20.442,20.442,20.442,39,0
2011-03-31,10:30:00,20.483,20.483,20.483,20.483,38,0
2011-03-31,12:45:00,20.565,20.565,20.565,20.565,126,0
2011-03-31,13:15:00,20.615,20.615,20.615,20.615,96,0
2011-03-31,13:40:00,20.574,20.574,20.574,20.574,12,0
2011-03-31,17:05:00,20.565,20.565,20.565,20.565,17,0
2011-04-01,09:05:00,20.812,20.812,20.812,20.812,248,0
2011-04-01,09:10:00,20.894,21.059,20.894,21.059,182,0
2011-04-01,09:50:00,21.059,21.371,21.059,21.371,611,0
2011-04-01,10:25:00,20.977,21.059,20.977,21.059,51,0
2011-04-01,13:40:00,20.821,20.821,20.821,20.821,12,0
2011-04-01,14:50:00,20.821,20.821,20.812,20.812,22,0
2011-04-01,15:00:00,20.812,20.812,20.812,20.812,54,0
2011-04-01,15:40:00,20.812,20.812,20.812,20.812,7,0
2011-04-01,16:25:00,20.812,20.812,20.812,20.812,51,0
2011-04-01,16:55:00,20.812,20.812,20.812,20.812,74,0
2011-04-01,17:00:00,20.968,20.977,20.968,20.977,74,0
2011-04-04,09:50:00,20.977,21.388,20.977,21.388,645,0
2011-04-04,10:10:00,21.388,21.717,21.388,21.717,72,0
2011-04-04,10:15:00,21.388,21.388,21.388,21.388,103,0
2011-04-04,10:20:00,21.388,21.388,21.388,21.388,13,0
2011-04-04,10:30:00,21.388,21.388,21.388,21.388,43,0
2011-04-04,10:35:00,21.388,21.388,21.388,21.388,8,0
2011-04-04,10:40:00,20.977,20.977,20.977,20.977,6,0
2011-04-04,11:10:00,21.306,21.306,21.306,21.306,17,0
2011-04-04,12:45:00,20.977,20.977,20.977,20.977,31,0
2011-04-04,14:05:00,20.977,20.977,20.977,20.977,60,0
2011-04-04,15:45:00,21.297,21.297,21.297,21.297,123,0
2011-04-04,16:10:00,20.977,20.977,20.977,20.977,7,0
2011-04-04,16:25:00,20.977,20.977,20.977,20.977,13,0
2011-04-04,17:00:00,20.977,20.977,20.977,20.977,1,0
2011-04-05,09:40:00,20.992,20.992,20.992,20.992,76,0
2011-04-05,09:50:00,21.059,21.799,21.059,21.799,937,0
2011-04-05,09:55:00,21.799,21.799,21.799,21.799,84,0
2011-04-05,10:00:00,21.799,21.799,21.799,21.799,129,0
2011-04-05,10:05:00,21.799,21.799,21.799,21.799,69,0
2011-04-05,10:10:00,21.799,21.799,21.799,21.799,81,0
2011-04-05,10:15:00,21.799,21.799,21.799,21.799,29,0
2011-04-05,10:20:00,21.799,21.799,21.799,21.799,272,0
2011-04-05,10:25:00,21.799,21.799,21.799,21.799,98,0
2011-04-05,10:35:00,21.799,21.841,21.799,21.841,118,0
2011-04-05,10:40:00,21.881,21.964,21.799,21.964,494,0
2011-04-05,10:45:00,21.799,21.799,21.799,21.799,6,0
2011-04-05,10:50:00,21.799,21.799,21.799,21.799,84,0
2011-04-05,10:55:00,21.799,21.799,21.799,21.799,75,0
2011-04-05,11:35:00,21.799,21.799,21.799,21.799,123,0
2011-04-05,12:10:00,21.799,21.799,21.799,21.799,12,0
2011-04-05,12:15:00,21.799,21.799,21.799,21.799,115,0
2011-04-05,12:40:00,21.799,21.799,21.799,21.799,149,0
2011-04-05,13:55:00,21.388,21.388,21.388,21.388,8,0
2011-04-05,14:10:00,21.388,21.388,21.388,21.388,8,0
2011-04-05,14:20:00,21.388,21.388,21.388,21.388,14,0
2011-04-05,14:30:00,21.388,21.799,21.388,21.799,243,0
2011-04-05,14:50:00,21.347,21.347,21.347,21.347,9,0
2011-04-05,15:40:00,21.347,21.347,21.347,21.347,11,0
2011-04-05,16:00:00,21.347,21.347,21.347,21.347,1,0
2011-04-05,16:10:00,21.717,21.799,21.717,21.799,28,0
2011-04-06,10:20:00,21.47,21.47,21.47,21.47,152,0
2011-04-06,10:35:00,21.404,21.404,21.404,21.404,37,0
2011-04-06,11:10:00,21.404,21.404,21.404,21.404,7,0
2011-04-06,11:15:00,21.404,21.404,21.404,21.404,6,0
2011-04-06,11:20:00,21.404,21.404,21.404,21.404,7,0
2011-04-06,12:10:00,21.461,21.47,21.461,21.47,49,0
2011-04-06,15:00:00,21.404,21.404,21.404,21.404,13,0
2011-04-06,16:00:00,21.306,21.306,21.306,21.306,51,0
2011-04-06,16:15:00,21.306,21.306,21.306,21.306,8,0
2011-04-06,17:00:00,21.018,21.018,21.018,21.018,33,0
2011-04-07,09:05:00,21.026,21.026,21.026,21.026,19,0
2011-04-07,09:10:00,21.026,21.026,21.026,21.026,26,0
2011-04-07,09:35:00,21.026,21.026,21.026,21.026,30,0
2011-04-07,11:30:00,21.1,21.1,21.1,21.1,6,0
2011-04-07,11:55:00,21.125,21.125,21.125,21.125,9,0
2011-04-07,12:20:00,21.125,21.125,21.125,21.125,8,0
2011-04-07,12:55:00,21.125,21.125,21.001,21.001,155,0
2011-04-07,16:45:00,21.141,21.141,21.141,21.141,10,0
2011-04-08,10:40:00,21.059,21.059,21.059,21.059,36,0
2011-04-08,11:05:00,20.977,20.977,20.977,20.977,22,0
2011-04-08,11:35:00,20.977,20.977,20.977,20.977,22,0
2011-04-08,12:05:00,20.977,20.977,20.894,20.894,134,0
2011-04-08,14:45:00,20.894,20.894,20.894,20.894,36,0
2011-04-08,16:20:00,21.141,21.141,21.141,21.141,10,0
2011-04-08,17:20:00,20.977,20.977,20.977,20.977,130,0
2011-04-11,09:05:00,20.977,21.371,20.977,21.371,123,0
2011-04-11,09:15:00,20.903,20.903,20.903,20.903,42,0
2011-04-11,12:25:00,20.977,20.977,20.977,20.977,31,0
2011-04-11,14:10:00,20.977,20.977,20.977,20.977,71,0
2011-04-11,14:50:00,20.944,20.944,20.935,20.935,31,0
2011-04-11,15:00:00,20.977,20.977,20.977,20.977,123,0
2011-04-11,16:50:00,21.363,21.363,21.363,21.363,7,0
2011-04-12,10:05:00,21.018,21.018,21.018,21.018,54,0
2011-04-12,14:45:00,21.018,21.018,21.018,21.018,241,0
2011-04-12,15:30:00,20.977,20.977,20.977,20.977,6,0
2011-04-12,16:45:00,21.018,21.018,21.018,21.018,7,0
2011-04-12,16:55:00,20.861,20.861,20.861,20.861,6,0
2011-04-13,10:20:00,21.018,21.018,21.018,21.018,6,0
2011-04-13,12:05:00,21.018,21.018,21.018,21.018,12,0
2011-04-13,15:35:00,21.059,21.059,21.059,21.059,36,0
2011-04-13,15:45:00,21.018,21.018,21.018,21.018,6,0
2011-04-13,17:10:00,21.018,21.018,21.018,21.018,6,0
2011-04-14,09:05:00,20.615,20.615,20.615,20.615,6,0
2011-04-14,11:50:00,20.622,20.622,20.622,20.622,36,0
2011-04-14,13:05:00,20.648,21.018,20.648,21.018,112,0
2011-04-14,15:35:00,21.018,21.018,21.018,21.018,7,0
2011-04-14,16:50:00,20.977,20.977,20.977,20.977,33,0
2011-04-15,09:15:00,20.977,20.977,20.977,20.977,83,0
2011-04-15,10:10:00,21.141,21.141,21.141,21.141,39,0
2011-04-15,11:25:00,21.141,21.141,21.141,21.141,131,0
2011-04-15,15:10:00,21.141,21.141,21.141,21.141,60,0
2011-04-15,16:20:00,21.059,21.059,21.059,21.059,37,0
2011-04-18,09:25:00,21.059,21.059,21.059,21.059,36,0
2011-04-18,10:10:00,20.977,20.977,20.977,20.977,216,0
2011-04-18,11:45:00,20.977,21.059,20.977,21.059,243,0
2011-04-18,12:05:00,20.935,20.935,20.935,20.935,7,0
2011-04-18,13:55:00,20.977,20.977,20.977,20.977,243,0
2011-04-18,15:55:00,20.935,20.935,20.935,20.935,24,0
2011-04-18,17:15:00,20.935,20.935,20.935,20.935,9,0
2011-04-19,10:05:00,20.689,20.689,20.565,20.565,458,0
2011-04-19,10:10:00,20.812,21.306,20.812,21.306,86,0
2011-04-19,12:25:00,21.223,21.297,21.223,21.297,243,0
2011-04-19,12:45:00,21.297,21.297,21.297,21.297,142,0
2011-04-19,12:50:00,21.297,21.297,21.297,21.297,123,0
2011-04-19,15:20:00,21.297,21.297,21.297,21.297,182,0
2011-04-19,17:00:00,21.141,21.141,21.141,21.141,149,0
2011-04-19,17:20:00,21.141,21.141,21.141,21.141,6,0
2011-04-20,09:05:00,20.392,20.392,20.392,20.392,6,0
2011-04-20,11:05:00,20.574,20.574,20.574,20.574,26,0
2011-04-20,17:20:00,20.894,20.894,20.894,20.894,5,0
2011-04-21,09:05:00,20.648,20.648,20.648,20.648,8,0
2011-04-21,13:45:00,20.977,20.977,20.977,20.977,227,0
2011-04-21,15:45:00,20.935,20.935,20.894,20.894,59,0
2011-04-21,15:50:00,20.73,20.73,20.73,20.73,26,0
2011-04-21,15:55:00,20.648,20.648,20.565,20.565,323,0
2011-04-21,16:35:00,21.059,21.059,21.059,21.059,10,0
2011-04-21,16:45:00,21.059,21.059,21.059,21.059,253,0
2011-04-21,16:50:00,20.894,20.894,20.894,20.894,7,0
2011-04-21,17:10:00,20.894,20.894,20.894,20.894,13,0
2011-04-26,09:05:00,20.648,20.648,20.648,20.648,36,0
2011-04-26,10:30:00,20.894,21.297,20.894,21.297,182,0
2011-04-26,10:50:00,20.689,20.689,20.689,20.689,11,0
2011-04-26,17:15:00,21.297,21.297,21.297,21.297,1,0
2011-04-27,09:05:00,20.648,20.648,20.648,20.648,19,0
2011-04-27,09:20:00,21.297,21.297,21.297,21.297,2430,0
2011-04-27,09:50:00,21.297,21.297,21.297,21.297,146,0
2011-04-27,10:15:00,21.059,21.059,21.059,21.059,182,0
2011-04-27,12:05:00,21.059,21.059,21.059,21.059,74,0
2011-04-27,14:50:00,20.894,20.894,20.894,20.894,12,0
2011-04-27,15:45:00,20.894,20.894,20.894,20.894,129,0
2011-04-28,12:00:00,20.771,20.771,20.771,20.771,6,0
2011-04-28,12:35:00,20.935,20.935,20.935,20.935,123,0
2011-04-28,15:00:00,20.977,20.977,20.977,20.977,12,0
2011-04-28,16:15:00,20.935,20.935,20.935,20.935,30,0
2011-04-29,10:05:00,21.28,21.28,21.28,21.28,182,0
2011-04-29,10:25:00,21.28,21.28,21.28,21.28,60,0
2011-04-29,11:35:00,21.256,21.256,21.256,21.256,243,0
2011-04-29,11:45:00,20.96,20.96,20.96,20.96,30,0
2011-04-29,14:05:00,21.223,21.28,21.223,21.28,82,0
2011-04-29,15:10:00,21.183,21.183,21.183,21.183,42,0
2011-04-29,16:40:00,21.1,21.1,21.1,21.1,10,0
2011-04-29,16:45:00,21.1,21.1,20.977,20.977,69,0
2011-05-02,09:55:00,20.977,20.977,20.977,20.977,13,0
2011-05-02,10:25:00,20.977,20.977,20.977,20.977,123,0
2011-05-04,09:10:00,21.018,21.018,20.985,20.985,55,0
2011-05-04,09:25:00,21.059,21.141,21.059,21.141,36,0
2011-05-04,09:30:00,21.141,21.28,21.141,21.28,26,0
2011-05-04,09:40:00,21.273,21.273,21.273,21.273,7,0
2011-05-04,10:15:00,21.265,21.265,21.265,21.265,36,0
2011-05-04,10:40:00,21.265,21.265,21.265,21.265,64,0
2011-05-04,11:15:00,21.059,21.059,21.059,21.059,9,0
2011-05-04,13:35:00,21.059,21.059,21.059,21.059,12,0
2011-05-04,16:45:00,21.059,21.059,21.059,21.059,72,0
2011-05-04,17:20:00,20.977,20.977,20.977,20.977,26,0
2011-05-05,09:05:00,20.977,20.977,20.977,20.977,26,0
2011-05-05,09:15:00,20.977,20.977,20.977,20.977,60,0
2011-05-05,09:30:00,20.779,20.779,20.779,20.779,8,0
2011-05-05,09:55:00,20.977,20.977,20.977,20.977,123,0
2011-05-05,10:05:00,20.787,20.787,20.787,20.787,43,0
2011-05-05,10:10:00,20.977,20.977,20.977,20.977,55,0
2011-05-05,10:30:00,20.977,20.977,20.977,20.977,94,0
2011-05-05,10:50:00,20.787,20.787,20.787,20.787,8,0
2011-05-05,12:55:00,21.059,21.059,21.059,21.059,135,0
2011-05-05,15:00:00,21.059,21.059,21.059,21.059,288,0
2011-05-05,16:20:00,21.059,21.059,21.059,21.059,6,0
2011-05-05,16:30:00,20.977,20.977,20.977,20.977,6,0
2011-05-05,16:40:00,21.059,21.059,21.059,21.059,7,0
2011-05-06,09:05:00,20.854,20.854,20.854,20.854,12,0
2011-05-06,09:55:00,20.977,20.977,20.977,20.977,18,0
2011-05-06,12:00:00,20.977,20.977,20.977,20.977,11,0
2011-05-06,14:40:00,20.878,20.878,20.878,20.878,64,0
2011-05-06,15:35:00,20.878,20.878,20.878,20.878,60,0
2011-05-09,09:05:00,20.878,20.878,20.878,20.878,6,0
2011-05-09,09:30:00,20.878,20.878,20.878,20.878,19,0
2011-05-09,10:00:00,20.878,20.878,20.878,20.878,92,0
2011-05-09,11:05:00,20.894,20.894,20.894,20.894,58,0
2011-05-09,12:20:00,20.861,20.861,20.861,20.861,85,0
2011-05-09,12:30:00,20.854,20.854,20.854,20.854,222,0
2011-05-09,12:35:00,20.854,20.854,20.854,20.854,8,0
2011-05-09,14:10:00,20.878,20.878,20.878,20.878,85,0
2011-05-09,14:15:00,20.854,20.854,20.854,20.854,7,0
2011-05-09,15:15:00,20.878,20.878,20.878,20.878,249,0
2011-05-10,09:15:00,20.739,20.739,20.739,20.739,36,0
2011-05-10,09:30:00,20.739,20.739,20.739,20.739,60,0
2011-05-10,09:45:00,20.812,20.812,19.989,19.989,57,0
2011-05-10,10:20:00,20.154,20.154,20.154,20.154,123,0
2011-05-10,11:40:00,20.771,20.771,20.771,20.771,22,0
2011-05-10,12:15:00,20.977,21.223,20.977,21.223,60,0
2011-05-10,16:05:00,20.169,20.169,20.169,20.169,6,0
2011-05-10,17:15:00,20.187,20.878,20.187,20.878,22,0
2011-05-11,10:30:00,20.977,20.977,20.977,20.977,36,0
2011-05-11,11:30:00,20.878,20.977,20.878,20.977,198,0
2011-05-11,12:45:00,20.977,20.977,20.812,20.812,323,0
2011-05-11,12:55:00,20.812,20.812,20.812,20.812,13,0
2011-05-11,13:10:00,20.977,20.977,20.977,20.977,170,0
2011-05-11,14:45:00,20.812,20.812,20.812,20.812,123,0
2011-05-11,15:35:00,20.977,20.977,20.977,20.977,66,0
2011-05-11,16:00:00,20.977,20.977,20.977,20.977,29,0
2011-05-11,16:25:00,20.977,20.977,20.977,20.977,74,0
2011-05-11,17:05:00,20.779,20.779,20.779,20.779,10,0
2011-05-11,17:20:00,20.796,20.796,20.796,20.796,32,0
2011-05-12,11:15:00,20.196,20.196,20.169,20.169,74,0
2011-05-12,11:45:00,20.886,20.977,20.886,20.977,124,0
2011-05-12,12:20:00,20.977,20.977,20.977,20.977,33,0
2011-05-12,14:00:00,20.977,20.977,20.977,20.977,9,0
2011-05-12,15:15:00,20.977,20.977,20.977,20.977,7,0
2011-05-13,09:55:00,20.565,20.565,20.565,20.565,6,0
2011-05-13,11:15:00,20.894,20.894,20.894,20.894,7,0
2011-05-13,13:15:00,20.977,20.977,20.977,20.977,7,0
2011-05-13,15:10:00,20.977,20.977,20.977,20.977,12,0
2011-05-13,15:35:00,20.812,20.812,20.812,20.812,112,0
2011-05-13,15:55:00,20.812,20.927,20.812,20.927,183,0
2011-05-13,16:05:00,20.977,20.977,20.977,20.977,18,0
2011-05-13,17:00:00,20.977,20.977,20.977,20.977,32,0
2011-05-13,17:20:00,20.977,20.977,20.977,20.977,123,0
2011-05-16,09:10:00,20.977,21.198,20.977,21.198,123,0
2011-05-16,09:20:00,21.198,21.297,21.198,21.297,611,0
2011-05-16,09:35:00,21.289,21.306,21.289,21.306,123,0
2011-05-16,09:40:00,21.306,21.388,21.306,21.388,611,0
2011-05-16,09:45:00,21.306,21.388,21.306,21.388,120,0
2011-05-16,09:50:00,21.388,21.388,21.388,21.388,27,0
2011-05-16,10:00:00,21.479,21.799,21.479,21.799,60,0
2011-05-16,10:10:00,21.388,21.388,21.388,21.388,13,0
2011-05-16,10:15:00,21.799,21.799,21.799,21.799,22,0
2011-05-16,11:00:00,21.388,21.388,21.388,21.388,30,0
2011-05-16,12:05:00,21.388,21.388,21.388,21.388,6,0
2011-05-16,12:20:00,21.388,21.388,21.388,21.388,6,0
2011-05-16,13:10:00,21.388,21.388,21.388,21.388,7,0
2011-05-16,14:20:00,20.574,20.574,20.574,20.574,17,0
2011-05-16,16:55:00,20.977,20.977,20.977,20.977,8,0
2011-05-17,15:00:00,20.977,20.977,20.771,20.771,149,0
2011-05-17,15:40:00,20.779,20.779,20.779,20.779,30,0
2011-05-17,15:45:00,20.779,20.977,20.779,20.977,192,0
2011-05-18,12:05:00,20.697,20.697,20.697,20.697,85,0
2011-05-18,16:20:00,20.697,20.697,20.697,20.697,58,0
2011-05-18,16:25:00,20.697,20.697,20.697,20.697,74,0
2011-05-20,09:10:00,21.223,21.379,21.223,21.379,36,0
2011-05-23,14:45:00,20.203,20.203,20.203,20.203,138,0
2011-05-23,16:25:00,20.203,20.203,20.203,20.203,101,0
2011-05-23,16:30:00,20.196,20.196,19.957,19.957,123,0
2011-05-24,09:15:00,20.31,21.059,20.31,21.059,36,0
2011-05-25,12:25:00,20.787,20.787,20.787,20.787,214,0
2011-05-25,14:20:00,20.739,20.739,20.739,20.739,215,0
2011-05-25,14:30:00,20.739,20.739,20.739,20.739,111,0
2011-05-26,10:40:00,20.565,20.565,20.565,20.565,12,0
2011-05-26,10:50:00,20.73,20.73,20.73,20.73,31,0
2011-05-26,12:25:00,20.73,20.73,20.73,20.73,24,0
2011-05-26,13:00:00,20.689,20.689,20.689,20.689,31,0
2011-05-27,10:40:00,20.689,20.739,20.689,20.739,386,0
2011-05-27,14:15:00,20.812,21.371,20.812,21.371,176,0
2011-05-27,17:00:00,20.606,20.606,20.606,20.606,6,0
2011-05-27,17:05:00,21.297,21.306,21.297,21.306,50,0
2011-05-30,09:05:00,20.606,20.606,20.606,20.606,177,0
2011-05-30,09:40:00,20.812,20.812,20.812,20.812,49,0
2011-05-30,13:20:00,20.606,20.606,20.606,20.606,12,0
2011-05-30,13:50:00,21.141,21.141,21.141,21.141,14,0
2011-05-30,16:30:00,20.606,20.606,20.606,20.606,31,0
2011-05-31,09:10:00,20.565,20.565,20.565,20.565,22,0
2011-05-31,09:55:00,20.565,20.565,20.565,20.565,30,0
2011-05-31,12:25:00,20.532,20.532,20.532,20.532,252,0
2011-05-31,12:35:00,20.565,20.565,20.565,20.565,49,0
2011-05-31,12:40:00,20.532,20.532,20.532,20.532,35,0
2011-05-31,13:00:00,20.532,20.532,20.532,20.532,31,0
2011-06-02,10:15:00,20.663,20.663,20.648,20.648,74,0
2011-06-02,11:30:00,20.606,20.606,20.606,20.606,178,0
2011-06-02,12:20:00,20.639,20.639,20.639,20.639,6,0
2011-06-02,12:25:00,20.812,20.812,20.812,20.812,57,0
2011-06-02,17:00:00,20.803,20.977,20.803,20.977,11,0
2011-06-03,15:20:00,20.977,20.977,20.977,20.977,178,0
2011-06-06,11:25:00,20.574,20.574,20.574,20.574,7,0
2011-06-06,11:40:00,20.886,20.977,20.886,20.977,111,0
2011-06-06,13:15:00,20.977,20.977,20.977,20.977,178,0
2011-06-07,09:25:00,20.582,20.582,20.582,20.582,304,0
2011-06-07,13:00:00,20.73,20.977,20.73,20.977,111,0
2011-06-07,13:55:00,21.059,21.223,21.059,21.223,9,0
2011-06-08,09:05:00,21.183,21.183,21.183,21.183,12,0
2011-06-08,11:05:00,21.183,21.223,21.183,21.223,424,0
2011-06-08,11:35:00,21.223,21.223,21.223,21.223,12,0
2011-06-08,12:20:00,21.215,21.215,21.215,21.215,766,0
2011-06-08,12:25:00,21.223,21.223,21.223,21.223,96,0
2011-06-08,14:15:00,20.615,20.615,20.615,20.615,111,0
2011-06-08,15:15:00,21.223,21.223,21.223,21.223,611,0
2011-06-08,15:50:00,20.622,20.622,20.622,20.622,31,0
2011-06-09,09:10:00,20.977,20.977,20.977,20.977,19,0
2011-06-09,09:40:00,20.977,20.977,20.977,20.977,17,0
2011-06-09,12:00:00,20.977,20.977,20.977,20.977,12,0
2011-06-09,14:00:00,20.977,20.977,20.977,20.977,31,0
2011-06-09,14:35:00,20.977,20.977,20.977,20.977,9,0
2011-06-09,15:00:00,20.977,20.977,20.977,20.977,12,0
2011-06-09,16:55:00,20.977,20.977,20.977,20.977,36,0
2011-06-09,17:05:00,20.771,20.771,20.771,20.771,43,0
2011-06-10,09:05:00,20.721,20.721,20.721,20.721,60,0
2011-06-10,17:20:00,20.771,20.771,20.771,20.771,162,0
2011-06-13,12:10:00,20.73,20.73,20.721,20.721,24,0
2011-06-13,16:00:00,20.721,20.721,20.721,20.721,6,0
2011-06-14,11:45:00,20.721,20.721,20.721,20.721,6,0
2011-06-14,13:50:00,20.721,20.721,20.565,20.565,13,0
2011-06-14,16:30:00,20.565,20.565,20.565,20.565,6,0
2011-06-14,16:45:00,20.565,20.565,20.565,20.565,14,0
2011-06-14,16:55:00,20.565,20.565,20.565,20.565,10,0
2011-06-15,14:20:00,20.582,20.582,20.582,20.582,12,0
2011-06-16,09:10:00,20.623,20.623,20.623,20.623,37,0
2011-06-16,09:50:00,20.623,20.623,20.623,20.623,9,0
2011-06-16,10:10:00,20.623,20.623,20.623,20.623,17,0
2011-06-16,11:10:00,20.874,21.291,20.791,20.791,48,0
2011-06-16,16:25:00,20.874,21.208,20.874,21.208,30,0
2011-06-16,16:50:00,20.623,20.623,20.623,20.623,120,0
2011-06-16,17:00:00,20.582,20.623,20.582,20.623,95,0
2011-06-17,12:05:00,20.582,20.582,20.582,20.582,6,0
2011-06-17,15:30:00,20.582,20.582,20.582,20.582,6,0
2011-06-17,16:10:00,20.582,20.582,20.582,20.582,10,0
2011-06-20,09:05:00,19.705,19.705,18.62,18.62,180,0
2011-06-20,09:45:00,20.456,20.456,20.456,20.456,589,0
2011-06-20,11:50:00,20.456,20.456,20.456,20.456,59,0
2011-06-20,14:30:00,19.255,19.255,19.255,19.255,22,0
2011-06-20,14:40:00,19.288,19.297,19.288,19.297,103,0
2011-06-20,14:45:00,20.456,20.456,20.456,20.456,41,0
2011-06-20,14:50:00,20.456,20.456,20.456,20.456,62,0
2011-06-20,15:35:00,20.456,20.456,20.456,20.456,57,0
2011-06-20,16:20:00,20.456,20.456,20.456,20.456,103,0
2011-06-21,09:15:00,20.373,21.283,20.373,21.283,48,0
2011-06-21,11:55:00,19.622,19.622,19.622,19.622,240,0
2011-06-21,13:25:00,19.538,20.456,19.538,20.456,232,0
2011-06-21,16:00:00,19.656,19.656,19.638,19.638,58,0
2011-06-21,17:20:00,19.872,19.872,19.872,19.872,54,0
2011-06-22,09:05:00,19.872,19.872,19.872,19.872,5,0
2011-06-22,10:55:00,20.04,20.04,20.04,20.04,12,0
2011-06-22,11:00:00,20.456,20.456,20.456,20.456,22,0
2011-06-22,11:25:00,20.456,20.456,20.456,20.456,224,0
2011-06-22,11:40:00,19.88,19.88,19.88,19.88,75,0
2011-06-22,12:50:00,20.456,20.456,20.123,20.123,80,0
2011-06-22,13:30:00,19.88,19.88,19.88,19.88,42,0
2011-06-22,14:30:00,20.865,20.865,20.865,20.865,10,0
2011-06-24,09:05:00,18.92,18.92,18.92,18.92,8,0
2011-06-24,10:35:00,20.782,20.782,20.782,20.782,1,0
2011-06-24,12:20:00,19.93,19.93,19.93,19.93,13,0
2011-06-27,09:05:00,19.205,19.205,19.205,19.205,9,0
2011-06-27,09:15:00,19.93,19.93,19.93,19.93,12,0
2011-06-27,09:30:00,19.288,19.288,19.288,19.288,12,0
2011-06-27,14:55:00,19.297,19.297,19.288,19.288,5,0
2011-06-28,09:05:00,18.787,18.787,18.787,18.787,17,0
2011-06-28,09:10:00,20.448,20.448,20.448,20.448,10,0
2011-06-28,09:40:00,18.828,18.828,18.828,18.828,58,0
2011-06-28,11:45:00,18.787,18.828,18.787,18.828,180,0
2011-06-28,15:20:00,18.87,18.87,18.787,18.787,240,0
2011-06-28,16:35:00,20.448,20.448,20.448,20.448,10,0
2011-06-29,11:25:00,19.647,19.647,19.647,19.647,367,0
2011-06-29,11:55:00,20.448,20.448,20.448,20.448,10,0
2011-06-29,17:15:00,20.456,20.456,20.205,20.448,37,0
2011-06-30,12:10:00,18.996,18.996,18.996,18.996,1,0
2011-06-30,14:00:00,20.54,20.54,20.54,20.54,19,0
2011-06-30,14:15:00,20.858,20.874,20.849,20.874,1153,0
2011-06-30,14:20:00,21.283,21.291,21.04,21.291,364,0
2011-07-01,10:45:00,19.497,19.497,19.497,19.497,9,0
2011-07-01,17:10:00,21.241,21.241,21.241,21.241,10,0
2011-07-04,09:05:00,19.705,19.705,19.705,19.705,33,0
2011-07-04,16:30:00,21.166,21.166,21.166,21.166,10,0
2011-07-05,14:20:00,20.874,21.083,20.865,21.083,164,0
2011-07-05,15:40:00,21.04,21.04,21.04,21.04,120,0
2011-07-08,11:55:00,19.638,19.663,19.205,19.205,240,0
2011-07-08,12:05:00,20.791,21.04,20.791,21.04,351,0
2011-07-08,13:05:00,21.04,21.04,21.04,21.04,59,0
2011-07-08,13:10:00,21.04,21.04,21.04,21.04,37,0
2011-07-08,13:15:00,21.033,21.033,21.033,21.033,59,0
2011-07-08,16:05:00,21.04,21.04,21.04,21.04,55,0
2011-07-08,16:55:00,21.04,21.04,21.04,21.04,6,0
2011-07-11,09:20:00,21.125,21.125,21.125,21.125,10,0
2011-07-11,09:45:00,21.04,21.04,21.04,21.04,8,0
2011-07-11,10:35:00,21.04,21.04,21.04,21.04,6,0
2011-07-11,12:50:00,21.04,21.04,21.04,21.04,7,0
2011-07-11,13:05:00,21.125,21.125,21.125,21.125,30,0
2011-07-11,14:20:00,20.089,20.089,20.089,20.089,12,0
2011-07-12,09:05:00,19.721,19.721,19.721,19.721,6,0
2011-07-12,09:45:00,19.713,19.721,19.713,19.721,111,0
2011-07-12,10:25:00,19.288,19.288,19.288,19.288,88,0
2011-07-12,14:05:00,20.373,20.373,20.373,20.373,10,0
2011-07-12,16:35:00,20.373,20.373,20.373,20.373,43,0
2011-07-12,16:40:00,20.957,20.957,20.957,20.957,66,0
2011-07-12,17:20:00,20.949,20.949,20.949,20.949,167,0
2011-07-14,09:05:00,20.957,20.957,20.957,20.957,30,0
2011-07-19,12:50:00,19.53,19.53,19.506,19.506,120,0
2011-07-19,13:25:00,19.512,19.512,19.512,19.512,8,0
2011-07-19,13:55:00,19.512,19.512,19.512,19.512,11,0
2011-07-19,15:20:00,20.858,20.858,20.858,20.858,10,0
2011-07-19,17:20:00,20.874,20.874,20.874,20.874,598,0
2011-07-21,16:15:00,20.874,20.874,20.874,20.874,522,0
2011-07-22,12:20:00,19.806,19.813,19.806,19.813,31,0
2011-07-22,12:40:00,19.797,19.806,19.797,19.806,100,0
2011-07-22,14:30:00,20.874,20.874,20.849,20.874,1540,0
2011-07-25,09:05:00,19.898,19.898,19.898,19.898,9,0
2011-07-25,09:20:00,20.456,20.456,20.456,20.456,12,0
2011-07-25,12:15:00,19.93,19.93,19.93,19.93,64,0
2011-07-25,13:55:00,20.089,20.089,20.089,20.089,2,0
2011-07-26,09:05:00,20.048,20.048,20.048,20.048,11,0
2011-07-26,14:00:00,20.791,20.807,20.791,20.807,17,0
2011-07-26,15:45:00,20.089,20.089,20.089,20.089,75,0
2011-07-26,16:45:00,20.089,20.089,20.089,20.089,8,0
2011-07-27,16:25:00,20.081,20.081,20.081,20.081,72,0
2011-07-27,16:55:00,20.089,20.089,20.089,20.089,12,0
2011-07-28,14:00:00,20.048,20.089,19.948,20.089,119,0
2011-07-29,15:30:00,19.246,19.246,19.246,19.246,48,0
2011-08-01,09:05:00,19.229,19.229,19.229,19.229,9,0
2011-08-01,12:30:00,19.288,19.288,19.288,19.288,11,0
2011-08-02,10:10:00,19.229,19.246,19.229,19.246,120,0
2011-08-02,13:05:00,19.229,19.229,19.229,19.229,38,0
2011-08-02,13:25:00,19.229,19.229,19.229,19.229,12,0
2011-08-02,13:50:00,19.22,19.22,19.22,19.22,82,0
2011-08-02,17:00:00,19.205,19.205,19.205,19.205,1,0
2011-08-03,12:35:00,19.205,19.205,19.205,19.205,26,0
2011-08-04,09:35:00,18.285,18.285,18.285,18.285,827,0
2011-08-05,09:45:00,17.576,17.576,17.576,17.576,10,0
2011-08-05,11:20:00,16.465,16.465,16.465,16.465,30,0
2011-08-05,12:15:00,17.533,17.533,17.533,17.533,280,0
2011-08-05,12:40:00,17.533,17.533,17.533,17.533,3,0
2011-08-05,15:35:00,16.708,16.708,16.708,16.708,24,0
2011-08-05,15:40:00,16.866,16.866,16.708,16.708,218,0
2011-08-08,09:05:00,15.046,15.046,15.046,15.046,12,0
2011-08-08,11:30:00,15.154,15.154,15.154,15.154,7,0
2011-08-08,16:05:00,15.205,15.205,15.205,15.205,40,0
2011-08-08,16:25:00,16.282,16.282,16.282,16.282,120,0
2011-08-09,09:05:00,14.662,14.662,14.662,14.662,7,0
2011-08-09,10:05:00,14.403,14.403,14.37,14.37,10,0
2011-08-09,10:10:00,14.37,14.37,14.37,14.37,36,0
2011-08-09,12:05:00,14.403,14.403,14.403,14.403,8,0
2011-08-09,12:25:00,14.403,14.403,14.403,14.403,9,0
2011-08-09,12:45:00,14.403,14.403,14.403,14.403,9,0
2011-08-09,12:50:00,14.403,14.403,14.403,14.403,120,0
2011-08-09,14:50:00,14.403,14.403,14.403,14.403,6,0
2011-08-10,09:10:00,14.612,14.628,14.612,14.628,620,0
2011-08-10,10:50:00,14.737,14.737,14.654,14.654,12,0
2011-08-10,13:00:00,14.654,14.654,14.654,14.654,18,0
2011-08-10,14:15:00,15.196,15.196,15.196,15.196,10,0
2011-08-10,15:40:00,14.654,14.654,14.654,14.654,69,0
2011-08-10,16:55:00,14.654,14.654,14.654,14.654,45,0
2011-08-10,17:10:00,14.612,14.612,14.612,14.612,31,0
2011-08-11,09:05:00,14.612,14.612,14.612,14.612,6,0
2011-08-11,10:45:00,14.628,14.628,14.628,14.628,59,0
2011-08-11,10:55:00,15.689,15.689,15.689,15.689,17,0
2011-08-11,17:05:00,15.605,15.689,15.605,15.689,95,0
2011-08-12,10:30:00,15.681,15.681,15.681,15.681,52,0
2011-08-12,10:35:00,17.108,17.108,17.108,17.108,59,0
2011-08-16,09:05:00,18.368,18.368,18.368,18.368,120,0
2011-08-16,13:40:00,17.117,17.117,17.117,17.117,6,0
2011-08-16,16:00:00,18.368,18.368,18.368,18.368,10,0
2011-08-17,09:25:00,18.368,18.368,18.368,18.368,4,0
2011-08-17,12:20:00,17.951,17.951,17.951,17.951,59,0
2011-08-18,12:30:00,17.2,17.2,17.2,17.2,30,0
2011-08-18,17:20:00,14.696,17.2,14.696,17.2,392,0
2011-08-19,09:15:00,15.864,15.864,15.864,15.864,34,0
2011-08-19,09:25:00,17.117,17.117,17.117,17.117,11,0
2011-08-19,10:00:00,18.368,18.368,18.368,18.368,10,0
2011-08-19,10:45:00,16.282,16.282,16.282,16.282,8,0
2011-08-19,12:15:00,18.368,18.368,18.368,18.368,10,0
2011-08-19,16:00:00,16.282,16.282,16.282,16.282,59,0
2011-08-19,16:20:00,16.282,16.282,16.282,16.282,59,0
2011-08-19,17:20:00,18.368,18.368,18.368,18.368,10,0
2011-08-24,09:05:00,18.368,18.368,18.368,18.368,10,0
2011-08-25,09:15:00,16.699,16.699,16.699,16.699,17,0
2011-08-25,09:20:00,18.361,18.361,18.361,18.361,48,0
2011-08-26,15:45:00,16.533,16.533,16.533,16.533,84,0
2011-08-26,16:30:00,18.353,18.353,18.353,18.353,5,0
2011-08-31,17:20:00,18.319,18.319,18.319,18.319,105,0
2011-09-02,10:05:00,17.117,17.117,17.117,17.117,120,0
2011-09-02,10:25:00,16.699,16.699,16.699,16.699,26,0
2011-09-02,10:50:00,16.699,16.699,16.699,16.699,72,0
2011-09-02,13:15:00,16.699,17.108,16.699,17.108,221,0
2011-09-02,13:30:00,16.742,17.117,16.742,17.117,136,0
2011-09-02,16:00:00,18.285,18.285,18.285,18.285,58,0
2011-09-14,09:55:00,14.436,14.436,14.436,14.436,26,0
2011-09-14,10:05:00,14.436,14.436,14.436,14.436,10,0
2011-09-14,13:55:00,17.117,17.117,17.117,17.117,24,0
2011-09-14,15:10:00,17.117,17.117,17.117,17.117,75,0
2011-09-14,16:25:00,17.533,17.533,17.533,17.533,36,0
2011-09-14,16:40:00,17.944,17.951,17.944,17.951,317,0
2011-09-15,11:55:00,15.864,15.864,15.864,15.864,12,0
2011-09-15,15:30:00,15.923,15.923,15.873,15.873,254,0
2011-09-15,17:20:00,17.951,17.951,17.951,17.951,60,0
2011-09-16,10:40:00,16.457,16.457,16.457,16.457,41,0
2011-09-16,14:55:00,17.951,17.951,17.951,17.951,54,0
2011-09-16,15:30:00,17.951,17.951,17.951,17.951,14,0
2011-09-19,10:20:00,14.662,14.662,14.662,14.662,6,0
2011-09-19,11:00:00,17.951,17.951,17.951,17.951,10,0
2011-09-21,16:40:00,17.533,17.533,17.533,17.533,342,0
2011-09-21,16:45:00,17.951,17.951,17.951,17.951,80,0
2011-10-10,15:05:00,17.533,17.533,17.533,17.533,59,0
2011-10-11,11:05:00,17.533,17.533,17.533,17.533,4,0
2011-10-24,11:05:00,16.699,16.699,16.699,16.699,59,0
2011-10-24,11:10:00,16.699,16.699,16.699,16.699,28,0
2011-10-24,15:05:00,17.117,17.117,17.117,17.117,24,0
2011-10-26,11:05:00,17.451,17.451,17.451,17.451,127,0
2011-10-27,11:05:00,17.451,17.451,17.451,17.451,26,0
2011-10-31,15:05:00,14.411,14.411,14.411,14.411,6,0
2011-11-02,15:05:00,17.451,17.451,17.451,17.451,32,0
2011-11-04,11:05:00,17.368,17.368,17.368,17.368,8,0
2011-11-04,15:05:00,17.368,17.368,17.368,17.368,60,0
2011-11-21,15:05:00,19.086,19.086,19.086,19.086,58,0
2011-12-07,11:05:00,18.896,18.896,18.896,18.896,232,0
2011-12-09,15:05:00,16.757,16.757,16.757,16.757,39,0
2011-12-12,11:05:00,17.178,17.178,17.178,17.178,30,0
2011-12-13,15:05:00,17.178,17.178,17.178,17.178,20,0
2011-12-20,15:05:00,17.178,17.178,17.178,17.178,232,0
2011-12-21,11:05:00,15.048,15.048,15.048,15.048,9,0
2011-12-21,15:05:00,17.178,17.178,17.178,17.178,71,0
2011-12-23,15:05:00,17.178,17.178,17.178,17.178,45,0
2011-12-23,15:10:00,17.178,17.178,17.178,17.178,7,0
2011-12-27,15:05:00,17.178,17.178,17.178,17.178,117,0
2011-12-30,11:05:00,17.608,17.608,17.608,17.608,49,0
2011-12-30,11:25:00,17.608,17.608,17.608,17.608,7,0
2011-12-30,15:05:00,17.608,17.608,17.608,17.608,45,0
2011-12-30,15:30:00,17.608,17.608,17.608,17.608,123,0
2012-01-02,11:05:00,18.467,18.467,18.467,18.467,10,0
2012-01-03,11:05:00,18.467,18.467,18.467,18.467,117,0
2012-01-10,15:05:00,15.726,15.726,15.726,15.726,28,0
2012-01-11,11:05:00,16.337,16.337,16.337,16.337,82,0
2012-01-12,11:05:00,18.381,18.381,18.381,18.381,184,0
2012-01-16,15:05:00,18.381,18.381,18.381,18.381,90,0
2012-01-17,15:05:00,16.869,16.869,16.869,16.869,6,0
2012-01-18,11:05:00,16.877,16.877,16.877,16.877,194,0
2012-01-19,11:05:00,18.381,18.381,18.381,18.381,119,0
2012-01-24,11:05:00,18.381,18.381,18.381,18.381,207,0
2012-01-24,11:10:00,18.381,18.381,18.381,18.381,124,0
2012-01-24,11:15:00,18.381,18.381,18.381,18.381,237,0
2012-01-25,11:05:00,18.467,18.467,18.467,18.467,649,0
2012-01-30,11:05:00,18.381,18.381,18.381,18.381,6,0
2012-01-30,11:25:00,18.381,18.381,18.381,18.381,19,0
2012-02-01,11:05:00,18.381,18.381,18.381,18.381,271,0
2012-02-09,11:05:00,18.467,18.467,18.467,18.467,142,0
2012-02-09,15:05:00,18.81,18.81,18.81,18.81,120,0
2012-02-09,15:10:00,18.81,18.81,18.81,18.81,135,0
2012-02-10,11:05:00,18.896,18.896,18.896,18.896,56,0
2012-02-14,15:05:00,17.178,17.178,17.178,17.178,29,0
2012-02-15,15:05:00,19.754,19.754,19.754,19.754,27,0
2012-02-16,15:05:00,20.228,20.228,20.228,20.228,241,0
2012-02-17,15:05:00,20.615,20.615,20.615,20.615,466,0
2012-02-20,11:05:00,20.228,20.228,20.228,20.228,241,0
2012-02-21,11:05:00,20.228,20.228,20.228,20.228,248,0
2012-02-21,15:05:00,20.615,20.615,20.615,20.615,58,0
2012-02-22,11:05:00,20.615,20.615,20.615,20.615,582,0
2012-02-22,15:05:00,21.473,21.473,21.473,21.473,682,0
2012-02-22,15:10:00,21.473,21.473,21.473,21.473,17,0
2012-02-22,15:20:00,21.473,21.473,21.473,21.473,12,0
2012-02-22,15:25:00,21.473,21.473,21.473,21.473,100,0
2012-02-22,15:30:00,21.473,21.473,21.473,21.473,13,0
2012-02-23,11:05:00,21.988,21.988,21.988,21.988,819,0
2012-02-23,15:05:00,21.988,21.988,21.988,21.988,65,0
2012-02-24,11:05:00,22.16,22.16,22.16,22.16,117,0
2012-02-24,15:05:00,22.331,22.331,22.331,22.331,188,0
2012-02-27,11:05:00,22.331,22.331,22.331,22.331,273,0
2012-02-27,11:15:00,22.331,22.331,22.331,22.331,7,0
2012-02-27,15:05:00,23.105,23.105,23.105,23.105,455,0
2012-02-28,11:05:00,23.963,23.963,23.963,23.963,673,0
2012-02-28,15:05:00,23.963,23.963,23.963,23.963,2794,0
2012-02-29,11:05:00,23.963,23.963,23.963,23.963,243,0
2012-02-29,11:10:00,23.963,23.963,23.963,23.963,83,0
2012-02-29,15:05:00,23.963,23.963,23.963,23.963,160,0
2012-03-01,11:05:00,23.963,23.963,23.963,23.963,224,0
2012-03-01,15:05:00,23.963,23.963,23.963,23.963,177,0
2012-03-01,15:10:00,23.963,23.963,23.963,23.963,65,0
2012-03-05,11:05:00,24.007,24.007,24.007,24.007,149,0
2012-03-05,11:15:00,24.007,24.007,24.007,24.007,6,0
2012-03-05,11:20:00,24.007,24.007,24.007,24.007,226,0
2012-03-05,15:05:00,24.007,24.007,24.007,24.007,274,0
2012-03-05,15:10:00,24.007,24.007,24.007,24.007,465,0
2012-03-06,11:05:00,24.007,24.007,24.007,24.007,210,0
2012-03-06,11:15:00,24.007,24.007,24.007,24.007,91,0
2012-03-06,15:05:00,24.007,24.007,24.007,24.007,156,0
2012-03-06,15:15:00,24.007,24.007,24.007,24.007,12,0
2012-03-07,11:05:00,24.007,24.007,24.007,24.007,176,0
2012-03-07,15:05:00,24.007,24.007,24.007,24.007,232,0
2012-03-08,11:05:00,24.049,24.049,24.049,24.049,290,0
2012-03-08,11:15:00,24.049,24.049,24.049,24.049,3,0
2012-03-08,15:05:00,24.564,24.564,24.564,24.564,1163,0
2012-03-09,11:05:00,24.909,24.909,24.909,24.909,176,0
2012-03-09,15:05:00,24.909,24.909,24.909,24.909,246,0
2012-03-12,11:05:00,24.909,24.909,24.909,24.909,214,0
2012-03-12,15:05:00,25.424,25.424,25.424,25.424,232,0
2012-03-12,15:10:00,25.424,25.424,25.424,25.424,815,0
2012-03-13,11:05:00,25.595,25.595,25.595,25.595,117,0
2012-03-14,11:05:00,25.595,25.595,25.595,25.595,130,0
2012-03-14,11:30:00,25.595,25.595,25.595,25.595,49,0
2012-03-14,15:05:00,26.472,26.472,26.472,26.472,7560,0
2012-03-15,11:05:00,27.142,27.142,27.142,27.142,216,0
2012-03-15,15:05:00,27.142,27.142,27.142,27.142,18,0
2012-03-15,15:20:00,27.142,27.142,27.142,27.142,7,0
2012-03-16,11:05:00,27.58,27.58,27.58,27.58,55,0
2012-03-16,15:05:00,28.344,28.344,28.344,28.344,28,0
2012-03-19,11:05:00,28.344,28.344,28.344,28.344,68,0
2012-03-19,11:30:00,28.344,28.344,28.344,28.344,1,0
2012-03-19,15:05:00,29.632,29.632,29.632,29.632,200,0
2012-03-20,11:05:00,29.719,29.719,29.719,29.719,619,0
2012-03-20,11:15:00,29.719,29.719,29.719,29.719,44,0
2012-03-20,15:05:00,29.719,29.719,29.719,29.719,2138,0
2012-03-29,11:05:00,30.234,30.234,30.234,30.234,1066,0
2012-03-29,11:10:00,30.234,30.234,30.234,30.234,50,0
2012-03-29,15:05:00,30.921,30.921,30.921,30.921,929,0
2012-03-29,15:10:00,30.921,30.921,30.921,30.921,58,0
2012-03-30,15:05:00,31.694,31.694,31.694,31.694,260,0
2012-04-02,11:05:00,31.78,31.78,31.78,31.78,41,0
2012-04-02,15:05:00,30.062,30.062,30.062,30.062,525,0
2012-04-03,11:05:00,30.062,30.062,30.062,30.062,12,0
2012-04-04,11:05:00,30.062,30.062,30.062,30.062,175,0
2012-04-04,15:05:00,30.062,30.062,30.062,30.062,76,0
2012-04-10,11:05:00,31.78,31.78,31.78,31.78,20,0
2012-04-12,15:05:00,30.921,30.921,30.921,30.921,162,0
2012-04-12,15:30:00,30.921,30.921,30.921,30.921,1,0
2012-05-02,15:05:00,30.921,30.921,30.921,30.921,232,0
2012-06-14,11:05:00,29.195,29.195,29.195,29.195,38,0
2012-06-14,15:05:00,28.859,28.859,28.859,28.859,232,0
2012-06-15,15:05:00,28.859,28.859,28.859,28.859,492,0
2012-06-20,11:05:00,28.928,28.928,28.928,28.928,239,0
2012-06-26,15:05:00,29.195,29.195,29.195,29.195,28,0
2012-06-27,11:05:00,33.954,33.954,33.954,33.954,115,0
2012-07-10,11:05:00,29.899,29.899,29.899,29.899,28,0
2012-07-11,11:05:00,32.81,32.81,32.81,32.81,22,0
2012-07-11,11:15:00,32.81,32.81,32.81,32.81,35,0
2012-07-19,15:05:00,32.106,32.106,32.106,32.106,7,0
2012-07-20,11:05:00,31.667,31.667,31.667,31.667,9,0
2012-08-22,11:05:00,28.06,28.06,28.06,28.06,92,0
2012-08-22,15:05:00,31.579,31.579,31.579,31.579,491,0
2012-08-22,15:10:00,31.579,31.579,31.579,31.579,80,0
2012-09-12,15:05:00,31.579,31.579,31.579,31.579,568,0
2012-09-24,15:05:00,31.569,31.569,31.569,31.569,170,0
2012-09-28,11:05:00,31.491,31.491,31.491,31.491,315,0
2012-09-28,15:05:00,31.491,31.491,31.491,31.491,29,0
2012-09-28,15:10:00,31.491,31.491,31.491,31.491,3,0
2012-11-14,15:05:00,30.228,30.228,30.228,30.228,258,0
2012-11-19,11:05:00,30.228,30.228,30.228,30.228,1,0
2012-12-11,11:05:00,29.783,29.783,29.783,29.783,563,0
2012-12-17,15:05:00,29.783,29.783,29.783,29.783,224,0
2012-12-20,11:05:00,29.783,29.783,29.783,29.783,395,0
2013-01-04,11:05:00,29.338,29.338,29.338,29.338,7,0
2013-01-04,15:05:00,29.338,29.338,29.338,29.338,2,0
2013-01-07,11:05:00,29.338,29.338,29.338,29.338,6,0
2013-01-07,15:05:00,29.338,29.338,29.338,29.338,2,0
2013-01-10,15:05:00,26.671,26.671,26.671,26.671,12,0
2013-01-21,11:05:00,25.961,25.961,25.961,25.961,9,0
2013-01-29,11:05:00,25.783,25.783,25.783,25.783,10,0
2013-02-04,11:05:00,24.005,24.005,24.005,24.005,7,0
2013-02-06,15:05:00,18.964,18.964,18.964,18.964,20,0
2013-02-07,15:05:00,18.981,18.981,18.981,18.981,8,0
2013-02-08,11:05:00,17.781,17.781,17.781,17.781,52,0
2013-02-08,15:05:00,18.981,18.981,18.981,18.981,11,0
2013-02-12,11:05:00,22.226,22.226,22.226,22.226,2,0
2013-03-01,15:05:00,22.226,22.226,22.226,22.226,159,0
2013-03-04,11:05:00,22.226,22.226,22.226,22.226,92,0
2013-03-04,15:05:00,24.005,24.005,24.005,24.005,20,0
2013-03-05,11:05:00,25.783,25.783,25.783,25.783,36,0
2013-03-05,15:05:00,25.783,25.783,25.783,25.783,56,0
2013-03-06,11:05:00,25.783,25.783,25.783,25.783,87,0
2013-03-08,11:05:00,26.582,26.582,26.582,26.582,54,0
2013-03-08,15:05:00,26.316,26.316,26.316,26.316,29,0
2013-03-27,15:05:00,26.227,26.227,26.227,26.227,161,0
2013-04-11,15:05:00,23.56,23.56,23.56,23.56,34,0
2013-04-15,11:05:00,26.227,26.227,26.227,26.227,29,0
2013-04-17,15:05:00,26.227,26.227,26.227,26.227,114,0
2013-04-24,15:05:00,26.227,26.227,26.227,26.227,231,0
2013-05-28,15:05:00,26.227,26.227,26.227,26.227,365,0
2013-05-28,15:10:00,26.227,26.227,26.227,26.227,139,0
2013-05-28,15:25:00,26.227,26.227,26.227,26.227,9,0
2013-05-29,11:05:00,26.671,26.671,26.671,26.671,206,0
2013-05-29,15:05:00,26.671,26.671,26.671,26.671,124,0
2013-06-06,15:05:00,24.005,24.005,24.005,24.005,96,0
2013-06-07,15:05:00,24.005,24.005,24.005,24.005,135,0
2013-06-10,11:05:00,26.405,26.405,26.405,26.405,39,0
2013-06-10,15:05:00,26.662,26.662,26.662,26.662,30,0
2013-07-09,11:05:00,23.202,23.202,23.202,23.202,10,0
2013-07-15,15:05:00,26.444,26.444,26.444,26.444,39,0
2013-07-15,15:15:00,26.444,26.444,26.444,26.444,22,0
2013-07-22,11:05:00,26.444,26.444,26.444,26.444,72,0
2013-07-24,15:10:00,23.803,23.803,23.803,23.803,6,0
2013-07-26,11:05:00,26.489,26.489,26.489,26.489,12,0
2013-07-26,15:05:00,26.489,26.489,26.489,26.489,70,0
2013-07-30,15:05:00,27.402,27.402,27.402,27.402,329,0
2013-07-30,15:10:00,27.402,27.402,27.402,27.402,110,0
2013-08-13,15:05:00,24.662,24.662,24.662,24.662,1,0
2013-08-14,11:05:00,24.945,24.945,24.945,24.945,31,0
2013-08-22,11:05:00,24.571,24.571,24.571,24.571,116,0
2013-10-04,11:05:00,21.922,21.922,21.922,21.922,27,0
2013-10-07,15:25:00,19.364,19.364,19.364,19.364,6,0
2013-10-08,11:05:00,18.368,18.368,18.368,18.368,28,0
2013-10-11,15:05:00,18.753,18.753,18.753,18.753,12,0
2013-10-22,15:05:00,18.77,18.77,18.77,18.77,7,0
2013-10-23,11:05:00,18.77,18.77,18.77,18.77,21,0
2013-10-29,15:05:00,19.181,19.181,19.181,19.181,20,0
2013-10-30,15:05:00,19.191,19.191,19.191,19.191,6,0
2013-11-07,15:05:00,23.748,23.748,23.748,23.748,2,0
2013-11-08,11:05:00,22.827,22.827,22.827,22.827,10,0
2013-11-14,11:05:00,19.273,19.273,19.273,19.273,57,0
2013-11-18,15:05:00,19.374,19.374,19.374,19.374,17,0
2013-11-26,11:05:00,19.383,19.383,19.383,19.383,12,0
2013-11-28,11:05:00,19.383,19.383,19.383,19.383,8,0
2013-12-02,11:05:00,19.383,19.383,19.383,19.383,17,0
2013-12-02,15:05:00,19.383,19.383,19.383,19.383,5,0
2013-12-05,11:05:00,19.181,19.181,19.181,19.181,20,0
2013-12-12,11:05:00,16.46,16.46,16.46,16.46,97,0
2013-12-12,11:10:00,16.46,16.46,16.46,16.46,80,0
2013-12-13,11:10:00,19.154,19.154,19.154,19.154,2,0
2013-12-16,11:05:00,19.154,19.154,19.154,19.154,49,0
2014-01-07,11:05:00,19.246,19.246,19.246,19.246,43,0
2014-01-15,11:05:00,18.726,18.726,18.726,18.726,1,0
2014-01-15,15:05:00,18.726,18.726,18.726,18.726,12,0
2014-01-17,11:05:00,18.726,18.726,18.726,18.726,96,0
2014-01-30,15:10:00,16.853,16.853,16.853,16.853,84,0
2014-02-04,15:10:00,16.853,16.853,16.853,16.853,6,0
2014-02-04,15:20:00,16.853,16.853,16.853,16.853,4,0
2014-02-04,15:25:00,16.853,16.853,16.853,16.853,170,0
2014-02-07,15:05:00,17.355,17.355,17.355,17.355,6,0
2014-02-10,11:10:00,19.181,19.181,19.181,19.181,5,0
2014-02-17,11:05:00,18.269,18.269,18.269,18.269,13,0
2014-02-18,11:05:00,17.355,17.355,17.355,17.355,219,0
2014-02-26,11:05:00,17.903,17.903,17.903,17.903,70,0
2014-02-27,11:05:00,16.853,16.853,16.853,16.853,1,0
2014-03-17,11:05:00,16.853,16.853,16.853,16.853,75,0
2014-03-17,15:05:00,16.442,16.442,16.442,16.442,2,0
2014-03-18,11:05:00,16.442,16.442,16.442,16.442,74,0
2014-03-20,15:05:00,16.442,16.442,16.442,16.442,219,0
2014-03-24,11:05:00,16.442,16.442,16.442,16.442,21,0
2014-03-27,11:05:00,14.797,14.797,14.797,14.797,208,0
2014-03-27,15:05:00,14.816,14.816,14.816,14.816,7,0
2014-03-28,11:05:00,14.816,14.816,14.816,14.816,50,0
2014-03-31,11:05:00,14.752,14.752,14.752,14.752,17,0
2014-03-31,11:20:00,14.752,14.752,14.752,14.752,5,0
2014-04-01,11:05:00,14.705,14.705,14.705,14.705,110,0
2014-04-02,11:05:00,14.705,14.705,14.705,14.705,64,0
2014-04-03,15:05:00,14.705,14.705,14.705,14.705,24,0
2014-05-15,11:05:00,13.702,13.702,13.702,13.702,10,0
2014-05-22,11:05:00,14.614,14.614,14.614,14.614,328,0
2014-05-23,11:05:00,14.523,14.523,14.523,14.523,210,0
2014-06-05,15:05:00,14.614,14.614,14.614,14.614,350,0
2014-06-09,11:05:00,14.614,14.614,14.614,14.614,5,0
2014-06-16,11:05:00,14.797,14.797,14.797,14.797,1094,0
2014-06-23,11:05:00,15.128,15.128,15.128,15.128,10,0
2014-06-24,11:05:00,15.128,15.128,15.128,15.128,37,0
2014-07-01,11:05:00,15.128,15.128,15.128,15.128,53,0
2014-09-23,15:05:00,13.237,13.237,13.237,13.237,7,0
2014-10-01,11:05:00,13.257,13.257,13.257,13.257,29,0
2014-10-01,15:05:00,13.257,13.257,13.257,13.257,84,0
2014-10-02,11:05:00,12.764,12.764,12.764,12.764,7,0
2014-10-02,15:05:00,13.237,13.237,13.237,13.237,12,0
2014-10-13,11:05:00,13.332,13.332,13.332,13.332,6,0
2014-10-14,11:05:00,13.332,13.332,13.332,13.332,41,0
2014-10-20,11:05:00,13.332,13.332,13.332,13.332,24,0
2014-10-21,11:05:00,13.332,13.332,13.332,13.332,48,0
2014-10-23,11:05:00,13.237,13.237,13.237,13.237,48,0
2014-10-23,15:05:00,13.237,13.237,13.237,13.237,39,0
2014-10-29,15:05:00,17.019,17.019,17.019,17.019,224,0
2014-11-03,15:05:00,17.019,17.019,17.019,17.019,6,0
2014-11-05,11:05:00,17.019,17.019,17.019,17.019,68,0
2014-11-12,15:05:00,17.019,17.019,17.019,17.019,27,0
2014-11-12,15:15:00,17.019,17.019,17.019,17.019,9,0
2014-11-17,11:05:00,17.019,17.019,17.019,17.019,12,0
2014-11-18,11:05:00,17.019,17.019,17.019,17.019,15,0
2014-11-18,15:05:00,17.019,17.019,17.019,17.019,53,0
2014-11-21,11:05:00,17.019,17.019,17.019,17.019,15,0
2014-11-24,15:05:00,17.114,17.114,17.114,17.114,31,0
2014-11-25,11:05:00,17.114,17.114,17.114,17.114,6,0
2014-11-25,15:05:00,17.114,17.114,17.114,17.114,20,0
2014-12-19,11:05:00,17.114,17.114,17.114,17.114,6,0
2014-12-29,15:05:00,18.91,18.91,18.91,18.91,323,0
2014-12-29,15:10:00,18.91,18.91,18.91,18.91,317,0
2014-12-29,15:15:00,18.91,18.91,18.91,18.91,416,0
2014-12-30,11:05:00,18.91,18.91,18.91,18.91,2274,0
2015-01-05,15:05:00,18.91,18.91,18.91,18.91,15,0
2015-01-07,11:05:00,18.91,18.91,18.91,18.91,52,0
2015-01-08,15:05:00,18.91,18.91,18.91,18.91,27,0
2015-01-09,11:05:00,20.323,20.323,20.323,20.323,45,0
2015-01-13,11:05:00,20.323,20.323,20.323,20.323,37,0
2015-02-02,15:05:00,20.314,20.314,20.314,20.314,10,0
2015-02-12,11:05:00,20.314,20.314,20.314,20.314,6,0
2015-02-26,15:05:00,22.162,22.162,22.162,22.162,4,0
2015-02-27,11:05:00,22.162,22.162,22.162,22.162,7,0
2015-03-26,11:05:00,21.678,21.678,21.678,21.678,15,0
2015-05-26,11:05:00,21.678,21.678,21.678,21.678,26,0
2015-05-28,11:05:00,21.678,21.678,21.678,21.678,155,0
2015-06-11,15:05:00,15.717,15.717,15.717,15.717,12,0
2015-06-17,15:05:00,17.42,17.42,17.42,17.42,12,0
2015-07-17,15:05:00,18,18,18,18,12,0
2015-08-03,15:05:00,18,18,18,18,8,0
2015-08-05,11:05:00,19.8,19.8,19.8,19.8,2,0
2015-08-13,15:05:00,19.8,19.8,19.8,19.8,10,0
2015-08-19,11:05:00,19.86,19.86,19.86,19.86,7,0
2015-08-19,11:15:00,19.86,19.86,19.86,19.86,13,0
2015-08-25,15:05:00,17.5,17.5,17.5,17.5,10,0
2015-08-31,11:05:00,17.5,17.5,17.5,17.5,6,0
2015-09-01,11:05:00,19,19,19,19,2,0
2015-09-09,15:05:00,18.9,18.9,18.9,18.9,2,0
2015-09-18,11:05:00,17,17,17,17,6,0
2015-09-21,11:05:00,17,17,17,17,9,0
2015-09-21,15:05:00,17,17,17,17,15,0
2015-10-08,15:05:00,16.9,16.9,16.9,16.9,15,0
2015-10-20,15:05:00,14.41,14.41,14.41,14.41,6,0
2015-10-27,11:05:00,13.07,13.07,13.07,13.07,31,0
2015-10-29,11:05:00,12.5,12.5,12.5,12.5,305,0
2015-11-03,11:05:00,12,12,12,12,60,0
