2015-04-16,09:05:00,2.97,2.97,2.97,2.97,1,0
2015-04-16,15:30:00,2.85,2.85,2.85,2.85,1500,0
2015-04-16,16:00:00,2.8,2.8,2.8,2.8,2000,0
2015-04-16,16:50:00,2.9,2.9,2.9,2.9,2000,0
2015-04-20,09:55:00,2.89,2.89,2.89,2.89,690,0
2015-04-21,10:00:00,2.9,2.9,2.9,2.9,144,0
2015-04-21,12:15:00,2.85,2.85,2.85,2.85,1000,0
2015-04-21,16:50:00,2.85,2.85,2.85,2.85,1,0
2015-04-22,10:15:00,2.85,2.85,2.8,2.8,3000,0
2015-04-22,10:30:00,2.75,2.75,2.75,2.75,1000,0
2015-04-22,12:55:00,2.75,2.75,2.75,2.75,4039,0
2015-04-22,13:50:00,2.85,2.85,2.85,2.85,502,0
2015-04-22,14:10:00,2.85,2.86,2.85,2.86,1285,0
2015-04-22,16:00:00,2.86,2.86,2.86,2.86,30,0
2015-04-22,16:05:00,2.85,2.85,2.85,2.85,502,0
2015-04-22,16:50:00,2.9,2.9,2.9,2.9,161,0
2015-04-23,09:25:00,2.91,2.91,2.91,2.91,144,0
2015-04-23,09:35:00,2.8,2.8,2.8,2.8,30,0
2015-04-23,14:10:00,2.91,2.91,2.91,2.91,1380,0
2015-04-23,14:15:00,2.91,2.91,2.91,2.91,864,0
2015-04-24,09:05:00,2.91,2.91,2.91,2.91,1,0
2015-04-27,09:05:00,2.9,2.9,2.9,2.9,1,0
2015-04-27,10:15:00,2.8,2.8,2.8,2.8,1000,0
2015-04-27,10:20:00,2.9,2.9,2.9,2.9,1,0
2015-04-27,11:20:00,2.8,2.8,2.8,2.8,2000,0
2015-04-27,12:30:00,2.7,2.7,2.7,2.7,3750,0
2015-04-27,16:50:00,2.7,2.7,2.7,2.7,3960,0
2015-04-28,09:05:00,2.7,2.7,2.7,2.7,580,0
2015-04-28,09:10:00,2.7,2.7,2.7,2.7,755,0
2015-04-28,09:15:00,2.7,2.7,2.7,2.7,755,0
2015-04-28,10:05:00,2.7,2.7,2.7,2.7,1230,0
2015-04-28,10:10:00,2.7,2.7,2.7,2.7,955,0
2015-04-28,10:15:00,2.7,2.7,2.7,2.7,160,0
2015-04-28,11:40:00,2.8,2.8,2.8,2.8,3665,0
2015-04-28,12:00:00,2.9,2.91,2.9,2.91,5014,0
2015-04-28,12:05:00,2.97,2.97,2.97,2.97,3222,0
2015-04-28,12:10:00,2.97,2.97,2.97,2.97,900,0
2015-04-29,09:05:00,2.97,2.97,2.97,2.97,1,0
2015-04-29,09:25:00,2.97,2.97,2.8,2.8,104357,0
2015-04-29,14:00:00,2.82,2.82,2.8,2.8,22938,0
2015-04-30,09:05:00,2.8,2.8,2.8,2.8,322,0
2015-04-30,10:45:00,2.8,2.8,2.8,2.8,77,0
2015-04-30,11:55:00,2.78,2.78,2.77,2.77,1000,0
2015-04-30,12:15:00,2.8,2.8,2.8,2.8,12150,0
2015-04-30,12:20:00,2.8,2.8,2.77,2.77,503,0
2015-04-30,12:25:00,2.8,2.8,2.8,2.8,1300,0
2015-04-30,13:15:00,2.8,2.8,2.8,2.8,3700,0
2015-04-30,13:35:00,2.8,2.8,2.8,2.8,60555,0
2015-04-30,16:25:00,2.8,2.8,2.8,2.8,10000,0
2015-04-30,16:50:00,2.79,2.79,2.79,2.79,498,0
2015-05-04,14:00:00,2.78,2.78,2.78,2.78,1270,0
2015-05-05,12:00:00,2.79,2.79,2.75,2.75,445,0
2015-05-05,14:25:00,2.8,2.8,2.8,2.8,800,0
2015-05-05,16:10:00,2.8,2.8,2.8,2.8,23700,0
2015-05-05,16:15:00,2.8,2.8,2.8,2.8,43569,0
2015-05-06,09:05:00,2.81,2.81,2.81,2.81,200,0
2015-05-06,10:50:00,2.91,2.91,2.91,2.91,3250,0
2015-05-06,13:30:00,2.91,2.91,2.91,2.91,686,0
2015-05-06,14:40:00,2.99,2.99,2.99,2.99,110,0
2015-05-06,15:30:00,2.91,2.91,2.91,2.91,22000,0
2015-05-06,15:35:00,2.99,3,2.99,3,831,0
2015-05-06,16:40:00,2.98,2.98,2.98,2.98,1500,0
2015-05-06,16:50:00,2.98,2.98,2.98,2.98,732,0
2015-05-07,09:05:00,2.98,2.98,2.98,2.98,1,0
2015-05-07,14:20:00,2.92,2.92,2.92,2.92,923,0
2015-05-07,14:40:00,2.92,2.92,2.92,2.92,3,0
2015-05-07,16:50:00,2.98,2.98,2.98,2.98,1,0
2015-05-08,09:05:00,2.97,2.97,2.97,2.97,1,0
2015-05-08,11:00:00,2.9,2.9,2.9,2.9,6300,0
2015-05-08,11:20:00,2.91,2.91,2.91,2.91,124,0
2015-05-08,13:10:00,2.91,2.91,2.91,2.91,90,0
2015-05-08,14:55:00,2.91,2.91,2.91,2.91,350,0
2015-05-11,09:05:00,2.91,2.91,2.91,2.91,3000,0
2015-05-11,14:25:00,3,3,3,3,1,0
2015-05-11,14:40:00,2.96,2.96,2.96,2.96,4000,0
2015-05-11,16:50:00,2.96,2.96,2.96,2.96,1,0
2015-05-12,09:05:00,3,3,3,3,1,0
2015-05-12,09:50:00,2.95,2.95,2.95,2.95,4000,0
2015-05-12,13:00:00,2.96,2.96,2.96,2.96,1,0
2015-05-13,09:05:00,3,3,3,3,1,0
2015-05-13,09:40:00,2.96,2.96,2.96,2.96,676,0
2015-05-13,16:30:00,2.98,3,2.98,3,1000,0
2015-05-13,16:50:00,3,3,3,3,2001,0
2015-05-14,09:05:00,3,3,3,3,1,0
2015-05-14,09:15:00,3,3,3,3,1000,0
2015-05-14,16:50:00,3,3,3,3,1,0
2015-05-15,09:05:00,3,3,3,3,817,0
2015-05-15,09:10:00,3,3,3,3,24551,0
2015-05-15,09:15:00,3,3,3,3,12627,0
2015-05-15,09:30:00,3,3.1,3,3.1,14559,0
2015-05-15,09:40:00,3.2,3.3,3.2,3.3,12350,0
2015-05-15,09:45:00,3.3,3.3,3.3,3.3,6150,0
2015-05-15,09:50:00,3.3,3.3,3.3,3.3,975,0
2015-05-15,10:10:00,3.31,3.31,3.31,3.31,20,0
2015-05-15,10:15:00,3.35,3.4,3.35,3.4,2021,0
2015-05-15,10:20:00,3.43,3.43,3.43,3.43,5,0
2015-05-15,10:25:00,3.43,3.63,3.43,3.63,5000,0
2015-05-15,11:00:00,3.7,3.7,3.63,3.63,3000,0
2015-05-15,11:05:00,3.63,3.75,3.55,3.55,3826,0
2015-05-15,11:20:00,3.6,3.6,3.55,3.55,23582,0
2015-05-15,11:25:00,3.35,3.35,3.35,3.35,100,0
2015-05-15,11:30:00,3.4,3.4,3.32,3.32,5100,0
2015-05-15,11:35:00,3.4,3.4,3.32,3.32,5000,0
2015-05-15,11:50:00,3.4,3.4,3.4,3.4,1,0
2015-05-15,11:55:00,3.32,3.32,3.3,3.3,9736,0
2015-05-15,12:00:00,3.3,3.3,3.3,3.3,2641,0
2015-05-15,12:05:00,3.36,3.36,3.27,3.27,51,0
2015-05-15,12:15:00,3.27,3.27,3.27,3.27,150,0
2015-05-15,12:20:00,3.26,3.26,3.25,3.25,10710,0
2015-05-15,12:25:00,3.25,3.25,3.18,3.18,100,0
2015-05-15,12:30:00,3.3,3.3,3.2,3.2,501,0
2015-05-15,12:35:00,3.18,3.18,3.1,3.1,500,0
2015-05-15,12:45:00,3.12,3.12,3.03,3.03,5872,0
2015-05-15,12:55:00,3.09,3.09,3.09,3.09,1120,0
2015-05-15,13:00:00,3.09,3.09,3.09,3.09,215,0
2015-05-15,13:05:00,3.09,3.1,3.09,3.1,54300,0
2015-05-15,13:15:00,3.49,3.49,3.49,3.49,1520,0
2015-05-15,13:20:00,3.32,3.43,3.17,3.43,214,0
2015-05-15,13:25:00,3.3,3.5,3.3,3.5,2724,0
2015-05-15,13:30:00,3.48,3.48,3.48,3.48,195,0
2015-05-15,13:55:00,3.48,3.48,3.48,3.48,300,0
2015-05-15,14:10:00,3.48,3.48,3.48,3.48,5,0
2015-05-15,14:30:00,3.46,3.46,3.46,3.46,500,0
2015-05-15,15:20:00,3.43,3.43,3.35,3.35,500,0
2015-05-15,15:25:00,3.35,3.35,3.27,3.27,1500,0
2015-05-15,15:30:00,3.4,3.4,3.4,3.4,60,0
2015-05-15,15:55:00,3.4,3.4,3.4,3.4,600,0
2015-05-15,16:00:00,3.4,3.47,3.4,3.47,2010,0
2015-05-15,16:15:00,3.45,3.45,3.45,3.45,2000,0
2015-05-15,16:50:00,3.47,3.47,3.47,3.47,10,0
2015-05-18,09:05:00,3.5,3.5,3.4,3.4,2400,0
2015-05-18,09:10:00,3.5,3.5,3.5,3.5,193,0
2015-05-18,09:20:00,3.57,3.59,3.57,3.59,707,0
2015-05-18,09:25:00,3.59,3.59,3.25,3.25,52,0
2015-05-18,09:40:00,3.5,3.5,3.5,3.5,10,0
2015-05-18,10:25:00,3.45,3.45,3.3,3.3,3501,0
2015-05-18,10:35:00,3.44,3.44,3.44,3.44,200,0
2015-05-18,11:35:00,3.43,3.44,3.43,3.44,400,0
2015-05-18,11:40:00,3.32,3.32,3.32,3.32,100,0
2015-05-18,12:10:00,3.32,3.32,3.32,3.32,200,0
2015-05-18,12:15:00,3.32,3.38,3.3,3.3,302,0
2015-05-18,12:20:00,3.31,3.43,3.31,3.43,402,0
2015-05-18,12:25:00,3.42,3.42,3.42,3.42,1,0
2015-05-18,12:30:00,3.43,3.43,3.43,3.43,1,0
2015-05-18,12:35:00,3.36,3.43,3.36,3.43,23,0
2015-05-18,14:35:00,3.34,3.34,3.33,3.33,294,0
2015-05-18,14:40:00,3.33,3.42,3.33,3.41,209,0
2015-05-18,14:45:00,3.41,3.41,3.3,3.4,817,0
2015-05-18,14:55:00,3.32,3.32,3.3,3.3,1997,0
2015-05-18,15:20:00,3.38,3.4,3.38,3.4,150,0
2015-05-18,16:30:00,3.37,3.37,3.26,3.26,5,0
2015-05-18,16:50:00,3.4,3.4,3.4,3.4,500,0
2015-05-19,09:05:00,3.4,3.4,3.21,3.4,321,0
2015-05-19,09:10:00,3.23,3.23,3.23,3.23,1,0
2015-05-19,09:15:00,3.38,3.4,3.38,3.4,115,0
2015-05-19,09:25:00,3.38,3.4,3.3,3.4,31,0
2015-05-19,09:30:00,3.4,3.4,3.4,3.4,20,0
2015-05-19,09:45:00,3.4,3.4,3.4,3.4,20,0
2015-05-19,10:00:00,3.26,3.26,3.26,3.26,1,0
2015-05-19,10:05:00,3.38,3.4,3.38,3.4,12,0
2015-05-19,10:50:00,3.32,3.4,3.32,3.4,32,0
2015-05-19,10:55:00,3.23,3.23,3.23,3.23,1,0
2015-05-19,11:00:00,3.38,3.4,3.38,3.4,15,0
2015-05-19,11:05:00,3.23,3.4,3.23,3.4,12,0
2015-05-19,11:15:00,3.32,3.32,3.32,3.32,1,0
2015-05-19,11:20:00,3.21,3.27,3.21,3.27,1670,0
2015-05-19,11:25:00,3.39,3.4,3.39,3.4,3,0
2015-05-19,11:40:00,3.28,3.28,3.28,3.28,1,0
2015-05-19,11:55:00,3.28,3.28,3.28,3.28,668,0
2015-05-19,12:00:00,3.39,3.39,3.28,3.28,21,0
2015-05-19,12:05:00,3.38,3.38,3.38,3.38,4,0
2015-05-19,14:05:00,3.28,3.28,3.28,3.28,200,0
2015-05-19,14:35:00,3.38,3.38,3.38,3.38,510,0
2015-05-19,15:05:00,3.28,3.28,3.28,3.28,102,0
2015-05-19,15:10:00,3.39,3.39,3.39,3.39,20,0
2015-05-19,15:50:00,3.28,3.39,3.28,3.39,462,0
2015-05-19,16:45:00,3.39,3.39,3.39,3.39,312,0
2015-05-19,16:50:00,3.45,3.45,3.45,3.45,610,0
2015-05-20,09:05:00,3.45,3.5,3.45,3.5,700,0
2015-05-20,09:15:00,3.5,3.5,3.5,3.5,315,0
2015-05-20,09:20:00,3.3,3.49,3.3,3.49,552,0
2015-05-20,09:30:00,3.49,3.5,3.49,3.5,3171,0
2015-05-20,09:35:00,3.55,3.6,3.55,3.6,1986,0
2015-05-20,12:00:00,3.5,3.5,3.5,3.5,1101,0
2015-05-20,12:10:00,3.58,3.59,3.58,3.59,200,0
2015-05-20,12:30:00,3.59,3.59,3.59,3.59,2500,0
2015-05-20,13:50:00,3.5,3.5,3.5,3.5,1,0
2015-05-20,14:00:00,3.55,3.55,3.55,3.55,5,0
2015-05-20,14:20:00,3.5,3.5,3.5,3.5,283,0
2015-05-20,16:00:00,3.55,3.55,3.55,3.55,70,0
2015-05-21,09:05:00,3.58,3.58,3.58,3.58,100,0
2015-05-21,11:40:00,3.51,3.51,3.5,3.5,1620,0
2015-05-21,11:55:00,3.57,3.57,3.57,3.57,10623,0
2015-05-21,12:40:00,3.5,3.5,3.5,3.5,5000,0
2015-05-21,13:05:00,3.58,3.58,3.58,3.58,5,0
2015-05-21,15:10:00,3.47,3.47,3.47,3.47,400,0
2015-05-21,15:15:00,3.47,3.49,3.47,3.49,2932,0
2015-05-22,09:15:00,3.48,3.48,3.48,3.48,1,0
2015-05-22,10:35:00,3.36,3.36,3.36,3.36,2977,0
2015-05-22,10:40:00,3.31,3.31,3.31,3.31,1,0
2015-05-22,10:45:00,3.37,3.37,3.37,3.37,5,0
2015-05-22,15:50:00,3.31,3.31,3.3,3.3,2500,0
2015-05-22,15:55:00,3.25,3.25,3.25,3.25,1,0
2015-05-22,16:00:00,3.37,3.37,3.37,3.37,10,0
2015-05-25,09:25:00,3.45,3.45,3.36,3.36,2,0
2015-05-25,09:30:00,3.45,3.45,3.45,3.45,5,0
2015-05-25,16:35:00,3.37,3.37,3.37,3.37,324,0
2015-05-25,16:40:00,3.36,3.36,3.36,3.36,936,0
2015-05-25,16:50:00,3.45,3.45,3.45,3.45,87,0
2015-05-26,09:45:00,3.49,3.49,3.49,3.49,5,0
2015-05-26,11:00:00,3.48,3.48,3.42,3.42,10,0
2015-05-26,11:05:00,3.48,3.48,3.42,3.48,2412,0
2015-05-26,11:15:00,3.42,3.48,3.42,3.48,222,0
2015-05-26,12:10:00,3.42,3.42,3.42,3.42,190,0
2015-05-26,12:30:00,3.48,3.48,3.48,3.48,5,0
2015-05-27,09:05:00,3.49,3.49,3.3,3.3,3206,0
2015-05-27,09:10:00,3.49,3.49,3.49,3.49,195,0
2015-05-27,12:20:00,3.4,3.4,3.4,3.4,120,0
2015-05-27,12:40:00,3.48,3.48,3.48,3.48,5,0
2015-05-27,12:55:00,3.35,3.35,3.35,3.35,1,0
2015-05-27,13:00:00,3.48,3.48,3.48,3.48,1,0
2015-05-27,16:50:00,3.35,3.49,3.35,3.49,104,0
2015-05-28,09:05:00,3.5,3.5,3.5,3.5,1,0
2015-05-28,09:35:00,3.48,3.48,3.48,3.48,600,0
2015-05-28,12:15:00,3.36,3.36,3.3,3.3,7018,0
2015-05-28,12:20:00,3.26,3.26,3.26,3.26,665,0
2015-05-28,12:25:00,3.26,3.37,3.26,3.37,5406,0
2015-05-28,12:50:00,3.26,3.26,3.26,3.26,5,0
2015-05-28,13:25:00,3.36,3.36,3.36,3.36,5,0
2015-05-28,16:20:00,3.25,3.25,3.25,3.25,2,0
2015-05-28,16:25:00,3.3,3.36,3.3,3.36,11,0
2015-05-28,16:30:00,3.25,3.25,3.25,3.25,1,0
2015-05-28,16:50:00,3.36,3.36,3.36,3.36,5,0
2015-05-29,09:05:00,3.36,3.36,3.36,3.36,1,0
2015-05-29,14:50:00,3.25,3.25,3.25,3.25,1,0
2015-05-29,14:55:00,3.3,3.3,3.3,3.3,1,0
2015-05-29,16:50:00,3.37,3.37,3.37,3.37,1,0
2015-06-01,09:05:00,3.25,3.36,3.25,3.36,5,0
2015-06-01,10:20:00,3.25,3.25,3.25,3.25,2,0
2015-06-01,10:35:00,3.33,3.33,3.25,3.25,102,0
2015-06-01,11:15:00,3.33,3.33,3.33,3.33,2,0
2015-06-01,11:25:00,3.25,3.25,3.25,3.25,151,0
2015-06-01,11:55:00,3.25,3.25,3.25,3.25,2893,0
2015-06-01,16:35:00,3.26,3.26,3.26,3.26,100,0
2015-06-01,16:50:00,3.25,3.25,3.25,3.25,100,0
2015-06-02,09:05:00,3.32,3.32,3.32,3.32,299,0
2015-06-02,16:35:00,3.25,3.25,3.25,3.25,300,0
2015-06-02,16:50:00,3.25,3.25,3.25,3.25,70,0
2015-06-03,09:50:00,3.31,3.31,3.31,3.31,1,0
2015-06-03,10:10:00,3.2,3.25,3.2,3.25,51,0
2015-06-03,13:00:00,3.25,3.25,3.25,3.25,1422,0
2015-06-03,13:55:00,3.32,3.32,3.32,3.32,200,0
2015-06-05,14:20:00,3.25,3.25,3.25,3.25,12,0
2015-06-05,15:45:00,3.32,3.32,3.32,3.32,5,0
2015-06-05,16:50:00,3.32,3.32,3.32,3.32,5,0
2015-06-09,09:40:00,3.25,3.25,3.25,3.25,981,0
2015-06-09,10:00:00,3.32,3.32,3.32,3.32,1,0
2015-06-10,09:10:00,3.32,3.32,3.32,3.32,1,0
2015-06-10,14:50:00,3.2,3.2,3.2,3.2,200,0
2015-06-10,15:15:00,3.32,3.32,3.32,3.32,1,0
2015-06-10,15:25:00,3.32,3.32,3.32,3.32,2500,0
2015-06-10,15:40:00,3.32,3.32,3.32,3.32,1400,0
2015-06-11,09:05:00,3.32,3.32,3.32,3.32,2,0
2015-06-11,11:40:00,3.2,3.2,3.2,3.2,110,0
2015-06-11,11:45:00,3.32,3.32,3.32,3.32,1,0
2015-06-11,15:25:00,3.2,3.2,3.2,3.2,599,0
2015-06-11,16:00:00,3.32,3.32,3.32,3.32,10,0
2015-06-12,09:05:00,3.35,3.35,3.35,3.35,32,0
2015-06-12,15:30:00,3.21,3.21,3.21,3.21,200,0
2015-06-12,15:45:00,3.32,3.32,3.32,3.32,5,0
2015-06-15,09:05:00,3.35,3.35,3.35,3.35,1,0
2015-06-16,09:10:00,3.35,3.35,3.21,3.21,601,0
2015-06-16,09:15:00,3.32,3.32,3.32,3.32,1,0
2015-06-17,09:05:00,3.35,3.35,3.35,3.35,1,0
2015-06-18,09:05:00,3.35,3.35,3.35,3.35,100,0
2015-06-18,09:20:00,3.32,3.5,3.32,3.5,6870,0
2015-06-18,09:35:00,3.2,3.49,3.2,3.49,1996,0
2015-06-18,09:40:00,3.48,3.49,3.48,3.49,1050,0
2015-06-18,09:55:00,3.4,3.48,3.4,3.48,450,0
2015-06-18,15:35:00,3.35,3.47,3.35,3.47,3020,0
2015-06-19,09:05:00,3.4,3.47,3.4,3.47,5316,0
2015-06-19,09:30:00,3.41,3.41,3.41,3.41,1260,0
2015-06-19,09:50:00,3.47,3.47,3.47,3.47,5,0
2015-06-19,10:10:00,3.41,3.41,3.41,3.41,620,0
2015-06-19,13:10:00,3.41,3.41,3.41,3.41,2000,0
2015-06-19,13:30:00,3.41,3.41,3.4,3.4,12637,0
2015-06-19,13:50:00,3.39,3.39,3.39,3.39,700,0
2015-06-19,15:10:00,3.39,3.39,3.39,3.39,167,0
2015-06-19,15:50:00,3.39,3.39,3.39,3.39,533,0
2015-06-19,16:20:00,3.4,3.4,3.4,3.4,600,0
2015-06-19,16:40:00,3.39,3.4,3.27,3.4,1745,0
2015-06-19,16:50:00,3.46,3.46,3.46,3.46,15,0
2015-06-22,09:05:00,3.47,3.47,3.47,3.47,1,0
2015-06-23,09:05:00,3.47,3.47,3.47,3.47,1,0
2015-06-24,09:05:00,3.47,3.47,3.47,3.47,1,0
2015-06-25,09:05:00,3.47,3.47,3.47,3.47,1,0
2015-06-25,12:10:00,3.3,3.3,3.3,3.3,640,0
2015-06-25,12:25:00,3.4,3.4,3.4,3.4,1,0
2015-06-25,16:50:00,3.5,3.5,3.5,3.5,2,0
2015-06-26,09:05:00,3.5,3.5,3.5,3.5,1,0
2015-06-26,12:35:00,3.3,3.3,3.3,3.3,300,0
2015-06-26,12:45:00,3.4,3.4,3.4,3.4,1,0
2015-06-26,16:50:00,3.49,3.49,3.49,3.49,701,0
2015-06-29,09:10:00,3.5,3.5,3.5,3.5,1,0
2015-06-29,10:20:00,3.3,3.32,3.27,3.32,1148,0
2015-06-29,10:35:00,3.32,3.32,3.32,3.32,1000,0
2015-06-29,12:05:00,3.2,3.2,3.2,3.2,1725,0
2015-06-29,12:35:00,3.2,3.2,3.2,3.2,320,0
2015-06-29,12:40:00,3.2,3.2,3.2,3.2,5030,0
2015-06-29,12:55:00,3.33,3.33,3.33,3.33,1,0
2015-06-29,13:00:00,3.22,3.22,3.21,3.21,740,0
2015-06-29,13:20:00,3.33,3.33,3.33,3.33,1,0
2015-06-29,13:30:00,3.21,3.21,3.2,3.2,7458,0
2015-06-29,14:15:00,3.19,3.19,3.19,3.19,100,0
2015-06-29,15:50:00,3.19,3.2,3.19,3.2,2800,0
2015-06-29,15:55:00,3.19,3.2,3.19,3.19,3300,0
2015-06-29,16:00:00,3.2,3.2,3.2,3.2,800,0
2015-06-29,16:50:00,3.1,3.1,3.1,3.1,3705,0
2015-06-30,09:05:00,3.07,3.1,3.07,3.1,4576,0
2015-06-30,11:05:00,3.11,3.11,3,3,14500,0
2015-06-30,11:15:00,3.01,3.01,3,3,3590,0
2015-06-30,11:45:00,3.12,3.12,3.12,3.12,1,0
2015-06-30,11:50:00,3.15,3.15,3.15,3.15,1,0
2015-06-30,13:10:00,3.15,3.15,3.15,3.15,54,0
2015-06-30,15:05:00,3.03,3.03,3.03,3.03,200,0
2015-06-30,16:45:00,3.03,3.03,3.03,3.03,440,0
2015-06-30,16:50:00,3.05,3.1,3.05,3.1,201,0
2015-07-01,09:05:00,3.14,3.14,3.14,3.14,1,0
2015-07-01,09:15:00,3.03,3.03,3.03,3.03,1,0
2015-07-01,09:40:00,3.14,3.14,3.14,3.14,5,0
2015-07-01,10:55:00,3.03,3.03,3.03,3.03,5,0
2015-07-01,15:35:00,3.14,3.14,3.14,3.14,10,0
2015-07-01,15:40:00,3.05,3.05,3.05,3.05,10,0
2015-07-01,16:50:00,3.05,3.05,3.05,3.05,490,0
2015-07-02,09:05:00,3.05,3.05,3.05,3.05,1,0
2015-07-02,16:50:00,3.15,3.15,3.15,3.15,5,0
2015-07-03,16:50:00,3.29,3.29,3.29,3.29,5,0
2015-07-06,09:05:00,3.29,3.29,3.29,3.29,1,0
2015-07-06,09:15:00,3.15,3.15,3.15,3.15,3000,0
2015-07-06,09:20:00,3.15,3.15,3.15,3.15,1000,0
2015-07-06,11:00:00,3.21,3.22,3.21,3.22,100,0
2015-07-06,11:45:00,3.22,3.22,3.22,3.22,250,0
2015-07-06,16:50:00,3.3,3.3,3.3,3.3,5,0
2015-07-07,09:05:00,3.3,3.3,3.1,3.1,2,0
2015-07-07,10:05:00,3.21,3.21,3.21,3.21,1,0
2015-07-07,15:40:00,3.1,3.1,3.1,3.1,1,0
2015-07-07,16:50:00,3.15,3.15,3.15,3.15,10,0
2015-07-08,13:25:00,3.1,3.1,3.1,3.1,3000,0
2015-07-08,16:40:00,3.06,3.06,3.06,3.06,500,0
2015-07-08,16:50:00,3.1,3.1,3.1,3.1,5,0
2015-07-09,10:10:00,3.11,3.11,3,3,1001,0
2015-07-09,10:35:00,3,3,3,3,1390,0
2015-07-09,10:45:00,3,3,3,3,1000,0
2015-07-09,12:25:00,3,3,3,3,300,0
2015-07-09,12:30:00,3,3,3,3,2650,0
2015-07-09,12:40:00,3.1,3.1,3.1,3.1,1799,0
2015-07-09,12:45:00,3.12,3.12,3.12,3.12,350,0
2015-07-09,12:50:00,3.1,3.22,3.1,3.22,1500,0
2015-07-10,11:30:00,3.22,3.22,3.22,3.22,1000,0
2015-07-10,14:40:00,3.22,3.22,3.22,3.22,1000,0
2015-07-10,16:50:00,3.3,3.5,3.3,3.5,799,0
2015-07-13,09:10:00,3.5,3.5,3.22,3.22,3,0
2015-07-13,09:20:00,3.22,3.22,3.22,3.22,220,0
2015-07-13,09:35:00,3.22,3.22,3.22,3.22,330,0
2015-07-13,09:45:00,3.3,3.3,3.3,3.3,200,0
2015-07-13,10:15:00,3.3,3.3,3.3,3.3,130,0
2015-07-13,10:30:00,3.3,3.3,3.3,3.3,1350,0
2015-07-13,11:05:00,3.31,3.31,3.31,3.31,2000,0
2015-07-13,11:10:00,3.39,3.5,3.39,3.5,2421,0
2015-07-14,09:05:00,3.49,3.5,3.49,3.5,2348,0
2015-07-15,09:05:00,3.47,3.47,3.47,3.47,1,0
2015-07-15,13:55:00,3.47,3.47,3.47,3.47,1,0
2015-07-16,09:05:00,3.5,3.5,3.5,3.5,1,0
2015-07-16,10:20:00,3.36,3.36,3.36,3.36,1,0
2015-07-16,11:55:00,3.49,3.52,3.49,3.52,5503,0
2015-07-16,12:00:00,3.49,3.49,3.49,3.49,308,0
2015-07-16,12:05:00,3.52,3.52,3.52,3.52,600,0
2015-07-16,13:05:00,3.51,3.51,3.39,3.39,1600,0
2015-07-16,13:10:00,3.58,3.59,3.58,3.59,2032,0
2015-07-16,16:25:00,3.5,3.5,3.5,3.5,800,0
2015-07-17,09:05:00,3.59,3.59,3.45,3.49,801,0
2015-07-17,09:35:00,3.49,3.49,3.36,3.4,5503,0
2015-07-17,10:20:00,3.45,3.45,3.45,3.45,2910,0
2015-07-17,10:55:00,3.5,3.5,3.5,3.5,132,0
2015-07-17,12:15:00,3.58,3.59,3.58,3.59,4145,0
2015-07-17,15:05:00,3.58,3.58,3.58,3.58,260,0
2015-07-20,09:05:00,3.57,3.57,3.57,3.57,1,0
2015-07-20,09:15:00,3.57,3.57,3.57,3.57,2695,0
2015-07-20,09:55:00,3.57,3.57,3.57,3.57,5580,0
2015-07-20,10:00:00,3.57,3.57,3.57,3.57,274,0
2015-07-20,10:10:00,3.58,3.58,3.58,3.58,1391,0
2015-07-20,10:15:00,3.6,3.65,3.57,3.65,5957,0
2015-07-20,10:20:00,3.65,3.68,3.65,3.68,8700,0
2015-07-20,10:30:00,3.67,3.67,3.67,3.67,2599,0
2015-07-20,11:10:00,3.68,3.68,3.68,3.68,2798,0
2015-07-20,11:15:00,3.68,3.68,3.68,3.68,3576,0
2015-07-20,11:25:00,3.67,3.67,3.62,3.62,3201,0
2015-07-20,12:40:00,3.59,3.59,3.59,3.59,1000,0
2015-07-20,15:00:00,3.59,3.59,3.59,3.59,3000,0
2015-07-20,15:05:00,3.59,3.59,3.59,3.59,3000,0
2015-07-20,15:55:00,3.59,3.59,3.59,3.59,13793,0
2015-07-20,16:05:00,3.59,3.59,3.59,3.59,5000,0
2015-07-20,16:35:00,3.62,3.62,3.62,3.62,100,0
2015-07-21,09:05:00,3.62,3.62,3.62,3.62,115,0
2015-07-21,09:25:00,3.56,3.56,3.56,3.56,150,0
2015-07-21,14:10:00,3.58,3.58,3.56,3.56,2192,0
2015-07-21,14:15:00,3.49,3.49,3.49,3.49,1,0
2015-07-22,09:05:00,3.5,3.5,3.5,3.5,1,0
2015-07-22,13:20:00,3.5,3.5,3.5,3.5,6999,0
2015-07-22,13:50:00,3.49,3.49,3.49,3.49,900,0
2015-07-22,14:15:00,3.5,3.5,3.5,3.5,600,0
2015-07-22,14:25:00,3.45,3.45,3.23,3.23,200,0
2015-07-22,14:35:00,3.3,3.3,3.3,3.3,300,0
2015-07-22,14:40:00,3.43,3.43,3.4,3.4,3040,0
2015-07-22,15:05:00,3.53,3.53,3.53,3.53,10,0
2015-07-22,15:25:00,3.53,3.53,3.53,3.53,2000,0
2015-07-22,15:30:00,3.65,3.65,3.65,3.65,10,0
2015-07-22,15:45:00,3.65,3.68,3.65,3.68,595,0
2015-07-22,15:50:00,3.53,3.53,3.53,3.53,100,0
2015-07-23,12:05:00,3.53,3.53,3.53,3.53,240,0
2015-07-24,10:25:00,3.53,3.53,3.53,3.53,220,0
2015-07-24,15:55:00,3.53,3.53,3.53,3.53,1249,0
2015-07-27,09:10:00,3.54,3.54,3.54,3.54,1,0
2015-07-27,09:45:00,3.58,3.58,3.58,3.58,3000,0
2015-07-27,09:50:00,3.67,3.68,3.67,3.68,820,0
2015-07-27,10:55:00,3.65,3.65,3.65,3.65,54,0
2015-07-27,11:45:00,3.65,3.65,3.65,3.65,500,0
2015-07-27,11:50:00,3.56,3.56,3.55,3.55,8120,0
2015-07-27,11:55:00,3.56,3.56,3.56,3.56,200,0
2015-07-27,15:25:00,3.65,3.65,3.65,3.65,10,0
2015-07-27,16:15:00,3.65,3.65,3.65,3.65,140,0
2015-07-28,09:05:00,3.65,3.65,3.65,3.65,1,0
2015-07-28,15:20:00,3.65,3.65,3.65,3.65,601,0
2015-07-28,15:40:00,3.56,3.56,3.55,3.55,8213,0
2015-07-28,16:25:00,3.64,3.64,3.64,3.64,5,0
2015-07-29,09:05:00,3.5,3.5,3.5,3.5,100,0
2015-07-29,09:30:00,3.64,3.64,3.64,3.64,5,0
2015-07-29,10:50:00,3.5,3.5,3.5,3.5,1280,0
2015-07-29,12:15:00,3.51,3.51,3.51,3.51,54,0
2015-07-29,14:55:00,3.64,3.64,3.64,3.64,5,0
2015-07-30,09:05:00,3.65,3.65,3.65,3.65,1,0
2015-07-30,09:40:00,3.51,3.51,3.5,3.5,500,0
2015-07-30,09:50:00,3.5,3.5,3.5,3.5,2025,0
2015-07-30,11:30:00,3.5,3.5,3.5,3.5,2900,0
2015-07-30,12:30:00,3.63,3.63,3.45,3.45,4,0
2015-07-30,12:35:00,3.47,3.47,3.47,3.47,700,0
2015-07-30,13:10:00,3.45,3.45,3.42,3.42,200,0
2015-07-31,09:05:00,3.42,3.42,3.42,3.42,370,0
2015-07-31,11:25:00,3.46,3.47,3.46,3.47,1867,0
2015-07-31,11:55:00,3.5,3.5,3.5,3.5,2880,0
2015-07-31,14:15:00,3.63,3.63,3.63,3.63,21,0
2015-08-03,09:10:00,3.65,3.65,3.65,3.65,1,0
2015-08-03,09:40:00,3.52,3.52,3.52,3.52,21,0
2015-08-03,13:40:00,3.52,3.52,3.5,3.5,8282,0
2015-08-04,09:05:00,3.5,3.5,3.5,3.5,1,0
2015-08-04,11:05:00,3.64,3.68,3.64,3.68,1675,0
2015-08-04,11:20:00,3.68,3.68,3.65,3.65,43220,0
2015-08-04,11:30:00,3.65,3.65,3.65,3.65,30000,0
2015-08-04,15:50:00,3.55,3.55,3.55,3.55,500,0
2015-08-04,16:35:00,3.55,3.55,3.55,3.55,1000,0
2015-08-04,16:40:00,3.52,3.6,3.5,3.6,10001,0
2015-08-04,16:50:00,3.5,3.51,3.5,3.51,10000,0
2015-08-05,09:20:00,3.51,3.51,3.51,3.51,1,0
2015-08-05,14:05:00,3.51,3.51,3.51,3.51,500,0
2015-08-05,16:50:00,3.63,3.63,3.63,3.63,1,0
2015-08-06,09:10:00,3.63,3.63,3.63,3.63,1,0
2015-08-06,11:10:00,3.51,3.51,3.5,3.5,501,0
2015-08-06,11:45:00,3.63,3.65,3.63,3.65,7600,0
2015-08-07,09:05:00,3.63,3.63,3.63,3.63,1,0
2015-08-07,10:15:00,3.51,3.51,3.5,3.5,746,0
2015-08-07,15:40:00,3.6,3.6,3.6,3.6,1800,0
2015-08-07,16:15:00,3.63,3.63,3.63,3.63,223,0
2015-08-10,09:10:00,3.63,3.63,3.63,3.63,1,0
2015-08-10,11:00:00,3.51,3.51,3.51,3.51,400,0
2015-08-10,11:30:00,3.51,3.51,3.5,3.5,148,0
2015-08-10,12:15:00,3.6,3.6,3.6,3.6,476,0
2015-08-10,12:40:00,3.61,3.65,3.61,3.65,3250,0
2015-08-10,12:45:00,3.64,3.65,3.64,3.64,1301,0
2015-08-10,13:35:00,3.64,3.64,3.64,3.64,200,0
2015-08-11,09:05:00,3.65,3.65,3.64,3.64,9922,0
2015-08-11,09:35:00,3.69,3.69,3.69,3.69,5,0
2015-08-11,09:55:00,3.69,3.69,3.69,3.69,895,0
2015-08-11,11:30:00,3.55,3.55,3.55,3.55,1,0
2015-08-11,11:50:00,3.64,3.64,3.64,3.64,1,0
2015-08-11,12:25:00,3.56,3.64,3.55,3.64,251,0
2015-08-11,16:50:00,3.56,3.56,3.56,3.56,68,0
2015-08-12,09:05:00,3.56,3.56,3.56,3.56,1,0
2015-08-12,09:55:00,3.65,3.65,3.65,3.65,1,0
2015-08-12,10:30:00,3.56,3.56,3.55,3.55,6600,0
2015-08-12,13:15:00,3.64,3.64,3.64,3.64,1,0
2015-08-12,13:45:00,3.55,3.55,3.55,3.55,1,0
2015-08-12,14:05:00,3.64,3.64,3.64,3.64,1,0
2015-08-12,14:10:00,3.55,3.55,3.55,3.55,1,0
2015-08-12,15:20:00,3.64,3.64,3.55,3.55,2,0
2015-08-12,16:25:00,3.64,3.64,3.55,3.55,2,0
2015-08-12,16:50:00,3.64,3.64,3.64,3.64,650,0
2015-08-13,09:05:00,3.55,3.55,3.55,3.55,600,0
2015-08-13,12:55:00,3.65,3.65,3.65,3.65,1,0
2015-08-13,13:15:00,3.55,3.55,3.55,3.55,1,0
2015-08-13,15:15:00,3.55,3.65,3.51,3.65,6242,0
2015-08-13,15:35:00,3.52,3.65,3.52,3.65,2,0
2015-08-13,15:40:00,3.53,3.53,3.53,3.53,1,0
2015-08-13,15:45:00,3.65,3.65,3.65,3.65,1,0
2015-08-13,16:50:00,3.53,3.53,3.53,3.53,220,0
2015-08-14,09:05:00,3.6,3.6,3.6,3.6,1,0
2015-08-14,09:15:00,3.51,3.51,3.51,3.51,1,0
2015-08-14,13:35:00,3.51,3.51,3.51,3.51,309,0
2015-08-14,15:00:00,3.5,3.5,3.5,3.5,30,0
2015-08-14,15:15:00,3.5,3.5,3.5,3.5,259,0
2015-08-14,15:25:00,3.58,3.58,3.58,3.58,1,0
2015-08-14,16:45:00,3.61,3.61,3.61,3.61,5,0
2015-08-14,16:50:00,3.5,3.5,3.5,3.5,200,0
2015-08-17,09:05:00,3.48,3.63,3.48,3.63,2,0
2015-08-17,11:30:00,3.62,3.68,3.62,3.68,6126,0
2015-08-17,11:35:00,3.68,3.68,3.68,3.68,1000,0
2015-08-17,13:25:00,3.67,3.67,3.67,3.67,224,0
2015-08-17,14:15:00,3.55,3.67,3.55,3.67,2,0
2015-08-17,14:40:00,3.67,3.67,3.55,3.55,1201,0
2015-08-17,14:45:00,3.67,3.67,3.67,3.67,1,0
2015-08-18,09:05:00,3.7,3.7,3.7,3.7,1,0
2015-08-18,09:10:00,3.65,3.65,3.65,3.65,1,0
2015-08-18,16:50:00,3.64,3.64,3.64,3.64,2,0
2015-08-19,09:15:00,3.67,3.67,3.67,3.67,1,0
2015-08-19,09:30:00,3.64,3.65,3.64,3.65,9750,0
2015-08-19,10:30:00,3.65,3.65,3.65,3.65,7000,0
2015-08-19,11:25:00,3.65,3.65,3.65,3.65,7225,0
2015-08-19,11:40:00,3.65,3.65,3.65,3.65,2740,0
2015-08-19,12:10:00,3.65,3.65,3.65,3.65,21488,0
2015-08-19,12:15:00,3.69,3.69,3.69,3.69,1937,0
2015-08-19,16:50:00,3.65,3.65,3.65,3.65,500,0
2015-08-20,09:50:00,3.65,3.65,3.65,3.65,5048,0
2015-08-20,10:20:00,3.67,3.67,3.67,3.67,486,0
2015-08-20,11:35:00,3.65,3.65,3.65,3.65,952,0
2015-08-21,09:05:00,3.7,3.7,3.7,3.7,1,0
2015-08-21,09:20:00,3.69,3.8,3.69,3.8,4256,0
2015-08-21,09:25:00,3.8,3.8,3.8,3.8,160,0
2015-08-21,09:30:00,3.8,3.8,3.8,3.8,433,0
2015-08-21,10:15:00,3.8,3.8,3.8,3.8,836,0
2015-08-21,10:25:00,3.66,3.66,3.66,3.66,2740,0
2015-08-21,10:40:00,3.65,3.7,3.65,3.7,396,0
2015-08-21,14:45:00,3.65,3.65,3.65,3.65,683,0
2015-08-21,15:00:00,3.65,3.73,3.65,3.73,18746,0
2015-08-21,15:10:00,3.8,3.84,3.8,3.84,1500,0
2015-08-21,15:20:00,3.84,3.84,3.84,3.84,10,0
2015-08-21,16:25:00,3.8,3.8,3.8,3.8,500,0
2015-08-21,16:40:00,3.84,3.84,3.84,3.84,260,0
2015-08-24,09:05:00,3.68,3.84,3.68,3.84,3552,0
2015-08-24,10:05:00,3.7,3.7,3.7,3.7,533,0
2015-08-24,12:00:00,3.7,3.7,3.7,3.7,595,0
2015-08-24,12:05:00,3.75,3.75,3.75,3.75,5,0
2015-08-24,13:20:00,3.68,3.68,3.68,3.68,2000,0
2015-08-24,14:05:00,3.68,3.68,3.68,3.68,2007,0
2015-08-24,14:10:00,3.68,3.68,3.68,3.68,5000,0
2015-08-24,14:20:00,3.68,3.68,3.65,3.65,1587,0
2015-08-24,14:25:00,3.75,3.75,3.75,3.75,200,0
2015-08-24,15:35:00,3.61,3.61,3.61,3.61,1353,0
2015-08-24,15:45:00,3.61,3.61,3.61,3.61,1419,0
2015-08-24,16:30:00,3.61,3.61,3.61,3.61,2000,0
2015-08-25,09:05:00,3.55,3.55,3.55,3.55,500,0
2015-08-25,09:15:00,3.9,3.9,3.9,3.9,117,0
2015-08-25,09:55:00,3.7,3.7,3.7,3.7,400,0
2015-08-25,10:25:00,3.7,3.7,3.7,3.7,2305,0
2015-08-25,11:50:00,3.8,3.8,3.8,3.8,110,0
2015-08-25,12:00:00,3.88,3.88,3.88,3.88,10,0
2015-08-25,13:10:00,3.88,3.88,3.88,3.88,5134,0
2015-08-25,13:15:00,3.89,3.89,3.89,3.89,2700,0
2015-08-25,14:40:00,3.89,3.89,3.89,3.89,609,0
2015-08-25,15:35:00,3.89,3.9,3.89,3.9,8265,0
2015-08-25,15:40:00,3.95,3.97,3.95,3.97,6918,0
2015-08-25,15:45:00,3.9,3.9,3.9,3.9,300,0
2015-08-25,16:40:00,3.71,3.71,3.71,3.71,1,0
2015-08-26,11:55:00,3.97,3.97,3.97,3.97,1,0
2015-08-26,15:05:00,3.94,3.97,3.94,3.97,500,0
2015-08-26,15:20:00,3.85,3.85,3.81,3.81,4599,0
2015-08-26,15:30:00,3.55,3.55,3.55,3.55,2401,0
2015-08-26,15:40:00,3.85,3.85,3.85,3.85,10,0
2015-08-26,16:10:00,3.8,3.8,3.8,3.8,1,0
2015-08-26,16:15:00,3.79,3.79,3.79,3.79,100,0
2015-08-26,16:20:00,3.66,3.78,3.66,3.78,500,0
2015-08-27,09:05:00,3.66,3.66,3.66,3.66,1,0
2015-08-27,10:20:00,3.8,3.8,3.8,3.8,500,0
2015-08-27,11:00:00,3.8,3.84,3.8,3.84,2950,0
2015-08-27,13:25:00,3.9,3.9,3.9,3.9,170,0
2015-08-27,15:20:00,3.96,3.97,3.96,3.97,7478,0
2015-08-27,15:40:00,3.97,3.97,3.97,3.97,500,0
2015-08-27,15:55:00,3.97,3.97,3.97,3.97,12180,0
2015-08-27,16:00:00,3.81,3.81,3.81,3.81,1,0
2015-08-27,16:50:00,3.97,3.97,3.97,3.97,2108,0
2015-08-28,09:25:00,4,4,4,4,2035,0
2015-08-28,09:30:00,4.1,4.3,4.1,4.3,300,0
2015-08-28,09:45:00,4.4,4.4,4.4,4.4,358,0
2015-08-28,10:10:00,4.4,4.4,4.4,4.4,647,0
2015-08-28,10:55:00,4.4,4.4,4.4,4.4,1353,0
2015-08-28,11:35:00,4.4,4.4,4.4,4.4,2260,0
2015-08-28,11:40:00,4.08,4.08,4.08,4.08,100,0
2015-08-28,12:05:00,4.14,4.4,4.14,4.4,141,0
2015-08-28,12:25:00,4.14,4.14,4.14,4.14,1,0
2015-08-28,12:45:00,4.14,4.14,4.14,4.14,1500,0
2015-08-28,12:50:00,4.12,4.12,4.12,4.12,11,0
2015-08-28,12:55:00,4.2,4.2,4.2,4.2,1000,0
2015-08-28,13:30:00,4.12,4.12,4.12,4.12,160,0
2015-08-28,13:50:00,4.13,4.13,4.12,4.12,1239,0
2015-08-28,14:05:00,4.11,4.25,4.11,4.25,2577,0
2015-08-28,15:05:00,4.24,4.24,4.14,4.14,396,0
2015-08-28,15:30:00,4.24,4.24,4.14,4.14,501,0
2015-08-28,15:40:00,4.23,4.23,4.14,4.14,380,0
2015-08-28,16:25:00,4.23,4.24,4.11,4.24,2400,0
2015-08-28,16:30:00,4.25,4.25,4.16,4.16,737,0
2015-08-28,16:50:00,4.25,4.25,4.25,4.25,20,0
2015-08-31,09:05:00,4.27,4.4,4.27,4.4,15322,0
2015-08-31,10:15:00,4.41,4.41,4.41,4.41,56,0
2015-08-31,10:25:00,4.33,4.33,4.33,4.33,1,0
2015-08-31,10:30:00,4.33,4.33,4.33,4.33,4060,0
2015-08-31,11:10:00,4.41,4.42,4.41,4.42,200,0
2015-08-31,11:20:00,4.44,4.44,4.44,4.44,886,0
2015-08-31,11:30:00,4.44,4.45,4.44,4.45,10000,0
2015-08-31,11:45:00,4.45,4.45,4.45,4.45,250,0
2015-08-31,11:55:00,4.45,4.45,4.45,4.45,15500,0
2015-08-31,12:00:00,4.45,4.45,4.35,4.35,400,0
2015-08-31,16:50:00,4.44,4.44,4.44,4.44,1000,0
2015-09-01,09:05:00,4.44,4.44,4.44,4.44,231,0
2015-09-01,11:00:00,4.36,4.36,4.35,4.35,200,0
2015-09-01,11:45:00,4.42,4.42,4.42,4.42,27,0
2015-09-01,13:05:00,4.4,4.4,4.4,4.4,270,0
2015-09-01,15:25:00,4.37,4.37,4.37,4.37,90,0
2015-09-01,15:30:00,4.37,4.38,4.37,4.38,1769,0
2015-09-01,15:35:00,4.35,4.35,4.35,4.35,200,0
2015-09-02,09:20:00,4.35,4.35,4.35,4.35,1,0
2015-09-02,09:25:00,4.35,4.35,4.35,4.35,180,0
2015-09-02,16:50:00,4.27,4.27,4.27,4.27,1091,0
2015-09-03,09:20:00,4.3,4.3,4.3,4.3,3059,0
2015-09-03,09:30:00,4.4,4.4,4.4,4.4,450,0
2015-09-03,09:55:00,4.4,4.44,4.4,4.44,500,0
2015-09-03,11:10:00,4.44,4.44,4.44,4.44,2255,0
2015-09-03,11:15:00,4.5,4.6,4.5,4.6,2001,0
2015-09-03,11:25:00,4.45,4.45,4.45,4.45,260,0
2015-09-03,11:30:00,4.57,4.57,4.57,4.57,2100,0
2015-09-03,11:35:00,4.57,4.57,4.57,4.57,63,0
2015-09-03,12:00:00,4.59,4.59,4.59,4.59,500,0
2015-09-03,12:35:00,4.59,4.6,4.59,4.6,6971,0
2015-09-03,14:35:00,4.72,4.72,4.72,4.72,150,0
2015-09-03,15:05:00,4.75,4.75,4.75,4.75,870,0
2015-09-03,16:50:00,4.75,4.75,4.75,4.75,100,0
2015-09-04,09:05:00,4.71,4.71,4.71,4.71,1293,0
2015-09-04,09:10:00,4.58,4.58,4.58,4.58,1,0
2015-09-04,09:30:00,4.71,4.75,4.71,4.75,5177,0
2015-09-04,10:00:00,4.75,4.8,4.75,4.8,11350,0
2015-09-04,10:10:00,4.8,4.84,4.8,4.84,3100,0
2015-09-04,10:30:00,4.69,4.69,4.69,4.69,100,0
2015-09-04,11:15:00,4.69,4.69,4.69,4.69,1000,0
2015-09-04,11:30:00,4.69,4.69,4.69,4.69,10,0
2015-09-04,12:45:00,4.75,4.75,4.75,4.75,2186,0
2015-09-04,12:55:00,4.82,4.82,4.82,4.82,2000,0
2015-09-04,14:45:00,4.83,4.83,4.83,4.83,850,0
2015-09-04,14:50:00,4.7,4.7,4.7,4.7,297,0
2015-09-04,15:00:00,4.71,4.71,4.7,4.7,2400,0
2015-09-04,16:10:00,4.69,4.69,4.69,4.69,500,0
2015-09-04,16:20:00,4.69,4.69,4.69,4.69,336,0
2015-09-04,16:50:00,4.79,4.79,4.79,4.79,100,0
2015-09-07,09:05:00,4.8,4.8,4.8,4.8,391,0
2015-09-07,10:15:00,4.79,4.79,4.79,4.79,643,0
2015-09-07,11:05:00,4.83,4.83,4.83,4.83,7223,0
2015-09-07,11:10:00,4.83,4.83,4.83,4.83,500,0
2015-09-07,12:55:00,4.69,4.69,4.69,4.69,1,0
2015-09-07,14:05:00,4.81,4.81,4.81,4.81,220,0
2015-09-08,09:05:00,4.8,4.8,4.7,4.7,1665,0
2015-09-08,09:25:00,4.7,4.7,4.7,4.7,395,0
2015-09-08,10:05:00,4.7,4.7,4.7,4.7,228,0
2015-09-08,11:40:00,4.7,4.7,4.7,4.7,1631,0
2015-09-08,12:15:00,4.7,4.7,4.7,4.7,200,0
2015-09-08,13:20:00,4.7,4.7,4.7,4.7,300,0
2015-09-08,14:20:00,4.65,4.65,4.65,4.65,280,0
2015-09-08,16:50:00,4.7,4.7,4.7,4.7,100,0
2015-09-09,09:20:00,4.75,4.75,4.75,4.75,1,0
2015-09-09,11:25:00,4.7,4.7,4.7,4.7,170,0
2015-09-09,11:40:00,4.7,4.7,4.7,4.7,45,0
2015-09-09,16:50:00,4.7,4.7,4.7,4.7,1,0
2015-09-10,09:05:00,4.69,4.69,4.69,4.69,1,0
2015-09-10,12:35:00,4.69,4.69,4.69,4.69,26,0
2015-09-10,14:15:00,4.69,4.69,4.69,4.69,354,0
2015-09-11,09:05:00,4.55,4.55,4.55,4.55,23,0
2015-09-11,11:00:00,4.55,4.55,4.55,4.55,200,0
2015-09-11,11:20:00,4.55,4.55,4.55,4.55,100,0
2015-09-11,12:30:00,4.56,4.56,4.56,4.56,5600,0
2015-09-11,13:20:00,4.64,4.64,4.64,4.64,2000,0
2015-09-11,13:35:00,4.55,4.55,4.55,4.55,1000,0
2015-09-11,16:45:00,4.55,4.55,4.55,4.55,545,0
2015-09-11,16:50:00,4.6,4.6,4.6,4.6,110,0
2015-09-14,09:05:00,4.64,4.64,4.64,4.64,160,0
2015-09-14,09:45:00,4.63,4.63,4.63,4.63,3000,0
2015-09-14,09:50:00,4.63,4.63,4.63,4.63,60,0
2015-09-14,11:05:00,4.61,4.62,4.61,4.62,3100,0
2015-09-14,13:35:00,4.55,4.55,4.55,4.55,928,0
2015-09-14,16:10:00,4.51,4.51,4.5,4.5,3167,0
2015-09-14,16:15:00,4.55,4.55,4.55,4.55,520,0
2015-09-14,16:25:00,4.47,4.55,4.45,4.55,1118,0
2015-09-15,09:05:00,4.49,4.49,4.49,4.49,1,0
2015-09-15,10:40:00,4.4,4.4,4.4,4.4,980,0
2015-09-15,11:25:00,4.38,4.38,4.38,4.38,600,0
2015-09-15,11:35:00,4.34,4.34,4.34,4.34,283,0
2015-09-15,12:05:00,4.34,4.34,4.34,4.34,2080,0
2015-09-15,12:20:00,4.34,4.34,4.27,4.27,4932,0
2015-09-15,14:50:00,4.24,4.24,4.24,4.24,500,0
2015-09-15,15:05:00,4.23,4.23,4.22,4.22,1000,0
2015-09-15,15:10:00,4.22,4.22,4.22,4.22,500,0
2015-09-15,16:10:00,4.24,4.32,4.24,4.32,2500,0
2015-09-15,16:45:00,4.32,4.33,4.32,4.33,1000,0
2015-09-15,16:50:00,4.33,4.33,4.33,4.33,200,0
2015-09-16,09:15:00,4.33,4.33,4.33,4.33,442,0
2015-09-16,09:30:00,4.36,4.36,4.36,4.36,750,0
2015-09-16,11:10:00,4.4,4.4,4.4,4.4,250,0
2015-09-16,11:15:00,4.4,4.4,4.4,4.4,411,0
2015-09-17,09:55:00,4.26,4.26,4.26,4.26,836,0
2015-09-17,11:00:00,4.33,4.33,4.33,4.33,1,0
2015-09-18,09:20:00,4.33,4.33,4.33,4.33,1,0
2015-09-18,12:15:00,4.26,4.26,4.25,4.25,2494,0
2015-09-18,12:25:00,4.24,4.24,4.11,4.11,5,0
2015-09-18,13:05:00,4.24,4.25,4.24,4.25,747,0
2015-09-18,14:30:00,4.24,4.24,4.24,4.24,130,0
2015-09-18,15:20:00,4.15,4.15,4.1,4.1,2825,0
2015-09-18,16:35:00,4.12,4.12,4.12,4.12,307,0
2015-09-18,16:45:00,4.25,4.25,4.13,4.13,1338,0
2015-09-18,16:50:00,4.25,4.25,4.25,4.25,170,0
2015-09-21,09:05:00,4.23,4.23,4.23,4.23,1,0
2015-09-21,09:45:00,4.1,4.1,4.09,4.09,572,0
2015-09-21,11:25:00,4.19,4.19,4.19,4.19,1000,0
2015-09-21,12:05:00,4.22,4.22,4.22,4.22,240,0
2015-09-21,16:50:00,4.18,4.18,4.18,4.18,30,0
2015-09-22,09:05:00,4.21,4.21,4.21,4.21,1,0
2015-09-23,14:10:00,4.35,4.35,4.35,4.35,1,0
2015-09-23,15:35:00,4.21,4.21,4.21,4.21,1100,0
2015-09-24,09:05:00,4.24,4.24,4.24,4.24,1,0
2015-09-24,09:50:00,4.11,4.11,4.08,4.08,5500,0
2015-09-24,10:40:00,4.16,4.16,4.16,4.16,100,0
2015-09-24,11:30:00,4.14,4.14,4.14,4.14,3,0
2015-09-24,11:40:00,4.02,4.02,4,4,7840,0
2015-09-24,11:55:00,3.85,3.85,3.85,3.85,1000,0
2015-09-24,12:00:00,3.83,3.85,3.83,3.85,1051,0
2015-09-24,12:10:00,3.96,4,3.96,4,999,0
2015-09-24,13:35:00,3.87,3.87,3.87,3.87,3,0
2015-09-24,15:30:00,3.99,4,3.99,4,500,0
2015-09-24,15:35:00,4,4,4,4,200,0
2015-09-24,16:10:00,4,4,4,4,2000,0
2015-09-24,16:20:00,4,4,4,4,500,0
2015-09-24,16:30:00,4,4,4,4,193,0
2015-09-24,16:45:00,4.04,4.04,4.04,4.04,600,0
2015-09-24,16:50:00,4.04,4.04,4.04,4.04,170,0
2015-09-25,09:05:00,4.05,4.05,4.05,4.05,200,0
2015-09-25,09:30:00,4.05,4.1,4.05,4.1,3691,0
2015-09-25,10:55:00,4.05,4.05,4.05,4.05,250,0
2015-09-25,11:40:00,4.1,4.1,4.1,4.1,379,0
2015-09-25,11:50:00,4.1,4.1,4.1,4.1,121,0
2015-09-25,12:15:00,4.1,4.1,4.1,4.1,200,0
2015-09-25,12:35:00,4.09,4.09,4.09,4.09,100,0
2015-09-25,12:40:00,4,4,4,4,679,0
2015-09-25,13:05:00,4,4,4,4,1900,0
2015-09-25,13:40:00,4.09,4.09,4.09,4.09,200,0
2015-09-25,15:25:00,4.09,4.09,4.09,4.09,1000,0
2015-09-25,16:25:00,4.1,4.1,4.1,4.1,100,0
2015-09-28,13:45:00,4.04,4.04,4.04,4.04,1,0
2015-09-29,12:05:00,4.03,4.03,4.03,4.03,1,0
2015-09-29,16:25:00,3.95,3.95,3.95,3.95,500,0
2015-09-29,16:45:00,4.03,4.04,4.03,4.04,1100,0
2015-09-30,09:05:00,4.04,4.04,4.04,4.04,1,0
2015-09-30,16:10:00,4.04,4.04,4.04,4.04,1942,0
2015-09-30,16:50:00,4.1,4.1,4.1,4.1,100,0
2015-10-01,09:05:00,4.1,4.1,4.1,4.1,1,0
2015-10-01,09:10:00,4.1,4.1,4.1,4.1,358,0
2015-10-01,09:40:00,4.09,4.09,4.09,4.09,358,0
2015-10-01,13:35:00,4.04,4.04,4.04,4.04,247,0
2015-10-01,16:50:00,4.1,4.1,4.1,4.1,50,0
2015-10-02,09:05:00,4.1,4.1,4.1,4.1,1,0
2015-10-02,15:30:00,4.1,4.12,4.1,4.12,11640,0
2015-10-02,15:35:00,4.12,4.17,4.12,4.17,3638,0
2015-10-02,15:40:00,4.18,4.2,4.18,4.2,12549,0
2015-10-02,15:55:00,4.27,4.27,4.27,4.27,1667,0
2015-10-02,16:00:00,4.35,4.35,4.35,4.35,200,0
2015-10-02,16:10:00,4.29,4.29,4.29,4.29,900,0
2015-10-02,16:25:00,4.28,4.28,4.28,4.28,1196,0
2015-10-02,16:40:00,4.28,4.28,4.28,4.28,2500,0
2015-10-02,16:50:00,4.28,4.28,4.28,4.28,7500,0
2015-10-05,09:05:00,4.35,4.35,4.35,4.35,230,0
2015-10-05,09:15:00,4.35,4.36,4.35,4.36,800,0
2015-10-05,09:20:00,4.36,4.36,4.36,4.36,400,0
2015-10-05,09:35:00,4.3,4.3,4.3,4.3,4100,0
2015-10-05,10:40:00,4.32,4.32,4.32,4.32,662,0
2015-10-05,10:55:00,4.32,4.32,4.32,4.32,1000,0
2015-10-05,11:25:00,4.32,4.32,4.32,4.32,2000,0
2015-10-05,12:10:00,4.32,4.32,4.32,4.32,2190,0
2015-10-05,12:15:00,4.32,4.32,4.32,4.32,245,0
2015-10-05,13:05:00,4.32,4.32,4.32,4.32,903,0
2015-10-05,14:00:00,4.35,4.35,4.35,4.35,1097,0
2015-10-05,14:20:00,4.35,4.35,4.35,4.35,500,0
2015-10-05,14:30:00,4.35,4.35,4.35,4.35,2000,0
2015-10-05,15:55:00,4.35,4.35,4.35,4.35,2000,0
2015-10-05,16:20:00,4.35,4.36,4.35,4.36,503,0
2015-10-05,16:50:00,4.36,4.36,4.36,4.36,500,0
2015-10-06,09:05:00,4.3,4.3,4.3,4.3,683,0
2015-10-06,09:10:00,4.36,4.36,4.36,4.36,3000,0
2015-10-06,09:15:00,4.36,4.36,4.36,4.36,2373,0
2015-10-06,09:20:00,4.47,4.47,4.47,4.47,1000,0
2015-10-06,09:25:00,4.36,4.36,4.36,4.36,1796,0
2015-10-06,09:30:00,4.36,4.36,4.31,4.31,2334,0
2015-10-06,09:45:00,4.3,4.3,4.2,4.2,880,0
2015-10-06,09:55:00,4.25,4.25,4.25,4.25,2200,0
2015-10-06,13:25:00,4.25,4.25,4.25,4.25,450,0
2015-10-06,16:50:00,4.2,4.2,4.2,4.2,4000,0
2015-10-07,09:10:00,4.28,4.42,4.28,4.42,201,0
2015-10-07,09:30:00,4.28,4.28,4.28,4.28,40,0
2015-10-07,09:50:00,4.28,4.4,4.28,4.4,16524,0
2015-10-07,09:55:00,4.35,4.35,4.33,4.33,1000,0
2015-10-07,10:20:00,4.3,4.3,4.3,4.3,300,0
2015-10-07,10:30:00,4.3,4.3,4.3,4.3,2326,0
2015-10-07,15:00:00,4.3,4.3,4.3,4.3,5990,0
2015-10-07,15:05:00,4.35,4.35,4.35,4.35,4000,0
2015-10-08,09:05:00,4.35,4.35,4.35,4.35,450,0
2015-10-08,09:35:00,4.35,4.36,4.35,4.36,654,0
2015-10-08,09:50:00,4.26,4.26,4.26,4.26,2000,0
2015-10-08,10:05:00,4.34,4.34,4.34,4.34,230,0
2015-10-08,11:35:00,4.34,4.34,4.34,4.34,500,0
2015-10-08,11:50:00,4.34,4.34,4.34,4.34,4000,0
2015-10-08,14:35:00,4.34,4.34,4.34,4.34,1000,0
2015-10-09,09:05:00,4.35,4.35,4.35,4.35,1,0
2015-10-09,09:10:00,4.34,4.34,4.34,4.34,188,0
2015-10-09,14:30:00,4.3,4.3,4.3,4.3,295,0
2015-10-12,09:05:00,4.3,4.3,4.3,4.3,1,0
2015-10-13,09:05:00,4.3,4.3,4.3,4.3,1,0
2015-10-13,11:00:00,4.2,4.3,4.2,4.3,1001,0
2015-10-13,11:55:00,4.3,4.3,4.3,4.3,787,0
2015-10-14,09:05:00,4.35,4.35,4.35,4.35,1,0
2015-10-14,11:30:00,4.15,4.15,4.15,4.15,2000,0
2015-10-14,12:00:00,4.16,4.16,4.06,4.06,5,0
2015-10-14,12:10:00,4.16,4.16,4.16,4.16,2400,0
2015-10-14,13:55:00,4.1,4.1,4.08,4.08,1953,0
2015-10-14,14:25:00,4.17,4.2,4.17,4.2,3,0
2015-10-14,14:30:00,4.27,4.29,4.18,4.18,410,0
2015-10-14,14:40:00,4.3,4.3,4.3,4.3,1250,0
2015-10-14,14:55:00,4.24,4.24,4.05,4.05,6,0
2015-10-14,15:30:00,4.2,4.2,4.2,4.2,300,0
2015-10-15,09:05:00,4.19,4.19,4.19,4.19,1,0
2015-10-15,11:40:00,4.2,4.2,4.2,4.2,1889,0
2015-10-15,12:35:00,4.13,4.13,4.13,4.13,1000,0
2015-10-15,16:50:00,4.13,4.13,4.13,4.13,1098,0
2015-10-16,09:05:00,4.13,4.13,4.13,4.13,1,0
2015-10-16,10:05:00,4.13,4.13,4.04,4.04,835,0
2015-10-16,10:25:00,4.05,4.13,4.04,4.13,451,0
2015-10-16,10:30:00,4.05,4.12,4.05,4.12,1190,0
2015-10-16,11:10:00,4.13,4.13,4.13,4.13,1,0
2015-10-16,14:25:00,4.13,4.13,4.13,4.13,84,0
2015-10-16,14:40:00,4.13,4.15,4.13,4.15,310,0
2015-10-16,15:45:00,4.18,4.18,4.11,4.11,120,0
2015-10-16,15:50:00,4.04,4.04,4.04,4.04,1,0
2015-10-16,16:20:00,4.14,4.2,4.14,4.2,1000,0
2015-10-16,16:35:00,4.1,4.1,4.04,4.04,2,0
2015-10-16,16:40:00,4.14,4.14,4.14,4.14,500,0
2015-10-19,09:05:00,4.18,4.18,4.18,4.18,1,0
2015-10-19,11:00:00,4.19,4.19,4.19,4.19,240,0
2015-10-19,11:45:00,4.14,4.14,4.14,4.14,500,0
2015-10-19,12:00:00,4.14,4.14,4.14,4.14,351,0
2015-10-19,14:55:00,4.16,4.16,4.14,4.14,400,0
2015-10-19,15:00:00,4.14,4.14,4.14,4.14,1138,0
2015-10-19,16:50:00,4.11,4.11,4.11,4.11,200,0
2015-10-20,09:05:00,4.1,4.1,4.04,4.04,928,0
2015-10-20,10:55:00,4.04,4.04,4.04,4.04,40,0
2015-10-20,16:50:00,4.19,4.19,4.19,4.19,200,0
2015-10-21,09:05:00,4.19,4.19,4.19,4.19,1,0
2015-10-21,10:05:00,4.18,4.18,4.04,4.04,8,0
2015-10-21,14:05:00,4.04,4.04,3.78,3.9,6609,0
2015-10-21,14:10:00,3.81,3.96,3.81,3.86,3222,0
2015-10-21,14:15:00,3.89,3.95,3.8,3.89,1006,0
2015-10-21,14:20:00,3.88,3.88,3.88,3.88,1,0
2015-10-21,14:35:00,3.89,3.89,3.81,3.81,2200,0
2015-10-21,14:40:00,3.81,3.89,3.8,3.89,2015,0
2015-10-21,14:45:00,3.89,3.9,3.8,3.8,3985,0
2015-10-21,14:50:00,3.84,3.86,3.84,3.86,700,0
2015-10-21,15:00:00,3.8,3.8,3.8,3.8,10000,0
2015-10-21,15:05:00,3.78,3.78,3.78,3.78,345,0
2015-10-21,15:15:00,3.83,3.97,3.8,3.8,10065,0
2015-10-21,15:20:00,3.82,3.85,3.8,3.81,16391,0
2015-10-21,16:10:00,3.8,3.8,3.8,3.8,3000,0
2015-10-21,16:25:00,3.89,3.9,3.89,3.9,1250,0
2015-10-21,16:30:00,3.8,3.8,3.8,3.8,277,0
2015-10-21,16:40:00,3.8,3.8,3.8,3.8,332,0
2015-10-21,16:50:00,3.77,3.77,3.77,3.77,7710,0
2015-10-22,09:05:00,3.55,3.85,3.55,3.85,10801,0
2015-10-22,09:20:00,3.71,3.83,3.71,3.83,1000,0
2015-10-22,09:55:00,3.82,3.83,3.82,3.83,850,0
2015-10-22,10:05:00,3.83,3.83,3.8,3.8,1850,0
2015-10-22,11:45:00,3.72,3.72,3.7,3.7,7100,0
2015-10-22,11:55:00,3.7,3.7,3.6,3.6,6420,0
2015-10-22,12:00:00,3.55,3.55,3.5,3.5,7000,0
2015-10-22,12:05:00,3.5,3.5,3.31,3.31,1341,0
2015-10-22,12:10:00,3.52,3.52,3.52,3.52,1,0
2015-10-22,12:20:00,3.33,3.5,3.33,3.34,1250,0
2015-10-22,12:30:00,3.37,3.37,3.34,3.34,1250,0
2015-10-22,12:35:00,3.44,3.5,3.44,3.5,3356,0
2015-10-22,12:40:00,3.56,3.6,3.56,3.6,500,0
2015-10-22,12:45:00,3.6,3.6,3.6,3.6,1708,0
2015-10-22,13:05:00,3.63,3.63,3.6,3.6,2081,0
2015-10-22,13:45:00,3.68,3.7,3.68,3.7,6891,0
2015-10-22,13:50:00,3.67,3.67,3.67,3.67,758,0
2015-10-22,13:55:00,3.67,3.67,3.67,3.67,68,0
2015-10-22,14:55:00,3.79,3.79,3.79,3.79,100,0
2015-10-22,15:10:00,3.7,3.7,3.67,3.67,15400,0
2015-10-22,15:15:00,3.67,3.67,3.6,3.6,25000,0
2015-10-22,15:40:00,3.61,3.61,3.6,3.6,4000,0
2015-10-22,15:45:00,3.6,3.6,3.6,3.6,3590,0
2015-10-22,15:50:00,3.61,3.61,3.6,3.6,7040,0
2015-10-22,15:55:00,3.66,3.7,3.66,3.7,3609,0
2015-10-22,16:15:00,3.7,3.7,3.7,3.7,2100,0
2015-10-22,16:25:00,3.75,3.75,3.75,3.75,300,0
2015-10-22,16:50:00,3.75,3.75,3.75,3.75,1132,0
2015-10-23,09:05:00,3.75,3.82,3.75,3.82,1175,0
2015-10-23,09:15:00,3.82,3.82,3.82,3.82,800,0
2015-10-23,09:25:00,3.82,3.82,3.82,3.82,1000,0
2015-10-23,09:35:00,3.85,3.85,3.85,3.85,3437,0
2015-10-23,10:15:00,3.85,3.86,3.85,3.86,1789,0
2015-10-23,10:45:00,3.86,3.99,3.86,3.99,2186,0
2015-10-23,12:00:00,3.99,4,3.99,4,11602,0
2015-10-23,13:45:00,3.99,3.99,3.99,3.99,50,0
2015-10-23,14:30:00,3.99,3.99,3.99,3.99,500,0
2015-10-23,14:35:00,3.95,3.95,3.95,3.95,140,0
2015-10-23,15:00:00,3.95,3.95,3.95,3.95,470,0
2015-10-23,15:20:00,3.9,3.9,3.9,3.9,1000,0
2015-10-23,15:25:00,3.87,3.87,3.87,3.87,1000,0
2015-10-23,15:35:00,3.87,3.87,3.87,3.87,319,0
2015-10-23,16:50:00,3.87,3.87,3.82,3.82,12608,0
2015-10-26,09:05:00,3.82,3.82,3.8,3.8,3692,0
2015-10-26,09:40:00,3.94,3.95,3.94,3.95,1500,0
2015-10-26,10:30:00,3.94,3.94,3.94,3.94,171,0
2015-10-26,10:45:00,3.94,3.94,3.94,3.94,300,0
2015-10-26,11:15:00,3.94,3.94,3.8,3.8,2661,0
2015-10-26,11:20:00,3.73,3.8,3.73,3.8,52,0
2015-10-26,11:50:00,3.76,3.76,3.65,3.65,2231,0
2015-10-26,11:55:00,3.8,3.8,3.8,3.8,200,0
2015-10-26,12:00:00,3.68,3.68,3.68,3.68,1,0
2015-10-26,12:10:00,3.72,3.72,3.72,3.72,1,0
2015-10-26,12:15:00,3.8,3.8,3.8,3.8,2500,0
2015-10-26,15:40:00,3.84,3.95,3.84,3.95,700,0
2015-10-27,09:05:00,4.02,4.02,4.02,4.02,8782,0
2015-10-27,10:30:00,4,4,4,4,170,0
2015-10-27,10:35:00,4,4,4,4,530,0
2015-10-27,10:40:00,4,4,4,4,1000,0
2015-10-27,12:15:00,4,4,4,4,1000,0
2015-10-27,14:15:00,3.9,3.9,3.9,3.9,200,0
2015-10-27,14:40:00,4,4,4,4,1500,0
2015-10-27,15:20:00,4,4,4,4,1000,0
2015-10-27,15:55:00,4,4,4,4,12,0
2015-10-28,09:05:00,4,4,4,4,800,0
2015-10-28,15:05:00,3.9,3.9,3.88,3.88,2360,0
2015-10-28,15:40:00,3.9,3.9,3.9,3.9,500,0
2015-10-28,15:45:00,3.87,3.87,3.87,3.87,2584,0
2015-10-28,16:45:00,3.87,3.87,3.87,3.87,1374,0
2015-10-28,16:50:00,3.9,3.9,3.9,3.9,2367,0
2015-10-29,10:10:00,3.9,3.9,3.9,3.9,2565,0
2015-10-29,10:50:00,3.9,3.9,3.9,3.9,5165,0
2015-10-30,09:05:00,3.9,3.9,3.9,3.9,1,0
2015-11-02,09:05:00,3.89,3.89,3.89,3.89,52,0
2015-11-02,12:35:00,3.89,3.89,3.89,3.89,2070,0
2015-11-02,13:05:00,3.89,3.9,3.75,3.9,1784,0
2015-11-02,15:15:00,3.9,3.9,3.9,3.9,500,0
2015-11-03,09:05:00,3.9,3.9,3.9,3.9,1,0
2015-11-03,10:40:00,3.76,3.76,3.74,3.74,3674,0
2015-11-03,10:45:00,3.7,3.7,3.7,3.7,5210,0
2015-11-03,10:50:00,3.7,3.7,3.7,3.7,1116,0
2015-11-03,11:10:00,3.76,3.83,3.75,3.83,2914,0
2015-11-03,12:05:00,3.84,3.84,3.84,3.84,1000,0
2015-11-03,12:10:00,3.89,3.89,3.89,3.89,200,0
2015-11-03,15:20:00,3.88,3.88,3.88,3.88,1100,0
2015-11-04,09:05:00,3.88,3.88,3.88,3.88,1,0
2015-11-04,09:10:00,3.76,3.76,3.76,3.76,1,0
2015-11-04,13:35:00,3.81,3.81,3.8,3.8,594,0
2015-11-04,15:00:00,3.8,3.8,3.8,3.8,116,0
2015-11-04,15:25:00,3.88,3.88,3.88,3.88,100,0
2015-11-04,16:00:00,3.77,3.77,3.77,3.77,1,0
2015-11-04,16:30:00,3.88,3.88,3.88,3.88,200,0
2015-11-05,09:05:00,3.88,3.88,3.88,3.88,1,0
2015-11-06,09:05:00,3.88,3.88,3.88,3.88,200,0
2015-11-06,16:05:00,3.78,3.88,3.75,3.88,1305,0
2015-11-09,09:10:00,3.87,3.87,3.87,3.87,1,0
2015-11-09,09:45:00,3.76,3.76,3.76,3.76,1,0
2015-11-09,12:10:00,3.8,3.8,3.8,3.8,1300,0
2015-11-09,13:45:00,3.76,3.76,3.76,3.76,500,0
2015-11-09,13:50:00,3.87,3.87,3.87,3.87,100,0
2015-11-09,16:35:00,3.87,3.88,3.8,3.8,7074,0
2015-11-09,16:45:00,3.88,3.88,3.88,3.88,20,0
2015-11-09,16:50:00,3.9,3.9,3.9,3.9,400,0
2015-11-10,09:05:00,3.9,3.9,3.9,3.9,320,0
2015-11-10,10:45:00,3.8,3.8,3.8,3.8,2,0
2015-11-10,10:55:00,3.8,3.8,3.8,3.8,698,0
2015-11-10,16:35:00,3.9,3.9,3.9,3.9,880,0
