Date,Time,Open,High,Low,Close,Volume,OpenInt
2014-12-22,09:05:00,16.305,16.305,16.305,16.305,139,0
2014-12-22,10:55:00,16.826,16.892,16.826,16.892,563,0
2014-12-22,11:45:00,16.854,16.854,16.854,16.854,7,0
2014-12-22,12:20:00,16.57,16.57,16.57,16.57,653,0
2014-12-22,12:55:00,16.93,16.93,16.93,16.93,2,0
2014-12-22,15:55:00,16.845,16.845,16.845,16.845,3,0
2014-12-22,16:00:00,16.845,16.93,16.845,16.93,887,0
2014-12-22,16:40:00,16.854,16.93,16.854,16.93,686,0
2014-12-22,16:50:00,16.343,16.343,16.343,16.343,3,0
2014-12-23,09:05:00,16.57,16.57,16.57,16.57,634,0
2014-12-23,09:50:00,16.665,16.665,16.665,16.665,316,0
2014-12-23,10:30:00,16.618,16.618,16.618,16.618,127,0
2014-12-23,16:45:00,16.94,17.044,16.94,17.044,921,0
2014-12-23,16:50:00,16.57,17.044,16.57,17.044,13476,0
2014-12-29,09:05:00,17.167,17.167,17.167,17.167,17,0
2014-12-29,11:15:00,17.167,17.167,17.167,17.167,79,0
2014-12-29,11:20:00,17.044,17.044,17.044,17.044,106,0
2014-12-29,11:45:00,17.167,17.508,17.167,17.508,32,0
2014-12-29,12:35:00,17.508,17.508,17.508,17.508,20,0
2014-12-29,14:35:00,17.148,17.148,17.138,17.138,647,0
2014-12-29,15:50:00,17.138,17.138,17.138,17.138,528,0
2014-12-29,16:50:00,17.138,17.138,17.138,17.138,119,0
2014-12-30,09:05:00,17.138,17.138,17.138,17.138,317,0
2014-12-30,09:15:00,17.138,17.138,17.138,17.138,2190,0
2014-12-30,14:20:00,17.148,17.148,17.138,17.138,613,0
2014-12-30,14:25:00,17.138,17.138,17.138,17.138,317,0
2014-12-30,15:15:00,17.233,17.233,17.233,17.233,570,0
2014-12-30,16:40:00,17.148,17.148,17.138,17.138,3696,0
2014-12-30,16:50:00,17.138,17.138,17.138,17.138,2694,0
2015-01-02,14:50:00,16.769,16.769,16.76,16.76,1971,0
2015-01-02,16:50:00,16.627,16.627,16.627,16.627,58,0
2015-01-05,09:05:00,17.129,17.129,17.129,17.129,82,0
2015-01-05,14:30:00,17.119,17.138,17.119,17.138,10561,0
2015-01-05,14:35:00,17.138,17.138,17.138,17.138,10561,0
2015-01-05,15:20:00,17.413,17.413,17.413,17.413,1,0
2015-01-05,16:20:00,17.138,17.138,17.138,17.138,11,0
2015-01-05,16:50:00,16.674,16.674,16.674,16.674,11,0
2015-01-07,11:35:00,16.854,16.854,16.854,16.854,190,0
2015-01-07,12:05:00,17.044,17.044,17.044,17.044,180,0
2015-01-08,09:35:00,16.854,16.854,16.854,16.854,211,0
2015-01-08,10:05:00,17.044,17.044,17.044,17.044,244,0
2015-01-08,11:25:00,16.854,16.854,16.854,16.854,211,0
2015-01-08,15:05:00,16.854,16.854,16.854,16.854,127,0
2015-01-08,16:50:00,17.044,17.044,17.044,17.044,7,0
2015-01-09,09:05:00,17.044,17.044,17.044,17.044,106,0
2015-01-09,15:20:00,16.854,16.854,16.788,16.788,42,0
2015-01-09,15:50:00,16.902,17.044,16.76,17.044,158,0
2015-01-12,10:20:00,16.769,17.044,16.769,17.044,99,0
2015-01-13,09:20:00,16.798,16.798,16.798,16.798,364,0
2015-01-13,09:35:00,17.044,17.044,17.044,17.044,7,0
2015-01-14,09:15:00,16.826,16.826,16.826,16.826,232,0
2015-01-14,09:40:00,16.816,16.816,16.816,16.816,117,0
2015-01-14,12:30:00,16.57,16.57,16.57,16.57,158,0
2015-01-14,14:20:00,16.788,16.788,16.788,16.788,583,0
2015-01-14,15:25:00,16.296,16.296,16.296,16.296,2,0
2015-01-14,15:50:00,16.315,16.315,16.286,16.286,475,0
2015-01-14,16:10:00,16.097,16.116,16.097,16.116,107,0
2015-01-14,16:25:00,16.57,16.57,16.57,16.57,5279,0
2015-01-14,16:30:00,16.57,16.57,16.57,16.57,5771,0
2015-01-14,16:35:00,16.57,16.57,16.57,16.57,4790,0
2015-01-15,09:10:00,16.286,16.286,16.286,16.286,7,0
2015-01-15,11:25:00,16.485,16.485,16.485,16.485,317,0
2015-01-15,12:20:00,16.485,16.485,16.485,16.485,3974,0
2015-01-15,14:00:00,16.485,16.485,16.485,16.485,528,0
2015-01-15,14:35:00,16.485,16.485,16.485,16.485,1834,0
2015-01-15,16:05:00,16.485,16.485,16.485,16.485,158,0
2015-01-15,16:45:00,16.485,16.485,16.485,16.485,91,0
2015-01-15,16:50:00,16.57,16.57,16.57,16.57,161,0
2015-01-16,10:00:00,16.476,16.476,16.476,16.476,370,0
2015-01-16,11:45:00,16.476,16.476,16.476,16.476,190,0
2015-01-16,14:00:00,16.57,16.57,16.57,16.57,106,0
2015-01-16,14:20:00,16.57,16.57,16.57,16.57,10001,0
2015-01-16,15:05:00,16.57,16.57,16.57,16.57,63,0
2015-01-16,16:50:00,16.447,16.447,16.447,16.447,264,0
2015-01-19,09:45:00,16.921,16.93,16.921,16.93,12673,0
2015-01-19,10:35:00,16.58,16.58,16.58,16.58,3373,0
2015-01-19,11:20:00,16.485,16.485,16.485,16.485,111,0
2015-01-19,12:50:00,16.334,16.334,16.334,16.334,94,0
2015-01-19,13:35:00,16.334,16.334,16.144,16.144,1029,0
2015-01-19,13:40:00,16.144,16.144,16.144,16.144,211,0
2015-01-19,13:45:00,16.144,16.57,16.144,16.57,2112,0
2015-01-19,16:50:00,16.76,16.76,16.76,16.76,3168,0
2015-01-20,11:00:00,16.94,16.94,16.94,16.94,106,0
2015-01-20,16:10:00,16.76,16.76,16.76,16.76,7,0
2015-01-20,16:40:00,16.125,16.125,16.125,16.125,2,0
2015-01-20,16:50:00,16.097,16.097,16.097,16.097,30,0
2015-01-21,09:05:00,16.021,16.021,16.021,16.021,25,0
2015-01-21,09:10:00,16.059,16.059,16.059,16.059,692,0
2015-01-21,09:40:00,16.097,16.731,16.097,16.731,12,0
2015-01-21,09:45:00,16.561,16.561,16.561,16.561,5,0
2015-01-21,10:10:00,16.106,16.523,16.106,16.523,346,0
2015-01-21,10:30:00,16.125,16.125,16.125,16.125,2,0
2015-01-21,11:10:00,16.201,16.201,16.201,16.201,14,0
2015-01-21,11:35:00,16.21,16.21,16.21,16.21,11,0
2015-01-21,13:25:00,16.239,16.239,16.239,16.239,158,0
2015-01-21,15:55:00,16.286,16.286,16.286,16.286,852,0
2015-01-21,16:50:00,16.57,16.57,16.57,16.57,1759,0
2015-01-22,09:35:00,16.22,16.22,16.22,16.22,2,0
2015-01-22,10:45:00,16.296,16.296,16.286,16.286,528,0
2015-01-22,11:25:00,16.286,16.286,16.286,16.286,40,0
2015-01-22,16:50:00,16.201,16.201,16.201,16.201,148,0
2015-01-23,09:10:00,16.665,16.665,16.665,16.665,12,0
2015-01-26,11:00:00,16.57,16.57,16.57,16.57,21,0
2015-01-26,13:35:00,16.201,16.201,16.201,16.201,74,0
2015-01-26,15:20:00,16.239,16.239,16.239,16.239,106,0
2015-01-26,15:35:00,16.201,16.201,16.201,16.201,528,0
2015-01-26,15:40:00,16.201,16.201,16.201,16.201,211,0
2015-01-26,15:55:00,16.201,16.201,16.201,16.201,220,0
2015-01-26,16:20:00,16.192,16.192,16.192,16.192,106,0
2015-01-27,09:05:00,15.983,15.983,15.983,15.983,317,0
2015-01-27,09:10:00,16.192,16.192,16.192,16.192,21,0
2015-01-27,10:35:00,16.002,16.002,16.002,16.002,8,0
2015-01-27,11:00:00,16.002,16.002,16.002,16.002,702,0
2015-01-27,15:30:00,16.012,16.012,16.012,16.012,245,0
2015-01-27,15:55:00,16.012,16.012,16.012,16.012,21,0
2015-01-27,16:50:00,16.012,16.012,16.012,16.012,53,0
2015-01-28,12:30:00,16.002,16.002,15.983,15.983,528,0
2015-01-28,13:05:00,16.002,16.002,15.983,15.983,264,0
2015-01-28,13:10:00,15.983,15.983,15.983,15.983,264,0
2015-01-28,14:40:00,16.201,16.201,16.201,16.201,21,0
2015-01-29,09:05:00,16.201,16.201,14.856,15.481,279,0
2015-01-29,09:35:00,15.974,15.974,15.974,15.974,1,0
2015-01-29,10:00:00,15.974,15.974,15.974,15.974,62,0
2015-01-29,13:45:00,16.002,16.002,16.002,16.002,118,0
2015-01-29,13:55:00,16.002,16.002,16.002,16.002,142,0
2015-01-29,16:10:00,16.192,16.192,16.192,16.192,55,0
2015-01-29,16:50:00,16.012,16.012,16.002,16.002,178,0
2015-01-30,11:45:00,16.021,16.021,16.021,16.021,622,0
2015-01-30,11:55:00,15.832,15.832,15.813,15.813,296,0
2015-01-30,12:00:00,16.021,16.192,15.301,15.301,23,0
2015-01-30,15:30:00,15.718,15.718,15.718,15.718,158,0
2015-01-30,16:50:00,16.192,16.192,16.192,16.192,14,0
2015-02-02,09:05:00,15.87,16.192,15.87,16.192,190,0
2015-02-02,10:10:00,16.097,16.097,16.097,16.097,33,0
2015-02-02,15:10:00,15.993,15.993,15.983,15.983,75,0
2015-02-02,16:10:00,16.097,16.097,16.097,16.097,7,0
2015-02-03,09:25:00,16.192,16.192,16.192,16.192,11,0
2015-02-05,13:45:00,15.633,15.633,15.633,15.633,8,0
2015-02-05,14:50:00,16.192,16.192,16.192,16.192,11,0
2015-02-05,16:50:00,16.192,16.192,16.192,16.192,10,0
2015-02-10,15:25:00,15.907,15.907,15.907,15.907,106,0
2015-02-11,09:05:00,15.737,15.907,15.737,15.907,18,0
2015-02-11,13:35:00,15.813,15.813,15.813,15.813,78,0
2015-02-12,10:50:00,15.907,15.907,15.907,15.907,32,0
2015-02-12,10:55:00,15.907,15.907,15.907,15.907,32,0
2015-02-12,11:05:00,15.907,15.907,15.907,15.907,32,0
2015-02-12,11:10:00,15.907,15.907,15.907,15.907,11,0
2015-02-12,15:15:00,15.813,15.813,15.813,15.813,11,0
2015-02-12,15:20:00,15.756,15.756,15.671,15.671,106,0
2015-02-12,15:30:00,15.623,15.623,15.623,15.623,23,0
2015-02-12,16:40:00,15.529,15.907,15.529,15.907,81,0
2015-02-13,11:50:00,15.623,15.623,15.623,15.623,11,0
2015-02-13,12:00:00,15.623,15.907,15.623,15.907,97,0
2015-02-18,10:00:00,15.576,15.576,15.576,15.576,10,0
2015-02-18,10:15:00,15.803,15.803,15.803,15.803,10,0
2015-02-18,10:45:00,15.803,15.813,15.803,15.813,211,0
2015-02-18,11:25:00,15.699,15.699,15.699,15.699,11,0
2015-02-18,11:45:00,15.699,15.813,15.699,15.813,44,0
2015-02-18,13:00:00,15.671,15.671,15.671,15.671,10,0
2015-02-18,15:30:00,15.813,15.813,15.813,15.813,1,0
2015-02-18,15:45:00,15.813,15.813,15.813,15.813,102,0
2015-02-19,11:25:00,15.652,15.652,15.529,15.529,212,0
2015-02-19,11:50:00,15.529,15.529,15.529,15.529,317,0
2015-02-19,13:40:00,15.529,15.529,15.529,15.529,32,0
2015-02-19,15:50:00,15.339,15.339,15.339,15.339,115,0
2015-02-19,15:55:00,15.339,15.339,15.339,15.339,106,0
2015-02-19,16:00:00,15.339,15.339,15.339,15.339,317,0
2015-02-19,16:05:00,15.339,15.339,15.339,15.339,35,0
2015-02-19,16:45:00,15.718,15.718,15.718,15.718,3,0
2015-02-20,15:30:00,15.718,15.813,15.718,15.813,634,0
2015-02-23,09:05:00,16.201,16.57,16.201,16.57,10130,0
2015-02-23,09:15:00,16.665,16.665,16.665,16.665,82,0
2015-02-23,09:20:00,16.684,16.693,16.684,16.693,906,0
2015-02-23,09:30:00,16.854,16.854,16.854,16.854,1,0
2015-02-23,09:35:00,16.854,16.854,16.854,16.854,106,0
2015-02-23,09:45:00,16.826,16.826,16.826,16.826,79,0
2015-02-23,09:50:00,16.826,16.854,16.826,16.854,799,0
2015-02-23,09:55:00,16.94,17.508,16.94,17.508,2195,0
2015-02-23,10:00:00,17.489,17.489,17.489,17.489,106,0
2015-02-23,10:15:00,17.148,17.148,17.148,17.148,53,0
2015-02-23,10:20:00,17.508,17.508,17.508,17.508,1,0
2015-02-23,10:40:00,17.508,17.508,17.508,17.508,103,0
2015-02-23,10:45:00,17.612,17.612,17.612,17.612,1,0
2015-02-23,11:00:00,17.612,17.612,17.612,17.612,76,0
2015-02-23,11:55:00,17.744,17.801,17.744,17.801,1309,0
2015-02-23,12:00:00,17.678,17.678,17.678,17.678,10,0
2015-02-23,12:05:00,17.801,17.801,17.801,17.801,758,0
2015-02-23,12:15:00,17.811,17.811,17.811,17.811,63,0
2015-02-23,12:20:00,17.82,17.82,17.801,17.801,618,0
2015-02-23,12:50:00,17.801,17.801,17.801,17.801,1115,0
2015-02-23,14:00:00,17.707,17.707,17.707,17.707,106,0
2015-02-23,14:25:00,17.801,17.801,17.801,17.801,822,0
2015-02-23,14:30:00,17.801,17.801,17.801,17.801,317,0
2015-02-23,14:50:00,17.801,17.801,17.801,17.801,157,0
2015-02-23,15:10:00,17.801,17.801,17.801,17.801,232,0
2015-02-23,15:25:00,17.801,17.801,17.801,17.801,739,0
2015-02-23,16:10:00,17.612,17.612,17.517,17.517,78,0
2015-02-23,16:20:00,17.527,17.527,17.517,17.517,44,0
2015-02-23,16:35:00,17.612,17.612,17.612,17.612,148,0
2015-02-23,16:45:00,17.801,17.801,17.801,17.801,53,0
2015-02-23,16:50:00,17.801,17.801,17.801,17.801,2925,0
2015-02-24,09:05:00,18.748,18.748,18.748,18.748,5545,0
2015-02-24,09:15:00,18.72,18.72,18.72,18.72,84,0
2015-02-24,09:20:00,18.331,18.331,18.331,18.331,106,0
2015-02-24,09:25:00,18.331,18.72,18.275,18.72,2750,0
2015-02-24,09:30:00,18.464,18.464,18.18,18.18,803,0
2015-02-24,09:35:00,18.691,18.691,18.691,18.691,53,0
2015-02-24,09:55:00,18.578,18.578,18.578,18.578,148,0
2015-02-24,10:25:00,18.511,18.511,18.511,18.511,48,0
2015-02-24,10:55:00,18.369,18.369,18.284,18.284,3195,0
2015-02-24,11:55:00,18.284,18.284,18.284,18.284,79,0
2015-02-24,12:15:00,18.199,18.199,18.199,18.199,82,0
2015-02-24,12:20:00,18.199,18.303,18.199,18.303,481,0
2015-02-24,12:40:00,18.199,18.199,18.199,18.199,282,0
2015-02-24,15:50:00,18.294,18.294,18.294,18.294,3063,0
2015-02-24,16:05:00,18.199,18.199,18.199,18.199,27,0
2015-02-24,16:10:00,18.199,18.294,18.199,18.294,56,0
2015-02-24,16:20:00,18.284,18.284,18.284,18.284,425,0
2015-02-24,16:50:00,18.095,18.095,18.095,18.095,275,0
2015-02-25,10:55:00,18.18,18.18,18.18,18.18,53,0
2015-02-25,11:30:00,18.18,18.18,18.18,18.18,106,0
2015-02-25,12:00:00,18.256,18.256,18.256,18.256,257,0
2015-02-26,10:30:00,18.019,18.019,18.019,18.019,69,0
2015-02-26,10:55:00,17.924,17.924,16.76,17.044,10022,0
2015-02-26,11:00:00,17.138,17.138,17.138,17.138,600,0
2015-02-26,11:05:00,17.28,17.328,17.28,17.328,463,0
2015-02-26,11:35:00,17.678,17.678,17.678,17.678,1,0
2015-02-26,11:40:00,17.347,17.347,17.328,17.328,1141,0
2015-02-26,11:50:00,17.233,17.233,17.233,17.233,444,0
2015-02-26,11:55:00,17.233,17.318,17.233,17.318,268,0
2015-02-26,12:40:00,17.318,17.318,17.318,17.318,106,0
2015-02-26,13:10:00,17.28,17.28,17.28,17.28,158,0
2015-02-26,13:15:00,17.28,17.28,17.28,17.28,63,0
2015-02-26,13:20:00,17.28,17.28,17.28,17.28,95,0
2015-02-26,15:35:00,17.328,17.328,17.328,17.328,106,0
2015-02-26,16:05:00,17.47,17.47,17.47,17.47,716,0
2015-02-26,16:10:00,17.517,17.517,17.47,17.47,470,0
2015-02-26,16:20:00,17.517,17.801,17.517,17.801,6,0
2015-02-26,16:25:00,17.792,17.801,17.792,17.801,169,0
2015-02-26,16:50:00,17.47,17.47,17.47,17.47,2817,0
2015-02-27,09:20:00,17.991,17.991,17.991,17.991,11,0
2015-02-27,12:40:00,17.886,17.886,17.886,17.886,79,0
2015-02-27,14:45:00,17.792,17.792,17.792,17.792,86,0
2015-02-27,15:00:00,17.792,17.792,17.792,17.792,10,0
2015-02-27,15:05:00,17.792,17.792,17.792,17.792,63,0
2015-02-27,15:10:00,17.792,17.792,17.792,17.792,212,0
2015-02-27,15:35:00,17.612,17.612,17.612,17.612,5,0
2015-02-27,16:20:00,17.782,17.782,17.782,17.782,53,0
2015-02-27,16:45:00,17.782,17.782,17.782,17.782,137,0
2015-03-02,10:45:00,17.782,17.782,17.782,17.782,2683,0
2015-03-02,10:50:00,17.792,17.886,17.792,17.886,2310,0
2015-03-02,10:55:00,17.991,17.991,17.991,17.991,9505,0
2015-03-02,11:00:00,18.085,18.18,18.085,18.18,1690,0
2015-03-02,11:15:00,17.991,17.991,17.991,17.991,134,0
2015-03-02,11:20:00,17.991,17.991,17.991,17.991,394,0
2015-03-02,14:15:00,18.085,18.18,18.085,18.18,888,0
2015-03-02,14:25:00,17.991,17.991,17.991,17.991,528,0
2015-03-02,14:40:00,17.991,17.991,17.991,17.991,553,0
2015-03-02,14:50:00,17.991,17.991,17.991,17.991,528,0
2015-03-02,15:30:00,17.991,17.991,17.991,17.991,1056,0
2015-03-02,16:45:00,17.991,17.991,17.991,17.991,1056,0
2015-03-02,16:50:00,17.991,17.991,17.991,17.991,2112,0
2015-03-03,11:00:00,17.801,17.801,17.782,17.782,444,0
2015-03-03,11:40:00,17.527,17.527,17.527,17.527,116,0
2015-03-03,13:20:00,17.527,17.527,17.527,17.527,174,0
2015-03-03,13:25:00,17.527,17.527,17.527,17.527,74,0
2015-03-04,13:15:00,17.527,17.527,17.527,17.527,5,0
2015-03-04,15:25:00,17.527,17.707,17.527,17.707,74,0
2015-03-04,15:40:00,17.707,17.707,17.707,17.707,185,0
2015-03-04,16:25:00,17.707,17.707,17.707,17.707,317,0
2015-03-04,16:30:00,17.707,17.707,17.707,17.707,211,0
2015-03-04,16:40:00,17.707,17.707,17.707,17.707,6756,0
2015-03-04,16:45:00,17.707,17.707,17.707,17.707,2112,0
2015-03-04,16:50:00,17.896,17.896,17.896,17.896,1,0
2015-03-05,10:40:00,17.707,17.707,17.707,17.707,106,0
2015-03-05,13:50:00,17.555,17.555,17.555,17.555,16,0
2015-03-05,14:10:00,17.328,17.328,17.328,17.328,11,0
2015-03-05,14:25:00,17.555,17.555,17.555,17.555,127,0
2015-03-05,16:25:00,17.422,17.422,17.375,17.375,425,0
2015-03-05,16:35:00,17.555,17.555,17.555,17.555,375,0
2015-03-05,16:50:00,17.565,17.565,17.565,17.565,266,0
2015-03-06,10:20:00,17.678,17.678,17.678,17.678,5,0
2015-03-06,13:05:00,17.678,17.678,17.678,17.678,53,0
2015-03-06,15:45:00,17.678,17.678,17.678,17.678,211,0
2015-03-06,16:00:00,17.678,17.678,17.678,17.678,303,0
2015-03-06,16:10:00,17.678,17.678,17.678,17.678,74,0
2015-03-06,16:20:00,17.678,17.707,17.678,17.707,264,0
2015-03-09,11:55:00,17.707,17.707,17.707,17.707,74,0
2015-03-09,15:05:00,17.527,17.527,17.527,17.527,5,0
2015-03-09,15:55:00,17.527,17.527,17.527,17.527,26,0
2015-03-09,16:50:00,18.066,18.066,18.066,18.066,1,0
2015-03-10,09:05:00,18.057,18.057,18.057,18.057,55,0
2015-03-12,11:55:00,17.678,17.678,17.678,17.678,45,0
2015-03-12,14:10:00,17.527,17.527,17.517,17.517,158,0
2015-03-12,16:50:00,17.934,17.934,17.934,17.934,92,0
2015-03-13,12:05:00,17.612,17.612,17.612,17.612,103,0
2015-03-13,12:55:00,17.612,17.612,17.612,17.612,2,0
2015-03-13,13:00:00,17.612,17.612,17.612,17.612,57,0
2015-03-13,13:05:00,17.612,17.612,17.612,17.612,59,0
2015-03-16,14:25:00,17.517,17.517,17.517,17.517,91,0
2015-03-16,14:35:00,17.347,17.347,17.11,17.11,106,0
2015-03-16,15:40:00,17.517,17.517,17.517,17.517,100,0
2015-03-16,16:40:00,17.271,17.271,17.271,17.271,21,0
2015-03-16,16:50:00,17.271,17.271,17.091,17.091,1393,0
2015-03-17,09:05:00,17.583,17.583,17.583,17.583,11,0
2015-03-17,11:30:00,17.28,17.28,17.28,17.28,277,0
2015-03-17,11:50:00,17.328,17.328,17.328,17.328,21,0
2015-03-17,16:35:00,17.328,17.328,17.328,17.328,296,0
2015-03-17,16:40:00,17.328,17.328,17.328,17.328,158,0
2015-03-17,16:45:00,17.328,17.328,17.328,17.328,53,0
2015-03-17,16:50:00,17.328,17.328,17.328,17.328,53,0
2015-03-18,10:05:00,17.328,17.328,17.328,17.328,158,0
2015-03-18,10:10:00,17.328,17.328,17.328,17.328,370,0
2015-03-18,12:55:00,17.337,17.337,17.337,17.337,288,0
2015-03-18,13:10:00,17.337,17.337,17.337,17.337,187,0
2015-03-18,13:50:00,17.347,17.347,17.337,17.337,225,0
2015-03-18,14:00:00,17.328,17.328,17.328,17.328,92,0
2015-03-19,13:20:00,17.195,17.195,17.195,17.195,106,0
2015-03-19,14:05:00,17.233,17.233,17.195,17.195,195,0
2015-03-19,16:15:00,17.233,17.233,17.195,17.195,211,0
2015-03-19,16:50:00,17.328,17.328,17.328,17.328,63,0
2015-03-20,15:05:00,17.138,17.138,17.129,17.129,316,0
2015-03-20,15:20:00,17.138,17.138,17.138,17.138,278,0
2015-03-20,15:30:00,17.138,17.138,17.138,17.138,106,0
2015-03-20,15:35:00,17.129,17.129,17.044,17.044,402,0
2015-03-20,16:50:00,17.044,17.044,17.044,17.044,106,0
2015-03-23,09:10:00,17.205,17.517,17.205,17.517,285,0
2015-03-23,09:15:00,17.148,17.148,17.148,17.148,211,0
2015-03-23,09:40:00,17.517,17.517,17.517,17.517,23,0
2015-03-23,10:05:00,17.148,17.148,17.044,17.044,565,0
2015-03-23,10:25:00,16.968,16.968,16.902,16.902,108,0
2015-03-23,11:15:00,17.044,17.044,17.044,17.044,53,0
2015-03-23,11:30:00,17.044,17.044,17.044,17.044,111,0
2015-03-23,11:35:00,17.044,17.044,17.044,17.044,106,0
2015-03-23,12:05:00,16.864,16.864,16.854,16.854,145,0
2015-03-23,12:20:00,16.854,16.854,16.854,16.854,125,0
2015-03-23,14:35:00,16.93,16.93,16.902,16.902,167,0
2015-03-23,14:40:00,16.816,16.816,16.816,16.816,50,0
2015-03-24,09:05:00,16.854,16.854,16.854,16.854,106,0
2015-03-24,09:10:00,16.854,16.854,16.854,16.854,26,0
2015-03-24,10:55:00,16.854,16.854,16.854,16.854,106,0
2015-03-24,12:50:00,17.044,17.044,17.044,17.044,395,0
2015-03-24,15:40:00,17.044,17.044,17.044,17.044,32,0
2015-03-25,14:25:00,17.044,17.044,17.044,17.044,11,0
2015-03-25,15:50:00,17.044,17.044,17.044,17.044,3168,0
2015-03-25,16:00:00,17.404,17.404,17.404,17.404,285,0
2015-03-26,09:20:00,17.328,17.328,17.328,17.328,127,0
2015-03-26,10:30:00,17.413,17.413,17.328,17.328,163,0
2015-03-26,16:45:00,17.328,17.328,17.328,17.328,167,0
2015-03-27,09:05:00,17.498,17.498,17.498,17.498,17,0
2015-03-27,10:05:00,17.498,17.498,17.498,17.498,211,0
2015-03-27,10:30:00,17.498,17.498,17.498,17.498,211,0
2015-03-27,11:35:00,17.792,17.792,17.792,17.792,527,0
2015-03-27,12:15:00,17.792,17.792,17.792,17.792,528,0
2015-03-27,13:25:00,17.744,17.744,17.744,17.744,74,0
2015-03-27,14:00:00,17.612,17.612,17.612,17.612,316,0
2015-03-27,14:20:00,17.612,17.612,17.612,17.612,72,0
2015-03-27,15:05:00,17.517,17.517,17.517,17.517,45,0
2015-03-27,16:05:00,17.612,17.612,17.612,17.612,19,0
2015-03-27,16:40:00,17.612,17.612,17.612,17.612,139,0
2015-03-30,09:20:00,17.801,17.801,17.801,17.801,117,0
2015-03-30,09:35:00,17.782,17.782,17.782,17.782,137,0
2015-03-31,11:00:00,17.782,17.782,17.782,17.782,106,0
2015-03-31,11:45:00,17.612,17.612,17.612,17.612,211,0
2015-03-31,13:55:00,17.612,17.612,17.612,17.612,317,0
2015-03-31,14:30:00,17.612,17.612,17.612,17.612,211,0
2015-03-31,16:15:00,17.612,17.612,17.612,17.612,753,0
2015-03-31,16:35:00,17.527,17.527,17.517,17.517,434,0
2015-04-01,11:05:00,17.517,17.517,17.517,17.517,49,0
2015-04-01,13:55:00,17.044,17.044,17.044,17.044,82,0
2015-04-01,15:15:00,17.138,17.138,17.138,17.138,79,0
2015-04-01,16:20:00,17.138,17.138,17.063,17.063,62,0
2015-04-02,09:35:00,17.063,17.063,17.063,17.063,53,0
2015-04-02,15:25:00,17.763,17.763,17.763,17.763,331,0
2015-04-07,09:05:00,17.744,17.744,17.744,17.744,253,0
2015-04-07,09:25:00,17.744,17.744,17.744,17.744,74,0
2015-04-07,10:15:00,17.707,17.707,17.707,17.707,132,0
2015-04-07,10:25:00,17.707,17.707,17.707,17.707,306,0
2015-04-07,11:10:00,17.707,17.707,17.707,17.707,105,0
2015-04-07,11:45:00,17.252,17.252,17.252,17.252,10,0
2015-04-07,13:40:00,17.697,17.697,17.697,17.697,108,0
2015-04-08,09:05:00,17.697,17.697,17.697,17.697,26,0
2015-04-08,10:55:00,17.697,17.697,17.697,17.697,63,0
2015-04-08,11:40:00,17.697,17.697,17.697,17.697,72,0
2015-04-08,13:35:00,17.612,17.612,17.517,17.517,556,0
2015-04-08,13:40:00,17.612,17.725,17.612,17.725,770,0
2015-04-08,13:45:00,17.612,17.612,17.612,17.612,140,0
2015-04-08,14:10:00,17.527,17.527,17.517,17.517,583,0
2015-04-08,15:15:00,17.659,17.659,17.659,17.659,317,0
2015-04-08,15:45:00,17.707,17.707,17.707,17.707,48,0
2015-04-08,16:20:00,17.707,17.707,17.707,17.707,48,0
2015-04-08,16:30:00,17.707,17.707,17.707,17.707,22082,0
2015-04-08,16:40:00,17.707,17.707,17.707,17.707,97,0
2015-04-08,16:45:00,17.707,17.707,17.707,17.707,5281,0
2015-04-09,09:05:00,17.725,17.725,17.725,17.725,74,0
2015-04-09,09:40:00,17.725,17.725,17.725,17.725,561,0
2015-04-09,10:00:00,17.725,17.735,17.725,17.725,350,0
2015-04-09,11:25:00,17.697,17.697,17.688,17.688,417,0
2015-04-09,11:55:00,17.725,17.725,17.725,17.725,422,0
2015-04-09,12:40:00,17.697,17.697,17.697,17.697,31,0
2015-04-09,13:15:00,17.716,17.716,17.716,17.716,211,0
2015-04-09,16:45:00,17.735,17.735,17.735,17.735,100,0
2015-04-09,16:50:00,17.735,17.735,17.697,17.697,1670,0
2015-04-10,09:05:00,17.792,17.792,17.792,17.792,130,0
2015-04-10,09:35:00,17.792,17.792,17.792,17.792,106,0
2015-04-10,10:20:00,17.792,17.792,17.792,17.792,253,0
2015-04-10,11:00:00,17.782,17.782,17.782,17.782,74,0
2015-04-10,11:05:00,17.782,17.782,17.782,17.782,271,0
2015-04-10,11:10:00,17.782,17.801,17.782,17.801,956,0
2015-04-10,13:20:00,17.811,17.811,17.801,17.801,514,0
2015-04-10,13:35:00,17.801,17.801,17.801,17.801,1776,0
2015-04-10,15:50:00,17.886,17.886,17.886,17.886,12,0
2015-04-10,16:10:00,17.886,17.886,17.886,17.886,330,0
2015-04-10,16:25:00,17.896,17.896,17.896,17.896,43,0
2015-04-10,16:30:00,17.934,17.991,17.934,17.991,84,0
2015-04-13,09:05:00,17.981,17.981,17.981,17.981,317,0
2015-04-13,09:40:00,17.981,17.981,17.981,17.981,70,0
2015-04-13,10:45:00,17.981,17.981,17.981,17.981,95,0
2015-04-13,11:05:00,17.981,17.981,17.981,17.981,53,0
2015-04-13,15:50:00,17.981,17.981,17.981,17.981,56,0
2015-04-13,16:30:00,17.981,17.981,17.981,17.981,211,0
2015-04-13,16:50:00,17.981,17.981,17.981,17.981,116,0
2015-04-14,09:05:00,18.057,18.057,18.057,18.057,528,0
2015-04-14,09:20:00,18.057,18.057,18.057,18.057,333,0
2015-04-14,09:25:00,18.057,18.057,18.057,18.057,190,0
2015-04-14,09:50:00,17.981,17.981,17.981,17.981,296,0
2015-04-14,14:05:00,17.972,17.972,17.972,17.972,27,0
2015-04-14,14:15:00,17.972,17.972,17.972,17.972,139,0
2015-04-14,14:20:00,17.972,17.972,17.972,17.972,131,0
2015-04-14,14:30:00,17.972,17.972,17.972,17.972,14,0
2015-04-14,14:40:00,17.725,17.725,17.725,17.725,53,0
2015-04-14,14:50:00,17.972,17.972,17.972,17.972,307,0
2015-04-14,16:50:00,17.972,17.972,17.972,17.972,592,0
2015-04-15,09:05:00,17.991,17.991,17.991,17.991,75,0
2015-04-15,10:55:00,17.981,17.981,17.981,17.981,63,0
2015-04-15,11:40:00,17.981,17.981,17.981,17.981,175,0
2015-04-15,11:45:00,17.981,17.981,17.981,17.981,158,0
2015-04-15,13:05:00,17.981,17.981,17.981,17.981,262,0
2015-04-15,14:55:00,17.744,17.744,17.725,17.725,1535,0
2015-04-15,16:50:00,17.981,17.991,17.981,17.981,5280,0
2015-04-16,09:05:00,17.981,17.981,17.981,17.981,137,0
2015-04-16,10:40:00,17.981,17.991,17.981,17.991,331,0
2015-04-16,16:40:00,17.991,17.991,17.991,17.991,106,0
2015-04-16,16:50:00,17.953,17.953,17.953,17.953,112,0
2015-04-17,09:25:00,17.962,17.962,17.962,17.962,91,0
2015-04-17,09:35:00,17.801,17.801,17.801,17.801,132,0
2015-04-17,09:45:00,17.801,17.801,17.801,17.801,158,0
2015-04-17,11:00:00,17.934,17.934,17.934,17.934,106,0
2015-04-17,11:05:00,17.801,17.801,17.801,17.801,26,0
2015-04-17,11:20:00,17.801,17.801,17.801,17.801,16,0
2015-04-17,11:35:00,17.801,17.801,17.801,17.801,40,0
2015-04-17,11:50:00,17.782,17.782,17.782,17.782,528,0
2015-04-17,12:50:00,17.725,17.725,17.707,17.707,259,0
2015-04-17,13:20:00,17.801,17.801,17.801,17.801,23,0
2015-04-17,15:00:00,17.811,17.811,17.801,17.801,107,0
2015-04-17,15:10:00,17.877,17.877,17.877,17.877,95,0
2015-04-17,15:15:00,17.877,17.877,17.877,17.877,1,0
2015-04-17,15:45:00,17.868,17.868,17.868,17.868,116,0
2015-04-17,15:50:00,17.868,17.868,17.868,17.868,1056,0
2015-04-17,15:55:00,17.868,18.18,17.868,18.18,4336,0
2015-04-17,16:35:00,18.085,18.085,18.085,18.085,978,0
2015-04-17,16:40:00,17.991,17.991,17.991,17.991,1056,0
2015-04-20,10:05:00,17.981,18.066,17.981,18.066,2112,0
2015-04-20,10:15:00,18.066,18.066,18.066,18.066,554,0
2015-04-20,10:25:00,18.01,18.01,18.01,18.01,1056,0
2015-04-20,10:30:00,18.057,18.057,18.057,18.057,528,0
2015-04-20,10:35:00,18.019,18.019,18.019,18.019,79,0
2015-04-20,10:50:00,18.019,18.019,18.019,18.019,765,0
2015-04-20,11:50:00,18.019,18.019,18.01,18.01,1212,0
2015-04-20,12:20:00,18.038,18.038,18.038,18.038,169,0
2015-04-20,12:35:00,17.801,17.801,17.801,17.801,32,0
2015-04-20,13:50:00,18.038,18.038,18.038,18.038,89,0
2015-04-20,14:15:00,18.038,18.038,18.038,18.038,1056,0
2015-04-20,14:45:00,18.01,18.01,18.01,18.01,275,0
2015-04-20,16:10:00,17.991,17.991,17.849,17.849,333,0
2015-04-20,16:25:00,17.849,17.849,17.849,17.849,89,0
2015-04-20,16:50:00,18.01,18.01,18.01,18.01,862,0
2015-04-21,09:05:00,17.981,17.981,17.981,17.981,620,0
2015-04-21,09:15:00,17.981,17.981,17.981,17.981,382,0
2015-04-21,09:20:00,17.991,17.991,17.991,17.991,16,0
2015-04-21,09:25:00,17.991,17.991,17.991,17.991,2112,0
2015-04-21,09:55:00,17.991,17.991,17.991,17.991,1056,0
2015-04-21,10:30:00,17.849,17.849,17.849,17.849,739,0
2015-04-21,12:05:00,17.972,17.972,17.972,17.972,215,0
2015-04-21,12:25:00,17.962,17.972,17.962,17.972,211,0
2015-04-21,12:55:00,17.972,17.991,17.972,17.991,25303,0
2015-04-21,13:00:00,17.991,17.991,17.991,17.991,332,0
2015-04-21,13:05:00,18.057,18.076,18.057,18.076,215,0
2015-04-21,13:35:00,18.085,18.085,18.085,18.085,554,0
2015-04-21,14:15:00,18.085,18.085,18.085,18.085,79,0
2015-04-21,14:30:00,18.085,18.085,18.085,18.085,132,0
2015-04-21,15:15:00,18.085,18.085,18.085,18.085,601,0
2015-04-21,15:20:00,18.085,18.085,18.085,18.085,317,0
2015-04-21,15:40:00,18.085,18.085,18.085,18.085,634,0
2015-04-21,15:45:00,18.085,18.085,18.085,18.085,264,0
2015-04-21,15:55:00,18.095,18.095,18.095,18.095,158,0
2015-04-21,16:05:00,18.095,18.095,18.085,18.085,105,0
2015-04-21,16:15:00,18.123,18.123,18.123,18.123,255,0
2015-04-21,16:20:00,18.123,18.133,18.123,18.133,1054,0
2015-04-21,16:30:00,18.133,18.133,18.133,18.133,317,0
2015-04-21,16:35:00,18.133,18.133,18.133,18.133,211,0
2015-04-21,16:40:00,18.133,18.133,18.133,18.133,531,0
2015-04-21,16:45:00,18.161,18.18,18.161,18.18,2235,0
2015-04-21,16:50:00,18.161,18.18,18.161,18.18,26137,0
2015-04-22,09:45:00,18.06,18.06,18.06,18.06,100,0
2015-04-22,10:05:00,18.13,18.18,18.13,18.18,864,0
2015-04-22,10:20:00,18.1,18.1,18.1,18.1,99,0
2015-04-22,10:35:00,18.21,18.21,18.2,18.2,1278,0
2015-04-22,11:00:00,18.21,18.21,18.2,18.2,646,0
2015-04-22,11:05:00,18.2,18.2,18.2,18.2,225,0
2015-04-22,14:30:00,18.2,18.2,18,18,300,0
2015-04-22,15:50:00,18.35,18.41,18.35,18.41,35,0
2015-04-22,16:05:00,18.41,18.6,18.41,18.6,372,0
2015-04-22,16:10:00,18.59,18.59,18.59,18.59,80,0
2015-04-23,09:05:00,18.58,18.58,18.58,18.58,88,0
2015-04-23,12:05:00,18.21,18.21,18.2,18.2,260,0
2015-04-23,13:30:00,18.2,18.2,18.2,18.2,66,0
2015-04-23,16:45:00,18.5,18.5,18.5,18.5,7,0
2015-04-24,13:05:00,18.07,18.07,18.07,18.07,70,0
2015-04-24,16:50:00,18.37,18.37,18.37,18.37,15,0
2015-04-27,09:05:00,18.48,18.48,18.46,18.46,563,0
2015-04-27,11:55:00,18.07,18.07,18.07,18.07,80,0
2015-04-27,14:20:00,18.07,18.07,18.07,18.07,170,0
2015-04-27,14:25:00,18.4,18.4,18.4,18.4,224,0
2015-04-27,15:20:00,18.34,18.4,18.34,18.4,1544,0
2015-04-27,15:40:00,18.4,18.4,18.4,18.4,400,0
2015-04-27,16:05:00,18.4,18.4,18.4,18.4,567,0
2015-04-27,16:20:00,18.4,18.4,18.4,18.4,400,0
2015-04-27,16:50:00,18.4,18.4,18.4,18.4,89,0
2015-04-28,11:45:00,18.04,18.04,18.04,18.04,120,0
2015-04-28,11:50:00,18,18,18,18,180,0
2015-04-28,11:55:00,17.81,17.81,17.81,17.81,10,0
2015-04-28,12:05:00,17.81,17.81,17.31,17.52,125,0
2015-04-28,12:10:00,17.51,17.55,17.51,17.55,2,0
2015-04-28,13:15:00,17.64,17.65,17.6,17.65,230,0
2015-04-28,13:20:00,18,18.4,18,18.4,693,0
2015-04-28,15:50:00,18,18,18,18,20,0
2015-04-28,16:40:00,18.2,18.36,18.2,18.36,201,0
2015-04-28,16:50:00,18.39,18.39,18.39,18.39,106,0
2015-04-29,11:35:00,18.2,18.2,18.2,18.2,5,0
2015-04-29,12:35:00,18.2,18.2,18.2,18.2,26,0
2015-04-30,15:30:00,18.01,18.01,18.01,18.01,400,0
2015-04-30,15:40:00,18.01,18.01,18.01,18.01,250,0
2015-04-30,15:50:00,18.01,18.01,18.01,18.01,2,0
2015-04-30,16:35:00,18,18,18,18,100,0
2015-04-30,16:50:00,18,18,17.99,17.99,380,0
2015-05-04,09:05:00,18,18,18,18,193,0
2015-05-04,09:20:00,18,18,18,18,62,0
2015-05-04,10:35:00,17.65,17.65,17.65,17.65,2,0
2015-05-04,12:40:00,17.7,17.7,17.7,17.7,150,0
2015-05-04,13:40:00,17.61,17.61,17.61,17.61,100,0
2015-05-04,13:45:00,17.6,17.6,17.6,17.6,14,0
2015-05-04,14:40:00,17.6,17.6,17.6,17.6,48,0
2015-05-04,15:45:00,17.98,18,17.98,18,190,0
2015-05-04,16:40:00,18,18,18,18,253,0
2015-05-04,16:50:00,18,18,18,18,134,0
2015-05-05,09:20:00,17.71,17.71,17.71,17.71,16,0
2015-05-05,09:45:00,17.8,17.8,17.8,17.8,80,0
2015-05-05,10:35:00,18,18,18,18,119,0
2015-05-05,11:30:00,18,18,18,18,181,0
2015-05-05,15:30:00,17.85,17.85,17.85,17.85,500,0
2015-05-06,11:55:00,17.95,17.95,17.95,17.95,100,0
2015-05-06,12:05:00,17.95,17.95,17.95,17.95,45,0
2015-05-06,12:10:00,17.95,17.95,17.95,17.95,90,0
2015-05-06,12:15:00,17.95,17.95,17.95,17.95,90,0
2015-05-06,12:30:00,17.95,18.14,17.95,18.14,813,0
2015-05-06,13:40:00,17.99,17.99,17.85,17.85,681,0
2015-05-06,14:45:00,18.14,18.14,18.14,18.14,7,0
2015-05-06,14:50:00,17.9,17.9,17.85,17.85,537,0
2015-05-06,16:50:00,17.9,17.9,17.9,17.9,7,0
2015-05-07,09:05:00,18.02,18.14,18.02,18.14,200,0
2015-05-07,09:25:00,18.15,18.15,18.15,18.15,200,0
2015-05-07,09:35:00,18.05,18.05,18.03,18.03,247,0
2015-05-07,10:10:00,18.1,18.1,18.1,18.1,106000,0
2015-05-07,11:50:00,18.02,18.14,17.79,18.14,79,0
2015-05-07,16:20:00,18.14,18.14,18.14,18.14,240,0
2015-05-08,09:05:00,18.14,18.49,18.14,18.49,533,0
2015-05-08,09:10:00,18.49,18.49,18.49,18.49,180,0
2015-05-08,11:05:00,18.1,18.1,18.1,18.1,10,0
2015-05-08,11:20:00,18.1,18.1,18.1,18.1,80,0
2015-05-08,12:00:00,18.05,18.05,18.05,18.05,200,0
2015-05-08,14:55:00,18.4,18.4,18.4,18.4,1,0
2015-05-11,09:05:00,18.45,18.45,18.43,18.43,57,0
2015-05-11,09:15:00,18.23,18.23,18.23,18.23,506,0
2015-05-11,09:20:00,18.23,18.23,18.23,18.23,278,0
2015-05-11,09:30:00,18.25,18.25,18.25,18.25,181,0
2015-05-11,09:35:00,18.25,18.25,18.23,18.23,55,0
2015-05-11,11:50:00,18.2,18.2,18.2,18.2,140,0
2015-05-11,12:05:00,18.04,18.04,18.04,18.04,4,0
2015-05-11,16:50:00,18.04,18.04,18.04,18.04,60,0
2015-05-12,16:10:00,18.04,18.04,18.04,18.04,240,0
2015-05-13,09:10:00,18.04,18.04,18.04,18.04,101,0
2015-05-13,11:40:00,18.04,18.04,18.04,18.04,400,0
2015-05-13,12:35:00,18.04,18.04,18.04,18.04,28,0
2015-05-13,12:55:00,18.04,18.04,18.04,18.04,76,0
2015-05-13,16:10:00,18.01,18.01,18.01,18.01,100,0
2015-05-14,10:35:00,17.75,17.75,17.75,17.75,150,0
2015-05-14,13:55:00,17.75,17.75,17.7,17.7,350,0
2015-05-14,15:40:00,17.7,17.7,17.7,17.7,100,0
2015-05-14,16:50:00,17.5,17.5,17.5,17.5,100,0
2015-05-15,09:05:00,17.4,17.4,17.2,17.2,1360,0
2015-05-15,09:10:00,17.2,17.2,17.2,17.2,200,0
2015-05-15,09:30:00,17.2,17.2,17.2,17.2,205,0
2015-05-15,09:35:00,17.2,17.2,17.2,17.2,715,0
2015-05-15,09:45:00,17.2,17.2,17.2,17.2,100,0
2015-05-15,09:50:00,17.2,17.2,17.2,17.2,100,0
2015-05-15,10:05:00,17.15,17.2,17.1,17.2,177,0
2015-05-15,13:40:00,17.2,17.5,17.2,17.5,110,0
2015-05-18,10:45:00,17.49,17.49,17.49,17.49,175,0
2015-05-18,12:40:00,17.15,17.15,17.15,17.15,50,0
2015-05-18,15:35:00,17.15,17.4,17.15,17.4,140,0
2015-05-18,15:40:00,17.1,17.1,17.1,17.1,410,0
2015-05-18,16:45:00,17.15,17.15,17.15,17.15,7,0
2015-05-19,09:10:00,17.15,18,17.15,18,316,0
2015-05-19,11:40:00,17.88,17.88,17.88,17.88,145,0
2015-05-19,11:45:00,17.88,17.88,17.88,17.88,455,0
2015-05-19,11:50:00,17.88,17.88,17.88,17.88,695,0
2015-05-19,12:35:00,17.88,17.88,17.88,17.88,100,0
2015-05-19,12:55:00,17.88,17.88,17.88,17.88,80,0
2015-05-19,14:05:00,17.88,17.88,17.88,17.88,100,0
2015-05-19,14:10:00,17.88,17.88,17.88,17.88,400,0
2015-05-19,14:15:00,17.88,17.88,17.88,17.88,250,0
2015-05-19,16:45:00,17.8,17.8,17.8,17.8,50,0
2015-05-21,10:35:00,17.5,17.5,17.5,17.5,10,0
2015-05-21,10:40:00,17.03,17.03,17.03,17.03,10,0
2015-05-21,12:55:00,17.29,17.29,17.29,17.29,80,0
2015-05-21,14:00:00,17.29,17.29,17.29,17.29,90,0
2015-05-21,14:05:00,17.29,17.3,17.29,17.3,139,0
2015-05-22,09:20:00,17.28,17.28,17.28,17.28,180,0
2015-05-22,09:25:00,17.05,17.05,17.02,17.02,31,0
2015-05-22,10:00:00,17.7,17.75,17.7,17.75,500,0
2015-05-25,09:45:00,17.38,17.38,17.38,17.38,1,0
2015-05-25,09:50:00,17.71,17.71,17.71,17.71,30,0
2015-05-25,15:15:00,17.5,17.5,17.5,17.5,80,0
2015-05-25,15:25:00,17.5,17.5,17.5,17.5,30,0
2015-05-25,16:30:00,17.41,17.41,17.41,17.41,19,0
2015-05-26,11:35:00,17.31,17.31,17.31,17.31,100,0
2015-05-26,12:25:00,17.21,17.21,17.15,17.15,50,0
2015-05-26,13:20:00,17.59,17.59,17.59,17.59,10,0
2015-05-26,15:00:00,17.5,17.5,17.5,17.5,189,0
2015-05-26,15:15:00,17.5,17.5,17.5,17.5,197,0
2015-05-27,09:05:00,17.6,17.6,17.6,17.6,85,0
2015-05-29,09:05:00,17.6,17.6,17.6,17.6,250,0
2015-05-29,11:15:00,17.4,17.4,17.4,17.4,30,0
2015-05-29,13:45:00,17.5,17.5,17.5,17.5,185,0
2015-05-29,14:30:00,17.4,17.4,17.4,17.4,60,0
2015-06-01,09:20:00,17.59,17.59,17.59,17.59,5,0
2015-06-01,10:20:00,17.44,17.44,17.11,17.11,20,0
2015-06-01,10:55:00,17.15,17.15,16.35,16.7,1174,0
2015-06-01,11:00:00,17.44,17.44,16.5,17.3,2036,0
2015-06-01,11:25:00,16.9,16.9,16.9,16.9,227,0
2015-06-01,11:30:00,17,17,17,17,100,0
2015-06-01,11:45:00,16.99,16.99,16.99,16.99,123,0
2015-06-01,11:55:00,16.99,16.99,16.99,16.99,85,0
2015-06-01,13:40:00,16.99,16.99,16.99,16.99,301,0
2015-06-01,16:50:00,16.5,16.5,16.5,16.5,996,0
2015-06-02,09:05:00,17,17,17,17,7,0
2015-06-02,09:45:00,16.48,17,16.48,17,40,0
2015-06-02,10:10:00,16.48,17,16.36,17,98,0
2015-06-02,13:10:00,16.5,16.5,16.5,16.5,185,0
2015-06-02,14:20:00,16.5,16.5,16.5,16.5,40,0
2015-06-02,15:10:00,16.5,16.5,16.5,16.5,48,0
2015-06-02,15:25:00,16.5,16.95,16.5,16.95,12,0
2015-06-03,10:40:00,16.88,16.88,16.88,16.88,60,0
2015-06-03,11:25:00,16.5,16.5,16.5,16.5,185,0
2015-06-03,11:35:00,16.5,16.5,16.5,16.5,155,0
2015-06-03,12:10:00,16.5,16.5,16.5,16.5,15,0
2015-06-03,12:55:00,16.88,16.94,16.88,16.94,1429,0
2015-06-03,16:00:00,16.9,16.9,16.9,16.9,20021,0
2015-06-03,16:35:00,16.94,16.94,16.94,16.94,21,0
2015-06-05,12:45:00,16.94,16.95,16.94,16.95,100,0
2015-06-05,15:10:00,16.94,16.94,16.94,16.94,30,0
2015-06-08,15:25:00,16.8,16.8,16.8,16.8,1,0
2015-06-09,10:35:00,16.4,16.4,16.1,16.1,350,0
2015-06-09,11:55:00,16.21,16.21,16.2,16.2,1112,0
2015-06-09,13:20:00,16.2,16.2,16.2,16.2,114,0
2015-06-09,13:30:00,16.2,16.2,16.2,16.2,150,0
2015-06-09,13:35:00,16.2,16.2,16.2,16.2,50,0
2015-06-09,15:00:00,16.19,16.19,16.19,16.19,50,0
2015-06-09,15:10:00,16.11,16.11,16,16,1006,0
2015-06-09,15:15:00,15.21,15.5,15.21,15.5,150,0
2015-06-09,15:20:00,16.1,16.15,16.1,16.15,200,0
2015-06-09,15:40:00,16.1,16.1,16.1,16.1,10,0
2015-06-09,16:30:00,15.8,15.8,15.8,15.8,114,0
2015-06-09,16:50:00,15.6,15.6,15.6,15.6,531,0
2015-06-10,09:05:00,16,16,16,16,896,0
2015-06-10,09:55:00,15.99,16.84,15.99,16.2,744,0
2015-06-10,10:00:00,16.84,16.84,16.84,16.84,5,0
2015-06-10,10:05:00,16.5,16.84,16.5,16.84,107,0
2015-06-10,11:55:00,16.5,16.5,16.5,16.5,29,0
2015-06-10,13:25:00,16.06,16.06,16,16,566,0
2015-06-10,14:20:00,15.7,15.7,15.7,15.7,26,0
2015-06-10,14:30:00,15.72,16.49,15.65,16.49,1743,0
2015-06-11,14:30:00,15.9,15.9,15.9,15.9,434,0
2015-06-11,15:10:00,15.8,15.8,15.8,15.8,50,0
2015-06-11,16:05:00,15.8,15.8,15.8,15.8,70,0
2015-06-11,16:50:00,15.52,15.52,15.52,15.52,200,0
2015-06-12,09:10:00,15.8,15.9,15.8,15.9,61,0
2015-06-12,12:05:00,15.5,15.9,15.5,15.9,57,0
2015-06-12,12:15:00,15.89,15.89,15.89,15.89,1,0
2015-06-12,12:25:00,15.5,15.5,15.5,15.5,99,0
2015-06-12,14:05:00,15.9,15.9,15.9,15.9,17,0
2015-06-12,14:15:00,15.9,15.9,15.9,15.9,60,0
2015-06-12,14:20:00,15.9,16,15.9,16,1615,0
2015-06-12,14:25:00,16,16.4,16,16.4,296,0
2015-06-12,16:50:00,16.48,16.48,16.48,16.48,80,0
2015-06-15,12:45:00,16.39,16.39,16.39,16.39,40,0
2015-06-15,13:35:00,16,16,16,16,25,0
2015-06-15,14:20:00,16,16,16,16,29,0
2015-06-15,14:35:00,16.3,16.3,16.3,16.3,1,0
2015-06-15,16:50:00,16,16,16,16,200,0
2015-06-16,09:10:00,16.2,16.45,16.2,16.45,26,0
2015-06-16,09:20:00,16,16,16,16,46,0
2015-06-17,09:05:00,16.45,16.45,16.45,16.45,10,0
2015-06-18,09:20:00,16,16.4,16,16.4,602,0
2015-06-18,09:25:00,16.4,16.4,16.4,16.4,898,0
2015-06-18,10:15:00,16,16,16,16,100,0
2015-06-18,10:30:00,16,16,16,16,140,0
2015-06-18,10:50:00,16,16.35,16,16.35,200,0
2015-06-18,14:45:00,15.81,16.35,15.81,16.35,417,0
2015-06-19,09:05:00,16.45,16.45,16.45,16.45,12,0
2015-06-22,16:50:00,16,16,16,16,1,0
2015-06-23,09:05:00,16.39,16.39,16.39,16.39,6,0
2015-06-23,12:20:00,15.66,16.34,15.6,16.34,235,0
2015-06-23,15:30:00,16.32,16.32,16.32,16.32,75,0
2015-06-24,15:50:00,16.26,16.3,16.26,16.3,500,0
2015-06-25,16:20:00,15.81,15.81,15.81,15.81,64,0
2015-06-25,16:25:00,15.8,15.8,15.8,15.8,100,0
2015-06-25,16:50:00,16.34,16.34,16.34,16.34,7,0
2015-06-29,09:55:00,15.56,15.56,15.56,15.56,60,0
2015-06-29,10:00:00,15.54,15.54,15.51,15.51,590,0
2015-06-29,16:45:00,16,16,16,16,5,0
2015-06-30,11:25:00,15.5,15.5,15.23,15.23,173,0
2015-06-30,11:35:00,15.3,15.3,15.23,15.23,288,0
2015-06-30,11:40:00,15.3,15.3,15.3,15.3,300,0
2015-06-30,11:50:00,15.3,15.3,15.3,15.3,200,0
2015-06-30,12:35:00,15.3,15.3,15.3,15.3,255,0
2015-06-30,13:30:00,15.25,15.25,15.25,15.25,200,0
2015-06-30,13:50:00,15.23,15.23,15.23,15.23,162,0
2015-06-30,13:55:00,15.3,15.3,14.85,14.85,2,0
2015-06-30,14:00:00,15,15,15,15,25,0
2015-06-30,14:05:00,15,15,15,15,75,0
2015-06-30,15:50:00,15.3,15.95,15.3,15.95,2668,0
2015-06-30,16:50:00,15.98,15.98,15.98,15.98,132,0
2015-07-01,09:05:00,16.34,16.34,16.34,16.34,10,0
2015-07-01,15:35:00,16.2,16.2,16.2,16.2,658,0
2015-07-02,09:35:00,15.46,15.46,15.46,15.46,350,0
2015-07-02,09:40:00,15.5,16.34,15.5,16.34,223,0
2015-07-02,12:45:00,15.7,15.7,15.7,15.7,233,0
2015-07-02,12:55:00,15.7,15.7,15.7,15.7,67,0
2015-07-02,14:45:00,15.8,15.8,15.8,15.8,80,0
2015-07-02,15:30:00,15.8,16,15.8,16,24,0
2015-07-03,09:05:00,16.29,16.29,16.29,16.29,12,0
2015-07-03,13:05:00,16,16,16,16,31,0
2015-07-03,16:25:00,16,16.2,16,16.2,26,0
2015-07-03,16:50:00,16.19,16.19,16.19,16.19,15,0
2015-07-07,09:10:00,16.29,16.29,16.29,16.29,3,0
2015-07-10,10:30:00,16.26,16.45,16.26,16.45,303,0
2015-07-13,10:00:00,15.48,16.4,15.48,16.4,50,0
2015-07-13,15:30:00,15.61,15.61,15.61,15.61,95,0
2015-07-13,15:40:00,16.35,16.35,16.35,16.35,5,0
2015-07-15,12:35:00,15.99,15.99,15.99,15.99,198,0
2015-07-16,09:10:00,15.69,16.42,15.69,16.42,17,0
2015-07-16,09:35:00,16,16,16,16,1,0
2015-07-16,10:05:00,15.5,15.5,15.5,15.5,1,0
2015-07-16,10:35:00,15.5,15.5,15.31,15.31,300,0
2015-07-17,09:40:00,15.5,15.5,15.5,15.5,300,0
2015-07-17,11:10:00,15.44,15.45,15.44,15.45,636,0
2015-07-17,16:50:00,16.1,16.1,16.1,16.1,46,0
2015-07-20,10:50:00,16.1,16.1,16.1,16.1,50,0
2015-07-20,11:25:00,15.76,15.76,15.7,15.7,394,0
2015-07-20,11:30:00,15.75,15.75,15.75,15.75,60,0
2015-07-20,12:00:00,15.74,15.74,15.7,15.7,950,0
2015-07-21,12:05:00,15.7,15.7,15.7,15.7,25,0
2015-07-21,16:40:00,16.2,16.2,16.2,16.2,5,0
2015-07-21,16:50:00,15.31,15.31,15.31,15.31,25,0
2015-07-22,10:40:00,15.7,15.7,15.7,15.7,100,0
2015-07-22,11:35:00,15.7,15.7,15.7,15.7,100,0
2015-07-22,11:40:00,15.7,15.7,15.7,15.7,687,0
2015-07-22,14:35:00,15.7,15.7,15.7,15.7,20,0
2015-07-22,16:50:00,15.7,15.7,15.7,15.7,5,0
2015-07-27,16:40:00,15.7,15.7,15.7,15.7,497,0
2015-07-27,16:50:00,15.7,15.7,15.7,15.7,500,0
2015-07-28,13:55:00,15.75,15.75,15.75,15.75,100,0
2015-07-28,14:30:00,15.72,15.72,15.72,15.72,50,0
2015-07-29,13:40:00,16.1,16.1,16.1,16.1,5,0
2015-07-31,16:30:00,16.05,16.19,16.05,16.19,800,0
2015-07-31,16:35:00,16.19,16.19,16.19,16.19,244,0
2015-07-31,16:50:00,16,16,16,16,25,0
2015-08-03,15:05:00,16.2,16.2,16.2,16.2,204,0
2015-08-03,15:35:00,16.2,16.2,16.2,16.2,87,0
2015-08-04,13:50:00,16.18,16.18,16.18,16.18,310,0
2015-08-04,14:05:00,15.81,15.81,15.81,15.81,400,0
2015-08-04,16:00:00,15.77,15.77,15.77,15.77,99,0
2015-08-05,09:20:00,15.77,15.77,15.77,15.77,100,0
2015-08-05,11:50:00,15.77,15.77,15.77,15.77,133,0
2015-08-05,12:40:00,15.77,15.77,15.77,15.77,173,0
2015-08-05,14:50:00,15.77,15.77,15.77,15.77,300,0
2015-08-05,15:20:00,15.77,15.77,15.77,15.77,400,0
2015-08-05,15:30:00,15.77,15.77,15.77,15.77,200,0
2015-08-06,10:40:00,15.77,15.77,15.77,15.77,50,0
2015-08-06,10:45:00,15.7,15.7,15.7,15.7,300,0
2015-08-06,12:50:00,15.7,15.7,15.7,15.7,200,0
2015-08-06,14:40:00,15.7,15.7,15.7,15.7,200,0
2015-08-07,09:35:00,15.7,15.7,15.7,15.7,100,0
2015-08-07,10:40:00,15.45,15.45,15.45,15.45,100,0
2015-08-07,11:15:00,15.7,15.7,15.41,15.41,2020,0
2015-08-07,11:20:00,15.76,15.76,14.62,14.62,3,0
2015-08-07,13:30:00,15.75,15.75,15.75,15.75,1,0
2015-08-11,13:05:00,15.5,15.5,15.5,15.5,45,0
2015-08-11,14:30:00,15.5,15.5,15.5,15.5,30,0
2015-08-12,16:50:00,15.72,15.72,15.72,15.72,5,0
2015-08-13,09:05:00,15.3,15.3,15.3,15.3,1,0
2015-08-13,16:50:00,15.3,15.3,15.3,15.3,267,0
2015-08-14,09:10:00,15.3,15.3,15.3,15.3,111,0
2015-08-14,10:35:00,15.4,15.4,15.35,15.35,56,0
2015-08-14,10:45:00,15.35,15.35,15.3,15.3,100,0
2015-08-17,16:40:00,15.3,15.3,15.3,15.3,900,0
2015-08-18,15:15:00,15.3,15.3,15.3,15.3,2,0
2015-08-19,15:40:00,15.98,15.98,15.98,15.98,100,0
2015-08-19,16:40:00,15.75,15.75,15.75,15.75,65,0
2015-08-20,09:05:00,16.4,16.4,16.4,16.4,500,0
2015-08-20,10:30:00,15.75,15.75,15.75,15.75,200,0
2015-08-21,09:05:00,15.75,15.75,15.75,15.75,28,0
2015-08-24,09:05:00,15.21,15.21,15.21,15.21,30,0
2015-08-24,10:55:00,15.21,15.21,15.21,15.21,70,0
2015-08-24,12:20:00,15.01,15.01,15.01,15.01,65,0
2015-08-24,14:10:00,14.77,14.77,14.77,14.77,5,0
2015-08-24,15:45:00,14.7,14.7,14.32,14.32,131,0
2015-08-24,15:55:00,14.25,14.25,14.2,14.2,540,0
2015-08-24,16:50:00,14.19,14.19,14.19,14.19,1113,0
2015-08-25,09:05:00,14,14,14,14,1000,0
2015-08-25,09:10:00,14,14,14,14,500,0
2015-08-25,12:55:00,14.5,14.5,14.19,14.19,367,0
2015-08-25,14:35:00,14.37,14.37,14.11,14.11,263,0
2015-08-25,15:00:00,14.12,14.12,14.12,14.12,500,0
2015-08-25,15:10:00,14.1,14.1,14.1,14.1,602,0
2015-08-25,15:35:00,14.05,14.05,14.05,14.05,807,0
2015-08-25,15:55:00,14.69,15,14.69,15,54,0
2015-08-26,09:05:00,15,15,15,15,21,0
2015-08-26,09:20:00,14.02,14.02,14.02,14.02,500,0
2015-08-26,16:35:00,14.05,14.05,14.05,14.05,400,0
2015-08-26,16:45:00,14.05,14.05,14.05,14.05,1,0
2015-08-26,16:50:00,14,14,14,14,323,0
2015-08-27,13:15:00,14.2,14.2,14.2,14.2,65,0
2015-08-31,11:05:00,14.25,14.25,14.25,14.25,100,0
2015-08-31,11:15:00,14.25,14.25,14.25,14.25,50,0
2015-08-31,12:25:00,14.25,14.25,14.25,14.25,50,0
2015-08-31,12:40:00,14.25,14.25,14.25,14.25,100,0
2015-08-31,14:05:00,14.28,14.28,14.28,14.28,150,0
2015-09-01,09:05:00,14.24,14.24,14.24,14.24,677,0
2015-09-01,10:55:00,14.7,14.7,14.7,14.7,100,0
2015-09-01,11:45:00,14.35,14.35,14.3,14.3,2123,0
2015-09-01,12:45:00,14.3,14.3,14.3,14.3,800,0
2015-09-01,12:50:00,14.3,14.3,14.3,14.3,79,0
2015-09-02,13:30:00,14.37,14.37,14.35,14.35,1261,0
2015-09-02,16:50:00,14.2,14.2,14.2,14.2,214,0
2015-09-03,16:50:00,14.6,14.6,14.6,14.6,110,0
2015-09-04,10:35:00,14.55,14.55,14.5,14.5,749,0
2015-09-04,15:55:00,14.5,14.5,14.5,14.5,39,0
2015-09-07,10:00:00,14.32,14.32,14.32,14.32,100,0
2015-09-07,11:35:00,14.4,14.4,14.35,14.35,1621,0
2015-09-08,16:50:00,14.35,14.35,14.35,14.35,2,0
2015-09-09,09:25:00,14.51,14.51,14.5,14.5,186,0
2015-09-09,11:50:00,14.35,14.35,14.35,14.35,500,0
2015-09-09,13:10:00,14.5,14.5,14.5,14.5,14,0
2015-09-09,13:15:00,14.5,14.5,14.5,14.5,86,0
2015-09-10,14:55:00,14.35,14.35,14.35,14.35,150,0
2015-09-11,12:25:00,14.5,14.5,14.5,14.5,140,0
2015-09-11,14:30:00,14.82,14.82,14.82,14.82,51,0
2015-09-14,09:05:00,14.5,14.5,14.4,14.4,707,0
2015-09-14,16:50:00,14.84,14.84,14.84,14.84,5,0
2015-09-15,13:45:00,14.79,14.79,14.79,14.79,2,0
2015-09-16,10:20:00,14.5,14.5,14.3,14.3,2025,0
2015-09-16,16:50:00,14.83,14.83,14.83,14.83,5,0
2015-09-17,10:10:00,14.5,14.5,14.5,14.5,100,0
2015-09-17,10:45:00,14.6,14.6,14.6,14.6,65,0
2015-09-17,12:05:00,14.6,15,14.6,15,3533,0
2015-09-17,12:15:00,15.58,15.58,15.58,15.58,1,0
2015-09-17,12:30:00,15,15,15,15,50,0
2015-09-17,12:35:00,15.58,15.58,15.58,15.58,189,0
2015-09-17,12:45:00,15.59,15.59,15.59,15.59,141,0
2015-09-17,13:45:00,15.2,15.2,15.2,15.2,20,0
2015-09-17,15:15:00,15,15,15,15,200,0
2015-09-18,09:25:00,14.32,14.32,14.32,14.32,180,0
2015-09-18,11:55:00,15,15,15,15,50,0
2015-09-18,12:05:00,15.49,15.5,15.49,15.5,285,0
2015-09-18,12:40:00,15.55,15.59,15.55,15.59,759,0
2015-09-18,16:40:00,15.1,15.1,15.1,15.1,100,0
2015-09-18,16:50:00,15.59,15.59,15.59,15.59,27,0
2015-09-21,09:50:00,15.59,16,15.59,16,3043,0
2015-09-21,13:05:00,16,16,16,16,165,0
2015-09-21,16:05:00,16,16,16,16,1335,0
2015-09-21,16:50:00,16,16,16,16,5639,0
2015-09-22,09:30:00,16.45,16.45,16.45,16.45,1239,0
2015-09-22,10:30:00,16.45,16.45,16.45,16.45,1267,0
2015-09-22,13:40:00,16.48,16.5,16.48,16.5,184,0
2015-09-23,16:50:00,16.4,16.4,16.4,16.4,1,0
2015-09-24,16:50:00,16.39,16.39,16.39,16.39,1,0
2015-09-25,16:50:00,16.39,16.39,16.39,16.39,1,0
2015-09-28,11:15:00,16.39,16.39,16.39,16.39,1,0
2015-09-29,16:50:00,16.39,16.39,16.39,16.39,30,0
2015-09-30,15:20:00,16.38,16.38,16.38,16.38,1,0
2015-10-02,11:30:00,16.25,16.25,15.6,15.6,80,0
2015-10-02,16:40:00,16.15,16.15,16.15,16.15,8,0
2015-10-05,16:50:00,15.98,15.98,15.98,15.98,1,0
2015-10-06,10:10:00,16,16,16,16,40583,0
2015-10-06,11:25:00,15.99,16,15.99,16,200,0
2015-10-06,14:40:00,15.95,15.95,15.95,15.95,400,0
2015-10-07,09:05:00,15.95,15.95,15.95,15.95,49,0
2015-10-07,11:20:00,16.07,16.07,16.07,16.07,97,0
2015-10-07,16:05:00,15.75,16.03,15.75,16.03,3144,0
2015-10-07,16:10:00,16.34,16.34,16.34,16.34,300,0
2015-10-07,16:25:00,16.38,16.39,16.38,16.39,219,0
2015-10-07,16:50:00,16.4,16.4,16.4,16.4,1023,0
2015-10-08,10:05:00,15.85,15.85,15.85,15.85,170,0
2015-10-08,16:50:00,16.4,16.4,16.4,16.4,5,0
2015-10-09,16:50:00,16.39,16.39,16.39,16.39,10,0
2015-10-12,10:25:00,16,16,16,16,100,0
2015-10-13,09:10:00,16.35,16.35,16.35,16.35,1,0
2015-10-13,09:35:00,15.76,15.76,15.76,15.76,301,0
2015-10-13,10:50:00,16.34,16.34,16.34,16.34,1,0
2015-10-14,09:30:00,16.19,16.2,16.19,16.2,200,0
2015-10-15,09:20:00,15.75,15.75,15.75,15.75,500,0
2015-10-15,09:30:00,15.75,15.75,15.75,15.75,199,0
2015-10-15,11:25:00,15.81,15.81,15.81,15.81,100,0
2015-10-15,16:50:00,15.85,15.85,15.85,15.85,64,0
2015-10-16,09:05:00,15.85,15.85,15.85,15.85,290,0
2015-10-16,09:50:00,15.85,15.85,15.85,15.85,272,0
2015-10-16,10:50:00,16.1,16.1,16.1,16.1,300,0
2015-10-16,12:00:00,15.85,15.85,15.85,15.85,64,0
2015-10-16,12:20:00,15.85,15.85,15.85,15.85,40,0
2015-10-16,16:35:00,15.85,15.85,15.85,15.85,100,0
2015-10-16,16:50:00,15.75,15.75,15.75,15.75,207,0
2015-10-19,09:35:00,15.75,15.75,15.75,15.75,600,0
2015-10-19,10:05:00,15.85,15.85,15.85,15.85,96,0
2015-10-19,16:50:00,16,16,16,16,100,0
2015-10-20,09:05:00,16,16,16,16,18,0
2015-10-20,14:00:00,16.05,16.05,16.05,16.05,68,0
2015-10-21,11:25:00,16.4,16.4,16.4,16.4,1,0
2015-10-22,13:20:00,16.4,16.4,16.4,16.4,515,0
2015-10-22,13:30:00,16.4,16.4,16.4,16.4,20,0
2015-10-22,15:05:00,16.4,16.4,16.4,16.4,72,0
2015-10-23,11:10:00,16.59,16.59,16.59,16.59,112,0
2015-10-23,14:45:00,16.59,16.64,16.59,16.64,551,0
2015-10-23,14:50:00,16.67,16.67,16.67,16.67,820,0
2015-10-26,16:25:00,16.67,16.67,16.67,16.67,1,0
2015-10-27,13:20:00,16.8,16.8,16.8,16.8,1,0
2015-10-28,11:00:00,16.8,16.8,16.8,16.8,1,0
2015-10-28,12:45:00,16.26,16.26,16.1,16.1,619,0
2015-10-28,12:50:00,16.15,16.15,16.15,16.15,320,0
2015-10-29,15:55:00,16.79,16.79,16.79,16.79,1,0
2015-10-29,16:50:00,16.1,16.1,16.1,16.1,754,0
2015-10-30,09:30:00,16,16,16,16,100,0
2015-10-30,09:35:00,15.75,15.75,15.75,15.75,500,0
2015-10-30,09:40:00,15.75,15.75,15.75,15.75,300,0
2015-10-30,11:40:00,15.75,15.75,15.75,15.75,200,0
2015-10-30,12:45:00,15.75,15.75,15.75,15.75,300,0
2015-10-30,16:30:00,15.75,15.75,15.75,15.75,85,0
2015-10-30,16:50:00,15.51,15.51,15.51,15.51,234,0
2015-11-02,09:05:00,15.75,15.75,15.75,15.75,615,0
2015-11-02,09:10:00,16.49,16.49,16.49,16.49,100,0
2015-11-02,09:20:00,16.49,16.5,16.49,16.5,200,0
2015-11-02,09:50:00,16.5,16.9,16.5,16.9,100,0
2015-11-02,10:05:00,16.5,16.5,16.5,16.5,5,0
2015-11-02,10:30:00,16.5,16.5,16.5,16.5,195,0
2015-11-02,16:05:00,16.5,16.5,16.5,16.5,100,0
2015-11-02,16:15:00,16.5,16.5,16.5,16.5,20,0
2015-11-02,16:50:00,16.79,16.79,16.79,16.79,50,0
2015-11-03,09:05:00,16.79,16.79,16.79,16.79,25,0
2015-11-03,10:35:00,16.79,16.79,16.79,16.79,25,0
2015-11-03,12:05:00,16.4,16.4,16.4,16.4,200,0
2015-11-03,13:25:00,16.6,16.6,16.6,16.6,125,0
2015-11-03,14:30:00,16.6,16.6,16.6,16.6,57,0
2015-11-03,14:35:00,16.6,16.6,16.6,16.6,118,0
2015-11-03,14:40:00,16.4,16.5,16.4,16.5,182,0
2015-11-03,14:45:00,16.5,16.5,16.5,16.5,18,0
2015-11-03,14:50:00,16.4,16.4,16.4,16.4,48,0
2015-11-04,09:05:00,16.4,16.4,16.4,16.4,118,0
2015-11-04,10:10:00,16.4,16.4,16.4,16.4,30,0
2015-11-04,10:15:00,16.4,16.4,16.4,16.4,90,0
2015-11-04,12:40:00,16.44,16.44,16.44,16.44,7,0
2015-11-04,13:35:00,16.44,16.44,16.44,16.44,40,0
2015-11-04,14:15:00,16.44,16.44,16.4,16.4,167,0
2015-11-05,10:05:00,16.35,16.35,16.35,16.35,45,0
2015-11-05,14:15:00,16.35,16.35,16.35,16.35,55,0
2015-11-06,09:50:00,16.31,16.31,16.3,16.3,245,0
2015-11-06,13:10:00,16.3,16.3,16.3,16.3,300,0
2015-11-06,13:15:00,16.3,16.3,16.3,16.3,150,0
2015-11-06,15:05:00,16.3,16.3,16.3,16.3,60,0
2015-11-09,09:30:00,16.3,16.3,16.3,16.3,12,0
2015-11-09,16:10:00,16.3,16.3,16.3,16.3,19,0
2015-11-10,16:35:00,16.17,16.17,16.16,16.16,100,0
