Date,Time,Open,High,Low,Close,Volume,OpenInt
2015-03-02,09:05:00,4.85,4.85,4.85,4.85,540,0
2015-03-02,09:45:00,4.67,4.67,4.67,4.67,1,0
2015-03-02,16:50:00,4.8,4.8,4.8,4.8,100,0
2015-03-03,09:05:00,4.61,4.61,4.6,4.6,2410,0
2015-03-03,09:10:00,4.6,4.6,4.6,4.6,230,0
2015-03-03,09:50:00,4.6,4.6,4.6,4.6,119,0
2015-03-03,10:20:00,4.6,4.6,4.6,4.6,300,0
2015-03-03,10:25:00,4.6,4.6,4.6,4.6,290,0
2015-03-03,12:00:00,4.6,4.6,4.6,4.6,1785,0
2015-03-03,16:20:00,4.6,4.6,4.6,4.6,200,0
2015-03-04,09:25:00,4.7,4.7,4.7,4.7,5,0
2015-03-04,16:40:00,4.56,4.56,4.52,4.52,486,0
2015-03-04,16:50:00,4.7,4.7,4.7,4.7,5,0
2015-03-05,11:35:00,4.7,4.7,4.7,4.7,5,0
2015-03-05,14:50:00,4.54,4.54,4.54,4.54,314,0
2015-03-05,16:05:00,4.7,4.7,4.7,4.7,275,0
2015-03-05,16:25:00,4.7,4.75,4.7,4.75,1782,0
2015-03-06,09:30:00,4.7,4.7,4.7,4.7,104,0
2015-03-06,09:55:00,4.7,4.7,4.7,4.7,274,0
2015-03-06,12:15:00,4.7,4.75,4.7,4.75,254,0
2015-03-06,12:20:00,4.75,4.75,4.75,4.75,284,0
2015-03-06,13:50:00,4.75,4.75,4.75,4.75,275,0
2015-03-09,09:05:00,4.75,4.75,4.75,4.75,5,0
2015-03-09,09:30:00,4.75,4.75,4.75,4.75,558,0
2015-03-09,09:35:00,4.75,4.75,4.75,4.75,273,0
2015-03-09,10:35:00,4.7,4.7,4.7,4.7,7200,0
2015-03-09,16:50:00,4.75,4.75,4.75,4.75,89,0
2015-03-10,09:20:00,4.8,4.8,4.8,4.8,5,0
2015-03-11,09:35:00,4.8,4.8,4.8,4.8,5,0
2015-03-12,09:45:00,4.8,4.8,4.8,4.8,5,0
2015-03-12,09:50:00,4.69,4.69,4.69,4.69,330,0
2015-03-12,16:25:00,4.61,4.61,4.61,4.61,200,0
2015-03-13,10:05:00,4.79,4.79,4.79,4.79,5,0
2015-03-16,09:50:00,4.79,4.79,4.79,4.79,5,0
2015-03-16,10:55:00,4.7,4.7,4.7,4.7,5,0
2015-03-16,11:55:00,4.7,4.8,4.7,4.8,3570,0
2015-03-16,13:15:00,4.78,4.78,4.78,4.78,2000,0
2015-03-16,13:40:00,4.8,4.8,4.8,4.8,500,0
2015-03-16,14:05:00,4.82,4.82,4.82,4.82,1600,0
2015-03-17,09:15:00,4.85,4.85,4.85,4.85,12,0
2015-03-17,09:50:00,4.9,4.9,4.9,4.9,5,0
2015-03-17,12:25:00,4.9,4.91,4.9,4.91,1745,0
2015-03-17,13:45:00,4.91,4.91,4.91,4.91,155,0
2015-03-17,13:50:00,4.91,4.91,4.82,4.82,1725,0
2015-03-17,13:55:00,4.91,4.91,4.91,4.91,610,0
2015-03-17,16:45:00,4.92,4.95,4.92,4.95,1533,0
2015-03-18,09:25:00,4.9,4.9,4.9,4.9,5,0
2015-03-18,09:40:00,4.9,4.9,4.9,4.9,609,0
2015-03-18,11:05:00,4.9,5,4.9,5,2060,0
2015-03-18,11:20:00,5,5,5,5,260,0
2015-03-18,12:15:00,5,5,5,5,260,0
2015-03-18,12:35:00,5,5,5,5,261,0
2015-03-18,12:50:00,5,5,4.85,4.85,13144,0
2015-03-18,13:05:00,4.85,4.85,4.85,4.85,1000,0
2015-03-18,13:20:00,5.07,5.07,4.85,4.85,242,0
2015-03-18,13:25:00,4.99,4.99,4.99,4.99,10,0
2015-03-18,13:30:00,4.95,4.95,4.95,4.95,1,0
2015-03-18,13:40:00,4.86,4.86,4.86,4.86,1,0
2015-03-18,14:15:00,4.95,4.95,4.86,4.86,14,0
2015-03-18,16:50:00,4.93,4.93,4.93,4.93,13,0
2015-03-19,09:05:00,5.07,5.07,5.07,5.07,5,0
2015-03-19,09:55:00,4.93,4.93,4.93,4.93,111,0
2015-03-19,10:00:00,5,5,5,5,111,0
2015-03-19,10:05:00,5,5,5,5,260,0
2015-03-19,10:10:00,5,5,5,5,260,0
2015-03-19,10:15:00,5,5,5,5,383,0
2015-03-19,11:00:00,5,5,5,5,1500,0
2015-03-19,11:30:00,5,5,5,5,195,0
2015-03-19,14:15:00,5.04,5.08,5.04,5.08,2236,0
2015-03-19,15:00:00,5.1,5.1,5.1,5.1,580,0
2015-03-20,09:15:00,5.1,5.1,5.1,5.1,5,0
2015-03-20,09:55:00,5.1,5.1,5.1,5.1,200,0
2015-03-20,10:10:00,5.1,5.1,5.1,5.1,568,0
2015-03-20,10:15:00,5.16,5.16,5.15,5.16,353,0
2015-03-20,10:25:00,5.3,5.3,5.3,5.3,9,0
2015-03-20,16:05:00,5.17,5.17,5.11,5.11,400,0
2015-03-23,09:05:00,5.11,5.11,5.11,5.11,337,0
2015-03-23,09:15:00,5.11,5.11,5.11,5.11,200,0
2015-03-23,11:00:00,5.1,5.1,5.1,5.1,200,0
2015-03-23,11:10:00,5.1,5.1,5.1,5.1,2470,0
2015-03-23,11:55:00,5.09,5.09,5.09,5.09,1000,0
2015-03-23,13:40:00,5.23,5.23,5.23,5.23,190,0
2015-03-23,16:40:00,5.17,5.17,5.17,5.17,500,0
2015-03-24,11:30:00,5.22,5.22,5.22,5.22,300,0
2015-03-24,11:35:00,5.22,5.22,5.22,5.22,300,0
2015-03-24,16:50:00,5.25,5.25,5.25,5.25,1970,0
2015-03-25,09:45:00,5.29,5.29,5.29,5.29,20,0
2015-03-25,11:15:00,5.29,5.33,5.29,5.33,1000,0
2015-03-25,12:00:00,5.3,5.3,5.3,5.3,1338,0
2015-03-25,12:50:00,5.3,5.3,5.3,5.3,284,0
2015-03-25,12:55:00,5.3,5.3,5.3,5.3,584,0
2015-03-25,13:00:00,5.3,5.3,5.3,5.3,100,0
2015-03-25,13:55:00,5.3,5.3,5.3,5.3,700,0
2015-03-25,15:40:00,5.23,5.23,5.23,5.23,4238,0
2015-03-25,16:30:00,5.23,5.23,5.23,5.23,100,0
2015-03-25,16:50:00,5.23,5.23,5.21,5.21,5335,0
2015-03-26,09:10:00,5.18,5.18,5.18,5.18,10,0
2015-03-26,10:50:00,5.25,5.25,5.25,5.25,442,0
2015-03-26,10:55:00,5.25,5.25,5.25,5.25,301,0
2015-03-26,11:00:00,5.25,5.25,5.25,5.25,279,0
2015-03-26,12:35:00,5.25,5.25,5.19,5.19,756,0
2015-03-26,13:55:00,5.18,5.18,5.17,5.17,2212,0
2015-03-26,14:10:00,5.15,5.15,5.15,5.15,1668,0
2015-03-26,15:45:00,5.15,5.15,5.15,5.15,282,0
2015-03-26,15:55:00,5.15,5.15,5.15,5.15,231,0
2015-03-26,16:50:00,5.17,5.17,5.17,5.17,6019,0
2015-03-27,13:05:00,5.08,5.08,5,5,13713,0
2015-03-27,15:40:00,5.02,5.02,5.02,5.02,4425,0
2015-03-30,09:05:00,5.08,5.08,5.08,5.08,15,0
2015-03-30,10:05:00,5.13,5.13,5.13,5.13,300,0
2015-03-30,10:15:00,5.11,5.11,5.11,5.11,363,0
2015-03-30,10:45:00,5.14,5.14,5.14,5.14,80,0
2015-03-31,09:15:00,5.14,5.14,5.14,5.14,5,0
2015-03-31,12:10:00,5.14,5.14,5.14,5.14,5575,0
2015-03-31,13:00:00,5.14,5.14,5.14,5.14,300,0
2015-04-01,09:20:00,5.08,5.08,5.08,5.08,2,0
2015-04-01,10:40:00,5.08,5.08,5.08,5.08,1,0
2015-04-01,12:55:00,5.08,5.08,5.07,5.07,5447,0
2015-04-01,13:00:00,5,5,5,5,500,0
2015-04-02,09:15:00,5.05,5.2,5.05,5.2,2241,0
2015-04-02,09:20:00,5.2,5.2,5.2,5.2,1100,0
2015-04-02,10:05:00,5.2,5.2,5.2,5.2,405,0
2015-04-02,10:30:00,5.2,5.2,5.2,5.2,250,0
2015-04-02,12:50:00,5.2,5.2,5,5,3164,0
2015-04-02,12:55:00,4.99,4.99,4.99,4.99,2000,0
2015-04-02,16:00:00,4.99,4.99,4.99,4.99,2000,0
2015-04-02,16:10:00,4.99,4.99,4.99,4.99,2000,0
2015-04-02,16:15:00,4.99,4.99,4.99,4.99,600,0
2015-04-02,16:20:00,4.99,4.99,4.99,4.99,1300,0
2015-04-02,16:25:00,4.99,4.99,4.99,4.99,2100,0
2015-04-02,16:30:00,4.99,4.99,4.99,4.99,6836,0
2015-04-02,16:35:00,5.25,5.25,5.25,5.25,100,0
2015-04-07,09:05:00,5.18,5.18,5.18,5.18,1150,0
2015-04-07,09:10:00,5.18,5.18,5.18,5.18,8850,0
2015-04-07,15:50:00,5.25,5.25,5.25,5.25,101,0
2015-04-08,09:15:00,5.25,5.25,5.25,5.25,5,0
2015-04-08,14:10:00,5.23,5.23,5.23,5.23,190,0
2015-04-08,15:50:00,5.06,5.06,5.06,5.06,1,0
2015-04-08,16:20:00,5.23,5.23,5.23,5.23,50,0
2015-04-09,16:45:00,5.2,5.2,5.2,5.2,500,0
2015-04-10,09:35:00,5.23,5.23,5.23,5.23,1,0
2015-04-10,10:30:00,5.09,5.09,5.09,5.09,898,0
2015-04-10,10:35:00,5.09,5.09,5.09,5.09,3264,0
2015-04-10,11:50:00,5.2,5.3,5.2,5.3,2865,0
2015-04-10,11:55:00,5.21,5.21,5.21,5.21,400,0
2015-04-10,16:20:00,5.3,5.38,5.3,5.38,1400,0
2015-04-13,09:45:00,5.36,5.36,5.36,5.36,5,0
2015-04-13,10:15:00,5.36,5.37,5.36,5.37,200,0
2015-04-13,12:40:00,5.37,5.37,5.37,5.37,140,0
2015-04-13,14:40:00,5.37,5.4,5.37,5.4,1055,0
2015-04-13,15:15:00,5.43,5.43,5.43,5.43,200,0
2015-04-13,15:40:00,5.43,5.43,5.43,5.43,100,0
2015-04-13,15:45:00,5.43,5.43,5.43,5.43,200,0
2015-04-13,15:50:00,5.45,5.45,5.45,5.45,100,0
2015-04-13,16:35:00,5.45,5.45,5.45,5.45,1300,0
2015-04-13,16:50:00,5.59,5.89,5.59,5.89,1790,0
2015-04-14,09:05:00,5.8,5.8,5.8,5.8,65,0
2015-04-14,09:20:00,5.8,5.8,5.8,5.8,60,0
2015-04-14,09:30:00,5.8,5.8,5.55,5.55,8,0
2015-04-14,10:05:00,5.55,5.55,5.55,5.55,1000,0
2015-04-14,10:10:00,5.75,5.75,5.75,5.75,32,0
2015-04-14,10:25:00,5.55,5.55,5.55,5.55,1,0
2015-04-14,11:25:00,5.57,5.57,5.55,5.55,668,0
2015-04-14,11:55:00,5.55,5.55,5.55,5.55,188,0
2015-04-14,12:15:00,5.35,5.35,5.35,5.35,1,0
2015-04-14,12:35:00,5.37,5.37,5.35,5.35,2000,0
2015-04-14,12:45:00,5.54,5.54,5.44,5.44,42,0
2015-04-14,12:55:00,5.54,5.54,5.54,5.54,1,0
2015-04-14,13:00:00,5.44,5.44,5.44,5.44,190,0
2015-04-14,13:30:00,5.47,5.55,5.45,5.55,4369,0
2015-04-14,15:40:00,5.65,5.65,5.65,5.65,1,0
2015-04-14,15:45:00,5.47,5.47,5.47,5.47,1,0
2015-04-14,16:50:00,5.64,5.64,5.64,5.64,1,0
2015-04-15,09:15:00,5.55,5.55,5.55,5.55,13,0
2015-04-15,09:20:00,5.65,5.65,5.65,5.65,1,0
2015-04-15,10:45:00,5.49,5.49,5.49,5.49,1,0
2015-04-15,11:05:00,5.53,5.53,5.49,5.49,682,0
2015-04-15,11:15:00,5.49,5.49,5.49,5.49,318,0
2015-04-15,12:45:00,5.54,5.54,5.54,5.54,13,0
2015-04-15,12:50:00,5.59,5.6,5.59,5.6,15422,0
2015-04-15,13:45:00,5.65,5.65,5.61,5.61,467,0
2015-04-15,13:50:00,5.65,5.65,5.65,5.65,136,0
2015-04-15,14:50:00,5.65,5.65,5.62,5.62,50,0
2015-04-15,14:55:00,5.65,5.65,5.65,5.65,1,0
2015-04-15,15:05:00,5.63,5.63,5.63,5.63,13,0
2015-04-15,15:20:00,5.61,5.61,5.61,5.61,13,0
2015-04-15,15:50:00,5.6,5.6,5.6,5.6,122,0
2015-04-15,16:05:00,5.58,5.58,5.58,5.58,122,0
2015-04-15,16:15:00,5.61,5.62,5.61,5.62,701,0
2015-04-15,16:20:00,5.62,5.62,5.62,5.62,94,0
2015-04-15,16:50:00,5.62,5.65,5.62,5.65,908,0
2015-04-16,09:05:00,5.65,5.74,5.65,5.74,1363,0
2015-04-16,09:25:00,5.67,5.75,5.67,5.75,14,0
2015-04-16,10:20:00,5.71,5.75,5.69,5.75,255,0
2015-04-16,11:45:00,5.75,5.75,5.75,5.75,200,0
2015-04-16,12:35:00,5.73,5.73,5.73,5.73,35,0
2015-04-16,13:25:00,5.73,5.73,5.73,5.73,190,0
2015-04-16,13:30:00,5.75,5.75,5.75,5.75,16,0
2015-04-16,16:50:00,5.75,5.75,5.75,5.75,1,0
2015-04-17,09:05:00,5.76,5.83,5.75,5.75,1740,0
2015-04-17,09:10:00,5.68,5.68,5.68,5.68,1,0
2015-04-17,09:35:00,5.61,5.61,5.61,5.61,1,0
2015-04-20,09:05:00,5.62,5.62,5.62,5.62,900,0
2015-04-20,09:10:00,5.62,5.62,5.62,5.62,267,0
2015-04-20,09:15:00,5.79,5.79,5.79,5.79,5,0
2015-04-20,09:35:00,5.79,5.85,5.79,5.85,2365,0
2015-04-20,09:55:00,5.89,5.89,5.89,5.89,700,0
2015-04-20,10:00:00,5.9,5.9,5.9,5.9,2011,0
2015-04-20,10:35:00,5.86,5.86,5.85,5.85,335,0
2015-04-20,10:50:00,5.9,5.9,5.9,5.9,9665,0
2015-04-20,10:55:00,5.96,6,5.96,6,6910,0
2015-04-20,11:05:00,6.07,6.13,6.07,6.13,3014,0
2015-04-20,11:20:00,6.15,6.15,6.15,6.15,608,0
2015-04-20,11:40:00,6.17,6.17,6.17,6.17,200,0
2015-04-20,11:55:00,6.13,6.13,6.13,6.13,186,0
2015-04-20,13:30:00,6.15,6.15,6.15,6.15,243,0
2015-04-20,14:00:00,6,6,6,6,32,0
2015-04-20,16:10:00,6,6,6,6,400,0
2015-04-20,16:40:00,5.96,5.96,5.9,5.9,4325,0
2015-04-20,16:45:00,6,6,6,6,400,0
2015-04-21,09:05:00,5.82,5.82,5.82,5.82,1,0
2015-04-21,12:10:00,5.99,6,5.99,6,1788,0
2015-04-21,12:20:00,6.1,6.1,6.1,6.1,100,0
2015-04-21,13:25:00,6.09,6.09,6.07,6.07,100,0
2015-04-21,14:35:00,6.06,6.06,6.06,6.06,300,0
2015-04-21,15:25:00,6.15,6.15,6.15,6.15,100,0
2015-04-21,15:40:00,6.04,6.04,6.01,6.01,600,0
2015-04-21,16:50:00,6,6,6,6,458,0
2015-04-22,09:05:00,6,6,6,6,100,0
2015-04-22,11:25:00,6,6,6,6,691,0
2015-04-22,12:20:00,6,6,6,6,458,0
2015-04-22,14:50:00,6.05,6.05,6.05,6.05,100,0
2015-04-22,16:20:00,6.05,6.05,6.05,6.05,300,0
2015-04-22,16:50:00,6.06,6.06,6.06,6.06,130,0
2015-04-23,10:50:00,6.14,6.15,6.14,6.15,250,0
2015-04-23,10:55:00,6.15,6.18,6.15,6.18,332,0
2015-04-23,12:25:00,6.2,6.2,6.15,6.15,26,0
2015-04-23,16:45:00,6.12,6.12,6.12,6.12,631,0
2015-04-24,09:15:00,6.19,6.19,6.19,6.19,5,0
2015-04-24,09:35:00,6.19,6.2,6.19,6.2,600,0
2015-04-24,10:25:00,6.19,6.2,6.19,6.2,2100,0
2015-04-24,10:30:00,6.2,6.2,6.2,6.2,400,0
2015-04-24,10:35:00,6.2,6.2,6.15,6.15,600,0
2015-04-27,09:05:00,6.15,6.16,6.15,6.16,1727,0
2015-04-27,09:10:00,6.16,6.16,6.16,6.16,1000,0
2015-04-27,09:15:00,6.16,6.17,6.16,6.17,1132,0
2015-04-27,09:20:00,6.17,6.18,6.17,6.18,1238,0
2015-04-27,09:25:00,6.18,6.18,6.18,6.18,1300,0
2015-04-27,09:30:00,6.18,6.18,6.18,6.18,30,0
2015-04-27,09:55:00,6.19,6.19,6.19,6.19,170,0
2015-04-27,10:00:00,6.2,6.2,6.2,6.2,482,0
2015-04-27,10:05:00,6.2,6.2,6.2,6.2,68,0
2015-04-27,10:20:00,6.2,6.22,6.2,6.22,368,0
2015-04-27,10:25:00,6.22,6.22,6.22,6.22,540,0
2015-04-27,10:30:00,6.3,6.3,6.3,6.3,275,0
2015-04-27,10:40:00,6.3,6.3,6.3,6.3,125,0
2015-04-27,10:55:00,6.35,6.35,6.35,6.35,300,0
2015-04-27,11:05:00,6.39,6.5,6.39,6.5,2585,0
2015-04-27,11:10:00,6.27,6.27,6.27,6.27,1,0
2015-04-27,11:15:00,6.54,6.55,6.54,6.55,910,0
2015-04-27,14:35:00,6.54,6.54,6.54,6.54,500,0
2015-04-27,14:40:00,6.55,6.55,6.55,6.55,120,0
2015-04-27,14:45:00,6.55,6.55,6.55,6.55,130,0
2015-04-27,15:00:00,6.55,6.55,6.55,6.55,1831,0
2015-04-27,15:45:00,6.55,6.55,6.55,6.55,700,0
2015-04-27,16:00:00,6.55,6.55,6.55,6.55,200,0
2015-04-27,16:10:00,6.55,6.55,6.55,6.55,1042,0
2015-04-27,16:50:00,6.51,6.51,6.51,6.51,60,0
2015-04-28,09:30:00,6.57,6.57,6.57,6.57,10,0
2015-04-28,10:55:00,6.57,6.59,6.57,6.59,1690,0
2015-04-28,16:20:00,6.68,6.77,6.68,6.77,2111,0
2015-04-28,16:25:00,6.74,6.74,6.74,6.74,223,0
2015-04-28,16:30:00,6.79,6.85,6.79,6.85,592,0
2015-04-29,09:20:00,6.93,6.93,6.93,6.93,7,0
2015-04-29,09:40:00,6.93,6.93,6.93,6.93,125,0
2015-04-29,10:05:00,6.88,6.88,6.88,6.88,160,0
2015-04-29,10:40:00,6.9,6.9,6.74,6.74,242,0
2015-04-29,11:00:00,6.9,6.9,6.74,6.74,100,0
2015-04-29,11:35:00,6.74,6.92,6.74,6.92,617,0
2015-04-29,11:55:00,6.9,6.9,6.9,6.9,1000,0
2015-04-29,12:00:00,6.92,6.92,6.92,6.92,5,0
2015-04-29,12:20:00,6.92,6.92,6.92,6.92,1,0
2015-04-29,13:55:00,6.92,6.92,6.92,6.92,100,0
2015-04-29,14:10:00,6.76,6.76,6.76,6.76,1,0
2015-04-29,14:35:00,6.85,6.85,6.85,6.85,100,0
2015-04-29,15:05:00,6.85,6.85,6.85,6.85,900,0
2015-04-30,13:20:00,6.82,6.82,6.82,6.82,100,0
2015-04-30,16:00:00,6.82,6.82,6.82,6.82,380,0
2015-04-30,16:45:00,6.81,6.81,6.74,6.74,1290,0
2015-04-30,16:50:00,6.61,6.74,6.61,6.74,11,0
2015-05-04,14:00:00,6.77,6.77,6.77,6.77,4,0
2015-05-04,14:30:00,6.72,6.72,6.71,6.71,2,0
2015-05-04,14:40:00,6.67,6.67,6.67,6.67,1,0
2015-05-04,15:50:00,6.85,6.85,6.85,6.85,82,0
2015-05-04,16:45:00,6.7,6.7,6.52,6.52,2063,0
2015-05-04,16:50:00,6.81,6.81,6.81,6.81,2,0
2015-05-05,09:05:00,6.67,6.67,6.51,6.51,201,0
2015-05-05,09:10:00,6.66,6.71,6.66,6.71,198,0
2015-05-05,10:00:00,6.51,6.51,6.51,6.51,1,0
2015-05-05,15:15:00,6.7,6.7,6.7,6.7,230,0
2015-05-05,15:20:00,6.61,6.61,6.61,6.61,1,0
2015-05-05,16:05:00,6.67,6.67,6.67,6.67,149,0
2015-05-05,16:10:00,6.57,6.57,6.57,6.57,1,0
2015-05-05,16:25:00,6.57,6.57,6.57,6.57,243,0
2015-05-05,16:35:00,6.62,6.63,6.62,6.63,24,0
2015-05-05,16:40:00,6.57,6.63,6.57,6.57,13,0
2015-05-05,16:50:00,6.6,6.6,6.6,6.6,1,0
2015-05-06,09:05:00,6.6,6.6,6.6,6.6,95,0
2015-05-06,09:20:00,6.61,6.61,6.45,6.45,1028,0
2015-05-06,11:35:00,6.67,6.67,6.56,6.62,35,0
2015-05-06,11:40:00,6.56,6.56,6.56,6.56,1,0
2015-05-06,12:10:00,6.62,6.62,6.62,6.62,45,0
2015-05-06,13:40:00,6.53,6.53,6.5,6.5,522,0
2015-05-06,14:20:00,6.42,6.42,6.42,6.42,1,0
2015-05-06,14:35:00,6.5,6.5,6.5,6.5,99,0
2015-05-06,14:40:00,6.5,6.5,6.5,6.5,1023,0
2015-05-06,14:45:00,6.52,6.52,6.46,6.46,166,0
2015-05-06,14:50:00,6.52,6.52,6.52,6.52,43,0
2015-05-06,16:50:00,6.69,6.69,6.69,6.69,35,0
2015-05-07,09:05:00,6.4,6.4,6.4,6.4,1,0
2015-05-07,15:40:00,6.42,6.42,6.42,6.42,300,0
2015-05-07,16:50:00,6.69,6.69,6.69,6.69,1,0
2015-05-08,09:20:00,6.41,6.41,6.41,6.41,1,0
2015-05-08,16:50:00,6.41,6.41,6.41,6.41,12,0
2015-05-11,09:25:00,6.4,6.4,6.4,6.4,337,0
2015-05-11,09:45:00,6.41,6.41,6.41,6.41,11,0
2015-05-11,10:25:00,6.41,6.41,6.41,6.41,22,0
2015-05-11,10:50:00,6.41,6.41,6.41,6.41,50,0
2015-05-11,10:55:00,6.4,6.4,6.4,6.4,862,0
2015-05-11,11:00:00,6.32,6.32,6.32,6.32,1,0
2015-05-11,13:20:00,6.32,6.32,6.25,6.25,200,0
2015-05-11,13:35:00,6.29,6.29,6.29,6.29,13,0
2015-05-11,14:15:00,6.25,6.25,6.25,6.25,126,0
2015-05-11,14:55:00,6.3,6.3,6.3,6.3,13,0
2015-05-11,15:25:00,6.3,6.3,6.3,6.3,100,0
2015-05-11,16:25:00,6.3,6.3,6.3,6.3,97,0
2015-05-11,16:40:00,6.3,6.3,6.3,6.3,3,0
2015-05-11,16:50:00,6.25,6.25,6.25,6.25,44,0
2015-05-12,09:05:00,6.22,6.22,6.22,6.22,1,0
2015-05-12,10:00:00,6.22,6.22,6.22,6.22,100,0
2015-05-12,12:00:00,6.22,6.22,6.22,6.22,154,0
2015-05-12,15:15:00,6.29,6.29,6.29,6.29,20,0
2015-05-12,15:30:00,6.29,6.29,6.29,6.29,13,0
2015-05-12,15:35:00,6.29,6.29,6.29,6.29,13,0
2015-05-12,15:55:00,6.22,6.22,6.22,6.22,222,0
2015-05-12,16:00:00,6.25,6.26,6.25,6.26,12,0
2015-05-12,16:15:00,6.22,6.22,6.22,6.22,23,0
2015-05-12,16:25:00,6.12,6.12,6.12,6.12,1,0
2015-05-12,16:45:00,6.12,6.12,6.1,6.1,1522,0
2015-05-12,16:50:00,6.22,6.22,6.22,6.22,1,0
2015-05-13,09:25:00,6.1,6.1,6.1,6.1,240,0
2015-05-13,10:25:00,6.1,6.1,6.1,6.1,988,0
2015-05-13,10:55:00,6.1,6.1,6.01,6.01,5,0
2015-05-13,13:00:00,6.01,6.01,6.01,6.01,100,0
2015-05-13,13:05:00,6.01,6.01,6.01,6.01,179,0
2015-05-13,14:00:00,6,6,6,6,200,0
2015-05-13,14:05:00,6,6,5.92,5.92,403,0
2015-05-13,14:10:00,5.92,5.92,5.92,5.92,1097,0
2015-05-13,14:15:00,6,6,5.79,5.79,5,0
2015-05-13,15:15:00,5.8,5.8,5.8,5.8,13,0
2015-05-13,16:50:00,5.93,5.93,5.93,5.93,13,0
2015-05-14,09:05:00,5.7,5.7,5.7,5.7,890,0
2015-05-14,09:15:00,5.7,5.7,5.65,5.7,528,0
2015-05-14,09:20:00,5.65,5.65,5.65,5.65,272,0
2015-05-14,09:35:00,5.7,5.7,5.7,5.7,906,0
2015-05-14,09:40:00,5.7,5.7,5.7,5.7,200,0
2015-05-14,10:55:00,5.7,5.7,5.7,5.7,262,0
2015-05-14,11:30:00,5.7,5.7,5.7,5.7,124,0
2015-05-14,11:40:00,5.7,5.7,5.7,5.7,179,0
2015-05-14,11:55:00,5.66,5.66,5.66,5.66,76,0
2015-05-14,12:50:00,5.7,5.7,5.7,5.7,457,0
2015-05-14,13:50:00,5.66,5.66,5.65,5.65,100,0
2015-05-14,15:05:00,5.7,5.7,5.7,5.7,1376,0
2015-05-14,16:35:00,5.93,5.93,5.93,5.93,42,0
2015-05-14,16:50:00,5.93,5.93,5.93,5.93,22,0
2015-05-15,09:05:00,5.94,6.28,5.94,6.28,6164,0
2015-05-15,09:10:00,6.29,6.35,6.29,6.35,1354,0
2015-05-15,10:10:00,6.9,6.9,6.9,6.9,1670,0
2015-05-15,10:20:00,6.5,6.5,6.5,6.5,360,0
2015-05-15,11:10:00,6.5,6.5,6.5,6.5,200,0
2015-05-15,12:20:00,6.5,6.5,6.5,6.5,355,0
2015-05-15,12:35:00,6.5,6.5,6.5,6.5,1000,0
2015-05-15,13:50:00,6.5,6.5,6.4,6.4,417,0
2015-05-15,14:05:00,6.5,6.5,6.5,6.5,718,0
2015-05-15,15:40:00,6.6,6.6,6.56,6.56,1000,0
2015-05-15,15:45:00,6.56,6.56,6.56,6.56,500,0
2015-05-15,16:50:00,6.8,6.8,6.8,6.8,1350,0
2015-05-18,09:55:00,6.58,6.58,6.58,6.58,1,0
2015-05-18,12:45:00,6.61,6.61,6.61,6.61,10,0
2015-05-18,14:10:00,6.61,6.61,6.61,6.61,817,0
2015-05-18,14:20:00,6.61,6.61,6.61,6.61,1000,0
2015-05-18,14:50:00,6.61,6.61,6.61,6.61,4000,0
2015-05-18,14:55:00,6.75,6.75,6.75,6.75,1000,0
2015-05-19,09:20:00,6.84,6.84,6.84,6.84,4,0
2015-05-19,14:00:00,6.82,6.83,6.82,6.83,595,0
2015-05-19,14:15:00,6.83,6.83,6.83,6.83,300,0
2015-05-19,15:30:00,6.83,6.83,6.83,6.83,200,0
2015-05-19,16:05:00,6.83,6.83,6.83,6.83,300,0
2015-05-20,09:05:00,6.6,6.6,6.6,6.6,1,0
2015-05-20,11:05:00,6.85,6.85,6.85,6.85,585,0
2015-05-20,12:05:00,6.85,6.85,6.85,6.85,1133,0
2015-05-20,15:30:00,6.66,6.66,6.65,6.65,1988,0
2015-05-20,15:35:00,6.65,6.65,6.65,6.65,701,0
2015-05-20,16:00:00,6.55,6.55,6.55,6.55,411,0
2015-05-20,16:05:00,6.55,6.55,6.55,6.55,589,0
2015-05-20,16:25:00,6.65,6.65,6.65,6.65,299,0
2015-05-20,16:45:00,6.65,6.65,6.65,6.65,1411,0
2015-05-20,16:50:00,6.65,6.65,6.65,6.65,1555,0
2015-05-21,09:15:00,6.37,6.37,6.37,6.37,1,0
2015-05-21,09:40:00,6.5,6.5,6.5,6.5,20,0
2015-05-21,13:00:00,6.52,6.52,6.4,6.4,6934,0
2015-05-21,15:55:00,6.37,6.37,6.37,6.37,300,0
2015-05-21,16:05:00,6.37,6.37,6.37,6.37,200,0
2015-05-21,16:50:00,6.5,6.5,6.5,6.5,1354,0
2015-05-22,09:25:00,6.53,6.53,6.53,6.53,51,0
2015-05-22,09:55:00,6.52,6.52,6.52,6.52,131,0
2015-05-22,10:55:00,6.52,6.52,6.52,6.52,221,0
2015-05-22,11:30:00,6.52,6.52,6.52,6.52,279,0
2015-05-22,16:40:00,6.59,6.59,6.59,6.59,49,0
2015-05-25,11:15:00,6.59,6.59,6.59,6.59,5,0
2015-05-25,16:05:00,6.5,6.5,6.5,6.5,1,0
2015-05-25,16:40:00,6.5,6.59,6.5,6.59,500,0
2015-05-26,10:10:00,6.41,6.41,6.4,6.4,1130,0
2015-05-26,11:20:00,6.41,6.41,6.4,6.4,500,0
2015-05-26,16:50:00,6.59,6.59,6.59,6.59,121,0
2015-05-27,09:55:00,6.59,6.59,6.59,6.59,3,0
2015-05-27,10:10:00,6.59,6.59,6.59,6.59,700,0
2015-05-27,16:50:00,6.6,6.6,6.6,6.6,500,0
2015-05-29,09:05:00,6.43,6.43,6.43,6.43,1,0
2015-05-29,09:10:00,6.44,6.44,6.44,6.44,500,0
2015-05-29,11:20:00,6.43,6.43,6.43,6.43,49,0
2015-05-29,16:45:00,6.41,6.41,6.41,6.41,82,0
2015-06-01,10:55:00,6.41,6.41,6.35,6.35,361,0
2015-06-01,11:25:00,6.41,6.41,6.41,6.41,121,0
2015-06-01,14:05:00,6.41,6.41,6.35,6.35,480,0
2015-06-01,16:50:00,6.59,6.59,6.59,6.59,50,0
2015-06-02,09:10:00,6.59,6.59,6.59,6.59,6,0
2015-06-02,09:15:00,6.59,6.59,6.59,6.59,135,0
2015-06-02,09:25:00,6.59,6.59,6.59,6.59,100,0
2015-06-02,13:45:00,6.36,6.36,6.36,6.36,76,0
2015-06-02,15:15:00,6.36,6.36,6.35,6.35,600,0
2015-06-02,15:45:00,6.58,6.58,6.58,6.58,100,0
2015-06-02,16:50:00,6.59,6.59,6.59,6.59,350,0
2015-06-03,09:35:00,6.59,6.59,6.59,6.59,7,0
2015-06-03,15:45:00,6.37,6.37,6.37,6.37,1,0
2015-06-05,09:05:00,6.35,6.35,6.35,6.35,150,0
2015-06-05,09:20:00,6.35,6.35,6.35,6.35,150,0
2015-06-05,09:40:00,6.31,6.31,6.3,6.3,1258,0
2015-06-05,12:00:00,6.3,6.3,6.1,6.1,5,0
2015-06-05,12:50:00,6.26,6.26,6.26,6.26,1,0
2015-06-05,16:50:00,6.26,6.26,6.26,6.26,120,0
2015-06-08,09:30:00,6.17,6.17,6.17,6.17,5,0
2015-06-08,10:45:00,6.17,6.17,6.17,6.17,4,0
2015-06-08,12:10:00,6.03,6.03,6.03,6.03,1300,0
2015-06-08,12:55:00,5.88,5.88,5.85,5.85,541,0
2015-06-08,13:20:00,6.02,6.02,6.02,6.02,500,0
2015-06-08,13:25:00,5.88,5.88,5.88,5.88,1,0
2015-06-08,13:30:00,5.99,6,5.99,6,46,0
2015-06-08,14:05:00,6.09,6.13,6.09,6.13,250,0
2015-06-08,16:25:00,6.13,6.14,6.13,6.14,400,0
2015-06-08,16:50:00,6.1,6.1,6.1,6.1,500,0
2015-06-09,15:45:00,5.95,5.95,5.94,5.94,149,0
2015-06-09,16:25:00,6.08,6.08,6.08,6.08,100,0
2015-06-09,16:50:00,5.94,6.45,5.94,6.39,1713,0
2015-06-10,09:15:00,6.21,6.21,6.21,6.21,5,0
2015-06-10,12:30:00,6.17,6.17,6.17,6.17,261,0
2015-06-10,12:35:00,6.12,6.12,6.12,6.12,260,0
2015-06-10,12:40:00,6.12,6.17,5.94,5.94,301,0
2015-06-10,12:45:00,6.17,6.21,6.17,6.21,150,0
2015-06-10,16:00:00,6.21,6.21,6.21,6.21,256,0
2015-06-10,16:40:00,6.01,6.01,6.01,6.01,1,0
2015-06-10,16:50:00,6.2,6.2,6.2,6.2,204,0
2015-06-11,09:10:00,6.2,6.2,6.2,6.2,5,0
2015-06-11,11:00:00,6.2,6.2,6.2,6.2,31,0
2015-06-11,11:20:00,6.15,6.15,5.99,5.99,6,0
2015-06-11,11:45:00,5.99,5.99,5.99,5.99,1000,0
2015-06-11,12:05:00,6.02,6.02,6.01,6.01,423,0
2015-06-11,13:05:00,5.95,5.95,5.95,5.95,1,0
2015-06-11,13:15:00,6.14,6.14,6.14,6.14,1,0
2015-06-11,15:40:00,5.95,5.95,5.95,5.95,1,0
2015-06-11,16:15:00,6.1,6.1,6.1,6.1,1,0
2015-06-11,16:45:00,6,6,5.94,5.94,832,0
2015-06-11,16:50:00,6,6,6,6,772,0
2015-06-12,09:05:00,6.19,6.19,5.94,5.94,101,0
2015-06-12,16:50:00,6.15,6.15,6.15,6.15,150,0
2015-06-15,09:20:00,6.19,6.19,6.19,6.19,5,0
2015-06-15,09:45:00,6.19,6.19,6.19,6.19,80,0
2015-06-15,10:20:00,5.94,5.94,5.94,5.94,60,0
2015-06-15,10:50:00,5.95,5.95,5.94,5.94,500,0
2015-06-15,10:55:00,5.99,5.99,5.99,5.99,198,0
2015-06-15,11:15:00,5.99,5.99,5.99,5.99,99,0
2015-06-15,13:35:00,5.99,5.99,5.99,5.99,203,0
2015-06-15,13:45:00,6.01,6.01,6.01,6.01,180,0
2015-06-15,14:05:00,6.19,6.19,6.05,6.05,148,0
2015-06-15,14:20:00,6.19,6.19,6.19,6.19,400,0
2015-06-16,09:05:00,6.19,6.19,6.19,6.19,5,0
2015-06-16,09:35:00,5.95,5.95,5.95,5.95,1,0
2015-06-16,12:10:00,6.07,6.07,6.07,6.07,13,0
2015-06-16,14:45:00,6.03,6.03,6,6,872,0
2015-06-16,16:50:00,6,6,6,6,50,0
2015-06-17,10:05:00,6,6,6,6,5,0
2015-06-17,10:15:00,6,6,6,6,350,0
2015-06-17,10:30:00,6,6,6,6,1,0
2015-06-17,12:10:00,5.94,5.94,5.94,5.94,175,0
2015-06-17,12:15:00,5.94,5.94,5.94,5.94,201,0
2015-06-17,12:25:00,5.88,5.88,5.88,5.88,1,0
2015-06-17,14:40:00,5.9,5.9,5.9,5.9,799,0
2015-06-17,15:30:00,5.9,5.9,5.85,5.85,300,0
2015-06-17,15:45:00,5.85,5.85,5.85,5.85,611,0
2015-06-17,16:10:00,5.99,5.99,5.99,5.99,100,0
2015-06-17,16:25:00,5.85,5.85,5.85,5.85,1,0
2015-06-17,16:45:00,5.85,5.85,5.75,5.8,590,0
2015-06-17,16:50:00,5.98,5.98,5.98,5.98,300,0
2015-06-18,09:05:00,5.75,5.75,5.75,5.75,1,0
2015-06-18,10:35:00,5.77,5.77,5.77,5.77,330,0
2015-06-18,10:40:00,5.77,5.77,5.77,5.77,222,0
2015-06-18,10:55:00,5.77,5.77,5.77,5.77,347,0
2015-06-18,11:35:00,5.77,5.77,5.77,5.77,1051,0
2015-06-18,16:50:00,5.99,5.99,5.99,5.99,321,0
2015-06-19,09:05:00,5.75,5.75,5.75,5.75,1,0
2015-06-19,15:10:00,5.76,5.76,5.75,5.75,135,0
2015-06-19,16:15:00,5.75,5.75,5.75,5.75,436,0
2015-06-19,16:50:00,5.99,5.99,5.99,5.99,325,0
2015-06-22,09:10:00,5.99,5.99,5.76,5.76,6,0
2015-06-22,10:20:00,5.76,5.76,5.76,5.76,300,0
2015-06-22,12:05:00,5.87,5.91,5.87,5.91,150,0
2015-06-22,12:10:00,5.78,5.78,5.76,5.76,143,0
2015-06-22,12:20:00,5.76,5.76,5.76,5.76,857,0
2015-06-22,14:55:00,5.81,5.81,5.81,5.81,99,0
2015-06-22,15:05:00,5.81,5.81,5.81,5.81,99,0
2015-06-22,15:25:00,5.81,5.81,5.81,5.81,22,0
2015-06-22,15:50:00,5.81,5.81,5.79,5.79,180,0
2015-06-22,16:05:00,5.76,5.76,5.75,5.75,99,0
2015-06-22,16:45:00,5.79,5.81,5.79,5.81,1195,0
2015-06-22,16:50:00,5.99,5.99,5.99,5.99,776,0
2015-06-23,09:05:00,5.76,5.76,5.76,5.76,65,0
2015-06-23,11:15:00,5.92,6,5.92,6,182,0
2015-06-23,14:00:00,5.76,5.76,5.76,5.76,1000,0
2015-06-24,09:05:00,5.76,5.76,5.76,5.76,200,0
2015-06-24,09:10:00,5.76,5.76,5.75,5.75,1011,0
2015-06-24,09:30:00,5.55,5.55,5.53,5.53,1164,0
2015-06-24,09:50:00,5.61,5.61,5.55,5.59,267,0
2015-06-24,12:45:00,5.59,5.59,5.5,5.5,5000,0
2015-06-24,13:05:00,5.62,5.62,5.62,5.62,200,0
2015-06-24,13:45:00,5.62,5.62,5.62,5.62,1150,0
2015-06-24,13:50:00,5.62,5.62,5.62,5.62,111,0
2015-06-24,13:55:00,5.74,5.75,5.74,5.75,1608,0
2015-06-24,14:00:00,5.74,5.74,5.74,5.74,270,0
2015-06-24,14:05:00,5.75,5.75,5.75,5.75,770,0
2015-06-24,14:10:00,5.64,5.74,5.62,5.74,2644,0
2015-06-24,14:40:00,5.87,5.87,5.87,5.87,31,0
2015-06-25,10:50:00,5.87,5.9,5.87,5.9,2700,0
2015-06-25,11:20:00,5.9,5.9,5.68,5.68,5,0
2015-06-25,12:05:00,5.9,5.9,5.9,5.9,408,0
2015-06-25,12:35:00,5.8,5.8,5.8,5.8,1,0
2015-06-25,12:45:00,5.9,5.98,5.9,5.98,500,0
2015-06-25,13:15:00,5.98,6,5.98,6,1533,0
2015-06-25,13:45:00,6.12,6.12,6.12,6.12,300,0
2015-06-25,16:50:00,5.9,5.9,5.9,5.9,400,0
2015-06-26,09:05:00,5.9,5.9,5.9,5.9,5,0
2015-06-26,09:35:00,5.82,5.82,5.82,5.82,1,0
2015-06-26,12:10:00,5.83,5.83,5.8,5.8,2477,0
2015-06-26,12:15:00,5.67,5.67,5.67,5.67,1,0
2015-06-26,13:30:00,5.75,5.75,5.74,5.74,26,0
2015-06-26,13:50:00,5.75,5.75,5.75,5.75,1987,0
2015-06-26,14:35:00,5.78,5.8,5.78,5.8,500,0
2015-06-29,09:20:00,5.7,5.7,5.7,5.7,350,0
2015-06-29,13:20:00,5.84,5.84,5.84,5.84,150,0
2015-06-30,09:05:00,5.7,5.7,5.7,5.7,458,0
2015-06-30,09:50:00,5.7,5.7,5.67,5.67,180,0
2015-06-30,10:55:00,5.67,5.67,5.67,5.67,454,0
2015-06-30,11:45:00,5.6,5.6,5.5,5.5,5000,0
2015-06-30,12:25:00,5.67,5.67,5.35,5.35,6,0
2015-06-30,13:45:00,5.66,5.67,5.66,5.67,555,0
2015-06-30,14:05:00,5.63,5.8,5.63,5.8,6810,0
2015-06-30,16:00:00,5.65,5.65,5.65,5.65,1400,0
2015-06-30,16:25:00,5.8,5.8,5.8,5.8,500,0
2015-06-30,16:50:00,5.81,5.81,5.81,5.81,350,0
2015-07-01,09:10:00,5.82,5.82,5.82,5.82,5,0
2015-07-01,09:20:00,5.57,5.57,5.57,5.57,1,0
2015-07-01,11:00:00,5.82,5.82,5.82,5.82,667,0
2015-07-01,11:15:00,5.83,6.14,5.83,6.14,3055,0
2015-07-01,11:40:00,6.35,6.35,6.35,6.35,200,0
2015-07-01,11:55:00,5.8,5.8,5.8,5.8,33,0
2015-07-01,14:45:00,6.35,6.35,6.35,6.35,68,0
2015-07-01,16:00:00,6,6,6,6,1,0
2015-07-01,16:50:00,6,6,6,6,749,0
2015-07-02,09:20:00,6.3,6.3,6.3,6.3,50,0
2015-07-02,10:25:00,6,6,6,6,1000,0
2015-07-02,11:10:00,6,6,6,6,300,0
2015-07-02,12:30:00,6,6.3,6,6.3,400,0
2015-07-06,11:30:00,6.09,6.09,6.09,6.09,1,0
2015-07-06,14:30:00,6.09,6.09,6.09,6.09,499,0
2015-07-06,14:45:00,5.9,5.9,5.9,5.9,1,0
2015-07-06,16:50:00,6,6.2,6,6.2,450,0
2015-07-07,09:05:00,6.2,6.2,6.2,6.2,73,0
2015-07-07,09:55:00,6.09,6.09,6.09,6.09,300,0
2015-07-07,14:55:00,6.18,6.18,6.18,6.18,100,0
2015-07-08,09:10:00,6.18,6.18,6.18,6.18,5,0
2015-07-08,14:30:00,6.08,6.08,6.08,6.08,450,0
2015-07-09,09:05:00,5.91,5.91,5.91,5.91,590,0
2015-07-09,09:10:00,6.08,6.08,6.08,6.08,5,0
2015-07-10,09:40:00,5.97,5.97,5.97,5.97,5,0
2015-07-10,09:50:00,5.91,5.91,5.9,5.9,1359,0
2015-07-10,09:55:00,5.65,5.65,5.65,5.65,1,0
2015-07-10,10:00:00,5.9,5.9,5.9,5.9,1300,0
2015-07-10,10:30:00,5.71,5.71,5.71,5.71,1,0
2015-07-10,15:30:00,5.9,5.9,5.9,5.9,871,0
2015-07-10,15:40:00,5.9,5.9,5.9,5.9,21,0
2015-07-10,16:50:00,5.95,5.95,5.95,5.95,179,0
2015-07-13,09:15:00,5.9,5.9,5.9,5.9,450,0
2015-07-13,09:25:00,5.9,5.9,5.9,5.9,25,0
2015-07-13,09:30:00,5.69,5.69,5.69,5.69,1,0
2015-07-13,11:00:00,5.72,5.72,5.69,5.69,1021,0
2015-07-13,13:10:00,5.82,5.83,5.82,5.83,100,0
2015-07-13,14:10:00,5.77,5.77,5.77,5.77,13,0
2015-07-13,14:35:00,5.74,5.74,5.74,5.74,60,0
2015-07-13,14:40:00,5.69,5.69,5.69,5.69,1,0
2015-07-13,16:15:00,5.75,5.77,5.75,5.77,50,0
2015-07-13,16:50:00,5.69,5.69,5.69,5.69,477,0
2015-07-14,09:05:00,5.67,5.67,5.67,5.67,1481,0
2015-07-14,10:55:00,5.67,5.67,5.67,5.67,969,0
2015-07-14,11:00:00,5.67,5.67,5.67,5.67,119,0
2015-07-14,11:25:00,5.71,5.71,5.71,5.71,11,0
2015-07-14,12:40:00,5.71,5.71,5.7,5.7,47,0
2015-07-14,13:05:00,5.64,5.64,5.64,5.64,542,0
2015-07-14,16:50:00,5.74,5.74,5.74,5.74,65,0
2015-07-15,09:05:00,5.71,5.71,5.71,5.71,71,0
2015-07-15,09:10:00,5.71,5.71,5.71,5.71,51,0
2015-07-15,10:30:00,5.73,5.76,5.73,5.76,340,0
2015-07-15,10:55:00,5.76,5.76,5.64,5.64,4,0
2015-07-15,13:10:00,5.64,5.64,5.64,5.64,240,0
2015-07-15,13:15:00,5.64,5.76,5.64,5.76,400,0
2015-07-15,13:45:00,5.64,5.64,5.64,5.64,1,0
2015-07-15,13:55:00,5.74,5.74,5.74,5.74,150,0
2015-07-16,09:35:00,5.64,5.64,5.64,5.64,1,0
2015-07-16,10:15:00,5.64,5.64,5.64,5.64,269,0
2015-07-16,10:25:00,5.71,5.71,5.71,5.71,318,0
2015-07-16,12:25:00,5.7,5.7,5.7,5.7,231,0
2015-07-16,13:30:00,5.71,5.77,5.71,5.77,400,0
2015-07-17,09:25:00,5.76,5.76,5.76,5.76,5,0
2015-07-17,15:30:00,5.66,5.66,5.5,5.5,1281,0
2015-07-17,15:35:00,5.76,5.77,5.76,5.77,100,0
2015-07-17,16:30:00,5.65,5.65,5.65,5.65,465,0
2015-07-17,16:50:00,5.76,5.76,5.76,5.76,135,0
2015-07-20,09:15:00,5.76,5.76,5.76,5.76,99,0
2015-07-20,09:25:00,5.76,5.76,5.76,5.76,99,0
2015-07-20,10:25:00,5.77,5.77,5.77,5.77,600,0
2015-07-20,13:35:00,5.77,5.77,5.77,5.77,694,0
2015-07-20,15:20:00,5.94,5.94,5.94,5.94,100,0
2015-07-20,16:50:00,5.76,5.93,5.76,5.93,288,0
2015-07-21,12:30:00,5.94,5.94,5.85,5.85,698,0
2015-07-21,12:35:00,5.94,5.94,5.94,5.94,100,0
2015-07-21,16:10:00,5.85,5.94,5.85,5.94,402,0
2015-07-21,16:50:00,5.94,6.18,5.94,6.18,3370,0
2015-07-22,09:05:00,6.05,6.05,6.05,6.05,62,0
2015-07-22,11:25:00,5.89,5.89,5.71,5.71,3,0
2015-07-22,12:30:00,6,6,6,6,400,0
2015-07-22,16:50:00,6.05,6.05,6.05,6.05,100,0
2015-07-23,09:15:00,5.82,5.82,5.82,5.82,1,0
2015-07-24,09:20:00,6.08,6.08,6.08,6.08,5,0
2015-07-24,12:50:00,5.95,5.95,5.95,5.95,2,0
2015-07-24,13:05:00,5.94,5.94,5.94,5.94,600,0
2015-07-24,13:40:00,5.95,6,5.95,6,1998,0
2015-07-24,16:45:00,6,6,6,6,235,0
2015-07-27,09:20:00,6.18,6.18,6.18,6.18,5,0
2015-07-27,09:30:00,5.83,5.83,5.83,5.83,1,0
2015-07-27,15:55:00,6.18,6.18,6.18,6.18,50,0
2015-07-27,16:50:00,6.18,6.18,6.18,6.18,91,0
2015-07-28,09:10:00,6.18,6.18,6.18,6.18,5,0
2015-07-28,09:30:00,5.9,5.9,5.9,5.9,1,0
2015-07-28,12:20:00,5.9,5.9,5.9,5.9,205,0
2015-07-28,13:20:00,6.18,6.2,6.18,6.2,150,0
2015-07-28,16:00:00,6,6,6,6,211,0
2015-07-28,16:50:00,6.2,6.2,6.2,6.2,100,0
2015-07-29,11:05:00,6.15,6.15,6.15,6.15,5,0
2015-07-29,12:15:00,6.15,6.15,6.15,6.15,100,0
2015-07-29,16:40:00,6.15,6.15,6.15,6.15,895,0
2015-07-29,16:50:00,6.2,6.2,6.2,6.2,100,0
2015-07-30,09:55:00,5.9,5.9,5.9,5.9,1638,0
2015-07-30,10:05:00,5.91,5.91,5.91,5.91,569,0
2015-07-30,10:15:00,5.91,6.19,5.91,6,1140,0
2015-07-30,10:20:00,6,6,5.63,5.63,22585,0
2015-07-30,10:25:00,5.98,6.19,5.9,6.19,244,0
2015-07-30,16:50:00,6,6,6,6,1,0
2015-07-31,09:05:00,5.87,5.87,5.87,5.87,1,0
2015-07-31,10:25:00,5.99,5.99,5.78,5.78,483,0
2015-07-31,13:00:00,5.95,5.95,5.95,5.95,200,0
2015-07-31,13:20:00,5.78,5.78,5.78,5.78,1,0
2015-07-31,13:50:00,5.78,5.78,5.78,5.78,700,0
2015-07-31,14:00:00,5.82,5.82,5.82,5.82,10,0
2015-07-31,14:15:00,5.86,5.86,5.86,5.86,1,0
2015-07-31,14:25:00,5.86,5.86,5.86,5.86,200,0
2015-07-31,15:30:00,5.89,5.9,5.89,5.9,110,0
2015-07-31,16:25:00,5.9,5.9,5.9,5.9,55,0
2015-07-31,16:50:00,5.92,6.13,5.92,6.13,2185,0
2015-08-03,09:05:00,6.15,6.15,6.15,6.15,340,0
2015-08-03,12:45:00,6.25,6.25,6.25,6.25,300,0
2015-08-03,14:45:00,6.15,6.15,6.15,6.15,260,0
2015-08-04,09:05:00,6.1,6.1,6.1,6.1,321,0
2015-08-04,15:30:00,6.09,6.09,6.09,6.09,6,0
2015-08-04,15:40:00,5.91,5.91,5.91,5.91,1,0
2015-08-04,16:50:00,5.91,5.91,5.91,5.91,84,0
2015-08-05,09:25:00,6.1,6.1,6.1,6.1,5,0
2015-08-05,10:10:00,5.92,5.92,5.92,5.92,1,0
2015-08-05,15:30:00,5.92,5.92,5.92,5.92,284,0
2015-08-05,15:35:00,5.92,6,5.92,6,618,0
2015-08-05,15:45:00,5.92,6,5.92,6,4308,0
2015-08-05,15:50:00,6,6,6,6,1695,0
2015-08-05,16:10:00,5.95,5.95,5.95,5.95,1,0
2015-08-05,16:30:00,6,6,6,6,1232,0
2015-08-05,16:35:00,6,6,6,6,502,0
2015-08-05,16:50:00,6.03,6.11,6.03,6.03,3710,0
2015-08-06,09:20:00,6.25,6.25,6.25,6.25,2,0
2015-08-06,10:40:00,5.94,5.94,5.94,5.94,1,0
2015-08-06,13:55:00,6.24,6.24,6.24,6.24,134,0
2015-08-06,14:10:00,6.03,6.03,6.03,6.03,1,0
2015-08-06,16:50:00,6.24,6.24,6.24,6.24,149,0
2015-08-07,09:20:00,6.24,6.24,6.24,6.24,2,0
2015-08-07,10:05:00,6.01,6.01,6.01,6.01,1,0
2015-08-07,10:30:00,6.24,6.25,6.24,6.25,200,0
2015-08-10,09:20:00,6.25,6.25,6.25,6.25,5,0
2015-08-11,10:35:00,6.15,6.15,6.15,6.15,5,0
2015-08-11,11:00:00,6.05,6.05,6.05,6.05,200,0
2015-08-11,11:10:00,6.05,6.05,6.05,6.05,200,0
2015-08-11,12:35:00,6,6,6,6,1260,0
2015-08-11,12:50:00,6.08,6.08,6.08,6.08,160,0
2015-08-11,12:55:00,6.08,6.08,5.92,5.92,8,0
2015-08-11,13:40:00,5.99,5.99,5.99,5.99,8,0
2015-08-11,13:45:00,5.94,5.94,5.94,5.94,1,0
2015-08-11,16:50:00,5.95,6.07,5.93,6.07,503,0
2015-08-12,09:05:00,5.93,5.93,5.93,5.93,1,0
2015-08-12,10:55:00,5.93,5.93,5.93,5.93,625,0
2015-08-12,11:40:00,5.93,5.93,5.93,5.93,500,0
2015-08-12,11:45:00,5.93,5.93,5.93,5.93,285,0
2015-08-12,15:45:00,6.07,6.07,6.07,6.07,133,0
2015-08-12,16:50:00,6.08,6.08,6.08,6.08,150,0
2015-08-13,14:55:00,5.95,5.95,5.95,5.95,1,0
2015-08-13,16:50:00,6.05,6.05,6.05,6.05,100,0
2015-08-14,10:10:00,6.05,6.05,6.05,6.05,5,0
2015-08-14,11:40:00,5.95,5.95,5.95,5.95,1,0
2015-08-14,12:20:00,5.95,5.95,5.95,5.95,5648,0
2015-08-14,14:40:00,5.99,6,5.99,6,864,0
2015-08-14,14:45:00,6,6,6,6,836,0
2015-08-14,16:10:00,6,6,6,6,164,0
2015-08-14,16:35:00,6.05,6.05,6.05,6.05,890,0
2015-08-14,16:50:00,6.08,6.08,6.08,6.08,148,0
2015-08-17,10:05:00,6.08,6.1,6.08,6.1,1500,0
2015-08-17,11:55:00,6.1,6.25,6.1,6.25,400,0
2015-08-17,13:10:00,6,6,6,6,1260,0
2015-08-17,13:15:00,5.94,5.94,5.94,5.94,500,0
2015-08-17,16:10:00,6,6,6,6,2050,0
2015-08-17,16:50:00,6.15,6.15,6.15,6.15,150,0
2015-08-18,09:20:00,6.25,6.25,6.25,6.25,5,0
2015-08-19,09:15:00,6.25,6.25,6.25,6.25,5,0
2015-08-19,14:20:00,6.12,6.12,6.12,6.12,5,0
2015-08-20,10:40:00,6.25,6.25,6.25,6.25,5,0
2015-08-20,14:45:00,5.97,5.97,5.97,5.97,1,0
2015-08-20,16:50:00,6.05,6.05,6.05,6.05,150,0
2015-08-21,11:10:00,6.05,6.05,6.05,6.05,5,0
2015-08-21,11:50:00,5.94,5.94,5.94,5.94,4425,0
2015-08-21,16:10:00,6.05,6.05,6.05,6.05,100,0
2015-08-24,09:05:00,5.9,5.9,5.9,5.9,149,0
2015-08-24,09:35:00,5.9,6.05,5.9,6.05,120,0
2015-08-24,11:00:00,5.83,5.83,5.83,5.83,1,0
2015-08-24,14:20:00,5.83,5.83,5.83,5.83,1000,0
2015-08-24,14:55:00,5.83,5.83,5.83,5.83,30,0
2015-08-24,15:30:00,5.83,5.83,5.83,5.83,745,0
2015-08-24,15:35:00,5.83,5.83,5.83,5.83,375,0
2015-08-24,16:05:00,5.83,5.83,5.83,5.83,1222,0
2015-08-25,09:05:00,5.83,5.83,5.83,5.83,600,0
2015-08-25,10:10:00,5.89,5.89,5.89,5.89,222,0
2015-08-25,10:15:00,5.9,5.9,5.9,5.9,1280,0
2015-08-26,09:15:00,5.9,5.9,5.9,5.9,5,0
2015-08-27,09:05:00,5.8,5.8,5.8,5.8,1000,0
2015-08-27,10:25:00,5.8,5.8,5.8,5.8,300,0
2015-08-27,14:45:00,5.8,5.8,5.8,5.8,1700,0
2015-08-27,16:50:00,5.81,5.81,5.81,5.81,80,0
2015-08-28,09:05:00,5.81,5.81,5.81,5.81,5,0
2015-08-28,15:25:00,5.81,5.81,5.81,5.81,615,0
2015-08-28,16:35:00,5.83,5.83,5.83,5.83,522,0
2015-08-28,16:40:00,5.85,5.85,5.85,5.85,478,0
2015-08-28,16:45:00,5.85,5.85,5.85,5.85,100,0
2015-08-28,16:50:00,5.85,5.85,5.85,5.85,3000,0
2015-08-31,09:05:00,5.81,5.81,5.6,5.6,2871,0
2015-08-31,09:10:00,5.6,5.6,5.6,5.6,800,0
2015-08-31,09:15:00,5.6,5.9,5.6,5.9,1591,0
2015-08-31,09:20:00,5.51,5.51,5.51,5.51,1,0
2015-08-31,09:30:00,5.6,5.6,5.6,5.6,200,0
2015-08-31,11:25:00,5.75,5.75,5.75,5.75,148,0
2015-08-31,16:50:00,5.75,5.75,5.75,5.75,292,0
2015-09-01,09:05:00,5.79,5.79,5.79,5.79,5,0
2015-09-01,12:50:00,5.6,5.6,5.6,5.6,909,0
2015-09-01,14:05:00,5.65,5.65,5.65,5.65,100,0
2015-09-01,15:10:00,5.6,5.6,5.6,5.6,500,0
2015-09-01,15:40:00,5.6,5.6,5.6,5.6,459,0
2015-09-01,15:55:00,5.64,5.64,5.64,5.64,100,0
2015-09-01,16:50:00,5.64,5.64,5.64,5.64,1500,0
2015-09-02,09:30:00,5.64,5.64,5.64,5.64,5,0
2015-09-02,12:10:00,5.64,5.64,5.64,5.64,198,0
2015-09-02,13:05:00,5.64,5.64,5.55,5.55,276,0
2015-09-02,15:00:00,5.63,5.65,5.63,5.65,2000,0
2015-09-04,10:15:00,5.65,5.65,5.65,5.65,2,0
2015-09-04,11:00:00,5.53,5.64,5.53,5.64,650,0
2015-09-04,11:15:00,5.42,5.42,5.42,5.42,1,0
2015-09-04,11:25:00,5.64,5.64,5.64,5.64,1,0
2015-09-07,09:30:00,5.6,5.6,5.6,5.6,5,0
2015-09-07,16:15:00,5.5,5.5,5.48,5.48,600,0
2015-09-07,16:20:00,5.48,5.48,5.48,5.48,1100,0
2015-09-07,16:40:00,5.43,5.43,5.43,5.43,91,0
2015-09-07,16:50:00,5.48,5.48,5.48,5.48,100,0
2015-09-08,09:50:00,5.47,5.47,5.47,5.47,5,0
2015-09-08,14:10:00,5.43,5.43,5.35,5.35,1598,0
2015-09-08,14:20:00,5.35,5.35,5.29,5.29,2200,0
2015-09-08,14:40:00,5.35,5.35,5.2,5.25,138,0
2015-09-08,14:45:00,5.35,5.35,5.35,5.35,39,0
2015-09-08,15:15:00,5.08,5.08,5.08,5.08,1,0
2015-09-08,16:40:00,5.32,5.33,5.32,5.33,608,0
2015-09-10,09:05:00,5.33,5.33,5.33,5.33,1140,0
2015-09-10,13:05:00,5.43,5.43,5.43,5.43,100,0
2015-09-11,09:10:00,5.43,5.43,5.43,5.43,5,0
2015-09-14,10:05:00,5.43,5.43,5.43,5.43,5,0
2015-09-15,09:50:00,5.43,5.43,5.43,5.43,5,0
2015-09-16,09:25:00,5.43,5.43,5.43,5.43,4,0
2015-09-16,13:05:00,5.25,5.25,5.25,5.25,200,0
2015-09-16,14:35:00,5.42,5.42,5.42,5.42,400,0
2015-09-16,16:30:00,5.25,5.43,5.25,5.43,194,0
2015-09-16,16:50:00,5.43,5.43,5.43,5.43,198,0
2015-09-17,09:10:00,5.43,5.43,5.43,5.43,5,0
2015-09-18,15:55:00,5.43,5.43,5.43,5.43,5,0
2015-09-21,09:50:00,5.43,5.43,5.43,5.43,2,0
2015-09-22,10:05:00,5.43,5.43,5.43,5.43,2,0
2015-09-22,11:10:00,5.43,5.43,5.43,5.43,85,0
2015-09-23,10:05:00,5.43,5.43,5.43,5.43,2,0
2015-09-24,10:40:00,5.42,5.42,5.42,5.42,2,0
2015-09-25,09:55:00,5.42,5.42,5.42,5.42,2,0
2015-09-28,09:20:00,5.42,5.42,5.42,5.42,5,0
2015-09-29,11:25:00,5.42,5.42,5.42,5.42,5,0
2015-09-29,15:45:00,5.42,5.42,5.42,5.42,900,0
2015-09-30,12:40:00,5.42,5.42,5.42,5.42,5,0
2015-09-30,14:40:00,5.42,5.42,5.42,5.42,114,0
2015-09-30,14:45:00,5.42,5.42,5.42,5.42,818,0
2015-10-01,13:15:00,5.25,5.25,5.25,5.25,356,0
2015-10-01,14:35:00,5.25,5.25,5.25,5.25,1344,0
2015-10-01,15:00:00,5.42,5.42,5.42,5.42,30,0
2015-10-01,15:20:00,5.42,5.42,5.42,5.42,1133,0
2015-10-01,15:30:00,5.42,5.42,5.42,5.42,500,0
2015-10-01,16:50:00,5.42,5.42,5.42,5.42,49,0
2015-10-02,09:15:00,5.42,5.42,5.42,5.42,5,0
2015-10-02,09:40:00,5.2,5.42,5,5.42,2605,0
2015-10-02,11:50:00,5.12,5.12,5.12,5.12,34,0
2015-10-02,14:10:00,5.24,5.24,5.24,5.24,1648,0
2015-10-02,14:20:00,5.25,5.25,5.25,5.25,250,0
2015-10-02,14:45:00,5.25,5.25,5.25,5.25,750,0
2015-10-02,15:35:00,5.42,5.42,5.42,5.42,1638,0
2015-10-02,15:40:00,5.45,5.5,5.45,5.5,250,0
2015-10-02,16:35:00,5.46,5.46,5.46,5.46,65,0
2015-10-02,16:50:00,5.42,5.42,5.42,5.42,12086,0
2015-10-05,09:10:00,5.46,5.65,5.46,5.65,1835,0
2015-10-05,11:00:00,5.6,5.63,5.6,5.63,1836,0
2015-10-05,11:05:00,5.79,5.9,5.79,5.9,200,0
2015-10-05,13:00:00,5.63,5.63,5.55,5.55,1964,0
2015-10-05,13:10:00,5.55,5.83,5.55,5.83,100,0
2015-10-06,09:20:00,5.78,5.78,5.78,5.78,5,0
2015-10-06,13:55:00,5.48,5.48,5.45,5.45,6000,0
2015-10-06,14:00:00,5.5,5.58,5.5,5.58,1806,0
2015-10-06,14:20:00,5.47,5.47,5.47,5.47,561,0
2015-10-06,14:30:00,5.51,5.56,5.51,5.56,1547,0
2015-10-06,14:40:00,5.5,5.55,5.5,5.55,1386,0
2015-10-06,14:45:00,5.5,5.5,5.5,5.5,4280,0
2015-10-06,15:40:00,5.49,5.49,5.48,5.48,3000,0
2015-10-06,16:35:00,5.54,5.54,5.54,5.54,287,0
2015-10-06,16:50:00,5.47,5.47,5.47,5.47,4222,0
2015-10-07,09:10:00,5.55,5.55,5.55,5.55,5,0
2015-10-07,09:15:00,5.46,5.55,5.46,5.55,1660,0
2015-10-08,14:05:00,5.45,5.45,5.45,5.45,1400,0
2015-10-08,15:10:00,5.52,5.52,5.52,5.52,2,0
2015-10-08,15:45:00,5.52,5.52,5.27,5.27,8,0
2015-10-08,16:30:00,5.52,5.61,5.52,5.61,5827,0
2015-10-08,16:40:00,5.74,5.74,5.74,5.74,200,0
2015-10-08,16:50:00,5.69,5.69,5.69,5.69,300,0
2015-10-09,09:05:00,5.51,5.51,5.51,5.51,1,0
2015-10-09,10:20:00,5.7,5.7,5.7,5.7,5,0
2015-10-09,11:00:00,5.6,5.6,5.6,5.6,7173,0
2015-10-09,12:35:00,5.53,5.53,5.4,5.4,5900,0
2015-10-09,12:40:00,5.36,5.36,5.36,5.36,1,0
2015-10-09,12:50:00,5.44,5.5,5.44,5.5,372,0
2015-10-09,13:00:00,5.5,5.5,5.5,5.5,77,0
2015-10-09,14:00:00,5.5,5.5,5.4,5.4,499,0
2015-10-09,16:50:00,5.36,5.36,5.36,5.36,1061,0
2015-10-12,09:05:00,5.27,5.27,5.27,5.27,1,0
2015-10-12,12:40:00,5.53,5.53,5.53,5.53,10,0
2015-10-12,16:35:00,5.3,5.3,5.3,5.3,1,0
2015-10-12,16:50:00,5.49,5.49,5.49,5.49,500,0
2015-10-13,09:05:00,5.5,5.5,5.5,5.5,5,0
2015-10-13,09:35:00,5.4,5.4,5.4,5.4,5,0
2015-10-13,10:05:00,5.4,5.4,5.4,5.4,470,0
2015-10-13,12:10:00,5.4,5.4,5.4,5.4,30,0
2015-10-13,12:25:00,5.32,5.32,5.32,5.32,2,0
2015-10-13,16:40:00,5.49,5.49,5.49,5.49,5,0
2015-10-13,16:50:00,5.36,5.36,5.36,5.36,217,0
2015-10-14,09:05:00,5.4,5.4,5.4,5.4,130,0
2015-10-14,09:10:00,5.37,5.37,5.36,5.36,241,0
2015-10-15,09:15:00,5.4,5.4,5.4,5.4,10,0
2015-10-15,09:25:00,5.31,5.31,5.31,5.31,5,0
2015-10-15,11:25:00,5.4,5.4,5.4,5.4,5,0
2015-10-15,11:40:00,5.4,5.4,5.4,5.4,655,0
2015-10-15,12:40:00,5.48,5.48,5.48,5.48,5,0
2015-10-15,16:50:00,5.3,5.3,5.3,5.3,558,0
2015-10-16,09:30:00,5.32,5.32,5.32,5.32,2,0
2015-10-16,13:10:00,5.46,5.46,5.46,5.46,3,0
2015-10-16,16:25:00,5.46,5.46,5.46,5.46,200,0
2015-10-19,16:50:00,5.32,5.32,5.3,5.3,1797,0
2015-10-20,09:45:00,5.5,5.5,5.5,5.5,100,0
2015-10-20,10:40:00,5.1,5.1,5.1,5.1,50,0
2015-10-20,10:45:00,5.1,5.1,5.07,5.07,350,0
2015-10-20,11:05:00,5.3,5.3,5.3,5.3,1,0
2015-10-20,11:10:00,5.3,5.3,5.3,5.3,718,0
2015-10-20,16:50:00,5.12,5.29,5.12,5.29,1918,0
2015-10-21,09:05:00,5.29,5.29,5.29,5.29,9,0
2015-10-21,10:55:00,5.07,5.07,5.07,5.07,300,0
2015-10-21,16:00:00,5.27,5.29,5.27,5.29,100,0
2015-10-21,16:15:00,5.09,5.09,5.07,5.07,1766,0
2015-10-21,16:50:00,5.01,5.01,5.01,5.01,1009,0
2015-10-22,09:05:00,5.32,5.32,5.32,5.32,200,0
2015-10-22,09:30:00,5.29,5.29,5.29,5.29,120,0
2015-10-22,10:35:00,5.19,5.19,5.19,5.19,65,0
2015-10-22,10:45:00,5.19,5.19,5.19,5.19,35,0
2015-10-22,10:55:00,5.04,5.04,5.04,5.04,1000,0
2015-10-22,11:55:00,5.02,5.02,5,5,600,0
2015-10-22,12:00:00,4.97,4.97,4.96,4.96,1771,0
2015-10-22,13:25:00,5,5,5,5,1820,0
2015-10-22,13:30:00,5,5,4.92,4.92,5,0
2015-10-22,16:50:00,4.9,4.9,4.9,4.9,1993,0
2015-10-23,10:00:00,4.85,4.85,4.84,4.84,2547,0
2015-10-23,10:05:00,4.81,4.81,4.8,4.8,453,0
2015-10-23,10:10:00,4.8,4.8,4.8,4.8,557,0
2015-10-23,10:15:00,4.8,4.8,4.75,4.75,48,0
2015-10-23,10:20:00,4.8,4.8,4.8,4.8,153,0
2015-10-23,10:25:00,4.7,4.79,4.65,4.65,963,0
2015-10-23,10:35:00,4.79,4.8,4.79,4.8,500,0
2015-10-23,10:45:00,4.8,4.8,4.8,4.8,399,0
2015-10-23,10:55:00,4.79,4.8,4.79,4.8,951,0
2015-10-23,12:05:00,4.8,4.8,4.8,4.8,148,0
2015-10-23,13:25:00,4.84,4.84,4.84,4.84,52,0
2015-10-23,14:05:00,4.75,4.85,4.75,4.85,4259,0
2015-10-23,14:10:00,4.95,4.98,4.95,4.98,500,0
2015-10-23,16:40:00,4.83,4.83,4.81,4.81,500,0
2015-10-23,16:50:00,4.81,4.98,4.81,4.98,1000,0
2015-10-26,09:25:00,5.08,5.08,5.08,5.08,1400,0
2015-10-26,16:50:00,5.08,5.08,5.08,5.08,400,0
2015-10-27,09:55:00,4.89,4.89,4.89,4.89,1,0
2015-10-27,10:55:00,5.08,5.08,5.08,5.08,5,0
2015-10-27,13:30:00,5.08,5.09,5.08,5.09,416,0
2015-10-27,14:35:00,5.09,5.09,5.09,5.09,1500,0
2015-10-27,15:00:00,5.08,5.08,5.08,5.08,1,0
2015-10-27,16:50:00,5.28,5.28,5.28,5.28,400,0
2015-10-28,09:15:00,5.28,5.28,5.28,5.28,10,0
2015-10-28,10:05:00,5.08,5.08,5.08,5.08,1,0
2015-10-28,10:55:00,5.27,5.27,5.27,5.27,10,0
2015-10-28,16:40:00,5.08,5.08,5.05,5.05,860,0
2015-10-28,16:50:00,5.28,5.28,5.28,5.28,600,0
2015-10-29,09:20:00,5.28,5.28,5.28,5.28,10,0
2015-10-29,12:25:00,5.04,5.04,5.04,5.04,1500,0
2015-10-29,13:30:00,5.28,5.28,5.28,5.28,5,0
2015-10-29,14:10:00,5.1,5.1,4.96,4.96,5,0
2015-10-29,15:00:00,5.1,5.1,5.1,5.1,5,0
2015-10-29,16:50:00,5.1,5.1,5.1,5.1,200,0
2015-10-30,10:10:00,5.28,5.28,5.28,5.28,2,0
2015-10-30,10:40:00,4.93,4.93,4.93,4.93,1,0
2015-10-30,15:20:00,5.1,5.1,5.1,5.1,5,0
2015-11-02,16:40:00,5.1,5.1,5.1,5.1,1480,0
2015-11-02,16:50:00,5.28,5.28,5.28,5.28,354,0
2015-11-03,09:25:00,5.28,5.28,5.28,5.28,10,0
2015-11-04,09:10:00,5.28,5.28,5.28,5.28,7,0
2015-11-05,09:20:00,5.27,5.27,5.27,5.27,10,0
2015-11-05,14:50:00,5.1,5.1,5.1,5.1,189,0
2015-11-05,15:45:00,5.1,5.1,5.1,5.1,110,0
2015-11-05,16:30:00,5.15,5.15,5.15,5.15,550,0
2015-11-06,09:55:00,5.2,5.2,5.2,5.2,10,0
2015-11-06,11:45:00,5.1,5.1,5.1,5.1,47,0
2015-11-06,12:45:00,5.01,5.01,5.01,5.01,130,0
2015-11-06,13:10:00,5.1,5.1,5.1,5.1,10,0
2015-11-09,09:45:00,5.24,5.24,5.24,5.24,10,0
2015-11-09,13:10:00,5.24,5.28,5.24,5.28,5901,0
2015-11-09,13:20:00,5.3,5.3,5.3,5.3,300,0
2015-11-09,13:30:00,5.35,5.36,5.35,5.36,300,0
2015-11-09,14:20:00,5.29,5.29,5.29,5.29,1,0
2015-11-09,15:20:00,5.35,5.35,5.35,5.35,237,0
2015-11-09,16:20:00,5.2,5.2,5.2,5.2,943,0
2015-11-09,16:25:00,5.2,5.3,5.2,5.2,5977,0
2015-11-09,16:30:00,5.27,5.28,5.27,5.28,9700,0
2015-11-09,16:50:00,5.2,5.2,5.2,5.2,200,0
2015-11-10,09:10:00,5.2,5.2,5.2,5.2,10,0
2015-11-10,11:05:00,5.01,5.01,5.01,5.01,574,0
2015-11-10,11:10:00,4.91,4.91,4.91,4.91,1,0
2015-11-10,16:30:00,5.2,5.2,5.2,5.2,100,0
