Date,Time,Open,High,Low,Close,Volume,OpenInt
2015-10-05,09:05:00,2.81,2.81,2.53,2.63,21014,0
2015-10-05,09:10:00,2.56,2.59,2.53,2.53,3195,0
2015-10-05,09:45:00,2.28,2.28,2.28,2.28,11475,0
2015-10-06,09:15:00,1.74,1.74,1.74,1.74,30160,0
2015-10-06,09:20:00,1.85,1.85,1.75,1.75,4350,0
2015-10-06,09:25:00,1.8,1.89,1.8,1.88,4548,0
2015-10-06,09:30:00,1.9,1.9,1.8,1.85,3319,0
2015-10-06,09:35:00,1.85,1.85,1.75,1.75,8381,0
2015-10-06,09:40:00,1.83,1.83,1.83,1.83,300,0
2015-10-06,09:45:00,1.85,1.88,1.78,1.88,2100,0
2015-10-06,09:50:00,1.89,1.9,1.89,1.9,13153,0
2015-10-06,11:15:00,2,2,1.96,1.96,17271,0
2015-10-06,11:20:00,2,2.04,2,2.04,6085,0
2015-10-06,11:25:00,2.04,2.04,2.03,2.03,1706,0
2015-10-06,11:30:00,2.03,2.03,2,2,500,0
2015-10-06,11:40:00,2.03,2.03,2.03,2.03,106,0
2015-10-06,11:50:00,1.92,1.96,1.9,1.96,7450,0
2015-10-06,11:55:00,1.96,2.02,1.96,2.02,1191,0
2015-10-06,12:00:00,2,2.02,2,2.02,491,0
2015-10-06,12:25:00,2.02,2.04,2.02,2.04,4353,0
2015-10-06,12:55:00,1.93,1.93,1.93,1.93,173,0
2015-10-06,13:00:00,2.03,2.03,2.03,2.03,1,0
2015-10-06,13:10:00,2,2,2,2,700,0
2015-10-06,13:20:00,2.01,2.01,2,2,916,0
2015-10-06,13:25:00,2,2,2,2,650,0
2015-10-06,13:35:00,1.95,1.95,1.94,1.94,1150,0
2015-10-06,13:45:00,1.94,2,1.91,2,14991,0
2015-10-06,13:50:00,1.98,1.98,1.98,1.98,150,0
2015-10-06,13:55:00,1.92,1.92,1.9,1.9,2402,0
2015-10-06,14:00:00,1.82,1.82,1.82,1.82,473,0
2015-10-06,14:10:00,1.93,1.93,1.93,1.93,50,0
2015-10-06,14:15:00,1.9,1.9,1.9,1.9,650,0
2015-10-06,14:20:00,1.9,1.9,1.9,1.9,1080,0
2015-10-06,14:25:00,1.9,1.9,1.9,1.9,1500,0
2015-10-06,14:45:00,1.89,1.89,1.89,1.89,323,0
2015-10-06,14:50:00,1.9,1.9,1.9,1.9,988,0
2015-10-06,14:55:00,1.9,1.9,1.9,1.9,313,0
2015-10-06,15:15:00,1.9,1.9,1.9,1.9,2070,0
2015-10-06,15:25:00,1.9,1.9,1.9,1.9,155,0
2015-10-06,15:30:00,1.9,1.9,1.9,1.9,400,0
2015-10-06,15:35:00,1.89,1.89,1.89,1.89,300,0
2015-10-06,16:00:00,1.89,1.89,1.89,1.89,35,0
2015-10-06,16:05:00,1.84,1.84,1.82,1.82,2825,0
2015-10-06,16:10:00,1.8,1.8,1.8,1.8,700,0
2015-10-06,16:15:00,1.8,1.8,1.75,1.75,15526,0
2015-10-06,16:25:00,1.77,1.77,1.76,1.76,2753,0
2015-10-06,16:30:00,1.79,1.79,1.74,1.79,3033,0
2015-10-06,16:35:00,1.74,1.74,1.73,1.73,987,0
2015-10-06,16:40:00,1.74,1.78,1.72,1.76,6873,0
2015-10-06,16:45:00,1.75,1.75,1.72,1.72,4732,0
2015-10-06,16:50:00,1.7,1.7,1.7,1.7,4970,0
2015-10-07,09:05:00,1.74,1.8,1.7,1.8,5456,0
2015-10-07,09:10:00,1.79,1.85,1.79,1.8,24294,0
2015-10-07,09:15:00,1.85,1.91,1.85,1.91,1567,0
2015-10-07,09:45:00,1.91,1.91,1.91,1.91,9457,0
2015-10-07,09:50:00,1.86,1.86,1.8,1.8,2950,0
2015-10-07,09:55:00,1.89,1.89,1.89,1.89,40,0
2015-10-07,10:10:00,1.83,1.83,1.83,1.83,4340,0
2015-10-07,10:20:00,1.8,1.8,1.8,1.8,1350,0
2015-10-07,10:25:00,1.8,1.85,1.8,1.85,2381,0
2015-10-07,10:30:00,1.84,1.84,1.84,1.84,829,0
2015-10-07,10:45:00,1.85,1.85,1.85,1.85,2160,0
2015-10-07,10:50:00,1.85,1.85,1.85,1.85,260,0
2015-10-07,10:55:00,1.84,1.84,1.84,1.84,150,0
2015-10-07,11:15:00,1.85,1.85,1.85,1.85,270,0
2015-10-07,11:20:00,1.85,1.85,1.85,1.85,1012,0
2015-10-07,11:25:00,1.85,1.87,1.84,1.84,2633,0
2015-10-07,11:35:00,1.84,1.84,1.84,1.84,480,0
2015-10-07,11:40:00,1.82,1.82,1.82,1.82,3000,0
2015-10-07,11:45:00,1.82,1.82,1.81,1.81,2729,0
2015-10-07,11:50:00,1.8,1.8,1.8,1.8,1430,0
2015-10-07,11:55:00,1.8,1.82,1.8,1.82,2233,0
2015-10-07,12:05:00,1.82,1.82,1.81,1.81,600,0
2015-10-07,12:35:00,1.82,1.82,1.82,1.82,550,0
2015-10-07,12:55:00,1.8,1.8,1.8,1.8,200,0
2015-10-07,13:10:00,1.82,1.82,1.82,1.82,160,0
2015-10-07,13:15:00,1.82,1.82,1.82,1.82,59,0
2015-10-07,13:25:00,1.81,1.81,1.81,1.81,400,0
2015-10-07,13:30:00,1.81,1.81,1.8,1.8,10495,0
2015-10-07,13:35:00,1.8,1.8,1.8,1.8,3503,0
2015-10-07,14:15:00,1.76,1.76,1.75,1.75,13330,0
2015-10-07,14:20:00,1.75,1.75,1.75,1.75,2990,0
2015-10-07,14:30:00,1.75,1.75,1.71,1.71,1305,0
2015-10-07,14:40:00,1.78,1.78,1.78,1.78,10,0
2015-10-07,14:45:00,1.71,1.71,1.61,1.7,15856,0
2015-10-07,14:55:00,1.65,1.65,1.62,1.62,4036,0
2015-10-07,15:00:00,1.62,1.63,1.62,1.63,384,0
2015-10-07,15:05:00,1.67,1.67,1.67,1.67,5290,0
2015-10-07,15:10:00,1.67,1.67,1.67,1.67,1500,0
2015-10-07,15:15:00,1.68,1.69,1.68,1.69,1216,0
2015-10-07,15:20:00,1.69,1.69,1.69,1.69,334,0
2015-10-07,15:25:00,1.66,1.66,1.65,1.65,1445,0
2015-10-07,15:35:00,1.66,1.66,1.57,1.59,25995,0
2015-10-07,15:40:00,1.57,1.57,1.57,1.57,3213,0
2015-10-07,15:45:00,1.57,1.57,1.57,1.57,400,0
2015-10-07,15:50:00,1.57,1.57,1.57,1.57,1800,0
2015-10-07,16:00:00,1.55,1.55,1.55,1.55,1859,0
2015-10-07,16:05:00,1.55,1.55,1.55,1.55,73,0
2015-10-07,16:10:00,1.53,1.53,1.53,1.53,608,0
2015-10-07,16:15:00,1.55,1.55,1.52,1.52,1192,0
2015-10-07,16:20:00,1.51,1.55,1.51,1.55,4848,0
2015-10-07,16:25:00,1.55,1.55,1.53,1.53,3080,0
2015-10-07,16:30:00,1.55,1.6,1.55,1.6,14726,0
2015-10-07,16:35:00,1.61,1.61,1.61,1.61,333,0
2015-10-07,16:40:00,1.64,1.64,1.61,1.61,1880,0
2015-10-07,16:45:00,1.61,1.63,1.6,1.63,11252,0
2015-10-07,16:50:00,1.67,1.67,1.67,1.67,2010,0
2015-10-08,09:05:00,1.63,1.64,1.61,1.64,7745,0
2015-10-08,09:10:00,1.76,1.76,1.76,1.76,10,0
2015-10-08,09:15:00,1.74,1.74,1.65,1.65,581,0
2015-10-08,09:20:00,1.74,1.74,1.74,1.74,1800,0
2015-10-08,09:35:00,1.66,1.66,1.6,1.65,17923,0
2015-10-08,09:40:00,1.62,1.7,1.6,1.65,51971,0
2015-10-08,09:50:00,1.69,1.69,1.65,1.65,966,0
2015-10-08,10:00:00,1.65,1.7,1.65,1.65,21277,0
2015-10-08,10:05:00,1.65,1.65,1.65,1.65,1242,0
2015-10-08,10:10:00,1.65,1.65,1.63,1.63,3738,0
2015-10-08,10:15:00,1.65,1.65,1.65,1.65,1,0
2015-10-08,10:20:00,1.63,1.63,1.63,1.63,170,0
2015-10-08,10:25:00,1.63,1.63,1.63,1.63,1290,0
2015-10-08,10:30:00,1.63,1.63,1.61,1.61,1920,0
2015-10-08,10:35:00,1.61,1.65,1.61,1.65,5600,0
2015-10-08,10:45:00,1.62,1.65,1.61,1.61,6392,0
2015-10-08,10:50:00,1.65,1.65,1.65,1.65,1000,0
2015-10-08,11:40:00,1.62,1.62,1.55,1.55,13275,0
2015-10-08,11:45:00,1.56,1.56,1.55,1.55,1000,0
2015-10-08,12:20:00,1.59,1.59,1.59,1.59,3500,0
2015-10-08,13:30:00,1.56,1.6,1.55,1.6,4455,0
2015-10-08,14:00:00,1.55,1.57,1.49,1.5,14733,0
2015-10-08,14:05:00,1.5,1.5,1.5,1.5,1267,0
2015-10-08,14:10:00,1.54,1.54,1.5,1.5,1164,0
2015-10-08,14:15:00,1.5,1.5,1.47,1.47,2584,0
2015-10-08,14:20:00,1.49,1.49,1.47,1.47,1894,0
2015-10-08,14:25:00,1.47,1.48,1.47,1.48,5344,0
2015-10-08,14:30:00,1.48,1.48,1.48,1.48,155,0
2015-10-08,14:50:00,1.45,1.47,1.45,1.47,5458,0
2015-10-08,15:00:00,1.45,1.45,1.44,1.44,2500,0
2015-10-08,15:10:00,1.45,1.45,1.45,1.45,1700,0
2015-10-08,15:15:00,1.45,1.45,1.43,1.43,2000,0
2015-10-08,15:20:00,1.46,1.46,1.46,1.46,333,0
2015-10-08,15:25:00,1.44,1.44,1.43,1.43,4000,0
2015-10-08,15:40:00,1.47,1.47,1.47,1.47,222,0
2015-10-08,15:50:00,1.47,1.47,1.47,1.47,1247,0
2015-10-08,15:55:00,1.44,1.47,1.43,1.46,6321,0
2015-10-08,16:00:00,1.46,1.46,1.45,1.45,5906,0
2015-10-08,16:10:00,1.45,1.45,1.45,1.45,1545,0
2015-10-08,16:15:00,1.45,1.47,1.45,1.47,2772,0
2015-10-08,16:25:00,1.46,1.47,1.44,1.47,4602,0
2015-10-08,16:30:00,1.46,1.46,1.46,1.46,3500,0
2015-10-08,16:35:00,1.47,1.48,1.47,1.48,1530,0
2015-10-08,16:40:00,1.47,1.48,1.46,1.48,2350,0
2015-10-08,16:45:00,1.44,1.44,1.43,1.43,1842,0
2015-10-08,16:50:00,1.48,1.48,1.47,1.47,2344,0
2015-10-09,09:05:00,1.46,1.46,1.33,1.33,12991,0
2015-10-09,09:10:00,1.32,1.35,1.32,1.35,13091,0
2015-10-09,09:15:00,1.35,1.35,1.32,1.32,12249,0
2015-10-09,09:25:00,1.26,1.28,1.26,1.28,10042,0
2015-10-09,09:30:00,1.28,1.28,1.2,1.2,22253,0
2015-10-09,09:35:00,1.2,1.25,1.2,1.2,14133,0
2015-10-09,09:40:00,1.19,1.19,1.19,1.19,1100,0
2015-10-09,09:45:00,1.22,1.22,1.19,1.19,7011,0
2015-10-09,09:50:00,1.19,1.19,1.19,1.19,6000,0
2015-10-09,09:55:00,1.21,1.21,1.19,1.19,6300,0
2015-10-09,10:25:00,1.19,1.19,1.19,1.19,11301,0
2015-10-09,10:30:00,1.2,1.24,1.2,1.24,16886,0
2015-10-09,10:35:00,1.24,1.27,1.24,1.27,16848,0
2015-10-09,10:40:00,1.23,1.23,1.19,1.19,18176,0
2015-10-09,10:45:00,1.2,1.2,1.19,1.19,9030,0
2015-10-09,11:00:00,1.2,1.2,1.19,1.19,18144,0
2015-10-09,12:15:00,1.19,1.19,1.19,1.19,6640,0
2015-10-09,13:50:00,1.19,1.19,1.19,1.19,15565,0
2015-10-09,13:55:00,1.19,1.2,1.19,1.19,780,0
2015-10-09,14:00:00,1.19,1.19,1.19,1.19,7379,0
2015-10-09,15:35:00,1.19,1.19,1.19,1.19,13557,0
2015-10-09,15:55:00,1.19,1.19,1.19,1.19,10251,0
2015-10-09,16:10:00,1.19,1.19,1.19,1.19,8157,0
2015-10-09,16:50:00,1.15,1.15,1.15,1.15,78580,0
2015-10-12,09:05:00,1.13,1.13,1.07,1.07,8693,0
2015-10-12,09:10:00,1.1,1.1,1.05,1.05,18743,0
2015-10-12,09:15:00,1.07,1.07,1.07,1.07,2388,0
2015-10-12,09:20:00,1.07,1.08,1.07,1.08,10110,0
2015-10-12,09:25:00,1.08,1.11,1.08,1.11,7949,0
2015-10-12,09:30:00,1.12,1.13,1.1,1.1,11619,0
2015-10-12,09:35:00,1.11,1.11,1.1,1.1,1488,0
2015-10-12,09:40:00,1.1,1.1,1.07,1.07,16388,0
2015-10-12,09:45:00,1.07,1.07,1.06,1.06,6292,0
2015-10-12,09:55:00,1.07,1.07,1.07,1.07,1000,0
2015-10-12,10:00:00,1.09,1.09,1.09,1.09,1000,0
2015-10-12,10:10:00,1.07,1.07,1.07,1.07,596,0
2015-10-12,10:15:00,1.07,1.07,1.07,1.07,600,0
2015-10-12,10:25:00,1.09,1.1,1.05,1.05,37205,0
2015-10-12,10:30:00,1.03,1.04,1.02,1.02,14838,0
2015-10-12,10:35:00,1.02,1.06,1.02,1.05,19417,0
2015-10-12,10:40:00,1.05,1.05,1.03,1.03,9376,0
2015-10-12,10:45:00,1.03,1.05,1.03,1.05,6000,0
2015-10-12,10:50:00,1.05,1.05,1.05,1.05,10178,0
2015-10-12,10:55:00,1.05,1.08,1.05,1.07,20737,0
2015-10-12,11:00:00,1.05,1.05,1.05,1.05,2343,0
2015-10-12,11:05:00,1.08,1.08,1.08,1.08,1767,0
2015-10-12,11:15:00,1.05,1.07,1.04,1.04,3836,0
2015-10-12,11:30:00,1.04,1.04,1.03,1.03,11114,0
2015-10-12,11:35:00,1.03,1.03,1.03,1.03,3000,0
2015-10-12,11:40:00,1.03,1.03,1.03,1.03,1100,0
2015-10-12,11:45:00,1.04,1.04,1.04,1.04,111,0
2015-10-12,11:55:00,1.03,1.03,1.02,1.02,25450,0
2015-10-12,12:00:00,1.02,1.04,1.02,1.04,4830,0
2015-10-12,12:05:00,1.03,1.03,1.03,1.03,450,0
2015-10-12,12:10:00,1.02,1.04,1.02,1.04,1689,0
2015-10-12,12:15:00,1.02,1.08,1.02,1.08,13593,0
2015-10-12,12:25:00,1.07,1.07,1.07,1.07,500,0
2015-10-12,12:30:00,1.05,1.05,1.02,1.02,24174,0
2015-10-12,12:35:00,1.04,1.04,1.02,1.02,13350,0
2015-10-12,12:45:00,1.02,1.02,1.02,1.02,2880,0
2015-10-12,12:50:00,1.02,1.02,1.02,1.02,2000,0
2015-10-12,13:15:00,1.01,1.01,0.98,0.98,38218,0
2015-10-12,13:20:00,0.99,1,0.99,1,1000,0
2015-10-12,13:25:00,0.99,1,0.99,1,1500,0
2015-10-12,13:35:00,0.98,0.98,0.98,0.98,3250,0
2015-10-12,13:40:00,0.98,0.99,0.98,0.98,2219,0
2015-10-12,13:45:00,0.98,0.98,0.98,0.98,12173,0
2015-10-12,13:50:00,0.98,0.98,0.98,0.98,11500,0
2015-10-12,13:55:00,0.98,1,0.98,1,12179,0
2015-10-12,14:00:00,0.99,1,0.99,1,40755,0
2015-10-12,14:05:00,1,1.01,1,1,30208,0
2015-10-12,14:10:00,1,1,1,1,31566,0
2015-10-12,14:15:00,1,1,1,1,2150,0
2015-10-12,14:20:00,1,1.01,1,1,46862,0
2015-10-12,14:30:00,1,1,1,1,2550,0
2015-10-12,14:50:00,1,1,0.99,0.99,2000,0
2015-10-12,15:00:00,1,1.01,1,1.01,25500,0
2015-10-12,15:05:00,1,1,1,1,2000,0
2015-10-12,15:10:00,1.01,1.02,1,1,30970,0
2015-10-12,15:15:00,1.03,1.05,1.03,1.05,29039,0
2015-10-12,15:20:00,1.05,1.07,1.05,1.07,15047,0
2015-10-12,15:25:00,1.07,1.07,1.07,1.07,5000,0
2015-10-12,15:30:00,1.07,1.07,1.07,1.07,4000,0
2015-10-12,15:40:00,1.05,1.05,1.01,1.01,14554,0
2015-10-12,15:45:00,1.03,1.03,1.03,1.03,1500,0
2015-10-12,15:55:00,1.03,1.03,1.03,1.03,400,0
2015-10-12,16:00:00,1.03,1.04,1.03,1.04,3254,0
2015-10-12,16:05:00,1.04,1.05,1.04,1.05,4146,0
2015-10-12,16:10:00,1.06,1.06,1.06,1.06,50,0
2015-10-12,16:15:00,1.05,1.05,1.05,1.05,346,0
2015-10-12,16:25:00,1.05,1.06,1.03,1.03,6200,0
2015-10-12,16:30:00,1.03,1.03,1.03,1.03,5000,0
2015-10-12,16:35:00,1.05,1.05,1.05,1.05,43,0
2015-10-12,16:40:00,1.05,1.05,1.05,1.05,360,0
2015-10-12,16:45:00,1.03,1.05,1.03,1.05,5350,0
2015-10-12,16:50:00,1.06,1.07,1.06,1.06,11700,0
2015-10-13,09:05:00,1.06,1.06,1.02,1.02,6175,0
2015-10-13,09:15:00,1.02,1.02,1.02,1.02,4270,0
2015-10-13,09:20:00,1.02,1.02,1.02,1.02,300,0
2015-10-13,09:25:00,1.02,1.02,1.02,1.02,218,0
2015-10-13,09:30:00,1.04,1.04,1.04,1.04,500,0
2015-10-13,09:35:00,1.04,1.04,1.04,1.04,702,0
2015-10-13,09:40:00,1.04,1.06,1.02,1.06,8915,0
2015-10-13,09:50:00,1.05,1.05,1.03,1.03,7800,0
2015-10-13,10:00:00,1.05,1.05,1.05,1.05,375,0
2015-10-13,10:05:00,1.03,1.03,1.03,1.03,2800,0
2015-10-13,10:20:00,1.05,1.05,1.05,1.05,1,0
2015-10-13,11:00:00,1.03,1.03,1.02,1.02,1000,0
2015-10-13,11:05:00,1.02,1.02,1.02,1.02,1420,0
2015-10-13,11:10:00,1.02,1.02,1.02,1.02,750,0
2015-10-13,11:25:00,1.02,1.02,1.02,1.02,6000,0
2015-10-13,11:30:00,1.02,1.02,1.02,1.02,5000,0
2015-10-13,11:35:00,1.02,1.02,1,1,31966,0
2015-10-13,11:40:00,1.02,1.04,1.02,1.04,3190,0
2015-10-13,11:45:00,1.04,1.04,1.04,1.04,15,0
2015-10-13,11:55:00,1.01,1.01,1.01,1.01,1000,0
2015-10-13,12:30:00,1.02,1.02,1.02,1.02,2000,0
2015-10-13,12:35:00,1.02,1.02,1.02,1.02,500,0
2015-10-13,12:40:00,1.02,1.02,1.02,1.02,1700,0
2015-10-13,12:45:00,1.01,1.01,1.01,1.01,249,0
2015-10-13,13:15:00,1.01,1.01,1.01,1.01,1500,0
2015-10-13,13:45:00,1.03,1.04,1.03,1.04,2500,0
2015-10-13,14:00:00,1.04,1.04,1.04,1.04,2000,0
2015-10-13,14:15:00,1.03,1.03,1.01,1.01,1000,0
2015-10-13,14:45:00,1.02,1.02,1.02,1.02,5001,0
2015-10-13,15:10:00,1.03,1.03,1.01,1.01,5024,0
2015-10-13,15:20:00,1.01,1.01,1.01,1.01,4883,0
2015-10-13,15:25:00,1.02,1.02,1.02,1.02,166,0
2015-10-13,15:30:00,1.02,1.02,1.02,1.02,900,0
2015-10-13,15:35:00,1.03,1.03,1.03,1.03,1934,0
2015-10-13,15:45:00,1.04,1.15,1.04,1.12,65259,0
2015-10-13,15:50:00,1.14,1.15,1.11,1.15,18174,0
2015-10-13,15:55:00,1.14,1.16,1.14,1.16,12351,0
2015-10-13,16:20:00,1.18,1.19,1.13,1.18,49786,0
2015-10-13,16:25:00,1.18,1.19,1.17,1.17,18126,0
2015-10-13,16:30:00,1.17,1.18,1.17,1.17,16058,0
2015-10-13,16:35:00,1.18,1.25,1.18,1.19,37311,0
2015-10-13,16:40:00,1.21,1.23,1.19,1.21,7338,0
2015-10-13,16:45:00,1.22,1.22,1.19,1.19,11086,0
2015-10-13,16:50:00,1.19,1.21,1.16,1.21,69332,0
2015-10-14,09:05:00,1.22,1.22,1.16,1.16,10784,0
2015-10-14,09:10:00,1.19,1.19,1.19,1.19,5,0
2015-10-14,09:15:00,1.16,1.16,1.16,1.16,1400,0
2015-10-14,09:25:00,1.18,1.23,1.17,1.22,19358,0
2015-10-14,09:30:00,1.23,1.3,1.23,1.3,74478,0
2015-10-14,09:35:00,1.3,1.34,1.3,1.34,22987,0
2015-10-14,09:50:00,1.31,1.31,1.27,1.27,29336,0
2015-10-14,09:55:00,1.3,1.32,1.3,1.32,5000,0
2015-10-14,10:00:00,1.29,1.29,1.29,1.29,800,0
2015-10-14,10:05:00,1.29,1.29,1.29,1.29,1200,0
2015-10-14,10:10:00,1.29,1.29,1.28,1.28,2383,0
2015-10-14,10:15:00,1.27,1.29,1.25,1.25,14952,0
2015-10-14,10:20:00,1.26,1.26,1.26,1.26,500,0
2015-10-14,10:25:00,1.26,1.26,1.26,1.26,500,0
2015-10-14,10:30:00,1.25,1.28,1.25,1.28,8082,0
2015-10-14,10:35:00,1.26,1.26,1.26,1.26,3458,0
2015-10-14,10:40:00,1.25,1.25,1.25,1.25,5000,0
2015-10-14,10:45:00,1.25,1.25,1.25,1.25,8360,0
2015-10-14,10:50:00,1.24,1.26,1.24,1.25,9007,0
2015-10-14,10:55:00,1.25,1.25,1.24,1.24,500,0
2015-10-14,11:00:00,1.25,1.25,1.25,1.25,3000,0
2015-10-14,11:05:00,1.25,1.25,1.21,1.21,15277,0
2015-10-14,11:10:00,1.2,1.2,1.19,1.19,3600,0
2015-10-14,11:20:00,1.22,1.23,1.22,1.23,2000,0
2015-10-14,11:25:00,1.19,1.19,1.19,1.19,2500,0
2015-10-14,11:35:00,1.23,1.25,1.23,1.25,10730,0
2015-10-14,11:40:00,1.21,1.21,1.2,1.2,5000,0
2015-10-14,12:05:00,1.24,1.24,1.24,1.24,2000,0
2015-10-14,12:10:00,1.24,1.25,1.24,1.25,4640,0
2015-10-14,12:15:00,1.25,1.25,1.25,1.25,1100,0
2015-10-14,12:20:00,1.26,1.27,1.26,1.27,3334,0
2015-10-14,12:25:00,1.26,1.26,1.26,1.26,3000,0
2015-10-14,12:40:00,1.26,1.28,1.26,1.28,7280,0
2015-10-14,12:45:00,1.28,1.29,1.26,1.26,18199,0
2015-10-14,12:55:00,1.26,1.26,1.21,1.21,8855,0
2015-10-14,13:05:00,1.26,1.26,1.26,1.26,400,0
2015-10-14,13:25:00,1.21,1.21,1.21,1.21,5485,0
2015-10-14,13:30:00,1.21,1.21,1.2,1.2,1111,0
2015-10-14,14:30:00,1.2,1.2,1.2,1.2,2000,0
2015-10-14,15:10:00,1.23,1.23,1.21,1.21,3500,0
2015-10-14,15:15:00,1.21,1.21,1.21,1.21,2800,0
2015-10-14,15:20:00,1.21,1.21,1.21,1.21,3850,0
2015-10-14,15:25:00,1.23,1.23,1.23,1.23,10,0
2015-10-14,15:30:00,1.23,1.23,1.23,1.23,127,0
2015-10-14,15:35:00,1.21,1.21,1.21,1.21,10000,0
2015-10-14,15:50:00,1.23,1.24,1.23,1.24,8635,0
2015-10-14,15:55:00,1.24,1.27,1.24,1.27,6693,0
2015-10-14,16:05:00,1.26,1.27,1.26,1.27,4432,0
2015-10-14,16:10:00,1.27,1.27,1.27,1.27,2685,0
2015-10-14,16:15:00,1.27,1.27,1.27,1.27,700,0
2015-10-14,16:20:00,1.27,1.27,1.27,1.27,840,0
2015-10-14,16:25:00,1.27,1.27,1.27,1.27,1045,0
2015-10-14,16:30:00,1.27,1.27,1.24,1.24,2208,0
2015-10-14,16:40:00,1.27,1.27,1.27,1.27,1700,0
2015-10-14,16:50:00,1.23,1.23,1.21,1.21,6051,0
2015-10-15,09:05:00,1.2,1.2,1.16,1.16,21564,0
2015-10-15,09:15:00,1.16,1.16,1.16,1.16,860,0
2015-10-15,09:20:00,1.16,1.16,1.1,1.1,15603,0
2015-10-15,09:25:00,1.11,1.13,1.08,1.13,27299,0
2015-10-15,09:30:00,1.12,1.12,1.12,1.12,1500,0
2015-10-15,09:35:00,1.11,1.11,1.09,1.09,10050,0
2015-10-15,09:40:00,1.09,1.09,1,1.02,19989,0
2015-10-15,09:45:00,1.03,1.04,1.01,1.01,25947,0
2015-10-15,09:50:00,1.02,1.03,1.02,1.03,7700,0
2015-10-15,09:55:00,1.03,1.03,1.03,1.03,4370,0
2015-10-15,10:00:00,1.03,1.03,1.01,1.01,2530,0
2015-10-15,10:05:00,1.03,1.05,1.03,1.05,14984,0
2015-10-15,10:10:00,1.04,1.04,1.04,1.04,3421,0
2015-10-15,10:15:00,1.05,1.05,1.05,1.05,1200,0
2015-10-15,10:20:00,1.06,1.09,1.06,1.07,18859,0
2015-10-15,10:25:00,1.07,1.07,1.07,1.07,1058,0
2015-10-15,10:30:00,1.07,1.08,1.06,1.06,3334,0
2015-10-15,10:35:00,1.06,1.07,1.06,1.07,7058,0
2015-10-15,10:40:00,1.06,1.06,1.05,1.05,6458,0
2015-10-15,10:45:00,1.07,1.07,1.07,1.07,1000,0
2015-10-15,10:50:00,1.06,1.07,1.06,1.07,2910,0
2015-10-15,11:10:00,1.06,1.06,1.06,1.06,600,0
2015-10-15,11:20:00,1.06,1.07,1.06,1.07,2902,0
2015-10-15,11:25:00,1.07,1.07,1.07,1.07,1000,0
2015-10-15,11:40:00,1.07,1.07,1.07,1.07,3317,0
2015-10-15,11:45:00,1.08,1.08,1.08,1.08,1888,0
2015-10-15,11:55:00,1.07,1.07,1.06,1.06,8931,0
2015-10-15,12:00:00,1.07,1.07,1.07,1.07,1000,0
2015-10-15,12:05:00,1.06,1.06,1.06,1.06,4000,0
2015-10-15,12:20:00,1.06,1.06,1.06,1.06,10000,0
2015-10-15,12:35:00,1.07,1.07,1.07,1.07,3499,0
2015-10-15,12:55:00,1.07,1.07,1.07,1.07,2200,0
2015-10-15,13:00:00,1.07,1.07,1.07,1.07,500,0
2015-10-15,13:05:00,1.07,1.07,1.07,1.07,380,0
2015-10-15,13:10:00,1.07,1.07,1.07,1.07,400,0
2015-10-15,13:25:00,1.07,1.07,1.07,1.07,3400,0
2015-10-15,13:55:00,1.06,1.07,1.06,1.07,7850,0
2015-10-15,14:00:00,1.07,1.07,1.07,1.07,1000,0
2015-10-15,14:10:00,1.07,1.07,1.07,1.07,9949,0
2015-10-15,14:20:00,1.08,1.08,1.08,1.08,20,0
2015-10-15,14:25:00,1.08,1.08,1.08,1.08,3600,0
2015-10-15,14:30:00,1.07,1.07,1.07,1.07,1100,0
2015-10-15,14:35:00,1.07,1.09,1.07,1.09,1357,0
2015-10-15,14:50:00,1.08,1.08,1.08,1.08,631,0
2015-10-15,14:55:00,1.07,1.07,1.07,1.07,3396,0
2015-10-15,15:00:00,1.07,1.07,1.07,1.07,4150,0
2015-10-15,15:10:00,1.07,1.07,1.07,1.07,729,0
2015-10-15,15:15:00,1.07,1.07,1.07,1.07,4000,0
2015-10-15,15:20:00,1.07,1.07,1.07,1.07,2900,0
2015-10-15,15:40:00,1.07,1.08,1.07,1.08,5015,0
2015-10-15,15:50:00,1.07,1.07,1.07,1.07,2385,0
2015-10-15,15:55:00,1.07,1.07,1.06,1.06,7265,0
2015-10-15,16:15:00,1.06,1.06,1.06,1.06,8673,0
2015-10-15,16:20:00,1.07,1.07,1.07,1.07,3450,0
2015-10-15,16:25:00,1.08,1.08,1.08,1.08,9450,0
2015-10-15,16:30:00,1.08,1.08,1.08,1.08,600,0
2015-10-15,16:35:00,1.08,1.08,1.08,1.08,2300,0
2015-10-15,16:40:00,1.08,1.09,1.08,1.09,1200,0
2015-10-15,16:45:00,1.08,1.08,1.08,1.08,78,0
2015-10-15,16:50:00,1.09,1.09,1.08,1.08,27637,0
2015-10-16,09:15:00,1.08,1.08,1.08,1.08,1230,0
2015-10-16,09:20:00,1.08,1.09,1.08,1.09,2170,0
2015-10-16,09:25:00,1.09,1.09,1.09,1.09,2777,0
2015-10-16,09:35:00,1.09,1.09,1.09,1.09,1163,0
2015-10-16,09:50:00,1.09,1.09,1.09,1.09,2525,0
2015-10-16,10:10:00,1.08,1.09,1.08,1.09,2601,0
2015-10-16,10:15:00,1.09,1.1,1.09,1.1,1499,0
2015-10-16,10:20:00,1.1,1.1,1.1,1.1,1400,0
2015-10-16,10:35:00,1.08,1.08,1.08,1.08,1450,0
2015-10-16,10:40:00,1.07,1.07,1.07,1.07,2500,0
2015-10-16,10:45:00,1.07,1.07,1.07,1.07,1300,0
2015-10-16,11:15:00,1.08,1.08,1.08,1.08,1200,0
2015-10-16,11:40:00,1.08,1.08,1.08,1.08,7222,0
2015-10-16,11:50:00,1.08,1.08,1.08,1.08,200,0
2015-10-16,12:10:00,1.07,1.07,1.07,1.07,3554,0
2015-10-16,12:35:00,1.07,1.07,1.07,1.07,446,0
2015-10-16,12:50:00,1.07,1.07,1.07,1.07,10000,0
2015-10-16,13:00:00,1.07,1.08,1.07,1.08,2750,0
2015-10-16,13:15:00,1.07,1.07,1.05,1.05,7225,0
2015-10-16,13:30:00,1.04,1.04,1.03,1.03,13600,0
2015-10-16,13:35:00,1.03,1.03,1.03,1.03,5500,0
2015-10-16,13:40:00,1.03,1.03,1.03,1.03,5350,0
2015-10-16,13:45:00,1.03,1.03,1.03,1.03,430,0
2015-10-16,13:50:00,1.03,1.03,1.03,1.03,4755,0
2015-10-16,13:55:00,1.03,1.03,1,1,55387,0
2015-10-16,14:00:00,1.02,1.02,1.02,1.02,1400,0
2015-10-16,14:05:00,1,1.01,1,1.01,5609,0
2015-10-16,14:10:00,1,1.01,0.99,1.01,13100,0
2015-10-16,14:15:00,1.01,1.01,1,1,13400,0
2015-10-16,14:20:00,1,1,1,1,2600,0
2015-10-16,14:30:00,1.01,1.01,1,1.01,12000,0
2015-10-16,14:35:00,1.01,1.01,1.01,1.01,1510,0
2015-10-16,14:40:00,1,1,1,1,2150,0
2015-10-16,14:45:00,1,1,1,1,3000,0
2015-10-16,14:50:00,1,1,1,1,7600,0
2015-10-16,14:55:00,1.01,1.01,1.01,1.01,1207,0
2015-10-16,15:00:00,1,1,1,1,8100,0
2015-10-16,15:05:00,1,1.01,1,1,22259,0
2015-10-16,15:10:00,1,1,1,1,13574,0
2015-10-16,15:15:00,0.99,1,0.99,1,4830,0
2015-10-16,15:20:00,1,1,0.99,0.99,2000,0
2015-10-16,15:30:00,1,1,1,1,4900,0
2015-10-16,15:35:00,1,1,1,1,5264,0
2015-10-16,15:45:00,1,1,1,1,1000,0
2015-10-16,15:50:00,1,1,0.99,1,2769,0
2015-10-16,15:55:00,1,1,1,1,60683,0
2015-10-16,16:00:00,1,1.01,1,1,30073,0
2015-10-16,16:05:00,1,1,1,1,3354,0
2015-10-16,16:15:00,1,1,1,1,7500,0
2015-10-16,16:20:00,1,1.01,1,1,32000,0
2015-10-16,16:25:00,1,1,1,1,9200,0
2015-10-16,16:30:00,1,1,1,1,12800,0
2015-10-16,16:35:00,1,1,1,1,1907,0
2015-10-16,16:45:00,1.01,1.01,1.01,1.01,7,0
2015-10-16,16:50:00,1.01,1.01,1.01,1.01,16600,0
2015-10-19,09:05:00,1.02,1.02,0.99,0.99,7700,0
2015-10-19,09:10:00,1.02,1.03,1.02,1.03,3076,0
2015-10-19,09:15:00,1.03,1.03,1.03,1.03,1100,0
2015-10-19,09:25:00,1.03,1.04,1.03,1.04,2163,0
2015-10-19,09:40:00,1.02,1.03,1.02,1.03,120,0
2015-10-19,09:45:00,1.03,1.03,1.03,1.03,500,0
2015-10-19,10:15:00,1.02,1.02,1.02,1.02,1868,0
2015-10-19,11:00:00,1.01,1.01,1.01,1.01,223,0
2015-10-19,11:05:00,1.01,1.01,1.01,1.01,1800,0
2015-10-19,11:10:00,1.01,1.01,1.01,1.01,1061,0
2015-10-19,11:45:00,1.02,1.02,1.02,1.02,10,0
2015-10-19,11:55:00,1.01,1.01,1.01,1.01,640,0
2015-10-19,12:40:00,1.01,1.01,1.01,1.01,91,0
2015-10-19,12:50:00,1.01,1.01,1.01,1.01,1200,0
2015-10-19,13:10:00,1.02,1.02,1.02,1.02,5,0
2015-10-19,13:20:00,1.01,1.01,1.01,1.01,163,0
2015-10-19,13:35:00,1.01,1.01,1,1,18087,0
2015-10-19,13:40:00,0.99,0.99,0.99,0.99,5000,0
2015-10-19,13:45:00,1,1,1,1,9802,0
2015-10-19,14:00:00,0.99,1.01,0.99,1,11453,0
2015-10-19,14:05:00,1.01,1.01,1,1.01,9120,0
2015-10-19,14:10:00,1,1,1,1,3657,0
2015-10-19,14:15:00,1.01,1.02,1.01,1.02,6250,0
2015-10-19,14:20:00,1.02,1.03,1.01,1.01,6858,0
2015-10-19,14:30:00,1,1,0.99,0.99,20350,0
2015-10-19,14:35:00,1,1,1,1,2000,0
2015-10-19,15:25:00,1.01,1.02,1.01,1.02,6000,0
2015-10-19,15:30:00,1.02,1.02,0.99,0.99,24000,0
2015-10-19,15:35:00,0.99,0.99,0.99,0.99,2000,0
2015-10-19,15:40:00,0.98,1.01,0.98,1,8500,0
2015-10-19,15:50:00,0.99,1,0.99,1,2989,0
2015-10-19,15:55:00,1,1,1,1,10,0
2015-10-19,16:00:00,0.98,0.98,0.98,0.98,260,0
2015-10-19,16:10:00,0.99,0.99,0.99,0.99,1615,0
2015-10-19,16:15:00,0.99,0.99,0.99,0.99,2100,0
2015-10-19,16:30:00,1,1,1,1,1740,0
2015-10-19,16:50:00,0.99,0.99,0.95,0.95,26693,0
2015-10-20,09:05:00,0.95,0.96,0.95,0.96,357,0
2015-10-20,09:10:00,0.96,0.96,0.95,0.95,2188,0
2015-10-20,09:30:00,0.95,0.95,0.95,0.95,11671,0
2015-10-20,09:35:00,0.96,0.96,0.96,0.96,300,0
2015-10-20,09:50:00,0.96,0.96,0.96,0.96,2000,0
2015-10-20,10:00:00,0.98,0.98,0.98,0.98,10,0
2015-10-20,10:15:00,0.96,0.96,0.93,0.93,14082,0
2015-10-20,10:20:00,0.92,0.95,0.92,0.95,10144,0
2015-10-20,10:25:00,0.96,0.96,0.96,0.96,1000,0
2015-10-20,10:50:00,0.94,0.94,0.94,0.94,430,0
2015-10-20,10:55:00,0.95,0.95,0.95,0.95,990,0
2015-10-20,11:15:00,0.95,0.95,0.95,0.95,1530,0
2015-10-20,11:35:00,0.96,0.99,0.96,0.99,37350,0
2015-10-20,12:00:00,0.99,0.99,0.99,0.99,3480,0
2015-10-20,12:10:00,1.01,1.02,0.99,0.99,6248,0
2015-10-20,12:20:00,1.01,1.01,1,1.01,2675,0
2015-10-20,12:25:00,1,1.01,0.98,1.01,9845,0
2015-10-20,12:50:00,1,1,1,1,1100,0
2015-10-20,13:05:00,1,1,1,1,12,0
2015-10-20,13:25:00,1,1,1,1,12,0
2015-10-20,13:35:00,1,1,0.97,0.97,5348,0
2015-10-20,13:45:00,1,1,1,1,8,0
2015-10-20,15:25:00,0.99,0.99,0.99,0.99,198,0
2015-10-20,15:40:00,0.99,0.99,0.99,0.99,15000,0
2015-10-20,15:45:00,1,1,1,1,5701,0
2015-10-20,16:15:00,0.98,0.98,0.97,0.97,8000,0
2015-10-20,16:30:00,0.98,0.98,0.98,0.98,1500,0
2015-10-20,16:45:00,0.98,0.98,0.96,0.96,10000,0
2015-10-20,16:50:00,0.96,1,0.96,1,2020,0
2015-10-21,09:05:00,1,1,0.96,0.96,3490,0
2015-10-21,09:15:00,0.96,0.96,0.96,0.96,535,0
2015-10-21,09:20:00,0.98,0.98,0.98,0.98,2010,0
2015-10-21,09:40:00,0.96,0.98,0.96,0.98,18800,0
2015-10-21,09:50:00,0.98,0.98,0.98,0.98,3000,0
2015-10-21,10:05:00,0.98,0.98,0.98,0.98,1100,0
2015-10-21,10:10:00,0.98,0.98,0.98,0.98,2000,0
2015-10-21,10:15:00,0.98,0.98,0.98,0.98,2000,0
2015-10-21,10:35:00,0.98,0.98,0.98,0.98,1000,0
2015-10-21,10:40:00,0.99,0.99,0.99,0.99,43,0
2015-10-21,11:15:00,0.99,0.99,0.99,0.99,3234,0
2015-10-21,11:25:00,0.99,1,0.99,1,14383,0
2015-10-21,11:30:00,1,1,1,1,12670,0
2015-10-21,11:40:00,0.99,1,0.99,1,1847,0
2015-10-21,11:45:00,0.99,0.99,0.98,0.98,1680,0
2015-10-21,12:05:00,0.98,0.98,0.98,0.98,1750,0
2015-10-21,12:10:00,0.96,0.96,0.95,0.96,1259,0
2015-10-21,12:55:00,0.97,0.97,0.96,0.96,10495,0
2015-10-21,13:05:00,0.98,0.98,0.98,0.98,10,0
2015-10-21,14:40:00,0.96,0.96,0.96,0.96,596,0
2015-10-21,15:10:00,0.97,0.97,0.97,0.97,10,0
2015-10-21,15:20:00,0.97,0.97,0.97,0.97,500,0
2015-10-21,15:35:00,0.97,0.97,0.97,0.97,600,0
2015-10-21,15:50:00,0.96,0.96,0.96,0.96,1648,0
2015-10-21,16:00:00,0.96,0.96,0.96,0.96,500,0
2015-10-21,16:05:00,0.96,0.96,0.96,0.96,532,0
2015-10-21,16:15:00,0.96,0.96,0.96,0.96,87,0
2015-10-21,16:30:00,0.97,0.97,0.97,0.97,160,0
2015-10-21,16:45:00,0.96,0.96,0.95,0.96,1830,0
2015-10-21,16:50:00,0.97,0.97,0.97,0.97,10,0
2015-10-22,09:05:00,0.98,0.98,0.98,0.98,100,0
2015-10-22,09:10:00,0.98,0.98,0.98,0.98,10,0
2015-10-22,09:30:00,0.96,0.96,0.96,0.96,300,0
2015-10-22,09:55:00,0.96,0.96,0.96,0.96,823,0
2015-10-22,10:05:00,0.97,0.97,0.96,0.96,3650,0
2015-10-22,10:40:00,0.95,0.95,0.95,0.95,4619,0
2015-10-22,10:45:00,0.94,0.97,0.94,0.97,955,0
2015-10-22,10:50:00,0.95,0.97,0.95,0.97,1455,0
2015-10-22,10:55:00,0.94,0.94,0.92,0.94,10897,0
2015-10-22,11:00:00,0.9,0.93,0.89,0.9,21814,0
2015-10-22,11:05:00,0.9,0.9,0.9,0.9,1623,0
2015-10-22,11:10:00,0.91,0.92,0.91,0.92,3864,0
2015-10-22,11:15:00,0.92,0.92,0.92,0.92,24,0
2015-10-22,11:20:00,0.95,0.95,0.92,0.92,1481,0
2015-10-22,11:25:00,0.92,0.92,0.92,0.92,519,0
2015-10-22,11:30:00,0.94,0.94,0.94,0.94,340,0
2015-10-22,12:00:00,0.95,0.96,0.95,0.96,3545,0
2015-10-22,12:15:00,0.94,0.94,0.94,0.94,301,0
2015-10-22,13:25:00,0.95,0.95,0.95,0.95,1990,0
2015-10-22,13:45:00,0.95,0.95,0.95,0.95,460,0
2015-10-22,14:10:00,0.93,0.93,0.93,0.93,1000,0
2015-10-22,14:20:00,0.93,0.93,0.93,0.93,1990,0
2015-10-22,14:45:00,0.93,0.93,0.93,0.93,320,0
2015-10-22,15:10:00,0.93,0.93,0.93,0.93,2000,0
2015-10-22,15:20:00,0.93,0.93,0.9,0.9,19620,0
2015-10-22,15:30:00,0.9,0.9,0.9,0.9,6100,0
2015-10-22,15:35:00,0.9,0.9,0.9,0.9,900,0
2015-10-22,15:40:00,0.9,0.9,0.9,0.9,4405,0
2015-10-22,15:45:00,0.9,0.9,0.9,0.9,3547,0
2015-10-22,15:50:00,0.92,0.92,0.92,0.92,1,0
2015-10-22,15:55:00,0.92,0.93,0.92,0.93,140,0
2015-10-22,16:15:00,0.93,0.93,0.93,0.93,3399,0
2015-10-22,16:20:00,0.94,0.94,0.94,0.94,10,0
2015-10-22,16:25:00,0.93,0.93,0.93,0.93,6000,0
2015-10-22,16:30:00,0.93,0.93,0.93,0.93,2501,0
2015-10-22,16:35:00,0.93,0.93,0.93,0.93,3650,0
2015-10-22,16:45:00,0.93,0.93,0.93,0.93,10,0
2015-10-22,16:50:00,0.92,0.92,0.9,0.9,2255,0
2015-10-23,09:05:00,0.89,0.89,0.89,0.89,12679,0
2015-10-23,09:10:00,0.9,0.9,0.9,0.9,600,0
2015-10-23,09:15:00,0.89,0.89,0.87,0.87,3300,0
2015-10-23,09:25:00,0.88,0.88,0.88,0.88,869,0
2015-10-23,09:35:00,0.88,0.88,0.88,0.88,1000,0
2015-10-23,09:40:00,0.88,0.88,0.85,0.86,38625,0
2015-10-23,09:45:00,0.86,0.87,0.84,0.87,12379,0
2015-10-23,09:50:00,0.87,0.87,0.87,0.87,1700,0
2015-10-23,10:05:00,0.86,0.86,0.86,0.86,156,0
2015-10-23,10:10:00,0.85,0.85,0.85,0.85,1000,0
2015-10-23,10:15:00,0.85,0.85,0.85,0.85,7100,0
2015-10-23,10:20:00,0.85,0.85,0.85,0.85,400,0
2015-10-23,10:25:00,0.85,0.85,0.85,0.85,1000,0
2015-10-23,10:35:00,0.84,0.85,0.84,0.85,8200,0
2015-10-23,10:40:00,0.87,0.87,0.87,0.87,1270,0
2015-10-23,10:45:00,0.86,0.86,0.86,0.86,887,0
2015-10-23,10:50:00,0.86,0.86,0.86,0.86,13246,0
2015-10-23,10:55:00,0.86,0.86,0.85,0.85,2095,0
2015-10-23,11:20:00,0.86,0.86,0.85,0.85,3550,0
2015-10-23,11:45:00,0.85,0.85,0.84,0.85,3088,0
2015-10-23,12:05:00,0.85,0.85,0.85,0.85,3,0
2015-10-23,12:10:00,0.85,0.86,0.85,0.85,6714,0
2015-10-23,12:25:00,0.86,0.86,0.86,0.86,3543,0
2015-10-23,12:45:00,0.85,0.85,0.85,0.85,3230,0
2015-10-23,12:55:00,0.84,0.84,0.84,0.84,11669,0
2015-10-23,13:00:00,0.85,0.85,0.85,0.85,3000,0
2015-10-23,13:10:00,0.85,0.85,0.85,0.85,25000,0
2015-10-23,13:15:00,0.86,0.86,0.86,0.86,7107,0
2015-10-23,13:20:00,0.87,0.87,0.86,0.86,3407,0
2015-10-23,13:30:00,0.86,0.86,0.86,0.86,20,0
2015-10-23,13:45:00,0.86,0.86,0.86,0.86,590,0
2015-10-23,13:50:00,0.86,0.87,0.86,0.87,6867,0
2015-10-23,13:55:00,0.87,0.87,0.87,0.87,1256,0
2015-10-23,14:00:00,0.87,0.87,0.87,0.87,1722,0
2015-10-23,14:05:00,0.86,0.86,0.86,0.86,1400,0
2015-10-23,14:10:00,0.87,0.87,0.87,0.87,111,0
2015-10-23,14:40:00,0.85,0.85,0.85,0.85,3575,0
2015-10-23,14:50:00,0.86,0.86,0.86,0.86,20,0
2015-10-23,15:05:00,0.86,0.86,0.85,0.85,16888,0
2015-10-23,15:10:00,0.85,0.85,0.84,0.84,14072,0
2015-10-23,15:15:00,0.84,0.84,0.82,0.82,32160,0
2015-10-23,15:20:00,0.82,0.82,0.81,0.81,19500,0
2015-10-23,15:35:00,0.8,0.81,0.8,0.81,13277,0
2015-10-23,15:40:00,0.81,0.81,0.81,0.81,4323,0
2015-10-23,15:45:00,0.82,0.82,0.82,0.82,2370,0
2015-10-23,15:50:00,0.82,0.82,0.82,0.82,3000,0
2015-10-23,15:55:00,0.82,0.82,0.82,0.82,1000,0
2015-10-23,16:05:00,0.82,0.82,0.82,0.82,1000,0
2015-10-23,16:20:00,0.82,0.82,0.82,0.82,377,0
2015-10-23,16:25:00,0.82,0.82,0.82,0.82,2474,0
2015-10-23,16:30:00,0.82,0.82,0.82,0.82,526,0
2015-10-23,16:35:00,0.82,0.82,0.82,0.82,60,0
2015-10-23,16:40:00,0.82,0.82,0.82,0.82,1080,0
2015-10-23,16:45:00,0.83,0.83,0.83,0.83,111,0
2015-10-23,16:50:00,0.83,0.83,0.82,0.82,14163,0
2015-10-26,09:10:00,0.83,0.83,0.83,0.83,637,0
2015-10-26,09:20:00,0.83,0.86,0.83,0.86,38373,0
2015-10-26,09:25:00,0.85,0.87,0.85,0.87,8899,0
2015-10-26,09:35:00,0.85,0.86,0.85,0.86,7469,0
2015-10-26,09:40:00,0.86,0.86,0.85,0.86,4084,0
2015-10-26,09:45:00,0.85,0.85,0.85,0.85,12237,0
2015-10-26,09:50:00,0.85,0.86,0.85,0.86,300,0
2015-10-26,09:55:00,0.85,0.85,0.85,0.85,2000,0
2015-10-26,10:00:00,0.85,0.85,0.85,0.85,500,0
2015-10-26,10:05:00,0.85,0.85,0.85,0.85,2500,0
2015-10-26,10:15:00,0.85,0.85,0.85,0.85,4058,0
2015-10-26,10:20:00,0.85,0.85,0.85,0.85,10,0
2015-10-26,10:25:00,0.85,0.86,0.85,0.86,5000,0
2015-10-26,10:30:00,0.86,0.86,0.86,0.86,200,0
2015-10-26,10:40:00,0.84,0.84,0.84,0.84,1178,0
2015-10-26,10:45:00,0.86,0.86,0.86,0.86,10,0
2015-10-26,11:10:00,0.85,0.86,0.85,0.86,3000,0
2015-10-26,11:50:00,0.84,0.84,0.84,0.84,9774,0
2015-10-26,12:10:00,0.84,0.84,0.84,0.84,600,0
2015-10-26,12:40:00,0.83,0.84,0.83,0.84,16700,0
2015-10-26,12:45:00,0.84,0.84,0.84,0.84,5818,0
2015-10-26,12:55:00,0.85,0.85,0.85,0.85,1023,0
2015-10-26,13:25:00,0.85,0.85,0.85,0.85,10,0
2015-10-26,13:35:00,0.84,0.84,0.84,0.84,1800,0
2015-10-26,13:50:00,0.84,0.84,0.84,0.84,200,0
2015-10-26,14:05:00,0.84,0.84,0.84,0.84,4000,0
2015-10-26,14:10:00,0.84,0.84,0.84,0.84,2000,0
2015-10-26,14:15:00,0.84,0.84,0.84,0.84,500,0
2015-10-26,14:20:00,0.83,0.83,0.83,0.83,8000,0
2015-10-26,15:05:00,0.83,0.83,0.82,0.82,15000,0
2015-10-26,15:45:00,0.81,0.81,0.81,0.81,2400,0
2015-10-26,16:15:00,0.83,0.83,0.83,0.83,2000,0
2015-10-26,16:20:00,0.82,0.82,0.82,0.82,3039,0
2015-10-26,16:40:00,0.81,0.81,0.81,0.81,300,0
2015-10-26,16:50:00,0.83,0.83,0.83,0.83,25,0
2015-10-27,09:05:00,0.82,0.82,0.81,0.81,16201,0
2015-10-27,09:15:00,0.81,0.81,0.81,0.81,1700,0
2015-10-27,09:20:00,0.81,0.81,0.8,0.81,22832,0
2015-10-27,09:35:00,0.83,0.83,0.83,0.83,2,0
2015-10-27,10:10:00,0.81,0.81,0.81,0.81,400,0
2015-10-27,11:00:00,0.81,0.81,0.81,0.81,1000,0
2015-10-27,11:10:00,0.81,0.81,0.81,0.81,270,0
2015-10-27,12:10:00,0.81,0.81,0.81,0.81,2405,0
2015-10-27,13:30:00,0.81,0.81,0.81,0.81,1356,0
2015-10-27,14:05:00,0.81,0.81,0.81,0.81,144,0
2015-10-27,14:20:00,0.81,0.81,0.8,0.8,6290,0
2015-10-27,14:25:00,0.81,0.81,0.81,0.81,500,0
2015-10-27,14:40:00,0.8,0.8,0.8,0.8,8000,0
2015-10-27,14:50:00,0.8,0.8,0.8,0.8,768,0
2015-10-27,15:00:00,0.81,0.81,0.81,0.81,1,0
2015-10-27,15:10:00,0.8,0.8,0.8,0.8,556,0
2015-10-27,15:25:00,0.81,0.81,0.81,0.81,2,0
2015-10-27,15:45:00,0.8,0.8,0.8,0.8,1000,0
2015-10-27,15:50:00,0.81,0.81,0.81,0.81,2,0
2015-10-27,15:55:00,0.8,0.81,0.8,0.81,11830,0
2015-10-27,16:00:00,0.81,0.81,0.81,0.81,2150,0
2015-10-27,16:05:00,0.81,0.81,0.81,0.81,416,0
2015-10-27,16:20:00,0.81,0.81,0.81,0.81,8354,0
2015-10-27,16:30:00,0.79,0.79,0.79,0.79,2494,0
2015-10-27,16:50:00,0.81,0.81,0.81,0.81,1,0
2015-10-28,09:05:00,0.82,0.82,0.82,0.82,19,0
2015-10-28,09:10:00,0.8,0.8,0.8,0.8,293,0
2015-10-28,10:05:00,0.81,0.82,0.8,0.82,10200,0
2015-10-28,10:10:00,0.82,0.82,0.82,0.82,12385,0
2015-10-28,10:25:00,0.82,0.82,0.82,0.82,2000,0
2015-10-28,10:30:00,0.82,0.82,0.81,0.81,10709,0
2015-10-28,10:35:00,0.81,0.81,0.81,0.81,250,0
2015-10-28,10:55:00,0.82,0.82,0.82,0.82,9750,0
2015-10-28,11:10:00,0.82,0.82,0.82,0.82,1420,0
2015-10-28,11:25:00,0.82,0.82,0.82,0.82,8230,0
2015-10-28,11:45:00,0.82,0.82,0.82,0.82,10,0
2015-10-28,13:00:00,0.8,0.8,0.8,0.8,2957,0
2015-10-28,13:55:00,0.81,0.82,0.81,0.82,3000,0
2015-10-28,14:35:00,0.81,0.81,0.81,0.81,1000,0
2015-10-28,15:05:00,0.81,0.81,0.81,0.81,450,0
2015-10-28,15:25:00,0.81,0.81,0.81,0.81,160,0
2015-10-28,15:40:00,0.81,0.81,0.81,0.81,691,0
2015-10-28,16:20:00,0.81,0.81,0.81,0.81,2000,0
2015-10-28,16:45:00,0.81,0.81,0.8,0.8,2699,0
2015-10-28,16:50:00,0.82,0.82,0.82,0.82,4,0
2015-10-29,09:05:00,0.82,0.82,0.82,0.82,100,0
2015-10-29,09:15:00,0.82,0.82,0.82,0.82,10,0
2015-10-29,09:20:00,0.82,0.82,0.82,0.82,5000,0
2015-10-29,09:45:00,0.8,0.82,0.79,0.82,4985,0
2015-10-29,10:25:00,0.82,0.82,0.82,0.82,2440,0
2015-10-29,11:05:00,0.79,0.79,0.76,0.76,39000,0
2015-10-29,11:15:00,0.77,0.77,0.76,0.76,11446,0
2015-10-29,12:25:00,0.78,0.78,0.78,0.78,1,0
2015-10-29,13:10:00,0.78,0.78,0.78,0.78,5200,0
2015-10-29,13:20:00,0.78,0.78,0.78,0.78,1239,0
2015-10-29,13:25:00,0.79,0.79,0.78,0.78,1795,0
2015-10-29,13:35:00,0.77,0.77,0.77,0.77,13000,0
2015-10-29,14:25:00,0.77,0.77,0.77,0.77,500,0
2015-10-29,14:45:00,0.76,0.76,0.76,0.76,1110,0
2015-10-29,15:05:00,0.76,0.76,0.75,0.75,13902,0
2015-10-29,15:20:00,0.75,0.77,0.74,0.77,10702,0
2015-10-29,15:35:00,0.77,0.77,0.77,0.77,2269,0
2015-10-29,16:20:00,0.75,0.75,0.75,0.75,2000,0
2015-10-29,16:40:00,0.76,0.76,0.76,0.76,1,0
2015-10-29,16:45:00,0.75,0.75,0.74,0.74,6519,0
2015-10-29,16:50:00,0.75,0.75,0.74,0.75,13290,0
2015-10-30,09:05:00,0.75,0.75,0.74,0.74,4990,0
2015-10-30,09:20:00,0.74,0.74,0.74,0.74,200,0
2015-10-30,09:35:00,0.74,0.74,0.74,0.74,1000,0
2015-10-30,09:45:00,0.74,0.74,0.74,0.74,856,0
2015-10-30,09:50:00,0.74,0.74,0.74,0.74,1010,0
2015-10-30,09:55:00,0.74,0.75,0.74,0.75,3000,0
2015-10-30,10:15:00,0.75,0.75,0.75,0.75,5493,0
2015-10-30,10:20:00,0.76,0.76,0.76,0.76,8780,0
2015-10-30,10:25:00,0.76,0.76,0.76,0.76,9251,0
2015-10-30,11:15:00,0.76,0.76,0.76,0.76,856,0
2015-10-30,11:20:00,0.76,0.76,0.76,0.76,14494,0
2015-10-30,11:35:00,0.76,0.76,0.76,0.76,2500,0
2015-10-30,12:25:00,0.77,0.77,0.77,0.77,884,0
2015-10-30,12:35:00,0.77,0.77,0.77,0.77,10,0
2015-10-30,12:40:00,0.77,0.77,0.77,0.77,90,0
2015-10-30,13:20:00,0.75,0.75,0.75,0.75,5000,0
2015-10-30,13:25:00,0.75,0.75,0.73,0.73,10000,0
2015-10-30,14:40:00,0.73,0.73,0.73,0.73,4000,0
2015-10-30,14:50:00,0.73,0.73,0.73,0.73,20,0
2015-10-30,15:10:00,0.73,0.73,0.73,0.73,4310,0
2015-10-30,15:30:00,0.73,0.74,0.73,0.74,2994,0
2015-10-30,15:35:00,0.74,0.74,0.74,0.74,10,0
2015-10-30,16:15:00,0.74,0.74,0.74,0.74,1201,0
2015-10-30,16:45:00,0.73,0.73,0.73,0.73,2002,0
2015-10-30,16:50:00,0.74,0.74,0.74,0.74,776,0
2015-11-02,09:05:00,0.75,0.77,0.75,0.77,21489,0
2015-11-02,09:10:00,0.77,0.77,0.77,0.77,5555,0
2015-11-02,09:15:00,0.78,0.8,0.78,0.8,12777,0
2015-11-02,09:20:00,0.8,0.8,0.78,0.8,7641,0
2015-11-02,09:35:00,0.79,0.79,0.79,0.79,1000,0
2015-11-02,09:40:00,0.8,0.82,0.8,0.82,15909,0
2015-11-02,09:45:00,0.82,0.82,0.82,0.82,21124,0
2015-11-02,09:50:00,0.82,0.82,0.82,0.82,3270,0
2015-11-02,10:20:00,0.85,0.87,0.85,0.86,28595,0
2015-11-02,10:25:00,0.86,0.86,0.86,0.86,1270,0
2015-11-02,10:40:00,0.86,0.86,0.86,0.86,450,0
2015-11-02,10:50:00,0.85,0.85,0.85,0.85,3000,0
2015-11-02,10:55:00,0.86,0.9,0.86,0.9,72828,0
2015-11-03,09:05:00,1.02,1.02,0.92,0.92,222061,0
2015-11-03,09:10:00,0.92,0.96,0.92,0.92,94541,0
2015-11-03,09:15:00,0.92,0.94,0.92,0.92,17555,0
2015-11-03,09:20:00,0.94,0.94,0.85,0.85,99289,0
2015-11-03,09:25:00,0.84,0.88,0.83,0.88,65600,0
2015-11-03,09:35:00,0.86,0.86,0.86,0.86,2200,0
2015-11-03,09:45:00,0.86,0.86,0.86,0.86,300,0
2015-11-03,09:55:00,0.87,0.87,0.87,0.87,900,0
2015-11-03,10:00:00,0.86,0.86,0.86,0.86,1400,0
2015-11-03,10:05:00,0.87,0.87,0.87,0.87,2142,0
2015-11-03,10:10:00,0.87,0.87,0.87,0.87,2256,0
2015-11-03,10:30:00,0.87,0.87,0.87,0.87,1000,0
2015-11-03,10:45:00,0.86,0.87,0.84,0.86,16962,0
2015-11-03,11:10:00,0.84,0.84,0.84,0.84,1000,0
2015-11-03,11:15:00,0.84,0.84,0.84,0.84,400,0
2015-11-03,11:20:00,0.84,0.84,0.84,0.84,9400,0
2015-11-03,11:25:00,0.83,0.83,0.83,0.83,1338,0
2015-11-03,11:40:00,0.84,0.84,0.84,0.84,190,0
2015-11-03,11:45:00,0.85,0.85,0.84,0.84,1346,0
2015-11-03,12:10:00,0.84,0.84,0.83,0.83,31106,0
2015-11-03,12:35:00,0.83,0.83,0.83,0.83,405,0
2015-11-03,12:40:00,0.83,0.83,0.83,0.83,500,0
2015-11-03,12:50:00,0.83,0.84,0.83,0.84,2000,0
2015-11-03,12:55:00,0.84,0.84,0.84,0.84,582,0
2015-11-03,13:25:00,0.83,0.83,0.83,0.83,1000,0
2015-11-03,13:30:00,0.84,0.84,0.84,0.84,1915,0
2015-11-03,14:10:00,0.83,0.83,0.83,0.83,880,0
2015-11-03,14:15:00,0.84,0.84,0.83,0.83,2092,0
2015-11-03,14:20:00,0.84,0.84,0.84,0.84,2500,0
2015-11-03,14:25:00,0.84,0.84,0.84,0.84,200,0
2015-11-03,14:30:00,0.84,0.84,0.84,0.84,80,0
2015-11-03,14:45:00,0.85,0.85,0.85,0.85,70,0
2015-11-03,14:50:00,0.84,0.85,0.84,0.85,1000,0
2015-11-03,14:55:00,0.84,0.84,0.83,0.83,1920,0
2015-11-03,15:00:00,0.83,0.83,0.83,0.83,100,0
2015-11-03,15:30:00,0.84,0.84,0.84,0.84,150,0
2015-11-03,15:50:00,0.83,0.83,0.83,0.83,2040,0
2015-11-03,16:00:00,0.83,0.83,0.83,0.83,34,0
2015-11-03,16:05:00,0.83,0.83,0.83,0.83,3966,0
2015-11-03,16:30:00,0.83,0.83,0.83,0.83,2600,0
2015-11-03,16:35:00,0.84,0.84,0.83,0.83,199,0
2015-11-03,16:40:00,0.83,0.83,0.83,0.83,802,0
2015-11-03,16:45:00,0.84,0.84,0.84,0.84,50,0
2015-11-03,16:50:00,0.84,0.84,0.84,0.84,2200,0
2015-11-04,09:05:00,0.84,0.84,0.84,0.84,5,0
2015-11-04,09:10:00,0.81,0.84,0.8,0.84,46985,0
2015-11-04,09:20:00,0.83,0.84,0.83,0.84,7293,0
2015-11-04,09:30:00,0.83,0.84,0.83,0.84,11533,0
2015-11-04,09:55:00,0.84,0.84,0.84,0.84,1112,0
2015-11-04,10:00:00,0.82,0.82,0.8,0.8,30330,0
2015-11-04,10:05:00,0.81,0.81,0.79,0.79,4697,0
2015-11-04,10:10:00,0.79,0.79,0.79,0.79,1600,0
2015-11-04,10:25:00,0.79,0.79,0.79,0.79,521,0
2015-11-04,10:55:00,0.8,0.81,0.8,0.81,5500,0
2015-11-04,11:00:00,0.81,0.81,0.81,0.81,1500,0
2015-11-04,11:05:00,0.81,0.81,0.81,0.81,2222,0
2015-11-04,11:10:00,0.81,0.81,0.79,0.79,35700,0
2015-11-04,11:20:00,0.79,0.79,0.79,0.79,5410,0
2015-11-04,11:25:00,0.79,0.79,0.79,0.79,100,0
2015-11-04,11:40:00,0.81,0.81,0.81,0.81,2778,0
2015-11-04,12:05:00,0.81,0.81,0.81,0.81,925,0
2015-11-04,12:10:00,0.8,0.8,0.8,0.8,6000,0
2015-11-04,12:25:00,0.8,0.81,0.8,0.81,2500,0
2015-11-04,13:05:00,0.8,0.8,0.8,0.8,5000,0
2015-11-04,14:15:00,0.8,0.8,0.8,0.8,1870,0
2015-11-04,14:20:00,0.8,0.8,0.8,0.8,159,0
2015-11-04,14:25:00,0.79,0.79,0.79,0.79,40848,0
2015-11-04,14:30:00,0.78,0.78,0.76,0.76,30082,0
2015-11-04,14:35:00,0.77,0.77,0.77,0.77,4500,0
2015-11-04,14:40:00,0.78,0.78,0.78,0.78,1650,0
2015-11-04,14:45:00,0.78,0.78,0.78,0.78,1880,0
2015-11-04,15:00:00,0.77,0.78,0.77,0.78,7011,0
2015-11-04,15:15:00,0.79,0.79,0.79,0.79,1751,0
2015-11-04,15:45:00,0.78,0.78,0.78,0.78,2052,0
2015-11-04,15:50:00,0.78,0.78,0.78,0.78,1800,0
2015-11-04,15:55:00,0.78,0.78,0.78,0.78,1353,0
2015-11-04,16:25:00,0.79,0.79,0.79,0.79,3976,0
2015-11-04,16:30:00,0.79,0.79,0.79,0.79,80,0
2015-11-04,16:40:00,0.79,0.79,0.79,0.79,1021,0
2015-11-04,16:45:00,0.8,0.8,0.8,0.8,3413,0
2015-11-04,16:50:00,0.8,0.8,0.79,0.79,1635,0
2015-11-05,09:05:00,0.8,0.8,0.78,0.78,10158,0
2015-11-05,09:20:00,0.78,0.78,0.78,0.78,3000,0
2015-11-05,09:35:00,0.77,0.77,0.77,0.77,950,0
2015-11-05,09:40:00,0.77,0.77,0.76,0.76,13900,0
2015-11-05,10:55:00,0.78,0.78,0.78,0.78,5,0
2015-11-05,12:05:00,0.78,0.78,0.78,0.78,500,0
2015-11-05,12:20:00,0.78,0.78,0.78,0.78,400,0
2015-11-05,12:55:00,0.77,0.77,0.77,0.77,6000,0
2015-11-05,13:10:00,0.77,0.78,0.77,0.78,2000,0
2015-11-05,13:25:00,0.77,0.77,0.76,0.76,5000,0
2015-11-05,14:00:00,0.78,0.78,0.78,0.78,5,0
2015-11-05,14:15:00,0.78,0.78,0.78,0.78,3500,0
2015-11-05,14:35:00,0.78,0.78,0.78,0.78,10,0
2015-11-05,14:45:00,0.77,0.77,0.77,0.77,200,0
2015-11-05,14:50:00,0.77,0.77,0.76,0.76,10000,0
2015-11-05,14:55:00,0.78,0.78,0.78,0.78,10,0
2015-11-05,15:10:00,0.76,0.76,0.75,0.75,17330,0
2015-11-05,15:25:00,0.77,0.77,0.77,0.77,1,0
2015-11-05,15:35:00,0.75,0.75,0.75,0.75,2500,0
2015-11-05,15:40:00,0.75,0.75,0.75,0.75,450,0
2015-11-05,15:55:00,0.77,0.77,0.77,0.77,10,0
2015-11-05,16:05:00,0.75,0.75,0.75,0.75,1000,0
2015-11-05,16:20:00,0.76,0.76,0.75,0.75,720,0
2015-11-05,16:40:00,0.76,0.76,0.76,0.76,1700,0
2015-11-05,16:45:00,0.75,0.75,0.75,0.75,17563,0
2015-11-05,16:50:00,0.75,0.75,0.75,0.75,5487,0
2015-11-06,09:05:00,0.75,0.75,0.75,0.75,1988,0
2015-11-06,09:30:00,0.75,0.75,0.74,0.74,5012,0
2015-11-06,09:40:00,0.74,0.74,0.74,0.74,4091,0
2015-11-06,09:45:00,0.75,0.76,0.73,0.73,6591,0
2015-11-06,10:00:00,0.74,0.74,0.74,0.74,1270,0
2015-11-06,10:10:00,0.75,0.75,0.75,0.75,2666,0
2015-11-06,10:20:00,0.75,0.76,0.75,0.76,6382,0
2015-11-06,10:30:00,0.76,0.77,0.76,0.77,28915,0
2015-11-06,10:35:00,0.75,0.76,0.75,0.76,18415,0
2015-11-06,10:40:00,0.76,0.77,0.76,0.77,13454,0
2015-11-06,10:45:00,0.77,0.77,0.77,0.77,15297,0
2015-11-06,10:50:00,0.78,0.78,0.77,0.77,6324,0
2015-11-06,11:15:00,0.77,0.77,0.77,0.77,1205,0
2015-11-06,11:30:00,0.76,0.76,0.76,0.76,6500,0
2015-11-06,11:35:00,0.77,0.77,0.77,0.77,560,0
2015-11-06,12:30:00,0.76,0.76,0.76,0.76,1935,0
2015-11-06,12:55:00,0.75,0.75,0.75,0.75,9446,0
2015-11-06,13:15:00,0.74,0.74,0.73,0.73,13743,0
2015-11-06,14:15:00,0.74,0.74,0.73,0.73,18215,0
2015-11-06,14:30:00,0.75,0.75,0.75,0.75,1400,0
2015-11-06,14:40:00,0.74,0.74,0.74,0.74,50,0
2015-11-06,14:45:00,0.74,0.74,0.74,0.74,1350,0
2015-11-06,14:50:00,0.75,0.75,0.75,0.75,5541,0
2015-11-06,14:55:00,0.75,0.75,0.75,0.75,3800,0
2015-11-06,15:10:00,0.75,0.75,0.75,0.75,3205,0
2015-11-06,15:55:00,0.74,0.74,0.74,0.74,10,0
2015-11-06,16:30:00,0.75,0.75,0.74,0.74,16704,0
2015-11-06,16:45:00,0.73,0.73,0.73,0.73,3290,0
2015-11-06,16:50:00,0.73,0.75,0.73,0.75,2036,0
2015-11-09,09:05:00,0.75,0.75,0.73,0.73,8292,0
2015-11-09,09:45:00,0.74,0.74,0.74,0.74,1465,0
2015-11-09,09:50:00,0.75,0.76,0.75,0.76,10474,0
2015-11-09,09:55:00,0.76,0.76,0.76,0.76,880,0
2015-11-09,10:00:00,0.76,0.76,0.76,0.76,4519,0
2015-11-09,10:25:00,0.76,0.76,0.76,0.76,6555,0
2015-11-09,10:45:00,0.76,0.78,0.76,0.78,69558,0
2015-11-09,10:50:00,0.79,0.81,0.79,0.81,37110,0
2015-11-09,10:55:00,0.8,0.8,0.79,0.79,13400,0
2015-11-09,11:00:00,0.81,0.81,0.79,0.79,2068,0
2015-11-09,11:05:00,0.77,0.79,0.77,0.79,6500,0
2015-11-09,11:10:00,0.79,0.82,0.79,0.81,19254,0
2015-11-09,11:15:00,0.81,0.82,0.81,0.82,5500,0
2015-11-09,11:20:00,0.82,0.82,0.82,0.82,300,0
2015-11-09,11:30:00,0.81,0.81,0.81,0.81,1200,0
2015-11-09,11:45:00,0.81,0.81,0.81,0.81,3024,0
2015-11-09,12:00:00,0.8,0.8,0.8,0.8,1300,0
2015-11-09,12:10:00,0.79,0.79,0.79,0.79,3000,0
2015-11-09,12:15:00,0.8,0.8,0.8,0.8,1000,0
2015-11-09,12:30:00,0.79,0.79,0.79,0.79,1205,0
2015-11-09,12:55:00,0.78,0.78,0.78,0.78,1761,0
2015-11-09,13:05:00,0.78,0.78,0.78,0.78,3952,0
2015-11-09,13:10:00,0.78,0.79,0.78,0.78,2032,0
2015-11-09,13:45:00,0.79,0.79,0.79,0.79,2525,0
2015-11-09,14:00:00,0.78,0.78,0.78,0.78,3000,0
2015-11-09,14:05:00,0.78,0.78,0.78,0.78,1048,0
2015-11-09,14:30:00,0.77,0.79,0.77,0.77,12688,0
2015-11-09,15:35:00,0.77,0.78,0.77,0.78,1111,0
2015-11-09,16:35:00,0.76,0.76,0.76,0.76,426,0
2015-11-09,16:45:00,0.77,0.78,0.77,0.78,2962,0
2015-11-09,16:50:00,0.78,0.78,0.78,0.78,1333,0
2015-11-10,09:05:00,0.76,0.76,0.76,0.76,4574,0
2015-11-10,09:30:00,0.78,0.78,0.75,0.75,2014,0
2015-11-10,10:10:00,0.75,0.75,0.75,0.75,3024,0
2015-11-10,10:40:00,0.76,0.76,0.76,0.76,1900,0
2015-11-10,11:30:00,0.78,0.78,0.76,0.76,3130,0
2015-11-10,11:35:00,0.78,0.78,0.78,0.78,9996,0
2015-11-10,11:40:00,0.78,0.79,0.78,0.79,4968,0
2015-11-10,11:45:00,0.79,0.79,0.79,0.79,12330,0
2015-11-10,12:10:00,0.79,0.79,0.79,0.79,5000,0
2015-11-10,12:20:00,0.79,0.82,0.79,0.81,4561,0
2015-11-10,12:25:00,0.81,0.81,0.81,0.81,471,0
2015-11-10,12:35:00,0.81,0.81,0.81,0.81,1029,0
2015-11-10,12:50:00,0.82,0.82,0.82,0.82,4600,0
2015-11-10,12:55:00,0.82,0.82,0.82,0.82,1354,0
2015-11-10,13:00:00,0.82,0.82,0.82,0.82,2525,0
2015-11-10,13:05:00,0.83,0.83,0.83,0.83,21,0
2015-11-10,13:10:00,0.82,0.82,0.82,0.82,1288,0
2015-11-10,13:20:00,0.82,0.83,0.82,0.83,3001,0
2015-11-10,13:35:00,0.84,0.84,0.84,0.84,9130,0
2015-11-10,13:45:00,0.83,0.83,0.83,0.83,21,0
2015-11-10,13:50:00,0.82,0.82,0.81,0.81,6049,0
2015-11-10,13:55:00,0.81,0.81,0.8,0.8,10000,0
2015-11-10,14:15:00,0.83,0.83,0.83,0.83,11,0
2015-11-10,14:25:00,0.83,0.83,0.83,0.83,250,0
2015-11-10,14:30:00,0.81,0.81,0.81,0.81,1,0
2015-11-10,14:35:00,0.81,0.81,0.79,0.79,5979,0
2015-11-10,14:40:00,0.79,0.79,0.79,0.79,200,0
2015-11-10,14:45:00,0.79,0.79,0.79,0.79,950,0
2015-11-10,15:15:00,0.78,0.81,0.78,0.81,14609,0
2015-11-10,15:20:00,0.82,0.82,0.82,0.82,11558,0
2015-11-10,15:25:00,0.82,0.82,0.82,0.82,4024,0
2015-11-10,15:30:00,0.83,0.83,0.82,0.82,5096,0
2015-11-10,15:45:00,0.82,0.82,0.82,0.82,10,0
2015-11-10,16:00:00,0.82,0.82,0.81,0.81,140,0
2015-11-10,16:30:00,0.81,0.81,0.81,0.81,200,0
2015-11-10,16:35:00,0.81,0.81,0.81,0.81,1030,0
2015-11-10,16:40:00,0.81,0.81,0.81,0.81,34,0
2015-11-10,16:50:00,0.78,0.82,0.78,0.82,6312,0
