2015-11-20,09:05:00,5.88,5.9,5.88,5.89,48917,0
2015-11-20,09:10:00,5.89,5.89,5.87,5.87,26136,0
2015-11-20,09:15:00,5.87,5.89,5.87,5.89,113140,0
2015-11-20,09:20:00,5.9,5.9,5.9,5.9,9708,0
2015-11-20,09:25:00,5.91,5.91,5.9,5.9,9271,0
2015-11-20,09:30:00,5.9,5.9,5.89,5.9,6610,0
2015-11-20,09:35:00,5.9,5.9,5.89,5.89,11627,0
2015-11-20,09:40:00,5.9,5.9,5.9,5.9,2000,0
2015-11-20,09:45:00,5.89,5.9,5.89,5.9,15720,0
2015-11-20,09:50:00,5.91,5.91,5.9,5.9,16142,0
2015-11-20,09:55:00,5.91,5.94,5.91,5.92,50494,0
2015-11-20,10:00:00,5.92,5.92,5.91,5.91,7926,0
2015-11-20,10:05:00,5.92,5.92,5.91,5.91,3738,0
2015-11-20,10:10:00,5.92,5.92,5.91,5.91,15774,0
2015-11-20,10:15:00,5.92,5.92,5.92,5.92,1789,0
2015-11-20,10:20:00,5.91,5.91,5.91,5.91,7372,0
2015-11-20,10:25:00,5.92,5.93,5.92,5.93,44207,0
2015-11-20,10:30:00,5.93,5.94,5.93,5.93,10181,0
2015-11-20,10:35:00,5.94,5.94,5.94,5.94,3104,0
2015-11-20,10:40:00,5.93,5.94,5.93,5.93,22597,0
2015-11-20,10:45:00,5.93,5.93,5.92,5.93,14407,0
2015-11-20,10:55:00,5.93,5.94,5.93,5.94,4035,0
2015-11-20,11:00:00,5.93,5.93,5.92,5.93,24638,0
2015-11-20,11:05:00,5.93,5.93,5.92,5.92,16159,0
2015-11-20,11:10:00,5.93,5.93,5.92,5.92,16102,0
2015-11-20,11:15:00,5.93,5.93,5.9,5.91,27354,0
2015-11-20,11:20:00,5.91,5.91,5.91,5.91,6213,0
2015-11-20,11:30:00,5.92,5.93,5.91,5.92,56879,0
2015-11-20,11:35:00,5.92,5.92,5.92,5.92,5143,0
2015-11-20,11:40:00,5.92,5.92,5.92,5.92,6957,0
2015-11-20,11:45:00,5.91,5.92,5.91,5.92,6450,0
2015-11-20,11:50:00,5.92,5.92,5.92,5.92,22876,0
2015-11-20,11:55:00,5.92,5.92,5.92,5.92,4781,0
2015-11-20,12:00:00,5.92,5.92,5.91,5.92,9470,0
2015-11-20,12:05:00,5.92,5.93,5.92,5.93,19118,0
2015-11-20,12:10:00,5.93,5.93,5.91,5.91,37730,0
2015-11-20,12:20:00,5.92,5.92,5.92,5.92,1007,0
2015-11-20,12:25:00,5.93,5.93,5.92,5.92,10196,0
2015-11-20,12:30:00,5.93,5.93,5.92,5.92,4153,0
2015-11-20,12:35:00,5.93,5.93,5.93,5.93,3178,0
2015-11-20,12:40:00,5.92,5.93,5.92,5.93,4456,0
2015-11-20,12:45:00,5.93,5.93,5.92,5.92,6014,0
2015-11-20,12:50:00,5.92,5.93,5.92,5.93,10753,0
2015-11-20,12:55:00,5.93,5.93,5.93,5.93,3497,0
2015-11-20,13:00:00,5.93,5.93,5.93,5.93,4395,0
2015-11-20,13:05:00,5.93,5.93,5.92,5.93,12109,0
2015-11-20,13:10:00,5.94,5.94,5.93,5.93,2722,0
2015-11-20,13:15:00,5.94,5.95,5.93,5.94,56827,0
2015-11-20,13:20:00,5.95,5.95,5.93,5.94,8298,0
2015-11-20,13:25:00,5.93,5.94,5.93,5.94,3904,0
2015-11-20,13:30:00,5.94,5.94,5.93,5.94,14003,0
2015-11-20,13:35:00,5.94,5.94,5.94,5.94,8571,0
2015-11-20,13:40:00,5.94,5.95,5.94,5.95,35647,0
2015-11-20,13:45:00,5.95,5.95,5.93,5.94,53183,0
2015-11-20,13:50:00,5.94,5.95,5.94,5.95,21823,0
2015-11-20,13:55:00,5.95,5.95,5.95,5.95,12953,0
2015-11-20,14:00:00,5.95,5.95,5.95,5.95,10795,0
2015-11-20,14:05:00,5.95,5.95,5.92,5.92,53675,0
2015-11-20,14:10:00,5.93,5.95,5.93,5.95,22982,0
2015-11-20,14:15:00,5.95,5.96,5.93,5.96,14125,0
2015-11-20,14:20:00,5.96,5.98,5.95,5.96,47457,0
2015-11-20,14:25:00,5.97,5.97,5.97,5.97,3938,0
2015-11-20,14:30:00,5.96,5.96,5.94,5.96,60134,0
2015-11-20,14:35:00,5.97,5.97,5.96,5.96,12694,0
2015-11-20,14:40:00,5.97,5.97,5.95,5.95,40632,0
2015-11-20,14:45:00,5.96,5.97,5.96,5.97,13877,0
2015-11-20,14:50:00,5.97,5.98,5.95,5.96,64148,0
2015-11-20,14:55:00,5.96,5.97,5.96,5.97,4191,0
2015-11-20,15:00:00,5.98,6.01,5.97,5.98,75072,0
2015-11-20,15:10:00,5.99,6,5.96,6,128425,0
2015-11-20,15:15:00,5.99,6.01,5.99,6,79582,0
2015-11-20,15:20:00,6,6.01,6,6,27084,0
2015-11-20,15:25:00,6.01,6.05,6,6.02,232440,0
2015-11-20,15:30:00,6.01,6.03,6.01,6.03,8014,0
2015-11-20,15:35:00,6.03,6.06,6.03,6.05,84358,0
2015-11-20,15:40:00,6.05,6.05,5.99,6.05,79311,0
2015-11-20,15:45:00,6.05,6.05,6.04,6.05,26868,0
2015-11-20,15:50:00,6.05,6.07,6.04,6.04,90364,0
2015-11-20,15:55:00,6.04,6.04,6.04,6.04,25690,0
2015-11-20,16:00:00,6.04,6.04,6.02,6.03,55840,0
2015-11-20,16:05:00,6.06,6.06,6.03,6.04,43768,0
2015-11-20,16:10:00,6.04,6.04,6.03,6.04,39805,0
2015-11-20,16:15:00,6.05,6.05,6.04,6.04,5327,0
2015-11-20,16:20:00,6.05,6.05,6.04,6.05,64466,0
2015-11-20,16:25:00,6.05,6.08,6.05,6.08,125400,0
2015-11-20,16:30:00,6.07,6.09,6.04,6.09,93562,0
2015-11-20,16:35:00,6.07,6.09,6.07,6.09,37293,0
2015-11-20,16:40:00,6.09,6.09,6.06,6.08,85303,0
2015-11-20,16:45:00,6.08,6.08,6.06,6.07,49139,0
2015-11-20,16:50:00,6.06,6.07,6.02,6.03,406996,0
2015-11-23,09:05:00,6.03,6.03,5.94,5.94,43599,0
2015-11-23,09:10:00,5.94,5.95,5.9,5.91,128264,0
2015-11-23,09:15:00,5.92,5.92,5.88,5.88,101980,0
2015-11-23,09:20:00,5.89,5.91,5.89,5.89,29579,0
2015-11-23,09:25:00,5.9,5.9,5.89,5.89,747,0
2015-11-23,09:30:00,5.89,5.89,5.87,5.87,61921,0
2015-11-23,09:35:00,5.87,5.88,5.86,5.87,32404,0
2015-11-23,09:40:00,5.86,5.89,5.86,5.89,159412,0
2015-11-23,09:45:00,5.89,5.89,5.87,5.88,12141,0
2015-11-23,09:50:00,5.88,5.9,5.88,5.9,30101,0
2015-11-23,09:55:00,5.9,5.9,5.9,5.9,1000,0
2015-11-23,10:00:00,5.89,5.9,5.89,5.9,185,0
2015-11-23,10:05:00,5.9,5.9,5.9,5.9,46129,0
2015-11-23,10:10:00,5.89,5.9,5.89,5.89,39034,0
2015-11-23,10:15:00,5.9,5.9,5.9,5.9,5922,0
2015-11-23,10:20:00,5.9,5.9,5.9,5.9,5971,0
2015-11-23,10:25:00,5.9,5.91,5.9,5.91,41473,0
2015-11-23,10:30:00,5.9,5.9,5.89,5.89,57179,0
2015-11-23,10:35:00,5.88,5.88,5.87,5.87,25729,0
2015-11-23,10:40:00,5.87,5.88,5.87,5.88,22779,0
2015-11-23,10:45:00,5.87,5.87,5.87,5.87,1000,0
2015-11-23,10:50:00,5.88,5.88,5.88,5.88,300,0
2015-11-23,10:55:00,5.88,5.88,5.88,5.88,7900,0
2015-11-23,11:00:00,5.87,5.87,5.87,5.87,15000,0
2015-11-23,11:05:00,5.87,5.88,5.87,5.88,3700,0
2015-11-23,11:10:00,5.87,5.88,5.87,5.87,28902,0
2015-11-23,11:20:00,5.86,5.87,5.86,5.87,9938,0
2015-11-23,11:25:00,5.86,5.86,5.86,5.86,1148,0
2015-11-23,11:30:00,5.86,5.87,5.86,5.87,342,0
2015-11-23,11:35:00,5.87,5.87,5.86,5.87,26329,0
2015-11-23,11:40:00,5.87,5.87,5.86,5.87,14495,0
2015-11-23,11:45:00,5.87,5.87,5.86,5.87,56532,0
2015-11-23,11:50:00,5.87,5.87,5.87,5.87,3783,0
2015-11-23,11:55:00,5.87,5.87,5.86,5.87,8189,0
2015-11-23,12:00:00,5.87,5.87,5.86,5.87,12428,0
2015-11-23,12:05:00,5.87,5.87,5.86,5.87,58516,0
2015-11-23,12:10:00,5.87,5.87,5.87,5.87,14488,0
2015-11-23,12:15:00,5.87,5.87,5.87,5.87,21173,0
2015-11-23,12:20:00,5.87,5.87,5.87,5.87,7608,0
2015-11-23,12:25:00,5.87,5.87,5.87,5.87,57828,0
2015-11-23,12:30:00,5.87,5.89,5.87,5.89,17127,0
2015-11-23,12:35:00,5.89,5.9,5.89,5.9,28260,0
2015-11-23,12:40:00,5.9,5.91,5.89,5.91,39269,0
2015-11-23,12:45:00,5.91,5.91,5.91,5.91,32456,0
2015-11-23,12:50:00,5.91,5.92,5.91,5.92,40574,0
2015-11-23,12:55:00,5.92,5.92,5.91,5.91,31982,0
2015-11-23,13:00:00,5.91,5.92,5.91,5.91,10852,0
2015-11-23,13:05:00,5.92,5.92,5.91,5.91,5613,0
2015-11-23,13:10:00,5.91,5.92,5.9,5.9,46833,0
2015-11-23,13:15:00,5.89,5.9,5.87,5.89,71949,0
2015-11-23,13:20:00,5.9,5.92,5.9,5.92,56973,0
2015-11-23,13:25:00,5.91,5.91,5.9,5.91,23275,0
2015-11-23,13:30:00,5.91,5.92,5.91,5.92,6677,0
2015-11-23,13:35:00,5.91,5.91,5.91,5.91,45708,0
2015-11-23,13:40:00,5.9,5.91,5.9,5.91,7785,0
2015-11-23,13:45:00,5.91,5.91,5.9,5.9,17814,0
2015-11-23,13:50:00,5.9,5.91,5.9,5.91,2335,0
2015-11-23,13:55:00,5.91,5.91,5.9,5.91,10518,0
2015-11-23,14:00:00,5.91,5.91,5.91,5.91,13438,0
2015-11-23,14:05:00,5.91,5.91,5.88,5.9,149478,0
2015-11-23,14:10:00,5.89,5.9,5.88,5.88,55643,0
2015-11-23,14:15:00,5.88,5.88,5.87,5.88,71112,0
2015-11-23,14:20:00,5.89,5.89,5.88,5.88,12705,0
2015-11-23,14:25:00,5.88,5.88,5.86,5.86,52525,0
2015-11-23,14:30:00,5.87,5.87,5.86,5.87,55218,0
2015-11-23,14:35:00,5.86,5.86,5.86,5.86,71852,0
2015-11-23,14:40:00,5.86,5.86,5.85,5.86,51711,0
2015-11-23,14:45:00,5.86,5.89,5.85,5.87,110004,0
2015-11-23,14:50:00,5.87,5.88,5.87,5.87,28913,0
2015-11-23,14:55:00,5.87,5.88,5.87,5.88,36496,0
2015-11-23,15:00:00,5.88,5.89,5.88,5.89,8490,0
2015-11-23,15:05:00,5.88,5.89,5.88,5.89,1648,0
2015-11-23,15:10:00,5.89,5.91,5.88,5.91,129911,0
2015-11-23,15:15:00,5.91,5.91,5.88,5.9,110725,0
2015-11-23,15:20:00,5.9,5.91,5.9,5.91,2086,0
2015-11-23,15:25:00,5.9,5.91,5.9,5.91,73006,0
2015-11-23,15:30:00,5.91,5.91,5.9,5.9,36915,0
2015-11-23,15:35:00,5.91,5.91,5.9,5.91,29217,0
2015-11-23,15:40:00,5.91,5.91,5.9,5.91,49951,0
2015-11-23,15:45:00,5.91,5.92,5.91,5.92,29843,0
2015-11-23,15:50:00,5.92,5.92,5.92,5.92,55173,0
2015-11-23,15:55:00,5.92,5.92,5.89,5.89,104658,0
2015-11-23,16:00:00,5.9,5.92,5.88,5.91,112284,0
2015-11-23,16:05:00,5.91,5.92,5.9,5.92,87118,0
2015-11-23,16:10:00,5.92,5.92,5.92,5.92,25974,0
2015-11-23,16:15:00,5.92,5.92,5.91,5.92,89878,0
2015-11-23,16:20:00,5.92,5.95,5.91,5.92,182472,0
2015-11-23,16:25:00,5.92,5.92,5.91,5.92,5029,0
2015-11-23,16:30:00,5.92,5.92,5.88,5.9,121945,0
2015-11-23,16:35:00,5.9,5.9,5.88,5.89,237921,0
2015-11-23,16:40:00,5.89,5.91,5.88,5.9,88567,0
2015-11-23,16:45:00,5.9,5.9,5.89,5.9,22248,0
2015-11-23,16:50:00,5.89,5.92,5.86,5.92,1219301,0
2015-11-24,09:05:00,5.9,5.93,5.9,5.91,38633,0
2015-11-24,09:10:00,5.9,5.93,5.9,5.91,73104,0
2015-11-24,09:15:00,5.91,5.92,5.88,5.9,37291,0
2015-11-24,09:20:00,5.91,5.92,5.91,5.92,16598,0
2015-11-24,09:25:00,5.91,5.91,5.9,5.91,30827,0
2015-11-24,09:30:00,5.9,5.9,5.88,5.88,16034,0
2015-11-24,09:35:00,5.88,5.89,5.85,5.85,58914,0
2015-11-24,09:40:00,5.85,5.86,5.84,5.84,19092,0
2015-11-24,09:45:00,5.85,5.85,5.83,5.83,36566,0
2015-11-24,09:50:00,5.84,5.85,5.83,5.84,33577,0
2015-11-24,09:55:00,5.84,5.84,5.81,5.83,49827,0
2015-11-24,10:00:00,5.83,5.84,5.81,5.81,32614,0
2015-11-24,10:05:00,5.81,5.82,5.8,5.82,23104,0
2015-11-24,10:10:00,5.81,5.85,5.81,5.82,60404,0
2015-11-24,10:15:00,5.83,5.83,5.83,5.83,6623,0
2015-11-24,10:20:00,5.82,5.83,5.82,5.83,19849,0
2015-11-24,10:25:00,5.82,5.82,5.81,5.82,16037,0
2015-11-24,10:30:00,5.82,5.85,5.81,5.84,115319,0
2015-11-24,10:35:00,5.83,5.84,5.83,5.84,8172,0
2015-11-24,10:40:00,5.83,5.84,5.83,5.83,37534,0
2015-11-24,10:45:00,5.83,5.83,5.83,5.83,11391,0
2015-11-24,10:50:00,5.83,5.84,5.82,5.83,12839,0
2015-11-24,10:55:00,5.82,5.83,5.82,5.82,26526,0
2015-11-24,11:00:00,5.82,5.82,5.81,5.81,13475,0
2015-11-24,11:05:00,5.81,5.83,5.81,5.82,16181,0
2015-11-24,11:10:00,5.81,5.83,5.81,5.82,102836,0
2015-11-24,11:15:00,5.82,5.83,5.82,5.83,122093,0
2015-11-24,11:20:00,5.82,5.82,5.82,5.82,13539,0
2015-11-24,11:25:00,5.82,5.82,5.81,5.82,52455,0
2015-11-24,11:30:00,5.82,5.82,5.81,5.82,29484,0
2015-11-24,11:35:00,5.81,5.82,5.81,5.81,10858,0
2015-11-24,11:40:00,5.82,5.83,5.8,5.82,284684,0
2015-11-24,11:45:00,5.8,5.82,5.8,5.82,30307,0
2015-11-24,11:50:00,5.81,5.82,5.81,5.82,23524,0
2015-11-24,11:55:00,5.82,5.82,5.81,5.81,11802,0
2015-11-24,12:00:00,5.82,5.82,5.81,5.81,13040,0
2015-11-24,12:05:00,5.81,5.82,5.81,5.82,71573,0
2015-11-24,12:10:00,5.81,5.81,5.75,5.77,95538,0
2015-11-24,12:15:00,5.77,5.78,5.76,5.76,49771,0
2015-11-24,12:20:00,5.76,5.76,5.72,5.74,97499,0
2015-11-24,12:25:00,5.74,5.76,5.73,5.76,49035,0
2015-11-24,12:30:00,5.76,5.76,5.76,5.76,8488,0
2015-11-24,12:35:00,5.76,5.76,5.76,5.76,10134,0
2015-11-24,12:40:00,5.76,5.77,5.76,5.77,33370,0
2015-11-24,12:45:00,5.76,5.77,5.76,5.77,14861,0
2015-11-24,12:50:00,5.76,5.78,5.76,5.78,16627,0
2015-11-24,12:55:00,5.78,5.81,5.78,5.8,37624,0
2015-11-24,13:00:00,5.8,5.81,5.79,5.81,16520,0
2015-11-24,13:05:00,5.8,5.82,5.8,5.82,39526,0
2015-11-24,13:10:00,5.81,5.81,5.8,5.81,145030,0
2015-11-24,13:15:00,5.81,5.81,5.79,5.8,47928,0
2015-11-24,13:20:00,5.8,5.8,5.8,5.8,15620,0
2015-11-24,13:25:00,5.8,5.83,5.8,5.83,38684,0
2015-11-24,13:30:00,5.82,5.83,5.81,5.82,33501,0
2015-11-24,13:35:00,5.83,5.85,5.83,5.85,71912,0
2015-11-24,13:40:00,5.84,5.84,5.82,5.82,47469,0
2015-11-24,13:45:00,5.82,5.82,5.82,5.82,6802,0
2015-11-24,13:50:00,5.82,5.82,5.82,5.82,13435,0
2015-11-24,13:55:00,5.82,5.82,5.82,5.82,76385,0
2015-11-24,14:00:00,5.82,5.82,5.81,5.81,45213,0
2015-11-24,14:05:00,5.8,5.8,5.77,5.79,151624,0
2015-11-24,14:10:00,5.78,5.78,5.73,5.75,130573,0
2015-11-24,14:15:00,5.75,5.76,5.75,5.76,66305,0
2015-11-24,14:20:00,5.76,5.76,5.74,5.76,35055,0
2015-11-24,14:25:00,5.76,5.78,5.75,5.78,48786,0
2015-11-24,14:30:00,5.78,5.78,5.76,5.77,44653,0
2015-11-24,14:40:00,5.77,5.78,5.77,5.77,14527,0
2015-11-24,14:45:00,5.78,5.79,5.77,5.79,41177,0
2015-11-24,14:50:00,5.79,5.79,5.79,5.79,13135,0
2015-11-24,14:55:00,5.79,5.79,5.78,5.78,22857,0
2015-11-24,15:00:00,5.79,5.79,5.74,5.75,73558,0
2015-11-24,15:05:00,5.75,5.77,5.74,5.75,38871,0
2015-11-24,15:10:00,5.75,5.75,5.74,5.74,35450,0
2015-11-24,15:15:00,5.74,5.76,5.74,5.76,66123,0
2015-11-24,15:20:00,5.75,5.8,5.75,5.8,39918,0
2015-11-24,15:25:00,5.8,5.81,5.78,5.78,75897,0
2015-11-24,15:30:00,5.78,5.8,5.76,5.79,61789,0
2015-11-24,15:35:00,5.8,5.8,5.75,5.77,29316,0
2015-11-24,15:40:00,5.78,5.78,5.76,5.78,48822,0
2015-11-24,15:45:00,5.78,5.88,5.78,5.87,201704,0
2015-11-24,15:50:00,5.87,5.92,5.87,5.9,162200,0
2015-11-24,15:55:00,5.9,5.9,5.78,5.81,116781,0
2015-11-24,16:00:00,5.83,5.87,5.83,5.84,51899,0
2015-11-24,16:05:00,5.85,5.88,5.85,5.87,28601,0
2015-11-24,16:10:00,5.87,5.91,5.87,5.89,63881,0
2015-11-24,16:15:00,5.89,5.91,5.88,5.89,76452,0
2015-11-24,16:20:00,5.89,5.89,5.89,5.89,1048,0
2015-11-24,16:25:00,5.89,5.9,5.84,5.89,85559,0
2015-11-24,16:30:00,5.89,5.9,5.87,5.87,68907,0
2015-11-24,16:35:00,5.87,5.89,5.84,5.84,85827,0
2015-11-24,16:40:00,5.85,5.9,5.85,5.87,98796,0
2015-11-24,16:45:00,5.89,5.89,5.88,5.88,7493,0
2015-11-24,16:50:00,5.88,5.88,5.84,5.84,323922,0
2015-11-25,09:05:00,5.91,5.91,5.86,5.88,42492,0
2015-11-25,09:10:00,5.89,5.89,5.87,5.87,15039,0
2015-11-25,09:15:00,5.89,5.89,5.87,5.88,27389,0
2015-11-25,09:20:00,5.87,5.88,5.87,5.88,60912,0
2015-11-25,09:25:00,5.88,5.88,5.78,5.8,163308,0
2015-11-25,09:30:00,5.8,5.8,5.73,5.73,217111,0
2015-11-25,09:35:00,5.74,5.79,5.74,5.78,43458,0
2015-11-25,09:40:00,5.79,5.8,5.78,5.8,80312,0
2015-11-25,09:45:00,5.8,5.82,5.78,5.78,136409,0
2015-11-25,09:50:00,5.79,5.8,5.77,5.78,110110,0
2015-11-25,09:55:00,5.78,5.79,5.77,5.77,58945,0
2015-11-25,10:00:00,5.77,5.78,5.76,5.77,341985,0
2015-11-25,10:05:00,5.77,5.78,5.77,5.78,72306,0
2015-11-25,10:10:00,5.78,5.78,5.77,5.77,12256,0
2015-11-25,10:15:00,5.79,5.79,5.77,5.78,46386,0
2015-11-25,10:20:00,5.78,5.79,5.77,5.78,24789,0
2015-11-25,10:25:00,5.78,5.79,5.77,5.78,24675,0
2015-11-25,10:30:00,5.77,5.78,5.77,5.77,41897,0
2015-11-25,10:35:00,5.77,5.77,5.77,5.77,13533,0
2015-11-25,10:40:00,5.78,5.8,5.77,5.8,109567,0
2015-11-25,10:45:00,5.8,5.8,5.78,5.78,45687,0
2015-11-25,10:50:00,5.78,5.79,5.78,5.78,18104,0
2015-11-25,10:55:00,5.78,5.79,5.77,5.77,81107,0
2015-11-25,11:00:00,5.77,5.8,5.77,5.78,62052,0
2015-11-25,11:05:00,5.78,5.8,5.78,5.78,25054,0
2015-11-25,11:10:00,5.78,5.79,5.78,5.78,18426,0
2015-11-25,11:15:00,5.78,5.79,5.78,5.79,35767,0
2015-11-25,11:20:00,5.78,5.8,5.78,5.8,72676,0
2015-11-25,11:25:00,5.78,5.8,5.78,5.79,26420,0
2015-11-25,11:30:00,5.78,5.79,5.78,5.78,43308,0
2015-11-25,11:35:00,5.78,5.8,5.78,5.78,13973,0
2015-11-25,11:40:00,5.78,5.8,5.78,5.79,30020,0
2015-11-25,11:45:00,5.78,5.8,5.78,5.79,39341,0
2015-11-25,11:50:00,5.78,5.81,5.78,5.78,115012,0
2015-11-25,11:55:00,5.78,5.79,5.78,5.78,28461,0
2015-11-25,12:00:00,5.78,5.79,5.78,5.78,19244,0
2015-11-25,12:05:00,5.79,5.79,5.78,5.79,30662,0
2015-11-25,12:10:00,5.79,5.8,5.78,5.79,95149,0
2015-11-25,12:15:00,5.79,5.81,5.79,5.8,12027,0
2015-11-25,12:20:00,5.8,5.81,5.79,5.79,57362,0
2015-11-25,12:25:00,5.79,5.81,5.79,5.79,21089,0
2015-11-25,12:30:00,5.79,5.8,5.79,5.79,14682,0
2015-11-25,12:35:00,5.79,5.81,5.79,5.79,24884,0
2015-11-25,12:40:00,5.79,5.8,5.79,5.8,11243,0
2015-11-25,12:45:00,5.8,5.8,5.78,5.78,60950,0
2015-11-25,12:50:00,5.78,5.79,5.78,5.79,16167,0
2015-11-25,12:55:00,5.78,5.79,5.78,5.78,70942,0
2015-11-25,13:00:00,5.79,5.79,5.77,5.77,158886,0
2015-11-25,13:05:00,5.77,5.77,5.77,5.77,15423,0
2015-11-25,13:10:00,5.77,5.77,5.77,5.77,12085,0
2015-11-25,13:15:00,5.77,5.77,5.77,5.77,19036,0
2015-11-25,13:20:00,5.77,5.77,5.77,5.77,20709,0
2015-11-25,13:25:00,5.77,5.77,5.77,5.77,17403,0
2015-11-25,13:30:00,5.76,5.77,5.76,5.77,30987,0
2015-11-25,13:35:00,5.76,5.77,5.76,5.77,4943,0
2015-11-25,13:40:00,5.76,5.76,5.76,5.76,25445,0
2015-11-25,13:45:00,5.76,5.76,5.76,5.76,111518,0
2015-11-25,13:50:00,5.75,5.76,5.75,5.75,17478,0
2015-11-25,13:55:00,5.75,5.76,5.75,5.76,27093,0
2015-11-25,14:00:00,5.75,5.75,5.75,5.75,44390,0
2015-11-25,14:05:00,5.75,5.75,5.75,5.75,41365,0
2015-11-25,14:10:00,5.76,5.76,5.74,5.74,95483,0
2015-11-25,14:15:00,5.74,5.74,5.74,5.74,46912,0
2015-11-25,14:20:00,5.74,5.74,5.73,5.73,52275,0
2015-11-25,14:25:00,5.73,5.73,5.73,5.73,107504,0
2015-11-25,14:30:00,5.74,5.78,5.72,5.76,160185,0
2015-11-25,14:35:00,5.75,5.75,5.74,5.74,19178,0
2015-11-25,14:40:00,5.74,5.76,5.71,5.71,96546,0
2015-11-25,14:45:00,5.71,5.72,5.65,5.71,175400,0
2015-11-25,14:50:00,5.7,5.71,5.67,5.7,83042,0
2015-11-25,14:55:00,5.7,5.71,5.7,5.7,10217,0
2015-11-25,15:00:00,5.7,5.7,5.69,5.69,7380,0
2015-11-25,15:05:00,5.7,5.7,5.69,5.69,55687,0
2015-11-25,15:10:00,5.69,5.69,5.67,5.67,105917,0
2015-11-25,15:15:00,5.67,5.68,5.66,5.66,94239,0
2015-11-25,15:20:00,5.66,5.66,5.66,5.66,45919,0
2015-11-25,15:25:00,5.66,5.67,5.66,5.66,39657,0
2015-11-25,15:30:00,5.66,5.67,5.66,5.67,78736,0
2015-11-25,15:35:00,5.68,5.68,5.67,5.67,178998,0
2015-11-25,15:40:00,5.67,5.67,5.66,5.67,31392,0
2015-11-25,15:45:00,5.67,5.67,5.66,5.66,34421,0
2015-11-25,15:50:00,5.66,5.66,5.66,5.66,31932,0
2015-11-25,15:55:00,5.66,5.67,5.66,5.67,80897,0
2015-11-25,16:00:00,5.68,5.68,5.67,5.68,47831,0
2015-11-25,16:05:00,5.68,5.68,5.67,5.67,86789,0
2015-11-25,16:10:00,5.67,5.68,5.67,5.67,60490,0
2015-11-25,16:15:00,5.67,5.68,5.66,5.68,258221,0
2015-11-25,16:20:00,5.68,5.68,5.65,5.67,103588,0
2015-11-25,16:25:00,5.67,5.68,5.67,5.68,41755,0
2015-11-25,16:30:00,5.68,5.68,5.66,5.66,87470,0
2015-11-25,16:35:00,5.66,5.67,5.66,5.66,34345,0
2015-11-25,16:40:00,5.66,5.67,5.66,5.66,53934,0
2015-11-25,16:45:00,5.66,5.67,5.65,5.66,204595,0
2015-11-25,16:50:00,5.66,5.67,5.66,5.67,570404,0
2015-11-26,09:05:00,5.69,5.69,5.66,5.66,32753,0
2015-11-26,09:10:00,5.66,5.67,5.66,5.66,1980,0
2015-11-26,09:15:00,5.67,5.68,5.67,5.68,30628,0
2015-11-26,09:20:00,5.68,5.69,5.68,5.69,5444,0
2015-11-26,09:25:00,5.69,5.69,5.68,5.68,13927,0
2015-11-26,09:30:00,5.68,5.68,5.67,5.68,15467,0
2015-11-26,09:35:00,5.68,5.68,5.67,5.68,10631,0
2015-11-26,09:40:00,5.68,5.68,5.68,5.68,1415,0
2015-11-26,09:45:00,5.67,5.67,5.66,5.67,43461,0
2015-11-26,09:50:00,5.67,5.67,5.66,5.66,2052,0
2015-11-26,09:55:00,5.66,5.67,5.66,5.66,22769,0
2015-11-26,10:00:00,5.67,5.67,5.66,5.67,27952,0
2015-11-26,10:05:00,5.66,5.67,5.66,5.67,11988,0
2015-11-26,10:10:00,5.67,5.68,5.66,5.66,117077,0
2015-11-26,10:15:00,5.66,5.67,5.66,5.66,2882,0
2015-11-26,10:20:00,5.66,5.67,5.66,5.66,12877,0
2015-11-26,10:25:00,5.67,5.73,5.66,5.69,233090,0
2015-11-26,10:30:00,5.7,5.7,5.68,5.68,26490,0
2015-11-26,10:35:00,5.68,5.68,5.67,5.67,33651,0
2015-11-26,10:40:00,5.67,5.68,5.67,5.68,14238,0
2015-11-26,10:45:00,5.68,5.68,5.67,5.67,45107,0
2015-11-26,10:50:00,5.66,5.66,5.65,5.66,31075,0
2015-11-26,10:55:00,5.67,5.67,5.67,5.67,42824,0
2015-11-26,11:00:00,5.67,5.68,5.67,5.68,39716,0
2015-11-26,11:05:00,5.68,5.68,5.67,5.67,10295,0
2015-11-26,11:10:00,5.67,5.68,5.67,5.68,29865,0
2015-11-26,11:15:00,5.67,5.68,5.67,5.68,5642,0
2015-11-26,11:20:00,5.67,5.68,5.67,5.67,1648,0
2015-11-26,11:25:00,5.68,5.68,5.67,5.67,12406,0
2015-11-26,11:30:00,5.68,5.68,5.67,5.67,1144,0
2015-11-26,11:35:00,5.67,5.68,5.66,5.67,39855,0
2015-11-26,11:40:00,5.66,5.67,5.66,5.66,6799,0
2015-11-26,11:45:00,5.66,5.67,5.66,5.66,14939,0
2015-11-26,11:50:00,5.66,5.67,5.65,5.66,64644,0
2015-11-26,11:55:00,5.65,5.66,5.64,5.66,42902,0
2015-11-26,12:00:00,5.65,5.66,5.65,5.65,13277,0
2015-11-26,12:05:00,5.65,5.66,5.65,5.65,9009,0
2015-11-26,12:10:00,5.65,5.66,5.65,5.66,28535,0
2015-11-26,12:15:00,5.66,5.66,5.64,5.66,39473,0
2015-11-26,12:20:00,5.66,5.66,5.65,5.65,3879,0
2015-11-26,12:25:00,5.65,5.66,5.65,5.66,17020,0
2015-11-26,12:30:00,5.66,5.66,5.65,5.65,9719,0
2015-11-26,12:35:00,5.65,5.67,5.65,5.66,21385,0
2015-11-26,12:40:00,5.66,5.66,5.66,5.66,11050,0
2015-11-26,12:45:00,5.66,5.66,5.66,5.66,11637,0
2015-11-26,12:50:00,5.66,5.66,5.66,5.66,11690,0
2015-11-26,12:55:00,5.66,5.66,5.66,5.66,9223,0
2015-11-26,13:00:00,5.66,5.66,5.65,5.66,12306,0
2015-11-26,13:05:00,5.66,5.66,5.65,5.65,9884,0
2015-11-26,13:10:00,5.66,5.66,5.65,5.66,13952,0
2015-11-26,13:15:00,5.66,5.66,5.65,5.65,13485,0
2015-11-26,13:20:00,5.66,5.66,5.65,5.66,29870,0
2015-11-26,13:25:00,5.66,5.66,5.65,5.65,16504,0
2015-11-26,13:30:00,5.66,5.66,5.65,5.66,15816,0
2015-11-26,13:35:00,5.66,5.66,5.65,5.66,13837,0
2015-11-26,13:40:00,5.66,5.66,5.66,5.66,19975,0
2015-11-26,13:45:00,5.66,5.67,5.66,5.67,12791,0
2015-11-26,13:50:00,5.67,5.67,5.64,5.65,75708,0
2015-11-26,13:55:00,5.64,5.65,5.64,5.65,4577,0
2015-11-26,14:00:00,5.64,5.65,5.64,5.64,4120,0
2015-11-26,14:05:00,5.65,5.65,5.64,5.64,84059,0
2015-11-26,14:10:00,5.64,5.65,5.64,5.65,1688,0
2015-11-26,14:15:00,5.64,5.65,5.64,5.65,11008,0
2015-11-26,14:20:00,5.65,5.65,5.63,5.63,54998,0
2015-11-26,14:25:00,5.63,5.64,5.63,5.63,5315,0
2015-11-26,14:30:00,5.63,5.65,5.61,5.61,124310,0
2015-11-26,14:35:00,5.61,5.62,5.59,5.59,60017,0
2015-11-26,14:40:00,5.59,5.61,5.59,5.6,83507,0
2015-11-26,14:45:00,5.6,5.6,5.59,5.59,18460,0
2015-11-26,14:50:00,5.6,5.6,5.6,5.6,27503,0
2015-11-26,14:55:00,5.6,5.61,5.6,5.6,46536,0
2015-11-26,15:00:00,5.6,5.6,5.6,5.6,15712,0
2015-11-26,15:05:00,5.6,5.6,5.6,5.6,20361,0
2015-11-26,15:10:00,5.6,5.6,5.57,5.57,120495,0
2015-11-26,15:15:00,5.56,5.57,5.55,5.56,79073,0
2015-11-26,15:20:00,5.56,5.57,5.56,5.57,19580,0
2015-11-26,15:25:00,5.57,5.59,5.57,5.58,107223,0
2015-11-26,15:30:00,5.59,5.59,5.58,5.58,17891,0
2015-11-26,15:35:00,5.59,5.59,5.57,5.58,15956,0
2015-11-26,15:40:00,5.58,5.58,5.57,5.58,19561,0
2015-11-26,15:45:00,5.58,5.6,5.56,5.59,165806,0
2015-11-26,15:50:00,5.59,5.6,5.59,5.6,17085,0
2015-11-26,15:55:00,5.6,5.6,5.57,5.59,83474,0
2015-11-26,16:00:00,5.59,5.59,5.57,5.58,37932,0
2015-11-26,16:05:00,5.58,5.63,5.58,5.62,169196,0
2015-11-26,16:10:00,5.62,5.63,5.62,5.62,90138,0
2015-11-26,16:15:00,5.62,5.62,5.6,5.6,44872,0
2015-11-26,16:20:00,5.6,5.61,5.59,5.6,97154,0
2015-11-26,16:25:00,5.59,5.6,5.58,5.6,107602,0
2015-11-26,16:30:00,5.6,5.6,5.58,5.6,102090,0
2015-11-26,16:35:00,5.61,5.61,5.6,5.61,15036,0
2015-11-26,16:40:00,5.61,5.64,5.61,5.63,89990,0
2015-11-26,16:45:00,5.64,5.65,5.63,5.63,95539,0
2015-11-26,16:50:00,5.64,5.64,5.62,5.62,306312,0
2015-11-27,09:05:00,5.61,5.61,5.57,5.57,19921,0
2015-11-27,09:10:00,5.57,5.58,5.56,5.58,25708,0
2015-11-27,09:15:00,5.57,5.59,5.57,5.59,56908,0
2015-11-27,09:20:00,5.59,5.6,5.56,5.57,61184,0
2015-11-27,09:25:00,5.57,5.58,5.53,5.53,217677,0
2015-11-27,09:30:00,5.54,5.58,5.53,5.56,93109,0
2015-11-27,09:35:00,5.56,5.56,5.55,5.55,14821,0
2015-11-27,09:40:00,5.55,5.56,5.55,5.55,31405,0
2015-11-27,09:45:00,5.56,5.56,5.54,5.54,27300,0
2015-11-27,09:50:00,5.55,5.55,5.53,5.53,39708,0
2015-11-27,09:55:00,5.54,5.54,5.52,5.54,80831,0
2015-11-27,10:00:00,5.53,5.55,5.53,5.53,27795,0
2015-11-27,10:05:00,5.54,5.55,5.52,5.52,31788,0
2015-11-27,10:10:00,5.51,5.52,5.51,5.51,32448,0
2015-11-27,10:15:00,5.51,5.51,5.46,5.46,159940,0
2015-11-27,10:20:00,5.48,5.5,5.48,5.5,32791,0
2015-11-27,10:25:00,5.5,5.5,5.49,5.49,25058,0
2015-11-27,10:30:00,5.49,5.49,5.47,5.48,34411,0
2015-11-27,10:35:00,5.49,5.49,5.48,5.48,16147,0
2015-11-27,10:40:00,5.48,5.49,5.48,5.48,10146,0
2015-11-27,10:45:00,5.48,5.48,5.48,5.48,3199,0
2015-11-27,10:50:00,5.49,5.49,5.47,5.48,13003,0
2015-11-27,10:55:00,5.47,5.47,5.47,5.47,10163,0
2015-11-27,11:00:00,5.47,5.47,5.46,5.47,23736,0
2015-11-27,11:05:00,5.46,5.47,5.46,5.47,11604,0
2015-11-27,11:10:00,5.47,5.47,5.46,5.46,27249,0
2015-11-27,11:15:00,5.47,5.47,5.45,5.45,15531,0
2015-11-27,11:20:00,5.45,5.49,5.45,5.49,50272,0
2015-11-27,11:25:00,5.47,5.47,5.47,5.47,19019,0
2015-11-27,11:30:00,5.46,5.47,5.46,5.47,32065,0
2015-11-27,11:35:00,5.47,5.47,5.47,5.47,969,0
2015-11-27,11:40:00,5.48,5.48,5.46,5.46,4790,0
2015-11-27,11:45:00,5.47,5.47,5.46,5.46,25987,0
2015-11-27,11:50:00,5.46,5.47,5.46,5.47,15872,0
2015-11-27,11:55:00,5.46,5.47,5.46,5.46,8929,0
2015-11-27,12:00:00,5.46,5.47,5.46,5.47,20655,0
2015-11-27,12:05:00,5.46,5.46,5.46,5.46,4604,0
2015-11-27,12:10:00,5.47,5.47,5.46,5.47,20419,0
2015-11-27,12:15:00,5.46,5.47,5.46,5.47,8520,0
2015-11-27,12:20:00,5.46,5.47,5.46,5.47,17210,0
2015-11-27,12:25:00,5.47,5.47,5.46,5.47,7268,0
2015-11-27,12:30:00,5.47,5.47,5.46,5.46,13391,0
2015-11-27,12:35:00,5.46,5.47,5.46,5.47,29410,0
2015-11-27,12:40:00,5.47,5.47,5.45,5.46,32850,0
2015-11-27,12:45:00,5.46,5.46,5.46,5.46,20675,0
2015-11-27,12:50:00,5.47,5.47,5.45,5.45,13152,0
2015-11-27,12:55:00,5.46,5.46,5.46,5.46,4284,0
2015-11-27,13:00:00,5.46,5.46,5.45,5.46,13343,0
2015-11-27,13:05:00,5.45,5.46,5.45,5.46,41971,0
2015-11-27,13:10:00,5.45,5.46,5.45,5.46,7342,0
2015-11-27,13:15:00,5.46,5.46,5.45,5.45,10283,0
2015-11-27,13:20:00,5.45,5.45,5.44,5.44,52863,0
2015-11-27,13:25:00,5.45,5.45,5.45,5.45,254,0
2015-11-27,13:30:00,5.44,5.44,5.44,5.44,6974,0
2015-11-27,13:35:00,5.44,5.46,5.44,5.45,52080,0
2015-11-27,13:40:00,5.46,5.46,5.44,5.44,110641,0
2015-11-27,13:45:00,5.44,5.44,5.43,5.44,30610,0
2015-11-27,13:50:00,5.44,5.45,5.44,5.44,51924,0
2015-11-27,13:55:00,5.44,5.45,5.43,5.45,22497,0
2015-11-27,14:00:00,5.44,5.44,5.44,5.44,3532,0
2015-11-27,14:05:00,5.44,5.46,5.44,5.45,40177,0
2015-11-27,14:10:00,5.46,5.46,5.44,5.44,2005,0
2015-11-27,14:25:00,5.46,5.46,5.46,5.46,4577,0
2015-11-27,14:30:00,5.46,5.46,5.44,5.44,50312,0
2015-11-27,14:35:00,5.44,5.44,5.43,5.44,21083,0
2015-11-27,14:40:00,5.45,5.45,5.44,5.44,16723,0
2015-11-27,14:45:00,5.44,5.44,5.43,5.43,17611,0
2015-11-27,14:50:00,5.44,5.44,5.43,5.44,14414,0
2015-11-27,14:55:00,5.44,5.44,5.42,5.43,82035,0
2015-11-27,15:00:00,5.42,5.44,5.41,5.42,74751,0
2015-11-27,15:05:00,5.42,5.42,5.4,5.41,75692,0
2015-11-27,15:10:00,5.41,5.42,5.39,5.39,715354,0
2015-11-27,15:15:00,5.39,5.4,5.35,5.36,259751,0
2015-11-27,15:20:00,5.38,5.38,5.37,5.38,100310,0
2015-11-27,15:25:00,5.39,5.39,5.38,5.38,53655,0
2015-11-27,15:30:00,5.39,5.4,5.39,5.4,652085,0
2015-11-27,15:35:00,5.4,5.4,5.4,5.4,9135,0
2015-11-27,15:40:00,5.4,5.42,5.4,5.42,20978,0
2015-11-27,15:45:00,5.42,5.42,5.41,5.42,5920,0
2015-11-27,15:50:00,5.41,5.41,5.41,5.41,52737,0
2015-11-27,15:55:00,5.41,5.41,5.38,5.4,75704,0
2015-11-27,16:00:00,5.39,5.4,5.37,5.38,58287,0
2015-11-27,16:05:00,5.38,5.38,5.37,5.38,31957,0
2015-11-27,16:10:00,5.38,5.39,5.36,5.37,112507,0
2015-11-27,16:15:00,5.38,5.38,5.37,5.38,24875,0
2015-11-27,16:20:00,5.37,5.38,5.36,5.37,56157,0
2015-11-27,16:25:00,5.37,5.38,5.37,5.38,49507,0
2015-11-27,16:30:00,5.38,5.38,5.38,5.38,20696,0
2015-11-27,16:35:00,5.38,5.38,5.37,5.37,48193,0
2015-11-27,16:40:00,5.37,5.38,5.36,5.38,26667,0
2015-11-27,16:45:00,5.37,5.38,5.36,5.37,49251,0
2015-11-27,16:50:00,5.37,5.38,5.37,5.38,384218,0
2015-11-30,09:05:00,5.26,5.3,5.26,5.28,116313,0
2015-11-30,09:10:00,5.29,5.35,5.29,5.33,32551,0
2015-11-30,09:15:00,5.33,5.33,5.3,5.3,17690,0
2015-11-30,09:20:00,5.3,5.31,5.29,5.3,18697,0
2015-11-30,09:25:00,5.29,5.31,5.28,5.31,59798,0
2015-11-30,09:30:00,5.3,5.31,5.3,5.3,184208,0
2015-11-30,09:35:00,5.3,5.31,5.29,5.29,53275,0
2015-11-30,09:40:00,5.29,5.3,5.29,5.29,38182,0
2015-11-30,09:45:00,5.29,5.32,5.29,5.32,75333,0
2015-11-30,09:50:00,5.32,5.32,5.3,5.31,36157,0
2015-11-30,09:55:00,5.31,5.32,5.3,5.31,95520,0
2015-11-30,10:00:00,5.31,5.31,5.3,5.3,19879,0
2015-11-30,10:05:00,5.3,5.31,5.3,5.3,27502,0
2015-11-30,10:10:00,5.3,5.31,5.3,5.31,24249,0
2015-11-30,10:15:00,5.3,5.31,5.3,5.3,93949,0
2015-11-30,10:20:00,5.3,5.3,5.28,5.3,75565,0
2015-11-30,10:25:00,5.29,5.3,5.29,5.3,30109,0
2015-11-30,10:30:00,5.3,5.31,5.29,5.3,58200,0
2015-11-30,10:35:00,5.3,5.3,5.3,5.3,16655,0
2015-11-30,10:40:00,5.31,5.31,5.3,5.31,64046,0
2015-11-30,10:45:00,5.31,5.31,5.29,5.29,92891,0
2015-11-30,10:50:00,5.28,5.29,5.28,5.29,44410,0
2015-11-30,10:55:00,5.28,5.29,5.28,5.28,25116,0
2015-11-30,11:00:00,5.28,5.28,5.28,5.28,12445,0
2015-11-30,11:05:00,5.28,5.28,5.27,5.27,26061,0
2015-11-30,11:10:00,5.27,5.27,5.26,5.27,29419,0
2015-11-30,11:15:00,5.26,5.27,5.25,5.27,22676,0
2015-11-30,11:20:00,5.26,5.27,5.25,5.26,35946,0
2015-11-30,11:25:00,5.25,5.26,5.25,5.26,91832,0
2015-11-30,11:30:00,5.26,5.27,5.26,5.26,51601,0
2015-11-30,11:35:00,5.25,5.28,5.25,5.27,123377,0
2015-11-30,11:40:00,5.26,5.26,5.25,5.26,55149,0
2015-11-30,11:45:00,5.26,5.27,5.25,5.26,133736,0
2015-11-30,11:50:00,5.26,5.27,5.25,5.27,109055,0
2015-11-30,11:55:00,5.27,5.28,5.26,5.26,55676,0
2015-11-30,12:00:00,5.27,5.29,5.26,5.28,58707,0
2015-11-30,12:05:00,5.29,5.31,5.29,5.31,40171,0
2015-11-30,12:10:00,5.31,5.31,5.31,5.31,1331,0
2015-11-30,12:15:00,5.3,5.31,5.3,5.3,14025,0
2015-11-30,12:20:00,5.31,5.35,5.31,5.34,217661,0
2015-11-30,12:25:00,5.34,5.38,5.34,5.37,122537,0
2015-11-30,12:30:00,5.36,5.37,5.36,5.37,51850,0
2015-11-30,12:35:00,5.37,5.39,5.37,5.38,129311,0
2015-11-30,12:40:00,5.38,5.39,5.36,5.39,133840,0
2015-11-30,12:45:00,5.39,5.42,5.39,5.41,64865,0
2015-11-30,12:50:00,5.4,5.42,5.39,5.42,541539,0
2015-11-30,12:55:00,5.42,5.48,5.42,5.43,93621,0
2015-11-30,13:00:00,5.44,5.44,5.43,5.43,32674,0
2015-11-30,13:05:00,5.44,5.45,5.43,5.44,131081,0
2015-11-30,13:10:00,5.44,5.44,5.44,5.44,56527,0
2015-11-30,13:15:00,5.44,5.44,5.42,5.42,35186,0
2015-11-30,13:20:00,5.42,5.42,5.38,5.39,81356,0
2015-11-30,13:25:00,5.38,5.39,5.38,5.39,8237,0
2015-11-30,13:30:00,5.39,5.41,5.38,5.4,144307,0
2015-11-30,13:35:00,5.4,5.4,5.39,5.39,7950,0
2015-11-30,13:40:00,5.39,5.39,5.39,5.39,12585,0
2015-11-30,13:45:00,5.39,5.4,5.39,5.4,50722,0
2015-11-30,13:50:00,5.39,5.4,5.39,5.4,16489,0
2015-11-30,13:55:00,5.4,5.42,5.4,5.42,45548,0
2015-11-30,14:00:00,5.42,5.45,5.42,5.45,97771,0
2015-11-30,14:05:00,5.44,5.46,5.44,5.45,91568,0
2015-11-30,14:10:00,5.44,5.45,5.44,5.45,13406,0
2015-11-30,14:15:00,5.44,5.44,5.42,5.43,41983,0
2015-11-30,14:20:00,5.43,5.45,5.43,5.44,70237,0
2015-11-30,14:25:00,5.45,5.48,5.43,5.45,293601,0
2015-11-30,14:30:00,5.45,5.45,5.4,5.42,62257,0
2015-11-30,14:35:00,5.42,5.42,5.4,5.4,56486,0
2015-11-30,14:40:00,5.41,5.44,5.39,5.44,93294,0
2015-11-30,14:45:00,5.45,5.45,5.43,5.45,27242,0
2015-11-30,14:50:00,5.43,5.45,5.43,5.45,141372,0
2015-11-30,14:55:00,5.44,5.45,5.44,5.44,149999,0
2015-11-30,15:00:00,5.44,5.45,5.43,5.45,109078,0
2015-11-30,15:05:00,5.44,5.45,5.43,5.44,104604,0
2015-11-30,15:10:00,5.44,5.46,5.44,5.46,222162,0
2015-11-30,15:15:00,5.46,5.46,5.44,5.45,134352,0
2015-11-30,15:20:00,5.45,5.48,5.45,5.47,215916,0
2015-11-30,15:25:00,5.47,5.48,5.44,5.45,189201,0
2015-11-30,15:30:00,5.45,5.45,5.43,5.45,72935,0
2015-11-30,15:35:00,5.45,5.47,5.43,5.46,780507,0
2015-11-30,15:40:00,5.45,5.47,5.45,5.47,63635,0
2015-11-30,15:45:00,5.46,5.49,5.45,5.48,306535,0
2015-11-30,15:50:00,5.48,5.5,5.47,5.49,229796,0
2015-11-30,15:55:00,5.48,5.49,5.48,5.49,111229,0
2015-11-30,16:00:00,5.5,5.56,5.5,5.56,1030379,0
2015-11-30,16:05:00,5.56,5.6,5.54,5.55,519839,0
2015-11-30,16:10:00,5.55,5.57,5.52,5.54,527661,0
2015-11-30,16:15:00,5.54,5.55,5.54,5.54,60164,0
2015-11-30,16:20:00,5.54,5.55,5.52,5.53,114481,0
2015-11-30,16:25:00,5.54,5.56,5.53,5.56,382415,0
2015-11-30,16:30:00,5.55,5.56,5.54,5.55,127814,0
2015-11-30,16:35:00,5.54,5.54,5.53,5.53,85948,0
2015-11-30,16:40:00,5.53,5.53,5.52,5.52,102480,0
2015-11-30,16:45:00,5.52,5.53,5.47,5.47,165833,0
2015-11-30,16:50:00,5.47,5.48,5.39,5.39,5370013,0
2015-12-01,09:05:00,5.47,5.53,5.47,5.53,81848,0
2015-12-01,09:10:00,5.53,5.55,5.47,5.47,94030,0
2015-12-01,09:15:00,5.48,5.49,5.47,5.48,85248,0
2015-12-01,09:20:00,5.48,5.48,5.48,5.48,41813,0
2015-12-01,09:25:00,5.48,5.48,5.47,5.47,29090,0
2015-12-01,09:30:00,5.47,5.47,5.41,5.44,80423,0
2015-12-01,09:35:00,5.43,5.45,5.43,5.45,53126,0
2015-12-01,09:40:00,5.44,5.46,5.44,5.45,59837,0
2015-12-01,09:45:00,5.46,5.46,5.45,5.46,22142,0
2015-12-01,09:50:00,5.46,5.46,5.45,5.46,33953,0
2015-12-01,09:55:00,5.46,5.46,5.45,5.45,19130,0
2015-12-01,10:00:00,5.46,5.46,5.45,5.45,59784,0
2015-12-01,10:05:00,5.44,5.45,5.44,5.44,46420,0
2015-12-01,10:10:00,5.44,5.45,5.44,5.44,11762,0
2015-12-01,10:15:00,5.45,5.46,5.45,5.46,34130,0
2015-12-01,10:20:00,5.46,5.46,5.43,5.45,83863,0
2015-12-01,10:25:00,5.44,5.45,5.44,5.45,13087,0
2015-12-01,10:30:00,5.45,5.45,5.45,5.45,4508,0
2015-12-01,10:35:00,5.45,5.45,5.44,5.44,27668,0
2015-12-01,10:40:00,5.44,5.45,5.44,5.45,70461,0
2015-12-01,10:45:00,5.45,5.46,5.45,5.46,12704,0
2015-12-01,10:50:00,5.46,5.46,5.45,5.45,7600,0
2015-12-01,10:55:00,5.45,5.46,5.45,5.45,18151,0
2015-12-01,11:00:00,5.46,5.46,5.45,5.46,12843,0
2015-12-01,11:05:00,5.45,5.46,5.45,5.46,22701,0
2015-12-01,11:10:00,5.46,5.46,5.43,5.43,78831,0
2015-12-01,11:15:00,5.43,5.45,5.43,5.44,59925,0
2015-12-01,11:20:00,5.44,5.44,5.43,5.43,47945,0
2015-12-01,11:25:00,5.43,5.44,5.43,5.43,8311,0
2015-12-01,11:30:00,5.43,5.44,5.43,5.44,8141,0
2015-12-01,11:35:00,5.44,5.44,5.43,5.43,16782,0
2015-12-01,11:40:00,5.43,5.44,5.43,5.43,15600,0
2015-12-01,11:45:00,5.43,5.44,5.42,5.42,39264,0
2015-12-01,11:50:00,5.43,5.43,5.41,5.42,60668,0
2015-12-01,11:55:00,5.41,5.44,5.41,5.42,54925,0
2015-12-01,12:00:00,5.43,5.43,5.42,5.42,9407,0
2015-12-01,12:05:00,5.42,5.42,5.4,5.41,80532,0
2015-12-01,12:10:00,5.41,5.42,5.36,5.4,63961,0
2015-12-01,12:15:00,5.4,5.4,5.39,5.4,21283,0
2015-12-01,12:20:00,5.41,5.41,5.4,5.4,28257,0
2015-12-01,12:25:00,5.4,5.41,5.4,5.4,12616,0
2015-12-01,12:30:00,5.4,5.41,5.39,5.4,12962,0
2015-12-01,12:35:00,5.4,5.4,5.38,5.38,28748,0
2015-12-01,12:40:00,5.39,5.39,5.36,5.38,21922,0
2015-12-01,12:45:00,5.38,5.38,5.36,5.36,37505,0
2015-12-01,12:50:00,5.37,5.37,5.33,5.36,51279,0
2015-12-01,12:55:00,5.35,5.36,5.34,5.34,24056,0
2015-12-01,13:00:00,5.34,5.35,5.34,5.34,13545,0
2015-12-01,13:05:00,5.35,5.36,5.35,5.36,22019,0
2015-12-01,13:10:00,5.36,5.4,5.35,5.4,49802,0
2015-12-01,13:15:00,5.4,5.4,5.35,5.35,40896,0
2015-12-01,13:20:00,5.35,5.38,5.35,5.38,10937,0
2015-12-01,13:25:00,5.37,5.38,5.37,5.38,19466,0
2015-12-01,13:30:00,5.38,5.38,5.34,5.35,81832,0
2015-12-01,13:35:00,5.35,5.36,5.34,5.34,41659,0
2015-12-01,13:40:00,5.35,5.35,5.34,5.34,27651,0
2015-12-01,13:45:00,5.34,5.34,5.33,5.34,19296,0
2015-12-01,13:50:00,5.33,5.34,5.33,5.34,11270,0
2015-12-01,13:55:00,5.34,5.34,5.33,5.34,25298,0
2015-12-01,14:00:00,5.34,5.34,5.32,5.34,49230,0
2015-12-01,14:05:00,5.33,5.34,5.32,5.33,16726,0
2015-12-01,14:10:00,5.33,5.33,5.3,5.31,54285,0
2015-12-01,14:15:00,5.31,5.32,5.3,5.31,53303,0
2015-12-01,14:20:00,5.31,5.32,5.31,5.31,7545,0
2015-12-01,14:25:00,5.31,5.32,5.31,5.31,40339,0
2015-12-01,14:30:00,5.31,5.32,5.31,5.32,54162,0
2015-12-01,14:35:00,5.31,5.31,5.31,5.31,15722,0
2015-12-01,14:40:00,5.32,5.32,5.31,5.31,27195,0
2015-12-01,14:45:00,5.31,5.32,5.31,5.32,18986,0
2015-12-01,14:50:00,5.32,5.32,5.31,5.32,13976,0
2015-12-01,14:55:00,5.31,5.32,5.31,5.32,9775,0
2015-12-01,15:00:00,5.32,5.32,5.31,5.31,49404,0
2015-12-01,15:05:00,5.32,5.32,5.31,5.32,71003,0
2015-12-01,15:10:00,5.32,5.33,5.32,5.33,30986,0
2015-12-01,15:15:00,5.33,5.37,5.32,5.37,81139,0
2015-12-01,15:20:00,5.36,5.37,5.36,5.37,17956,0
2015-12-01,15:25:00,5.37,5.37,5.36,5.37,21114,0
2015-12-01,15:30:00,5.37,5.37,5.32,5.32,112437,0
2015-12-01,15:35:00,5.32,5.34,5.32,5.33,47955,0
2015-12-01,15:40:00,5.32,5.34,5.32,5.34,35518,0
2015-12-01,15:45:00,5.34,5.34,5.33,5.33,12825,0
2015-12-01,15:50:00,5.34,5.34,5.33,5.33,35194,0
2015-12-01,15:55:00,5.34,5.34,5.33,5.34,37898,0
2015-12-01,16:00:00,5.33,5.34,5.33,5.33,56831,0
2015-12-01,16:05:00,5.33,5.33,5.31,5.31,25608,0
2015-12-01,16:10:00,5.32,5.32,5.3,5.3,36872,0
2015-12-01,16:15:00,5.31,5.31,5.3,5.31,11709,0
2015-12-01,16:20:00,5.31,5.31,5.3,5.31,49314,0
2015-12-01,16:25:00,5.3,5.31,5.3,5.31,17448,0
2015-12-01,16:30:00,5.31,5.32,5.31,5.31,37679,0
2015-12-01,16:35:00,5.32,5.32,5.31,5.31,48211,0
2015-12-01,16:40:00,5.32,5.32,5.31,5.32,21683,0
2015-12-01,16:45:00,5.32,5.33,5.31,5.33,69650,0
2015-12-01,16:50:00,5.33,5.35,5.32,5.35,974062,0
2015-12-02,09:05:00,5.35,5.38,5.35,5.38,32282,0
2015-12-02,09:10:00,5.38,5.38,5.36,5.37,8004,0
2015-12-02,09:15:00,5.37,5.37,5.32,5.34,4863,0
2015-12-02,09:20:00,5.33,5.33,5.32,5.33,5337,0
2015-12-02,09:25:00,5.33,5.33,5.31,5.32,25928,0
2015-12-02,09:30:00,5.32,5.32,5.31,5.31,4463,0
2015-12-02,09:35:00,5.31,5.31,5.21,5.22,185247,0
2015-12-02,09:40:00,5.23,5.24,5.21,5.22,80030,0
2015-12-02,09:45:00,5.23,5.23,5.22,5.22,10636,0
2015-12-02,09:50:00,5.23,5.26,5.21,5.26,233291,0
2015-12-02,09:55:00,5.26,5.27,5.24,5.26,56566,0
2015-12-02,10:00:00,5.27,5.27,5.25,5.27,33202,0
2015-12-02,10:05:00,5.26,5.27,5.25,5.25,43961,0
2015-12-02,10:10:00,5.26,5.26,5.25,5.26,37731,0
2015-12-02,10:15:00,5.25,5.26,5.25,5.25,18428,0
2015-12-02,10:20:00,5.26,5.26,5.25,5.25,11304,0
2015-12-02,10:25:00,5.25,5.25,5.24,5.25,27865,0
2015-12-02,10:30:00,5.25,5.25,5.24,5.24,15721,0
2015-12-02,10:35:00,5.24,5.25,5.24,5.25,8227,0
2015-12-02,10:40:00,5.25,5.25,5.24,5.25,26384,0
2015-12-02,10:45:00,5.25,5.25,5.23,5.23,29767,0
2015-12-02,10:50:00,5.23,5.23,5.22,5.22,63259,0
2015-12-02,10:55:00,5.23,5.27,5.22,5.24,120333,0
2015-12-02,11:00:00,5.25,5.25,5.23,5.24,29591,0
2015-12-02,11:05:00,5.24,5.26,5.23,5.26,56672,0
2015-12-02,11:10:00,5.25,5.25,5.24,5.25,7515,0
2015-12-02,11:15:00,5.25,5.25,5.23,5.25,30705,0
2015-12-02,11:20:00,5.23,5.24,5.23,5.24,33980,0
2015-12-02,11:25:00,5.24,5.24,5.23,5.24,15747,0
2015-12-02,11:30:00,5.24,5.24,5.23,5.24,6823,0
2015-12-02,11:35:00,5.24,5.24,5.23,5.24,12361,0
2015-12-02,11:40:00,5.24,5.24,5.23,5.24,29607,0
2015-12-02,11:45:00,5.23,5.24,5.22,5.23,15437,0
2015-12-02,11:50:00,5.24,5.24,5.23,5.24,11346,0
2015-12-02,11:55:00,5.23,5.24,5.22,5.23,42997,0
2015-12-02,12:00:00,5.22,5.26,5.22,5.22,69179,0
2015-12-02,12:05:00,5.22,5.22,5.21,5.22,12437,0
2015-12-02,12:10:00,5.22,5.23,5.21,5.23,49575,0
2015-12-02,12:15:00,5.22,5.23,5.22,5.23,22984,0
2015-12-02,12:20:00,5.22,5.23,5.22,5.22,13316,0
2015-12-02,12:25:00,5.22,5.23,5.21,5.23,51741,0
2015-12-02,12:30:00,5.23,5.24,5.23,5.23,39419,0
2015-12-02,12:35:00,5.23,5.23,5.22,5.23,26294,0
2015-12-02,12:40:00,5.23,5.23,5.22,5.22,50683,0
2015-12-02,12:45:00,5.22,5.23,5.22,5.22,27917,0
2015-12-02,12:50:00,5.22,5.22,5.22,5.22,5853,0
2015-12-02,12:55:00,5.22,5.23,5.22,5.23,37917,0
2015-12-02,13:00:00,5.23,5.23,5.22,5.22,7904,0
2015-12-02,13:05:00,5.22,5.23,5.22,5.22,26529,0
2015-12-02,13:10:00,5.23,5.23,5.21,5.22,18000,0
2015-12-02,13:15:00,5.22,5.22,5.21,5.22,10845,0
2015-12-02,13:20:00,5.22,5.22,5.21,5.22,24064,0
2015-12-02,13:25:00,5.22,5.23,5.22,5.22,31331,0
2015-12-02,13:30:00,5.22,5.23,5.22,5.23,11680,0
2015-12-02,13:35:00,5.22,5.23,5.22,5.23,21460,0
2015-12-02,13:40:00,5.22,5.23,5.22,5.22,42322,0
2015-12-02,13:45:00,5.22,5.23,5.22,5.23,27590,0
2015-12-02,13:50:00,5.22,5.23,5.22,5.22,65548,0
2015-12-02,13:55:00,5.23,5.23,5.22,5.23,22345,0
2015-12-02,14:00:00,5.22,5.23,5.22,5.22,17556,0
2015-12-02,14:05:00,5.23,5.23,5.21,5.23,17582,0
2015-12-02,14:10:00,5.22,5.23,5.22,5.23,20744,0
2015-12-02,14:15:00,5.22,5.23,5.21,5.21,41197,0
2015-12-02,14:20:00,5.21,5.22,5.21,5.22,36760,0
2015-12-02,14:25:00,5.22,5.23,5.21,5.21,23823,0
2015-12-02,14:30:00,5.21,5.23,5.21,5.23,15992,0
2015-12-02,14:35:00,5.22,5.23,5.22,5.22,95112,0
2015-12-02,14:40:00,5.21,5.22,5.21,5.22,12975,0
2015-12-02,14:45:00,5.21,5.23,5.21,5.23,68784,0
2015-12-02,14:50:00,5.23,5.23,5.21,5.23,77141,0
2015-12-02,14:55:00,5.23,5.24,5.23,5.23,3200,0
2015-12-02,15:00:00,5.23,5.23,5.23,5.23,60864,0
2015-12-02,15:05:00,5.22,5.24,5.21,5.23,91197,0
2015-12-02,15:10:00,5.23,5.24,5.22,5.22,82747,0
2015-12-02,15:15:00,5.24,5.25,5.22,5.23,76115,0
2015-12-02,15:20:00,5.24,5.24,5.23,5.23,13548,0
2015-12-02,15:25:00,5.24,5.24,5.22,5.23,46483,0
2015-12-02,15:30:00,5.24,5.24,5.22,5.23,36541,0
2015-12-02,15:35:00,5.23,5.23,5.22,5.23,74483,0
2015-12-02,15:40:00,5.23,5.23,5.22,5.23,14643,0
2015-12-02,15:45:00,5.23,5.23,5.22,5.23,21697,0
2015-12-02,15:50:00,5.23,5.23,5.21,5.21,51730,0
2015-12-02,15:55:00,5.21,5.22,5.21,5.21,104407,0
2015-12-02,16:00:00,5.22,5.22,5.21,5.22,44140,0
2015-12-02,16:05:00,5.21,5.22,5.21,5.22,96548,0
2015-12-02,16:10:00,5.22,5.23,5.22,5.23,7061,0
2015-12-02,16:15:00,5.23,5.23,5.21,5.23,170091,0
2015-12-02,16:20:00,5.23,5.24,5.22,5.23,88844,0
2015-12-02,16:25:00,5.23,5.24,5.22,5.24,59627,0
2015-12-02,16:30:00,5.24,5.24,5.22,5.23,103464,0
2015-12-02,16:35:00,5.23,5.25,5.22,5.24,76862,0
2015-12-02,16:40:00,5.23,5.24,5.22,5.23,44901,0
2015-12-02,16:45:00,5.23,5.23,5.22,5.22,62718,0
2015-12-02,16:50:00,5.22,5.24,5.2,5.24,615871,0
2015-12-03,09:05:00,5.25,5.27,5.22,5.22,35052,0
2015-12-03,09:10:00,5.22,5.27,5.22,5.27,157852,0
2015-12-03,09:15:00,5.27,5.34,5.27,5.31,96139,0
2015-12-03,09:20:00,5.3,5.33,5.29,5.3,114179,0
2015-12-03,09:25:00,5.3,5.3,5.29,5.3,39753,0
2015-12-03,09:30:00,5.3,5.31,5.27,5.31,130053,0
2015-12-03,09:35:00,5.3,5.31,5.29,5.29,12280,0
2015-12-03,09:40:00,5.3,5.31,5.29,5.29,72917,0
2015-12-03,09:45:00,5.3,5.31,5.29,5.3,20200,0
2015-12-03,09:50:00,5.3,5.31,5.29,5.3,32136,0
2015-12-03,09:55:00,5.29,5.3,5.29,5.29,20250,0
2015-12-03,10:00:00,5.29,5.33,5.28,5.33,112198,0
2015-12-03,10:05:00,5.33,5.34,5.32,5.32,22272,0
2015-12-03,10:10:00,5.32,5.32,5.32,5.32,948,0
2015-12-03,10:15:00,5.32,5.32,5.3,5.32,74507,0
2015-12-03,10:20:00,5.32,5.32,5.32,5.32,10548,0
2015-12-03,10:25:00,5.32,5.33,5.32,5.33,1792,0
2015-12-03,10:30:00,5.32,5.32,5.31,5.31,18445,0
2015-12-03,10:35:00,5.31,5.32,5.3,5.3,31191,0
2015-12-03,10:40:00,5.3,5.3,5.3,5.3,18672,0
2015-12-03,10:45:00,5.3,5.32,5.3,5.32,69576,0
2015-12-03,10:50:00,5.31,5.33,5.31,5.32,11007,0
2015-12-03,10:55:00,5.31,5.32,5.31,5.32,11382,0
2015-12-03,11:00:00,5.32,5.32,5.31,5.31,42956,0
2015-12-03,11:05:00,5.31,5.31,5.31,5.31,5254,0
2015-12-03,11:10:00,5.31,5.32,5.3,5.3,12059,0
2015-12-03,11:15:00,5.3,5.3,5.28,5.29,40436,0
2015-12-03,11:20:00,5.29,5.29,5.28,5.29,11197,0
2015-12-03,11:25:00,5.29,5.29,5.27,5.27,3858,0
2015-12-03,11:30:00,5.28,5.28,5.26,5.26,16671,0
2015-12-03,11:35:00,5.26,5.3,5.26,5.27,65760,0
2015-12-03,11:40:00,5.27,5.27,5.26,5.26,1610,0
2015-12-03,11:45:00,5.26,5.26,5.26,5.26,14781,0
2015-12-03,11:50:00,5.26,5.28,5.26,5.28,44274,0
2015-12-03,11:55:00,5.28,5.28,5.28,5.28,1994,0
2015-12-03,12:00:00,5.28,5.28,5.28,5.28,6990,0
2015-12-03,12:05:00,5.28,5.28,5.25,5.26,41483,0
2015-12-03,12:10:00,5.26,5.26,5.25,5.26,16570,0
2015-12-03,12:15:00,5.26,5.26,5.23,5.25,115247,0
2015-12-03,12:25:00,5.25,5.25,5.25,5.25,1587,0
2015-12-03,12:30:00,5.24,5.25,5.23,5.25,91328,0
2015-12-03,12:35:00,5.25,5.25,5.25,5.25,7395,0
2015-12-03,12:40:00,5.25,5.25,5.24,5.25,22966,0
2015-12-03,12:45:00,5.25,5.25,5.25,5.25,26106,0
2015-12-03,12:50:00,5.25,5.25,5.25,5.25,3632,0
2015-12-03,12:55:00,5.25,5.25,5.24,5.24,14512,0
2015-12-03,13:00:00,5.24,5.25,5.24,5.24,24517,0
2015-12-03,13:05:00,5.24,5.24,5.24,5.24,13025,0
2015-12-03,13:10:00,5.24,5.3,5.24,5.28,86553,0
2015-12-03,13:15:00,5.29,5.29,5.27,5.27,35600,0
2015-12-03,13:20:00,5.26,5.28,5.26,5.26,87240,0
2015-12-03,13:25:00,5.26,5.27,5.26,5.27,33837,0
2015-12-03,13:30:00,5.27,5.28,5.27,5.27,84459,0
2015-12-03,13:35:00,5.27,5.28,5.26,5.27,39142,0
2015-12-03,13:40:00,5.26,5.27,5.24,5.27,113134,0
2015-12-03,13:45:00,5.25,5.26,5.25,5.25,8829,0
2015-12-03,13:50:00,5.25,5.25,5.24,5.25,32149,0
2015-12-03,13:55:00,5.24,5.25,5.24,5.24,38541,0
2015-12-03,14:00:00,5.23,5.24,5.23,5.24,6000,0
2015-12-03,14:05:00,5.24,5.24,5.24,5.24,21430,0
2015-12-03,14:10:00,5.24,5.24,5.24,5.24,7426,0
2015-12-03,14:15:00,5.24,5.24,5.23,5.24,32314,0
2015-12-03,14:20:00,5.24,5.24,5.24,5.24,2796,0
2015-12-03,14:25:00,5.24,5.24,5.23,5.23,16887,0
2015-12-03,14:30:00,5.24,5.24,5.23,5.23,10796,0
2015-12-03,14:35:00,5.23,5.24,5.22,5.23,243956,0
2015-12-03,14:40:00,5.22,5.23,5.22,5.22,183219,0
2015-12-03,14:45:00,5.22,5.25,5.21,5.21,220632,0
2015-12-03,14:50:00,5.21,5.22,5.21,5.21,40863,0
2015-12-03,14:55:00,5.21,5.24,5.21,5.24,142007,0
2015-12-03,15:00:00,5.24,5.24,5.24,5.24,39766,0
2015-12-03,15:05:00,5.24,5.24,5.24,5.24,1000,0
2015-12-03,15:10:00,5.24,5.24,5.22,5.22,43087,0
2015-12-03,15:15:00,5.23,5.24,5.21,5.23,65397,0
2015-12-03,15:20:00,5.23,5.23,5.22,5.23,20147,0
2015-12-03,15:25:00,5.23,5.24,5.23,5.24,67359,0
2015-12-03,15:30:00,5.24,5.25,5.24,5.25,39792,0
2015-12-03,15:35:00,5.23,5.24,5.23,5.23,39506,0
2015-12-03,15:40:00,5.24,5.24,5.23,5.23,53961,0
2015-12-03,15:45:00,5.22,5.23,5.22,5.22,54704,0
2015-12-03,15:50:00,5.21,5.21,5.21,5.21,115631,0
2015-12-03,15:55:00,5.21,5.21,5.2,5.2,171485,0
2015-12-03,16:00:00,5.2,5.2,5.2,5.2,75430,0
2015-12-03,16:05:00,5.2,5.21,5.19,5.19,69218,0
2015-12-03,16:10:00,5.2,5.2,5.19,5.19,25312,0
2015-12-03,16:15:00,5.19,5.2,5.17,5.18,190968,0
2015-12-03,16:20:00,5.18,5.18,5.17,5.17,71997,0
2015-12-03,16:25:00,5.16,5.19,5.16,5.19,183796,0
2015-12-03,16:30:00,5.19,5.19,5.17,5.18,81200,0
2015-12-03,16:35:00,5.18,5.18,5.17,5.17,135146,0
2015-12-03,16:40:00,5.17,5.22,5.17,5.21,229742,0
2015-12-03,16:45:00,5.21,5.21,5.21,5.21,59384,0
2015-12-03,16:50:00,5.21,5.21,5.2,5.2,560797,0
2015-12-04,09:05:00,5.15,5.17,5.15,5.17,42692,0
2015-12-04,09:10:00,5.18,5.18,5.17,5.18,36700,0
2015-12-04,09:15:00,5.17,5.2,5.17,5.2,27739,0
2015-12-04,09:20:00,5.2,5.22,5.2,5.22,34681,0
2015-12-04,09:25:00,5.22,5.22,5.18,5.18,30625,0
2015-12-04,09:30:00,5.18,5.21,5.17,5.19,123062,0
2015-12-04,09:35:00,5.18,5.18,5.15,5.15,28982,0
2015-12-04,09:40:00,5.15,5.15,5.11,5.14,113058,0
2015-12-04,09:45:00,5.13,5.14,5.11,5.12,27003,0
2015-12-04,09:50:00,5.12,5.12,5.1,5.11,34550,0
2015-12-04,09:55:00,5.11,5.11,5.03,5.05,138573,0
2015-12-04,10:00:00,5.04,5.07,5.03,5.04,134869,0
2015-12-04,10:05:00,5.04,5.04,5.03,5.03,38064,0
2015-12-04,10:10:00,5.03,5.09,5.01,5.09,152332,0
2015-12-04,10:15:00,5.07,5.08,5.06,5.06,20834,0
2015-12-04,10:20:00,5.08,5.08,5.06,5.06,40400,0
2015-12-04,10:25:00,5.06,5.07,5.06,5.06,51309,0
2015-12-04,10:30:00,5.06,5.09,5.06,5.09,97320,0
2015-12-04,10:35:00,5.09,5.13,5.09,5.11,71134,0
2015-12-04,10:40:00,5.09,5.1,5.09,5.1,39202,0
2015-12-04,10:45:00,5.1,5.11,5.09,5.09,25689,0
2015-12-04,10:50:00,5.09,5.12,5.09,5.11,66013,0
2015-12-04,10:55:00,5.11,5.13,5.1,5.12,64972,0
2015-12-04,11:00:00,5.11,5.13,5.1,5.13,19064,0
2015-12-04,11:05:00,5.11,5.12,5.1,5.1,37456,0
2015-12-04,11:10:00,5.11,5.11,5.1,5.11,27151,0
2015-12-04,11:15:00,5.1,5.1,5.1,5.1,86526,0
2015-12-04,11:20:00,5.11,5.12,5.11,5.12,51615,0
2015-12-04,11:25:00,5.11,5.12,5.1,5.1,36571,0
2015-12-04,11:30:00,5.11,5.11,5.1,5.1,25911,0
2015-12-04,11:35:00,5.1,5.1,5.09,5.1,49993,0
2015-12-04,11:40:00,5.09,5.1,5.09,5.09,63018,0
2015-12-04,11:45:00,5.1,5.11,5.1,5.11,42199,0
2015-12-04,11:50:00,5.11,5.12,5.11,5.11,40562,0
2015-12-04,11:55:00,5.11,5.11,5.11,5.11,36720,0
2015-12-04,12:00:00,5.11,5.11,5.1,5.1,51488,0
2015-12-04,12:05:00,5.1,5.1,5.1,5.1,26827,0
2015-12-04,12:10:00,5.1,5.11,5.1,5.1,34152,0
2015-12-04,12:15:00,5.1,5.1,5.09,5.09,109553,0
2015-12-04,12:20:00,5.09,5.09,5.07,5.08,103986,0
2015-12-04,12:25:00,5.08,5.08,5.08,5.08,31279,0
2015-12-04,12:30:00,5.08,5.08,5.07,5.07,19160,0
2015-12-04,12:35:00,5.07,5.07,5.07,5.07,31126,0
2015-12-04,12:40:00,5.07,5.08,5.05,5.05,154568,0
2015-12-04,12:45:00,5.04,5.04,4.98,4.99,198144,0
2015-12-04,12:50:00,4.96,4.99,4.96,4.99,118786,0
2015-12-04,12:55:00,4.99,5.02,4.97,4.99,47584,0
2015-12-04,13:00:00,5,5.02,5,5.01,96606,0
2015-12-04,13:05:00,5.01,5.01,4.98,4.99,63583,0
2015-12-04,13:10:00,4.98,4.99,4.97,4.97,50905,0
2015-12-04,13:15:00,4.97,4.97,4.96,4.97,49679,0
2015-12-04,13:20:00,4.98,4.98,4.96,4.96,26060,0
2015-12-04,13:25:00,4.96,4.97,4.95,4.97,63620,0
2015-12-04,13:30:00,4.98,4.98,4.98,4.98,30151,0
2015-12-04,13:35:00,4.98,4.99,4.98,4.99,18179,0
2015-12-04,13:40:00,4.99,4.99,4.98,4.99,22076,0
2015-12-04,13:45:00,4.99,4.99,4.98,4.99,13990,0
2015-12-04,13:50:00,4.98,4.99,4.98,4.98,12223,0
2015-12-04,13:55:00,4.99,4.99,4.98,4.98,37160,0
2015-12-04,14:00:00,4.99,4.99,4.96,4.97,60382,0
2015-12-04,14:05:00,4.97,4.97,4.97,4.97,25137,0
2015-12-04,14:10:00,4.98,4.98,4.96,4.97,32123,0
2015-12-04,14:15:00,4.97,4.97,4.96,4.97,28503,0
2015-12-04,14:20:00,4.97,4.97,4.96,4.97,12010,0
2015-12-04,14:25:00,4.97,4.97,4.95,4.96,20931,0
2015-12-04,14:30:00,4.96,4.97,4.95,4.97,38440,0
2015-12-04,14:35:00,4.97,4.99,4.97,4.98,52647,0
2015-12-04,14:40:00,4.98,4.98,4.97,4.97,7669,0
2015-12-04,14:45:00,4.97,4.97,4.95,4.95,36676,0
2015-12-04,14:50:00,4.95,4.99,4.93,4.96,92633,0
2015-12-04,14:55:00,4.97,4.97,4.95,4.97,4820,0
2015-12-04,15:00:00,4.97,4.97,4.94,4.96,59833,0
2015-12-04,15:05:00,4.96,4.96,4.91,4.91,47445,0
2015-12-04,15:10:00,4.92,4.93,4.91,4.93,112721,0
2015-12-04,15:15:00,4.93,4.93,4.91,4.92,154582,0
2015-12-04,15:20:00,4.92,4.92,4.91,4.91,82729,0
2015-12-04,15:25:00,4.92,4.92,4.88,4.89,97018,0
2015-12-04,15:30:00,4.9,4.9,4.89,4.9,160138,0
2015-12-04,15:35:00,4.9,4.92,4.89,4.91,148284,0
2015-12-04,15:40:00,4.91,4.93,4.9,4.93,128532,0
2015-12-04,15:45:00,4.93,4.94,4.91,4.92,434762,0
2015-12-04,15:50:00,4.92,4.92,4.88,4.91,131441,0
2015-12-04,15:55:00,4.91,4.99,4.9,4.98,376806,0
2015-12-04,16:00:00,4.97,4.97,4.93,4.97,145420,0
2015-12-04,16:05:00,4.96,5.02,4.96,5,266990,0
2015-12-04,16:10:00,5,5,4.96,4.96,112260,0
2015-12-04,16:15:00,4.97,4.99,4.96,4.99,325100,0
2015-12-04,16:20:00,4.99,4.99,4.98,4.99,124413,0
2015-12-04,16:25:00,4.99,4.99,4.97,4.98,118483,0
2015-12-04,16:30:00,4.98,4.98,4.97,4.98,85582,0
2015-12-04,16:35:00,4.98,4.99,4.97,4.99,204366,0
2015-12-04,16:40:00,4.99,5.01,4.99,5.01,276411,0
2015-12-04,16:45:00,5.01,5.04,5,5.01,174194,0
2015-12-04,16:50:00,5.01,5.03,5,5.03,941164,0
