Date,Time,Open,High,Low,Close,Volume,OpenInt
2015-07-17,09:45:00,6.8,6.8,6.8,6.8,170,0
2015-07-17,09:55:00,6.8,6.8,6.8,6.8,258,0
2015-07-17,10:00:00,6.84,6.9,6.84,6.9,125,0
2015-07-17,10:15:00,6.9,6.9,6.9,6.9,100,0
2015-07-17,10:20:00,6.9,6.9,6.9,6.9,110,0
2015-07-17,10:25:00,6.9,6.9,6.9,6.9,400,0
2015-07-17,10:30:00,6.9,6.9,6.9,6.9,235,0
2015-07-17,10:45:00,6.9,6.9,6.9,6.9,518,0
2015-07-17,11:15:00,6.88,6.9,6.88,6.9,1007,0
2015-07-17,11:35:00,6.85,6.85,6.85,6.85,18993,0
2015-07-17,11:55:00,6.79,6.79,6.75,6.75,7025,0
2015-07-17,12:00:00,6.88,6.88,6.88,6.88,2,0
2015-07-17,15:25:00,6.8,6.8,6.8,6.8,10,0
2015-07-17,15:30:00,6.75,6.75,6.75,6.75,1000,0
2015-07-17,16:20:00,6.8,6.8,6.76,6.76,1595,0
2015-07-17,16:30:00,6.79,6.79,6.79,6.79,1000,0
2015-07-17,16:50:00,6.75,6.75,6.75,6.75,1535,0
2015-07-20,09:05:00,6.75,6.75,6.75,6.75,30,0
2015-07-20,09:25:00,6.66,6.66,6.66,6.66,100,0
2015-07-20,09:45:00,6.66,6.66,6.66,6.66,150,0
2015-07-20,10:10:00,6.63,6.63,6.55,6.55,1400,0
2015-07-20,10:35:00,6.52,6.52,6.51,6.51,2000,0
2015-07-20,10:40:00,6.51,6.51,6.51,6.51,510,0
2015-07-20,10:50:00,6.43,6.43,6.43,6.43,100,0
2015-07-20,10:55:00,6.5,6.5,6.5,6.5,1000,0
2015-07-20,11:30:00,6.5,6.5,6.5,6.5,490,0
2015-07-20,12:00:00,6.5,6.5,6.5,6.5,460,0
2015-07-20,12:40:00,6.49,6.5,6.49,6.5,1550,0
2015-07-20,13:10:00,6.58,6.58,6.58,6.58,150,0
2015-07-20,14:10:00,6.58,6.58,6.55,6.55,5754,0
2015-07-20,15:15:00,6.5,6.5,6.5,6.5,1400,0
2015-07-20,15:30:00,6.5,6.5,6.5,6.5,500,0
2015-07-20,16:40:00,6.47,6.47,6.47,6.47,588,0
2015-07-20,16:50:00,6.5,6.5,6.5,6.5,1,0
2015-07-21,09:05:00,6.69,6.69,6.69,6.69,100,0
2015-07-21,09:10:00,6.69,6.74,6.69,6.74,600,0
2015-07-21,09:15:00,6.72,6.84,6.72,6.84,1000,0
2015-07-21,10:20:00,6.51,6.51,6.51,6.51,400,0
2015-07-21,10:25:00,6.55,6.55,6.55,6.55,61644,0
2015-07-21,11:20:00,6.55,6.55,6.55,6.55,99,0
2015-07-21,12:00:00,6.55,6.55,6.5,6.5,5800,0
2015-07-21,12:10:00,6.5,6.5,6.5,6.5,119,0
2015-07-21,12:25:00,6.5,6.5,6.5,6.5,189,0
2015-07-21,12:35:00,6.42,6.42,6.42,6.42,120,0
2015-07-21,12:40:00,6.42,6.42,6.42,6.42,88,0
2015-07-21,13:20:00,6.49,6.49,6.49,6.49,84,0
2015-07-21,14:35:00,6.47,6.5,6.47,6.5,1500,0
2015-07-21,15:00:00,6.49,6.5,6.49,6.5,1300,0
2015-07-21,15:15:00,6.5,6.5,6.5,6.5,3105,0
2015-07-21,15:20:00,6.55,6.55,6.55,6.55,15477,0
2015-07-21,16:00:00,6.6,6.6,6.6,6.6,500,0
2015-07-21,16:10:00,6.6,6.76,6.6,6.76,584,0
2015-07-21,16:50:00,6.69,6.69,6.69,6.69,1324,0
2015-07-22,09:05:00,6.77,6.77,6.77,6.77,300,0
2015-07-22,10:55:00,6.74,6.74,6.74,6.74,200,0
2015-07-22,12:10:00,6.6,6.6,6.6,6.6,954,0
2015-07-22,12:40:00,6.51,6.59,6.51,6.59,174,0
2015-07-22,12:45:00,6.59,6.59,6.59,6.59,10,0
2015-07-22,13:10:00,6.5,6.5,6.5,6.5,160,0
2015-07-22,13:15:00,6.5,6.5,6.5,6.5,50,0
2015-07-22,13:45:00,6.44,6.44,6.44,6.44,1040,0
2015-07-22,14:10:00,6.36,6.36,6.36,6.36,128,0
2015-07-22,14:15:00,6.39,6.39,6.39,6.39,284,0
2015-07-22,14:25:00,6.43,6.43,6.4,6.4,615,0
2015-07-22,14:50:00,6.4,6.4,6.4,6.4,120,0
2015-07-22,15:00:00,6.39,6.39,6.37,6.37,1570,0
2015-07-22,15:50:00,6.36,6.36,6.36,6.36,100,0
2015-07-22,15:55:00,6.36,6.36,6.31,6.36,3473,0
2015-07-22,16:00:00,6.34,6.34,6.34,6.34,80,0
2015-07-22,16:10:00,6.33,6.33,6.33,6.33,200,0
2015-07-22,16:20:00,6.3,6.3,6.3,6.3,250,0
2015-07-22,16:30:00,6.3,6.32,6.3,6.3,3930,0
2015-07-22,16:40:00,6.3,6.3,6.3,6.3,34,0
2015-07-22,16:50:00,6.28,6.28,6.28,6.28,1300,0
2015-07-23,09:05:00,6.49,6.49,6.49,6.49,12,0
2015-07-23,09:50:00,6.35,6.35,6.35,6.35,2000,0
2015-07-23,10:25:00,6.3,6.43,6.3,6.43,33,0
2015-07-23,10:55:00,6.31,6.31,6.3,6.3,430,0
2015-07-23,11:20:00,6.4,6.4,6.4,6.4,2,0
2015-07-23,12:05:00,6.27,6.27,6.27,6.27,145,0
2015-07-23,12:30:00,6.26,6.26,6.26,6.26,143,0
2015-07-23,13:10:00,6.29,6.29,6.29,6.29,200,0
2015-07-23,13:30:00,6.29,6.29,6.29,6.29,144,0
2015-07-23,13:40:00,6.29,6.29,6.29,6.29,144,0
2015-07-23,13:55:00,6.27,6.27,6.26,6.26,625,0
2015-07-23,14:25:00,6.29,6.29,6.29,6.29,470,0
2015-07-23,14:45:00,6.29,6.29,6.29,6.29,1000,0
2015-07-23,14:55:00,6.29,6.29,6.29,6.29,3000,0
2015-07-23,15:20:00,6.29,6.29,6.29,6.29,500,0
2015-07-23,16:10:00,6.29,6.29,6.29,6.29,80,0
2015-07-23,16:35:00,6.27,6.27,6.2,6.2,2307,0
2015-07-23,16:50:00,6.2,6.2,6.2,6.2,1470,0
2015-07-24,09:15:00,6.25,6.25,6.25,6.25,1000,0
2015-07-24,09:20:00,6.45,6.45,6.45,6.45,10,0
2015-07-24,11:10:00,6.2,6.2,6.2,6.2,130,0
2015-07-24,11:20:00,6.13,6.15,6.1,6.15,2080,0
2015-07-24,11:25:00,6.15,6.15,6.15,6.15,100,0
2015-07-24,11:35:00,6.1,6.1,6.1,6.1,314,0
2015-07-24,11:45:00,6.1,6.1,6.1,6.1,240,0
2015-07-24,12:15:00,6.1,6.1,6.1,6.1,143,0
2015-07-24,13:20:00,6.08,6.08,6.07,6.07,1000,0
2015-07-24,13:25:00,6.07,6.07,6.07,6.07,248,0
2015-07-24,13:40:00,6.1,6.1,6.1,6.1,330,0
2015-07-24,13:55:00,6.09,6.09,6.09,6.09,300,0
2015-07-24,14:25:00,6.1,6.1,6.1,6.1,1708,0
2015-07-24,14:40:00,6.1,6.1,5.92,5.92,5773,0
2015-07-24,14:45:00,6.18,6.18,6.1,6.1,501,0
2015-07-24,16:30:00,6.18,6.18,6.18,6.18,5,0
2015-07-27,09:05:00,6.2,6.2,6.2,6.2,750,0
2015-07-27,10:15:00,6.06,6.07,6.01,6.01,572,0
2015-07-27,10:40:00,6.01,6.01,6.01,6.01,58,0
2015-07-27,10:45:00,6.07,6.07,6.07,6.07,1150,0
2015-07-27,11:10:00,6.05,6.05,6.05,6.05,1564,0
2015-07-27,11:50:00,6.05,6.05,6.05,6.05,1786,0
2015-07-27,12:20:00,6.01,6.01,5.98,5.98,1758,0
2015-07-27,12:55:00,5.98,6.04,5.9,6.04,2142,0
2015-07-27,13:00:00,5.93,5.93,5.88,5.88,2000,0
2015-07-27,13:10:00,5.95,5.95,5.95,5.95,1000,0
2015-07-27,13:20:00,5.87,5.87,5.87,5.87,1250,0
2015-07-27,13:25:00,5.87,5.87,5.87,5.87,250,0
2015-07-27,13:30:00,5.87,5.87,5.87,5.87,340,0
2015-07-27,13:35:00,5.87,5.87,5.87,5.87,2102,0
2015-07-27,13:40:00,5.87,5.87,5.87,5.87,540,0
2015-07-27,13:55:00,5.86,5.86,5.7,5.72,1793,0
2015-07-27,14:00:00,5.71,5.71,5.7,5.7,1710,0
2015-07-27,14:10:00,5.8,5.8,5.8,5.8,100,0
2015-07-27,14:20:00,5.76,5.76,5.76,5.76,1000,0
2015-07-27,14:30:00,5.8,5.8,5.8,5.8,69,0
2015-07-27,15:30:00,5.87,5.87,5.87,5.87,250,0
2015-07-27,15:45:00,5.87,5.87,5.87,5.87,1750,0
2015-07-27,15:50:00,5.85,5.85,5.85,5.85,103,0
2015-07-27,15:55:00,5.87,5.87,5.87,5.87,370,0
2015-07-27,16:00:00,5.87,5.87,5.87,5.87,1234,0
2015-07-27,16:05:00,5.87,5.87,5.87,5.87,1329,0
2015-07-27,16:20:00,5.87,5.87,5.87,5.87,1149,0
2015-07-27,16:30:00,5.87,5.87,5.87,5.87,5712,0
2015-07-27,16:40:00,5.87,5.87,5.87,5.87,580,0
2015-07-27,16:50:00,5.86,5.86,5.85,5.85,4207,0
2015-07-28,09:05:00,5.86,5.86,5.86,5.86,365,0
2015-07-28,09:10:00,5.87,5.87,5.87,5.87,55,0
2015-07-28,09:15:00,5.87,5.87,5.87,5.87,471,0
2015-07-28,09:30:00,5.87,5.87,5.87,5.87,189,0
2015-07-28,09:40:00,5.87,5.87,5.87,5.87,283,0
2015-07-28,09:55:00,5.87,5.87,5.86,5.86,588,0
2015-07-28,10:00:00,5.85,5.85,5.85,5.85,138,0
2015-07-28,11:05:00,5.87,5.87,5.87,5.87,5000,0
2015-07-28,11:10:00,5.87,5.87,5.87,5.87,444,0
2015-07-28,11:40:00,5.87,5.87,5.87,5.87,170,0
2015-07-28,11:45:00,5.87,5.87,5.87,5.87,170,0
2015-07-28,12:10:00,5.87,5.87,5.85,5.85,1022,0
2015-07-28,12:40:00,5.87,5.87,5.87,5.87,1000,0
2015-07-28,12:50:00,5.87,5.87,5.87,5.87,1000,0
2015-07-28,13:25:00,5.87,5.87,5.87,5.87,100,0
2015-07-28,13:40:00,5.87,5.87,5.87,5.87,260,0
2015-07-28,13:55:00,5.85,5.85,5.7,5.7,3000,0
2015-07-28,14:25:00,5.7,5.7,5.7,5.7,300,0
2015-07-28,14:30:00,5.7,5.7,5.7,5.7,150,0
2015-07-28,14:55:00,5.72,5.72,5.72,5.72,127,0
2015-07-28,15:00:00,5.73,5.73,5.7,5.7,3173,0
2015-07-28,15:20:00,5.83,5.83,5.83,5.83,5,0
2015-07-28,15:25:00,5.83,5.83,5.83,5.83,269,0
2015-07-28,15:35:00,5.7,5.7,5.7,5.7,150,0
2015-07-28,15:40:00,5.7,5.7,5.7,5.7,1150,0
2015-07-28,15:55:00,5.82,5.83,5.82,5.83,691,0
2015-07-28,16:10:00,5.74,5.74,5.7,5.7,5055,0
2015-07-28,16:15:00,5.7,5.7,5.7,5.7,1662,0
2015-07-28,16:20:00,5.7,5.7,5.7,5.7,750,0
2015-07-28,16:50:00,5.79,5.79,5.79,5.79,4198,0
2015-07-29,09:05:00,5.87,5.87,5.87,5.87,360,0
2015-07-29,09:15:00,5.86,5.87,5.86,5.87,583,0
2015-07-29,09:25:00,5.87,5.87,5.87,5.87,300,0
2015-07-29,09:30:00,5.87,5.87,5.87,5.87,555,0
2015-07-29,09:35:00,5.87,5.87,5.87,5.87,1000,0
2015-07-29,09:45:00,5.85,5.85,5.85,5.85,375,0
2015-07-29,09:55:00,5.87,5.87,5.87,5.87,900,0
2015-07-29,10:15:00,5.87,5.98,5.87,5.98,1439,0
2015-07-29,10:40:00,5.97,5.97,5.97,5.97,355,0
2015-07-29,10:45:00,5.97,5.97,5.97,5.97,10089,0
2015-07-29,10:50:00,5.98,6.05,5.98,6.05,1052,0
2015-07-29,10:55:00,6.05,6.18,6.05,6.05,1834,0
2015-07-29,11:00:00,6.12,6.12,6.01,6.01,30002,0
2015-07-29,11:40:00,6.05,6.05,6.02,6.02,1000,0
2015-07-29,11:50:00,6.1,6.1,6.1,6.1,100,0
2015-07-29,12:05:00,6.1,6.1,6.1,6.1,302,0
2015-07-29,12:15:00,6.12,6.12,6.12,6.12,948,0
2015-07-29,12:30:00,6.14,6.14,6.14,6.14,300,0
2015-07-29,12:45:00,6.12,6.12,6.1,6.1,1100,0
2015-07-29,13:00:00,6.1,6.1,6.1,6.1,776,0
2015-07-29,13:15:00,6.11,6.11,6.11,6.11,400,0
2015-07-29,13:30:00,6.1,6.1,6.1,6.1,150,0
2015-07-29,13:50:00,6.1,6.1,6.1,6.1,170,0
2015-07-29,14:00:00,6.1,6.1,6.1,6.1,273,0
2015-07-29,16:05:00,6.08,6.08,6.08,6.08,250,0
2015-07-29,16:15:00,6.06,6.06,6.06,6.06,230,0
2015-07-29,16:45:00,6.06,6.06,6.06,6.06,8,0
2015-07-29,16:50:00,6.06,6.06,6.05,6.05,2478,0
2015-07-30,09:45:00,6.06,6.06,6.06,6.06,91,0
2015-07-30,10:45:00,6,6,6,6,355,0
2015-07-30,11:00:00,6,6.05,6,6.05,405,0
2015-07-30,13:00:00,6.05,6.05,6.05,6.05,9,0
2015-07-30,13:25:00,6.05,6.05,6.05,6.05,236,0
2015-07-30,14:15:00,6.05,6.05,6.05,6.05,208,0
2015-07-30,14:35:00,6.05,6.05,6.05,6.05,1270,0
2015-07-30,14:40:00,6.05,6.05,6.05,6.05,286,0
2015-07-30,15:30:00,6.01,6.01,6.01,6.01,190,0
2015-07-30,15:50:00,6.01,6.01,6,6,645,0
2015-07-30,16:00:00,6,6,6,6,355,0
2015-07-30,16:25:00,6.01,6.05,6.01,6.05,1274,0
2015-07-30,16:50:00,6.1,6.1,6.1,6.1,35,0
2015-07-31,10:40:00,6,6,6,6,2000,0
2015-07-31,11:00:00,6,6,6,6,20,0
2015-07-31,11:25:00,6.1,6.1,6.1,6.1,85,0
2015-07-31,12:20:00,6.1,6.1,6.1,6.1,2,0
2015-07-31,13:05:00,6.05,6.05,6.05,6.05,72,0
2015-07-31,15:25:00,6.05,6.05,6.05,6.05,500,0
2015-07-31,15:40:00,6.01,6.01,6,6,600,0
2015-07-31,15:45:00,6,6,6,6,233,0
2015-07-31,15:50:00,6,6,6,6,500,0
2015-07-31,16:10:00,6,6,6,6,500,0
2015-07-31,16:15:00,6,6.1,6,6.1,900,0
2015-08-03,10:00:00,6.01,6.01,6,6,2560,0
2015-08-03,11:15:00,6.01,6.01,6,6,1000,0
2015-08-03,11:50:00,6.01,6.01,6,6,611,0
2015-08-03,13:35:00,6.01,6.01,6.01,6.01,55,0
2015-08-03,15:20:00,6.01,6.01,6.01,6.01,1534,0
2015-08-03,15:35:00,6.06,6.06,6.05,6.05,500,0
2015-08-03,16:15:00,6.03,6.03,6.03,6.03,1654,0
2015-08-03,16:25:00,6.03,6.03,6,6,14731,0
2015-08-03,16:40:00,6,6,6,6,500,0
2015-08-03,16:50:00,6,6,6,6,310,0
2015-08-04,09:15:00,6.1,6.1,6.1,6.1,139,0
2015-08-04,09:35:00,6,6,6,6,2000,0
2015-08-04,09:40:00,6,6,6,6,800,0
2015-08-04,09:45:00,6,6,6,6,8000,0
2015-08-04,10:45:00,6,6,6,6,705,0
2015-08-04,10:55:00,6.01,6.01,6.01,6.01,650,0
2015-08-04,11:00:00,6.05,6.05,6.05,6.05,296,0
2015-08-04,11:10:00,6.05,6.05,6,6,2509,0
2015-08-04,11:15:00,6.02,6.02,6,6,640,0
2015-08-04,11:30:00,6.02,6.02,6.02,6.02,394,0
2015-08-04,11:55:00,6.02,6.02,6.02,6.02,427,0
2015-08-04,12:50:00,6.02,6.02,6.01,6.01,494,0
2015-08-04,13:15:00,6.01,6.01,6,6,1500,0
2015-08-04,15:05:00,6.09,6.09,6.09,6.09,1401,0
2015-08-04,15:40:00,6.09,6.09,6.01,6.01,22050,0
2015-08-04,15:50:00,6.01,6.01,6.01,6.01,1500,0
2015-08-04,16:40:00,6.01,6.01,6.01,6.01,204,0
2015-08-04,16:50:00,6.09,6.09,6.09,6.09,225,0
2015-08-05,09:30:00,6.09,6.09,6.09,6.09,327,0
2015-08-05,10:30:00,6.02,6.02,6.02,6.02,329,0
2015-08-05,10:35:00,6.01,6.02,6.01,6.02,439,0
2015-08-05,10:40:00,6.02,6.1,6.02,6.1,1029,0
2015-08-05,11:20:00,6.15,6.15,6.15,6.15,200,0
2015-08-05,12:05:00,6.15,6.16,6.15,6.16,1800,0
2015-08-05,13:00:00,6.22,6.25,6.22,6.25,413,0
2015-08-05,13:15:00,6.24,6.24,6.24,6.24,30,0
2015-08-05,14:05:00,6.14,6.14,6.11,6.11,1000,0
2015-08-05,14:35:00,6.15,6.15,6.15,6.15,300,0
2015-08-05,14:50:00,6.23,6.23,6.23,6.23,480,0
2015-08-05,15:55:00,6.15,6.15,6.11,6.11,1102,0
2015-08-05,16:10:00,6.15,6.15,6.11,6.11,834,0
2015-08-05,16:15:00,6.11,6.23,6.11,6.23,700,0
2015-08-05,16:30:00,6.22,6.22,6.22,6.22,200,0
2015-08-05,16:40:00,6.21,6.25,6.21,6.25,25079,0
2015-08-05,16:45:00,6.25,6.25,6.25,6.25,1452,0
2015-08-05,16:50:00,6.25,6.25,6.25,6.25,160,0
2015-08-06,09:05:00,6.12,6.12,6.1,6.1,3000,0
2015-08-06,09:40:00,6.23,6.23,6.23,6.23,19,0
2015-08-06,10:00:00,6.1,6.1,6.02,6.02,1847,0
2015-08-06,10:25:00,6,6,6,6,130,0
2015-08-06,10:35:00,6,6,6,6,2723,0
2015-08-06,10:40:00,6,6,6,6,3500,0
2015-08-06,10:55:00,6,6,6,6,150,0
2015-08-06,11:00:00,6,6,6,6,150,0
2015-08-06,11:20:00,6,6,6,6,1000,0
2015-08-06,11:40:00,6,6,6,6,1000,0
2015-08-06,11:55:00,6.01,6.01,6,6,688,0
2015-08-06,12:40:00,6,6,6,6,3858,0
2015-08-06,12:55:00,6,6,6,6,100,0
2015-08-06,13:30:00,6.1,6.1,6.1,6.1,100,0
2015-08-06,14:35:00,6.17,6.17,6.17,6.17,1,0
2015-08-06,14:45:00,6.1,6.1,6,6,3000,0
2015-08-06,16:35:00,6.09,6.09,6.09,6.09,1,0
2015-08-06,16:50:00,6.02,6.02,6.02,6.02,2263,0
2015-08-07,09:25:00,6.05,6.05,6.05,6.05,600,0
2015-08-07,11:20:00,6.06,6.06,6.06,6.06,1000,0
2015-08-07,11:25:00,6.06,6.06,6.05,6.05,2000,0
2015-08-07,11:45:00,6.05,6.05,6.05,6.05,2000,0
2015-08-07,14:15:00,6.05,6.05,6.05,6.05,2080,0
2015-08-07,15:10:00,6.12,6.12,6.12,6.12,1000,0
2015-08-07,15:30:00,6.12,6.12,6.12,6.12,270,0
2015-08-07,16:15:00,6.12,6.12,6.12,6.12,250,0
2015-08-07,16:20:00,6.12,6.12,6.12,6.12,356,0
2015-08-07,16:30:00,6.12,6.12,6.12,6.12,200,0
2015-08-07,16:45:00,6.12,6.12,6.12,6.12,524,0
2015-08-10,16:50:00,6.24,6.24,6.24,6.24,1560,0
2015-08-11,09:05:00,6.1,6.1,6.1,6.1,785,0
2015-08-11,09:15:00,6.13,6.15,6.13,6.15,1657,0
2015-08-11,09:20:00,6.2,6.2,6.15,6.15,493,0
2015-08-11,09:40:00,6.24,6.27,6.24,6.27,1047,0
2015-08-11,09:50:00,6.27,6.28,6.27,6.28,1276,0
2015-08-11,10:05:00,6.28,6.28,6.28,6.28,1232,0
2015-08-11,10:15:00,6.28,6.28,6.28,6.28,500,0
2015-08-11,10:20:00,6.3,6.3,6.3,6.3,1050,0
2015-08-11,10:25:00,6.3,6.3,6.3,6.3,39,0
2015-08-11,10:30:00,6.3,6.3,6.3,6.3,530,0
2015-08-11,10:40:00,6.3,6.3,6.3,6.3,470,0
2015-08-11,11:25:00,6.3,6.3,6.3,6.3,800,0
2015-08-11,11:35:00,6.3,6.3,6.3,6.3,2000,0
2015-08-11,11:45:00,6.31,6.31,6.31,6.31,2000,0
2015-08-11,11:50:00,6.31,6.31,6.3,6.3,250,0
2015-08-11,12:00:00,6.35,6.35,6.35,6.35,200,0
2015-08-11,12:05:00,6.32,6.32,6.32,6.32,430,0
2015-08-11,12:15:00,6.32,6.32,6.32,6.32,5,0
2015-08-11,13:10:00,6.32,6.32,6.32,6.32,583,0
2015-08-11,13:15:00,6.32,6.32,6.31,6.31,2000,0
2015-08-11,13:20:00,6.31,6.31,6.31,6.31,1482,0
2015-08-11,14:45:00,6.31,6.31,6.31,6.31,1434,0
2015-08-11,14:55:00,6.35,6.35,6.35,6.35,900,0
2015-08-11,15:35:00,6.35,6.35,6.35,6.35,600,0
2015-08-11,15:45:00,6.32,6.32,6.32,6.32,330,0
2015-08-11,15:50:00,6.32,6.32,6.32,6.32,1260,0
2015-08-11,16:15:00,6.32,6.32,6.32,6.32,500,0
2015-08-11,16:20:00,6.32,6.32,6.32,6.32,410,0
2015-08-11,16:30:00,6.32,6.32,6.32,6.32,1000,0
2015-08-11,16:50:00,6.32,6.35,6.32,6.35,2008,0
2015-08-12,09:10:00,6.23,6.23,6.23,6.23,300,0
2015-08-12,10:05:00,6.24,6.24,6.24,6.24,1000,0
2015-08-12,10:25:00,6.37,6.37,6.37,6.37,10,0
2015-08-12,10:50:00,6.37,6.37,6.37,6.37,290,0
2015-08-12,10:55:00,6.37,6.37,6.37,6.37,675,0
2015-08-12,11:05:00,6.37,6.37,6.37,6.37,200,0
2015-08-12,11:25:00,6.3,6.37,6.3,6.37,320,0
2015-08-12,12:50:00,6.31,6.31,6.31,6.31,1800,0
2015-08-12,13:50:00,6.32,6.32,6.32,6.32,500,0
2015-08-12,14:20:00,6.32,6.32,6.32,6.32,250,0
2015-08-12,15:55:00,6.35,6.37,6.35,6.37,3095,0
2015-08-12,16:50:00,6.38,6.38,6.38,6.38,650,0
2015-08-13,09:05:00,6.38,6.38,6.38,6.38,222,0
2015-08-13,09:25:00,6.38,6.38,6.38,6.38,203,0
2015-08-13,10:20:00,6.38,6.38,6.38,6.38,100,0
2015-08-13,10:35:00,6.38,6.38,6.31,6.31,1272,0
2015-08-13,10:40:00,6.39,6.39,6.39,6.39,199,0
2015-08-13,10:45:00,6.44,6.6,6.44,6.6,8922,0
2015-08-13,11:00:00,6.6,6.6,6.6,6.6,4000,0
2015-08-13,11:10:00,6.5,6.5,6.39,6.39,2504,0
2015-08-13,11:45:00,6.4,6.4,6.39,6.39,2000,0
2015-08-13,11:55:00,6.39,6.39,6.39,6.39,200,0
2015-08-13,12:00:00,6.39,6.39,6.39,6.39,500,0
2015-08-13,12:10:00,6.39,6.4,6.39,6.4,3500,0
2015-08-13,12:50:00,6.4,6.4,6.4,6.4,1000,0
2015-08-13,13:05:00,6.41,6.41,6.41,6.41,1000,0
2015-08-13,14:40:00,6.41,6.41,6.41,6.41,1000,0
2015-08-13,14:55:00,6.41,6.41,6.41,6.41,1000,0
2015-08-13,15:10:00,6.42,6.42,6.42,6.42,1000,0
2015-08-13,16:05:00,6.49,6.49,6.49,6.49,1000,0
2015-08-13,16:25:00,6.49,6.49,6.49,6.49,93,0
2015-08-13,16:45:00,6.53,6.53,6.53,6.53,1000,0
2015-08-13,16:50:00,6.53,6.6,6.53,6.6,4105,0
2015-08-14,10:00:00,6.68,6.69,6.68,6.69,1200,0
2015-08-14,12:15:00,6.46,6.46,6.42,6.42,382,0
2015-08-14,12:20:00,6.32,6.32,6.32,6.32,139,0
2015-08-14,12:25:00,6.48,6.48,6.48,6.48,500,0
2015-08-14,12:30:00,6.5,6.5,6.5,6.5,170,0
2015-08-14,12:35:00,6.5,6.5,6.5,6.5,177,0
2015-08-17,09:40:00,6.5,6.5,6.5,6.5,400,0
2015-08-17,09:50:00,6.45,6.45,6.45,6.45,250,0
2015-08-17,10:05:00,6.45,6.45,6.45,6.45,770,0
2015-08-17,10:10:00,6.45,6.45,6.45,6.45,1300,0
2015-08-17,10:25:00,6.32,6.32,6.32,6.32,830,0
2015-08-17,12:30:00,6.32,6.32,6.32,6.32,193,0
2015-08-17,14:40:00,6.32,6.32,6.32,6.32,850,0
2015-08-17,15:55:00,6.28,6.28,6.21,6.21,5100,0
2015-08-17,16:00:00,6.31,6.31,6.31,6.31,1,0
2015-08-17,16:25:00,6.21,6.3,6.12,6.3,501,0
2015-08-17,16:40:00,6.28,6.28,6.28,6.28,10,0
2015-08-18,11:10:00,6.22,6.22,6.22,6.22,500,0
2015-08-18,11:25:00,6.22,6.22,6.22,6.22,100,0
2015-08-18,11:30:00,6.22,6.28,6.22,6.28,1135,0
2015-08-18,11:35:00,6.28,6.28,6.22,6.22,1144,0
2015-08-18,11:45:00,6.25,6.25,6.25,6.25,95,0
2015-08-18,11:55:00,6.25,6.25,6.25,6.25,90,0
2015-08-18,12:00:00,6.25,6.25,6.25,6.25,110,0
2015-08-18,12:10:00,6.25,6.25,6.25,6.25,5,0
2015-08-18,12:30:00,6.28,6.28,6.28,6.28,489,0
2015-08-18,13:00:00,6.28,6.28,6.25,6.25,600,0
2015-08-18,13:05:00,6.25,6.25,6.25,6.25,200,0
2015-08-18,13:15:00,6.25,6.25,6.25,6.25,490,0
2015-08-18,13:20:00,6.24,6.24,6.22,6.22,195,0
2015-08-18,13:30:00,6.25,6.25,6.25,6.25,110,0
2015-08-18,13:35:00,6.25,6.25,6.25,6.25,1222,0
2015-08-18,13:40:00,6.25,6.25,6.25,6.25,110,0
2015-08-18,13:50:00,6.25,6.25,6.25,6.25,110,0
2015-08-18,14:00:00,6.25,6.25,6.25,6.25,110,0
2015-08-18,14:10:00,6.25,6.25,6.25,6.25,110,0
2015-08-18,14:15:00,6.25,6.25,6.25,6.25,100,0
2015-08-18,14:25:00,6.25,6.25,6.25,6.25,110,0
2015-08-18,14:35:00,6.25,6.25,6.25,6.25,110,0
2015-08-18,14:45:00,6.25,6.25,6.25,6.25,90,0
2015-08-18,14:50:00,6.25,6.25,6.25,6.25,100,0
2015-08-18,15:00:00,6.25,6.25,6.25,6.25,100,0
2015-08-18,15:10:00,6.25,6.25,6.25,6.25,90,0
2015-08-18,15:20:00,6.25,6.25,6.25,6.25,95,0
2015-08-18,15:25:00,6.21,6.21,6.21,6.21,110,0
2015-08-18,15:35:00,6.21,6.21,6.21,6.21,90,0
2015-08-18,15:45:00,6.21,6.21,6.21,6.21,100,0
2015-08-18,15:55:00,6.21,6.21,6.21,6.21,110,0
2015-08-18,16:05:00,6.21,6.21,6.21,6.21,100,0
2015-08-18,16:15:00,6.21,6.21,6.21,6.21,85,0
2015-08-18,16:20:00,6.21,6.21,6.21,6.21,100,0
2015-08-18,16:25:00,6.21,6.25,6.21,6.25,500,0
2015-08-18,16:30:00,6.25,6.25,6.25,6.25,100,0
2015-08-18,16:40:00,6.25,6.25,6.25,6.25,100,0
2015-08-18,16:45:00,6.25,6.25,6.25,6.25,75,0
2015-08-18,16:50:00,6.1,6.1,6.1,6.1,1696,0
2015-08-19,09:25:00,6.11,6.28,6.11,6.28,627,0
2015-08-19,10:20:00,6.14,6.14,6.14,6.14,475,0
2015-08-19,10:45:00,6.09,6.09,6.09,6.09,1716,0
2015-08-19,10:55:00,6.14,6.14,6.14,6.14,50,0
2015-08-19,11:05:00,6.29,6.29,6.29,6.29,25,0
2015-08-19,12:40:00,6.2,6.2,6.2,6.2,149,0
2015-08-19,14:15:00,6.12,6.12,6.12,6.12,1451,0
2015-08-19,14:35:00,6.2,6.2,6.2,6.2,1,0
2015-08-19,15:30:00,6.18,6.3,6.18,6.3,31346,0
2015-08-19,16:50:00,6.29,6.29,6.29,6.29,234,0
2015-08-20,10:00:00,6.11,6.11,6.11,6.11,500,0
2015-08-20,12:05:00,6.11,6.11,6.11,6.11,50,0
2015-08-20,12:25:00,6.11,6.11,6.11,6.11,50,0
2015-08-20,13:00:00,6.11,6.11,6.11,6.11,1543,0
2015-08-20,13:50:00,6.25,6.25,6.25,6.25,170,0
2015-08-20,13:55:00,6.25,6.25,6.25,6.25,249,0
2015-08-20,14:05:00,6.25,6.25,6.25,6.25,581,0
2015-08-20,14:50:00,6.25,6.25,6.25,6.25,1000,0
2015-08-20,15:00:00,6.3,6.3,6.3,6.3,1,0
2015-08-20,15:25:00,6.3,6.3,6.3,6.3,229,0
2015-08-20,16:05:00,6.3,6.3,6.3,6.3,56,0
2015-08-20,16:30:00,6.25,6.25,6.25,6.25,457,0
2015-08-20,16:50:00,6.23,6.23,6.2,6.2,330,0
2015-08-21,09:35:00,6.11,6.11,6.07,6.07,450,0
2015-08-21,11:10:00,6.1,6.1,6.1,6.1,482,0
2015-08-21,12:25:00,6.19,6.19,6.19,6.19,120,0
2015-08-21,15:00:00,6.2,6.2,6.2,6.2,500,0
2015-08-21,15:10:00,6.2,6.2,6.2,6.2,500,0
2015-08-21,15:35:00,6.14,6.14,6.12,6.12,1500,0
2015-08-21,16:35:00,6.19,6.19,6.19,6.19,1,0
2015-08-21,16:50:00,6.12,6.12,6.07,6.07,2329,0
2015-08-24,09:05:00,6.05,6.05,6.05,6.05,1547,0
2015-08-24,09:10:00,5.97,5.97,5.9,5.9,919,0
2015-08-24,09:15:00,5.81,5.81,5.81,5.81,500,0
2015-08-24,09:20:00,5.81,5.81,5.81,5.81,2620,0
2015-08-24,09:25:00,5.81,5.81,5.81,5.81,3500,0
2015-08-24,09:30:00,5.81,5.81,5.7,5.7,4500,0
2015-08-24,09:35:00,5.7,5.7,5.7,5.7,150,0
2015-08-24,09:40:00,5.72,5.72,5.7,5.7,1980,0
2015-08-24,09:45:00,5.7,5.79,5.7,5.79,691,0
2015-08-24,09:50:00,5.79,5.79,5.79,5.79,200,0
2015-08-24,09:55:00,5.8,5.8,5.8,5.8,500,0
2015-08-24,10:10:00,5.8,5.8,5.8,5.8,200,0
2015-08-24,10:30:00,5.8,5.89,5.8,5.8,14245,0
2015-08-24,10:35:00,5.89,5.89,5.89,5.89,5,0
2015-08-24,10:45:00,5.81,5.9,5.8,5.8,3306,0
2015-08-24,11:00:00,5.8,5.97,5.8,5.97,38,0
2015-08-24,11:25:00,5.8,5.8,5.8,5.8,1100,0
2015-08-24,11:45:00,5.97,5.97,5.97,5.97,1425,0
2015-08-24,12:05:00,5.83,6.09,5.83,6.09,100,0
2015-08-24,12:40:00,5.99,6,5.99,6,5842,0
2015-08-24,13:15:00,5.85,5.85,5.85,5.85,150,0
2015-08-24,13:25:00,5.86,5.86,5.86,5.86,500,0
2015-08-24,13:45:00,5.85,6,5.85,6,5604,0
2015-08-24,13:50:00,5.86,5.86,5.86,5.86,131,0
2015-08-24,13:55:00,6,6,6,6,433,0
2015-08-24,14:00:00,5.85,5.85,5.85,5.85,6408,0
2015-08-24,14:05:00,5.85,5.85,5.85,5.85,1200,0
2015-08-24,14:10:00,5.85,5.85,5.85,5.85,1900,0
2015-08-24,14:15:00,5.85,5.85,5.85,5.85,1000,0
2015-08-24,14:30:00,5.85,5.85,5.85,5.85,1549,0
2015-08-24,14:40:00,5.85,5.85,5.85,5.85,851,0
2015-08-24,14:45:00,5.85,5.85,5.85,5.85,1200,0
2015-08-24,14:50:00,5.85,5.85,5.85,5.85,9668,0
2015-08-24,14:55:00,5.85,5.85,5.85,5.85,3700,0
2015-08-24,15:00:00,5.93,5.93,5.9,5.9,6235,0
2015-08-24,15:05:00,5.9,6,5.9,6,13548,0
2015-08-24,15:10:00,6,6,6,6,1497,0
2015-08-24,15:15:00,6,6,6,6,2600,0
2015-08-24,15:20:00,5.95,5.95,5.8,5.8,7790,0
2015-08-24,15:25:00,5.8,5.8,5.8,5.8,304,0
2015-08-24,15:30:00,5.9,5.9,5.9,5.9,787,0
2015-08-24,15:45:00,5.75,5.75,5.75,5.75,300,0
2015-08-24,15:55:00,5.8,5.8,5.8,5.8,2000,0
2015-08-24,16:05:00,5.75,5.8,5.75,5.8,1750,0
2015-08-24,16:10:00,5.75,5.75,5.75,5.75,2200,0
2015-08-24,16:15:00,5.75,5.75,5.75,5.75,1200,0
2015-08-24,16:25:00,5.77,5.77,5.77,5.77,2000,0
2015-08-24,16:35:00,5.89,5.9,5.89,5.9,1852,0
2015-08-24,16:40:00,5.8,5.8,5.8,5.8,2150,0
2015-08-24,16:50:00,5.8,5.9,5.8,5.9,4955,0
2015-08-25,09:05:00,5.76,5.8,5.76,5.8,1750,0
2015-08-25,10:05:00,5.77,5.79,5.77,5.79,1300,0
2015-08-25,10:15:00,5.79,5.79,5.79,5.79,540,0
2015-08-25,10:25:00,5.9,5.9,5.9,5.9,150,0
2015-08-25,11:00:00,5.9,5.9,5.9,5.9,200,0
2015-08-25,11:55:00,5.9,5.9,5.9,5.9,106,0
2015-08-25,12:00:00,5.9,5.9,5.9,5.9,85,0
2015-08-25,12:15:00,5.9,5.9,5.9,5.9,20,0
2015-08-25,12:30:00,5.89,5.9,5.89,5.9,1259,0
2015-08-25,14:00:00,5.99,5.99,5.99,5.99,200,0
2015-08-25,15:05:00,5.96,5.96,5.95,5.95,1391,0
2015-08-25,16:15:00,5.9,5.9,5.9,5.9,686,0
2015-08-25,16:25:00,5.91,5.91,5.91,5.91,34,0
2015-08-25,16:50:00,5.9,5.9,5.9,5.9,330,0
2015-08-26,09:05:00,5.8,5.8,5.8,5.8,800,0
2015-08-26,10:35:00,5.9,5.9,5.9,5.9,50000,0
2015-08-26,10:55:00,5.9,5.9,5.9,5.9,200,0
2015-08-26,11:40:00,5.89,5.9,5.89,5.89,1720,0
2015-08-26,11:45:00,5.89,5.89,5.89,5.89,280,0
2015-08-26,11:50:00,5.89,5.9,5.89,5.9,5595,0
2015-08-26,15:35:00,5.9,5.9,5.9,5.9,69,0
2015-08-26,16:10:00,5.9,5.9,5.9,5.9,2000,0
2015-08-27,09:05:00,5.86,5.86,5.86,5.86,1298,0
2015-08-27,09:50:00,5.88,5.88,5.82,5.82,2000,0
2015-08-27,10:10:00,5.89,5.89,5.89,5.89,28,0
2015-08-27,10:15:00,5.89,5.89,5.89,5.89,60,0
2015-08-27,10:45:00,5.83,5.83,5.82,5.82,1281,0
2015-08-27,11:10:00,5.89,5.9,5.89,5.9,1300,0
2015-08-27,11:15:00,5.9,5.9,5.9,5.9,1047,0
2015-08-27,11:40:00,5.98,5.98,5.98,5.98,100,0
2015-08-27,14:10:00,5.98,6,5.98,6,449,0
2015-08-27,15:25:00,5.91,5.91,5.91,5.91,110,0
2015-08-27,16:15:00,5.93,5.93,5.92,5.92,693,0
2015-08-27,16:25:00,5.92,5.92,5.92,5.92,607,0
2015-08-27,16:30:00,5.92,5.92,5.92,5.92,1893,0
2015-08-27,16:35:00,5.97,5.99,5.97,5.99,310,0
2015-08-27,16:40:00,5.99,5.99,5.99,5.99,228,0
2015-08-27,16:50:00,5.91,5.91,5.91,5.91,110,0
2015-08-28,12:00:00,5.91,5.91,5.9,5.9,4055,0
2015-08-28,12:30:00,6.05,6.05,6.05,6.05,90,0
2015-08-28,15:00:00,5.95,5.95,5.95,5.95,300,0
2015-08-28,16:50:00,5.96,5.96,5.96,5.96,684,0
2015-08-31,09:05:00,5.76,5.76,5.76,5.76,776,0
2015-08-31,11:20:00,5.89,5.89,5.89,5.89,990,0
2015-08-31,13:25:00,5.81,5.81,5.81,5.81,200,0
2015-08-31,15:55:00,5.85,5.85,5.83,5.83,1000,0
2015-08-31,16:25:00,5.81,5.81,5.81,5.81,200,0
2015-08-31,16:50:00,5.88,5.88,5.88,5.88,2,0
2015-09-01,09:05:00,5.99,5.99,5.99,5.99,2,0
2015-09-01,11:30:00,5.97,5.97,5.97,5.97,95,0
2015-09-02,09:30:00,5.97,6,5.97,6,8591,0
2015-09-02,12:15:00,5.85,5.85,5.85,5.85,1223,0
2015-09-02,12:20:00,5.85,5.85,5.85,5.85,337,0
2015-09-02,13:50:00,5.85,5.85,5.85,5.85,200,0
2015-09-02,16:05:00,5.85,5.85,5.85,5.85,997,0
2015-09-02,16:15:00,5.98,6,5.98,6,3744,0
2015-09-02,16:40:00,5.98,5.98,5.98,5.98,300,0
2015-09-03,11:05:00,6,6,6,6,7600,0
2015-09-03,11:50:00,5.98,5.98,5.98,5.98,450,0
2015-09-03,12:25:00,5.98,5.98,5.98,5.98,13,0
2015-09-03,12:35:00,5.9,5.9,5.9,5.9,272,0
2015-09-03,13:00:00,5.99,6,5.99,6,4168,0
2015-09-03,13:25:00,5.99,5.99,5.99,5.99,272,0
2015-09-03,14:20:00,6,6,6,6,1719,0
2015-09-03,14:25:00,6,6,6,6,2000,0
2015-09-03,14:35:00,6,6,6,6,1281,0
2015-09-03,14:40:00,6.04,6.04,6.04,6.04,2,0
2015-09-03,16:45:00,6,6,6,6,516,0
2015-09-03,16:50:00,6.04,6.04,6.04,6.04,820,0
2015-09-04,15:30:00,5.99,5.99,5.99,5.99,440,0
2015-09-04,16:50:00,6.03,6.03,6.03,6.03,5,0
2015-09-07,10:15:00,6,6,6,6,1000,0
2015-09-07,10:25:00,6,6,6,6,5000,0
2015-09-07,10:35:00,5.92,5.92,5.92,5.92,800,0
2015-09-07,10:55:00,6.03,6.03,6.03,6.03,2,0
2015-09-07,13:05:00,5.95,5.95,5.95,5.95,253,0
2015-09-07,14:00:00,5.95,5.95,5.95,5.95,2393,0
2015-09-07,15:50:00,5.95,5.95,5.95,5.95,158,0
2015-09-07,16:50:00,6.02,6.02,6.02,6.02,1,0
2015-09-08,09:05:00,5.92,5.92,5.92,5.92,200,0
2015-09-08,09:25:00,6,6,6,6,2,0
2015-09-08,12:15:00,6,6,6,6,493,0
2015-09-08,13:15:00,6,6,6,6,2385,0
2015-09-08,14:40:00,6,6,6,6,5091,0
2015-09-08,15:30:00,5.96,5.96,5.96,5.96,290,0
2015-09-08,16:50:00,6.01,6.01,6.01,6.01,2,0
2015-09-09,09:05:00,5.91,5.91,5.9,5.9,2220,0
2015-09-09,09:10:00,6,6,6,6,2,0
2015-09-09,09:30:00,6,6,6,6,137,0
2015-09-09,10:15:00,6,6,6,6,972,0
2015-09-09,12:50:00,6,6,6,6,1450,0
2015-09-09,16:30:00,5.96,5.96,5.96,5.96,105,0
2015-09-09,16:50:00,6,6.01,6,6.01,1002,0
2015-09-10,09:05:00,6.02,6.02,6.02,6.02,200,0
2015-09-10,10:15:00,6.02,6.02,6.02,6.02,1660,0
2015-09-10,14:35:00,6,6,6,6,5000,0
2015-09-10,15:10:00,6,6,6,6,5982,0
2015-09-11,09:10:00,5.95,5.95,5.95,5.95,481,0
2015-09-11,09:15:00,6.04,6.04,6.04,6.04,2,0
2015-09-11,09:50:00,5.83,5.83,5.83,5.83,45,0
2015-09-11,09:55:00,5.83,5.83,5.83,5.83,50,0
2015-09-11,10:05:00,5.98,5.98,5.98,5.98,500,0
2015-09-11,10:45:00,5.84,5.84,5.84,5.84,5842,0
2015-09-11,10:55:00,5.84,5.84,5.84,5.84,19392,0
2015-09-11,11:00:00,5.97,5.98,5.97,5.98,608,0
2015-09-11,11:40:00,5.83,5.83,5.83,5.83,150,0
2015-09-11,12:25:00,5.97,5.97,5.97,5.97,2,0
2015-09-11,16:00:00,5.94,6,5.94,6,5000,0
2015-09-11,16:20:00,6,6,6,6,3478,0
2015-09-11,16:50:00,6.01,6.01,6.01,6.01,2,0
2015-09-14,09:40:00,6.02,6.02,6.02,6.02,695,0
2015-09-14,09:50:00,6.02,6.02,6.02,6.02,105,0
2015-09-14,11:30:00,6.01,6.01,6.01,6.01,1029,0
2015-09-14,11:40:00,6.01,6.01,6.01,6.01,971,0
2015-09-14,11:45:00,6.01,6.01,6.01,6.01,29,0
2015-09-14,12:35:00,6.01,6.01,6.01,6.01,971,0
2015-09-14,16:50:00,6.02,6.02,6.02,6.02,5,0
2015-09-15,10:25:00,5.95,6.02,5.95,6.02,91,0
2015-09-15,11:45:00,6.02,6.02,6.02,6.02,200,0
2015-09-15,12:35:00,6.01,6.01,6.01,6.01,500,0
2015-09-15,13:40:00,6.02,6.02,6.02,6.02,2000,0
2015-09-15,14:35:00,6.02,6.02,6.02,6.02,1850,0
2015-09-15,15:45:00,6.02,6.04,6.02,6.04,2164,0
2015-09-15,16:00:00,5.95,5.95,5.95,5.95,800,0
2015-09-15,16:05:00,6.04,6.04,6.04,6.04,10,0
2015-09-15,16:10:00,6.04,6.04,6.04,6.04,200,0
2015-09-16,09:35:00,6.04,6.04,6.04,6.04,1000,0
2015-09-16,10:10:00,6.04,6.04,6.04,6.04,200,0
2015-09-16,10:55:00,6.04,6.04,6.04,6.04,141,0
2015-09-16,13:40:00,6,6,6,6,1000,0
2015-09-16,16:50:00,6.04,6.04,6.04,6.04,2,0
2015-09-17,09:05:00,6.04,6.04,6.04,6.04,805,0
2015-09-17,09:20:00,6.04,6.04,6.04,6.04,200,0
2015-09-17,10:15:00,6.03,6.03,6.03,6.03,149,0
2015-09-17,12:20:00,5.96,6.03,5.96,6.03,911,0
2015-09-17,12:25:00,6.04,6.04,5.96,5.96,348,0
2015-09-17,15:30:00,5.96,5.96,5.96,5.96,200,0
2015-09-17,16:10:00,5.96,5.96,5.96,5.96,641,0
2015-09-17,16:25:00,5.96,5.96,5.96,5.96,171,0
2015-09-17,16:30:00,6,6,6,6,850,0
2015-09-17,16:50:00,6,6,6,6,1666,0
2015-09-18,10:30:00,5.98,5.98,5.98,5.98,200,0
2015-09-18,11:35:00,6.03,6.03,6.03,6.03,2,0
2015-09-18,12:20:00,6.03,6.03,6.03,6.03,1243,0
2015-09-18,13:05:00,6.03,6.04,6.03,6.04,400,0
2015-09-18,16:05:00,6,6,6,6,200,0
2015-09-18,16:40:00,6.03,6.04,6.03,6.04,688,0
2015-09-18,16:45:00,6,6,6,6,420,0
2015-09-18,16:50:00,6,6,6,6,400,0
2015-09-21,09:10:00,5.95,5.95,5.95,5.95,1476,0
2015-09-21,09:20:00,5.92,5.92,5.92,5.92,24,0
2015-09-21,12:30:00,6,6,6,6,940,0
2015-09-21,13:45:00,6,6,6,6,11000,0
2015-09-21,15:45:00,6.04,6.04,6.04,6.04,5,0
2015-09-22,09:05:00,6,6,6,6,200,0
2015-09-22,11:00:00,6,6,6,6,800,0
2015-09-22,14:25:00,5.98,5.98,5.98,5.98,150,0
2015-09-22,16:30:00,5.99,5.99,5.99,5.99,750,0
2015-09-22,16:40:00,5.99,5.99,5.99,5.99,500,0
2015-09-22,16:45:00,6.03,6.03,6.03,6.03,5,0
2015-09-23,09:05:00,5.98,5.98,5.98,5.98,1000,0
2015-09-23,13:35:00,6,6,6,6,170,0
2015-09-23,13:40:00,6,6,6,6,3000,0
2015-09-23,14:00:00,6,6,6,6,1000,0
2015-09-23,15:45:00,6,6,6,6,2000,0
2015-09-23,15:50:00,6,6,6,6,330,0
2015-09-23,16:40:00,6,6,6,6,930,0
2015-09-23,16:50:00,6.03,6.03,6.03,6.03,5,0
2015-09-24,10:05:00,5.99,5.99,5.99,5.99,137,0
2015-09-24,11:40:00,6,6,6,6,4160,0
2015-09-24,11:45:00,6,6,6,6,3998,0
2015-09-24,12:55:00,6,6,6,6,250,0
2015-09-24,13:10:00,6,6,6,6,2000,0
2015-09-24,13:15:00,6,6,6,6,11115,0
2015-09-24,13:20:00,6,6,6,6,1885,0
2015-09-24,13:25:00,6,6,6,6,4990,0
2015-09-24,13:30:00,6,6,6,6,13125,0
2015-09-24,14:50:00,6,6,6,6,5000,0
2015-09-24,15:20:00,6,6,6,6,5000,0
2015-09-24,16:05:00,5.98,5.98,5.98,5.98,600,0
2015-09-24,16:20:00,5.99,6,5.99,6,16234,0
2015-09-24,16:30:00,6.02,6.02,6.02,6.02,254,0
2015-09-24,16:40:00,6,6,6,6,200,0
2015-09-24,16:50:00,6.02,6.02,6.02,6.02,5,0
2015-09-25,09:55:00,5.98,5.98,5.98,5.98,250,0
2015-09-25,11:20:00,5.95,5.95,5.92,5.92,497,0
2015-09-25,13:40:00,5.92,5.92,5.92,5.92,103,0
2015-09-25,14:05:00,5.95,5.95,5.95,5.95,362,0
2015-09-25,15:35:00,6.02,6.02,6.02,6.02,5,0
2015-09-28,12:15:00,6,6,6,6,786,0
2015-09-28,13:20:00,6,6,6,6,300,0
2015-09-28,16:50:00,6.01,6.01,6.01,6.01,5,0
2015-09-29,09:45:00,5.92,5.92,5.92,5.92,700,0
2015-09-29,09:50:00,5.92,5.92,5.92,5.92,300,0
2015-09-29,10:15:00,6,6,6,6,300,0
2015-09-29,12:05:00,5.99,5.99,5.99,5.99,100,0
2015-09-29,12:15:00,5.99,5.99,5.99,5.99,50,0
2015-09-29,13:50:00,5.93,5.93,5.93,5.93,465,0
2015-09-29,14:10:00,5.93,5.93,5.93,5.93,146,0
2015-09-29,15:15:00,6,6,6,6,2038,0
2015-09-29,16:40:00,5.95,5.95,5.95,5.95,1000,0
2015-09-29,16:50:00,6.01,6.01,6.01,6.01,5,0
2015-09-30,09:10:00,6,6,6,6,395,0
2015-09-30,10:45:00,5.87,5.87,5.87,5.87,440,0
2015-09-30,10:55:00,5.99,5.99,5.99,5.99,5,0
2015-09-30,11:10:00,5.99,6,5.99,6,2439,0
2015-09-30,16:50:00,5.95,6.01,5.95,6.01,85,0
2015-10-01,11:35:00,5.92,5.92,5.92,5.92,13,0
2015-10-01,12:50:00,5.99,5.99,5.99,5.99,1,0
2015-10-01,14:10:00,5.99,5.99,5.99,5.99,114,0
2015-10-01,14:55:00,5.99,5.99,5.99,5.99,51,0
2015-10-01,15:05:00,5.92,5.92,5.92,5.92,987,0
2015-10-01,16:40:00,5.99,5.99,5.99,5.99,5,0
2015-10-02,09:05:00,5.99,5.99,5.99,5.99,515,0
2015-10-02,12:05:00,5.97,6,5.97,6,3205,0
2015-10-02,14:20:00,5.91,5.91,5.9,5.9,1200,0
2015-10-02,14:35:00,5.98,6,5.98,6,11956,0
2015-10-02,15:50:00,5.98,5.99,5.98,5.99,11000,0
2015-10-02,16:50:00,6,6,6,6,1500,0
2015-10-05,09:15:00,5.99,5.99,5.99,5.99,10000,0
2015-10-05,09:20:00,6,6,6,6,502,0
2015-10-05,10:20:00,6,6,6,6,500,0
2015-10-05,10:30:00,6,6,6,6,573,0
2015-10-05,12:15:00,6,6,6,6,10000,0
2015-10-05,13:15:00,6,6.02,6,6.02,20230,0
2015-10-05,14:05:00,6,6,6,6,295,0
2015-10-05,14:55:00,5.9,5.9,5.9,5.9,2500,0
2015-10-05,15:15:00,5.99,6,5.99,6,3146,0
2015-10-05,15:30:00,6,6,6,6,112,0
2015-10-05,16:50:00,6,6,6,6,999,0
2015-10-06,10:05:00,6.01,6.01,6.01,6.01,2045,0
2015-10-06,10:50:00,6.01,6.01,6.01,6.01,500,0
2015-10-06,11:55:00,6,6.02,6,6.02,3303,0
2015-10-06,12:00:00,6.02,6.02,6.02,6.02,350,0
2015-10-06,12:10:00,6.02,6.24,6.02,6.24,4649,0
2015-10-06,12:30:00,6.2,6.23,6.2,6.23,3459,0
2015-10-06,12:40:00,6.23,6.23,6.23,6.23,500,0
2015-10-06,13:00:00,6.23,6.23,6.23,6.23,40,0
2015-10-06,15:30:00,6.23,6.25,6.23,6.25,5143,0
2015-10-06,15:50:00,6.25,6.27,6.25,6.27,679,0
2015-10-06,16:15:00,6.27,6.29,6.27,6.29,469,0
2015-10-06,16:35:00,6.29,6.29,6.29,6.29,254,0
2015-10-06,16:40:00,6.29,6.29,6.29,6.29,255,0
2015-10-06,16:50:00,6.34,6.34,6.29,6.29,805,0
2015-10-07,09:05:00,6.36,6.36,6.36,6.36,393,0
2015-10-07,09:10:00,6.37,6.37,6.37,6.37,2000,0
2015-10-07,09:20:00,6.43,6.44,6.43,6.44,528,0
2015-10-07,09:25:00,6.45,6.45,6.45,6.45,300,0
2015-10-07,09:30:00,6.45,6.45,6.45,6.45,1000,0
2015-10-07,09:35:00,6.48,6.5,6.48,6.5,2000,0
2015-10-07,09:40:00,6.5,6.5,6.5,6.5,1535,0
2015-10-07,09:45:00,6.45,6.45,6.45,6.45,1501,0
2015-10-07,09:50:00,6.5,6.5,6.45,6.45,793,0
2015-10-07,09:55:00,6.5,6.5,6.5,6.5,1976,0
2015-10-07,10:00:00,6.5,6.7,6.5,6.7,1081,0
2015-10-07,10:05:00,6.52,6.52,6.52,6.52,1000,0
2015-10-07,10:55:00,6.6,6.6,6.6,6.6,149,0
2015-10-07,11:05:00,6.65,6.65,6.65,6.65,1000,0
2015-10-07,11:15:00,6.65,6.65,6.65,6.65,51,0
2015-10-07,11:20:00,6.55,6.55,6.55,6.55,371,0
2015-10-07,12:30:00,6.53,6.53,6.53,6.53,500,0
2015-10-07,13:15:00,6.53,6.53,6.53,6.53,265,0
2015-10-07,13:25:00,6.52,6.52,6.52,6.52,1000,0
2015-10-07,14:40:00,6.5,6.5,6.5,6.5,905,0
2015-10-07,14:45:00,6.52,6.65,6.52,6.65,1300,0
2015-10-07,15:35:00,6.65,6.69,6.65,6.69,100,0
2015-10-07,16:20:00,6.64,6.65,6.64,6.65,400,0
2015-10-07,16:25:00,6.5,6.5,6.5,6.5,169,0
2015-10-07,16:50:00,6.5,6.5,6.5,6.5,469,0
2015-10-08,09:35:00,6.48,6.48,6.48,6.48,247,0
2015-10-08,09:45:00,6.48,6.48,6.48,6.48,200,0
2015-10-08,09:55:00,6.48,6.48,6.48,6.48,53,0
2015-10-08,11:10:00,6.4,6.4,6.4,6.4,383,0
2015-10-08,12:55:00,6.4,6.4,6.4,6.4,400,0
2015-10-08,14:35:00,6.46,6.46,6.46,6.46,5,0
2015-10-08,15:00:00,6.46,6.46,6.46,6.46,380,0
2015-10-08,15:05:00,6.47,6.47,6.47,6.47,500,0
2015-10-08,16:30:00,6.4,6.4,6.35,6.35,765,0
2015-10-08,16:40:00,6.47,6.47,6.47,6.47,200,0
2015-10-09,10:55:00,6.47,6.47,6.47,6.47,166,0
2015-10-09,11:15:00,6.4,6.4,6.4,6.4,90,0
2015-10-09,12:25:00,6.42,6.42,6.42,6.42,820,0
2015-10-09,12:35:00,6.4,6.4,6.4,6.4,910,0
2015-10-09,12:40:00,6.4,6.4,6.4,6.4,128,0
2015-10-09,13:20:00,6.4,6.4,6.31,6.31,453,0
2015-10-09,13:35:00,6.47,6.47,6.47,6.47,1,0
2015-10-12,09:40:00,6.45,6.45,6.45,6.45,500,0
2015-10-13,09:35:00,6.45,6.45,6.45,6.45,250,0
2015-10-13,09:45:00,6.45,6.45,6.45,6.45,30,0
2015-10-13,11:40:00,6.32,6.32,6.32,6.32,500,0
2015-10-13,12:50:00,6.32,6.32,6.32,6.32,270,0
2015-10-14,09:30:00,6.12,6.12,6.12,6.12,534,0
2015-10-14,09:40:00,6.15,6.15,6.15,6.15,200,0
2015-10-14,09:45:00,6.15,6.15,6.15,6.15,515,0
2015-10-14,10:40:00,6.15,6.15,6.11,6.11,1718,0
2015-10-14,10:45:00,6.11,6.11,6.11,6.11,400,0
2015-10-14,10:50:00,6.16,6.16,6.16,6.16,100,0
2015-10-14,12:50:00,6.18,6.18,6.18,6.18,100,0
2015-10-14,13:35:00,6.16,6.2,6.16,6.2,200,0
2015-10-14,16:50:00,6.16,6.16,6.16,6.16,210,0
2015-10-15,11:20:00,6.11,6.11,6.1,6.1,1200,0
2015-10-15,12:00:00,6.1,6.1,6.1,6.1,477,0
2015-10-15,14:00:00,6.1,6.1,6.1,6.1,23,0
2015-10-15,14:40:00,6.15,6.16,6.1,6.16,1127,0
2015-10-15,16:45:00,6.13,6.13,6.13,6.13,500,0
2015-10-15,16:50:00,6.08,6.16,6.08,6.16,326,0
2015-10-16,10:00:00,6.15,6.15,6.15,6.15,113,0
2015-10-16,10:25:00,6.15,6.15,6.15,6.15,40000,0
2015-10-16,10:55:00,6.15,6.15,6.15,6.15,887,0
2015-10-16,11:15:00,6.15,6.17,6.15,6.17,320,0
2015-10-16,11:45:00,6.17,6.17,6.17,6.17,998,0
2015-10-16,16:35:00,6.29,6.29,6.29,6.29,10,0
2015-10-19,10:00:00,6.2,6.29,6.2,6.29,690,0
2015-10-19,10:25:00,6.29,6.29,6.29,6.29,355,0
2015-10-19,11:40:00,6.25,6.25,6.25,6.25,5998,0
2015-10-19,12:15:00,6.22,6.22,6.22,6.22,1000,0
2015-10-19,12:40:00,6.22,6.22,6.22,6.22,50,0
2015-10-19,14:40:00,6.25,6.25,6.25,6.25,256,0
2015-10-19,15:05:00,6.33,6.34,6.33,6.34,1300,0
2015-10-19,15:25:00,6.26,6.26,6.26,6.26,25000,0
2015-10-19,16:50:00,6.34,6.34,6.34,6.34,2,0
2015-10-20,10:10:00,6.24,6.24,6.24,6.24,113,0
2015-10-20,12:05:00,6.24,6.24,6.24,6.24,257,0
2015-10-20,13:05:00,6.21,6.21,6.21,6.21,50,0
2015-10-20,14:10:00,6.21,6.21,6.19,6.19,700,0
2015-10-20,16:25:00,6.2,6.2,6.2,6.2,12,0
2015-10-20,16:50:00,6.3,6.3,6.3,6.3,201,0
2015-10-21,09:05:00,6.34,6.34,6.34,6.34,200,0
2015-10-21,09:30:00,6.3,6.3,6.3,6.3,207,0
2015-10-21,10:00:00,6.34,6.34,6.34,6.34,33,0
2015-10-21,10:15:00,6.34,6.43,6.34,6.43,409,0
2015-10-21,12:40:00,6.43,6.43,6.43,6.43,79,0
2015-10-21,13:00:00,6.35,6.35,6.35,6.35,1000,0
2015-10-21,13:30:00,6.3,6.3,6.3,6.3,601,0
2015-10-21,15:15:00,6.3,6.3,6.3,6.3,529,0
2015-10-21,16:50:00,6.3,6.35,6.3,6.35,62379,0
2015-10-22,09:30:00,6.36,6.36,6.36,6.36,186,0
2015-10-22,11:05:00,6.36,6.36,6.35,6.35,1914,0
2015-10-22,11:20:00,6.35,6.35,6.35,6.35,1000,0
2015-10-22,11:25:00,6.35,6.35,6.35,6.35,4000,0
2015-10-22,11:45:00,6.35,6.35,6.35,6.35,7586,0
2015-10-22,13:15:00,6.35,6.35,6.35,6.35,13000,0
2015-10-22,13:40:00,6.35,6.35,6.35,6.35,15544,0
2015-10-22,14:10:00,6.3,6.3,6.3,6.3,20,0
2015-10-22,15:25:00,6.35,6.35,6.35,6.35,1995,0
2015-10-22,15:50:00,6.35,6.35,6.35,6.35,4980,0
2015-10-22,16:05:00,6.3,6.3,6.3,6.3,3001,0
2015-10-22,16:45:00,6.3,6.3,6.3,6.3,966,0
2015-10-23,09:40:00,6.3,6.3,6.3,6.3,200,0
2015-10-23,10:00:00,6.3,6.3,6.3,6.3,7,0
2015-10-23,12:10:00,6.35,6.35,6.35,6.35,249,0
2015-10-23,14:05:00,6.3,6.3,6.3,6.3,493,0
2015-10-23,14:55:00,6.3,6.35,6.3,6.35,3526,0
2015-10-23,15:20:00,6.28,6.28,6.28,6.28,5000,0
2015-10-23,15:45:00,6.28,6.28,6.28,6.28,1275,0
2015-10-23,16:50:00,6.29,6.44,6.29,6.44,1035,0
2015-10-26,09:05:00,6.25,6.25,6.11,6.11,296,0
2015-10-26,09:10:00,6.24,6.25,6.24,6.25,1000,0
2015-10-26,09:55:00,6.25,6.25,6.25,6.25,100,0
2015-10-26,10:00:00,6.25,6.3,6.25,6.3,200,0
2015-10-26,10:10:00,6.3,6.3,6.3,6.3,100,0
2015-10-26,11:10:00,6.3,6.3,6.3,6.3,46,0
2015-10-26,11:35:00,6.3,6.3,6.3,6.3,30,0
2015-10-26,12:10:00,6.35,6.35,6.35,6.35,468,0
2015-10-26,12:15:00,6.35,6.35,6.35,6.35,217,0
2015-10-26,14:50:00,6.35,6.45,6.35,6.45,1973,0
2015-10-26,15:00:00,6.34,6.34,6.34,6.34,1500,0
2015-10-26,15:20:00,6.45,6.45,6.45,6.45,250,0
2015-10-26,16:15:00,6.45,6.45,6.45,6.45,221,0
2015-10-26,16:35:00,6.45,6.47,6.45,6.47,205,0
2015-10-27,09:05:00,6.31,6.31,6.31,6.31,200,0
2015-10-27,09:20:00,6.44,6.5,6.44,6.5,6849,0
2015-10-27,09:40:00,6.6,6.65,6.6,6.65,2000,0
2015-10-27,10:25:00,6.6,6.6,6.6,6.6,300,0
2015-10-27,10:45:00,6.5,6.6,6.5,6.6,2,0
2015-10-27,11:50:00,6.51,6.51,6.51,6.51,8,0
2015-10-27,12:00:00,6.6,6.6,6.6,6.6,550,0
2015-10-27,12:10:00,6.65,6.65,6.65,6.65,202,0
2015-10-27,16:50:00,6.62,6.62,6.62,6.62,2208,0
2015-10-28,10:45:00,6.54,6.54,6.54,6.54,161170,0
2015-10-28,13:10:00,6.55,6.55,6.55,6.55,111,0
2015-10-28,13:40:00,6.55,6.55,6.55,6.55,4889,0
2015-10-28,14:50:00,6.54,6.54,6.54,6.54,300,0
2015-10-28,14:55:00,6.54,6.54,6.54,6.54,668,0
2015-10-28,15:25:00,6.54,6.54,6.54,6.54,4343,0
2015-10-28,15:30:00,6.54,6.54,6.54,6.54,657,0
2015-10-28,16:30:00,6.48,6.48,6.48,6.48,500,0
2015-10-28,16:45:00,6.55,6.55,6.55,6.55,180,0
2015-10-28,16:50:00,6.59,6.59,6.59,6.59,2,0
2015-10-29,09:05:00,6.65,6.65,6.65,6.65,400,0
2015-10-29,09:25:00,6.64,6.64,6.64,6.64,20,0
2015-10-29,10:50:00,6.55,6.55,6.55,6.55,23044,0
2015-10-29,11:15:00,6.55,6.55,6.55,6.55,3000,0
2015-10-29,12:30:00,6.55,6.55,6.55,6.55,378,0
2015-10-29,12:55:00,6.55,6.55,6.55,6.55,60,0
2015-10-29,13:30:00,6.55,6.55,6.53,6.53,480,0
2015-10-29,15:20:00,6.53,6.53,6.53,6.53,500,0
2015-10-29,15:30:00,6.53,6.53,6.53,6.53,2000,0
2015-10-29,16:30:00,6.53,6.53,6.53,6.53,249,0
2015-10-29,16:50:00,6.59,6.59,6.59,6.59,1502,0
2015-10-30,09:25:00,6.59,6.59,6.59,6.59,45,0
2015-10-30,10:15:00,6.5,6.5,6.5,6.5,340,0
2015-10-30,11:10:00,6.55,6.6,6.55,6.6,605,0
2015-10-30,11:15:00,6.6,6.6,6.6,6.6,4634,0
2015-10-30,11:50:00,6.51,6.51,6.51,6.51,564,0
2015-10-30,12:20:00,6.55,6.55,6.55,6.55,7528,0
2015-10-30,12:30:00,6.51,6.51,6.51,6.51,9536,0
2015-10-30,12:55:00,6.48,6.48,6.48,6.48,639,0
2015-10-30,13:05:00,6.48,6.48,6.48,6.48,214,0
2015-10-30,14:55:00,6.48,6.48,6.48,6.48,2722,0
2015-10-30,15:00:00,6.5,6.5,6.44,6.44,6805,0
2015-10-30,15:05:00,6.42,6.42,6.3,6.3,3040,0
2015-10-30,15:10:00,6.4,6.4,6.39,6.4,6503,0
2015-10-30,15:15:00,6.4,6.4,6.4,6.4,6137,0
2015-10-30,15:25:00,6.4,6.4,6.4,6.4,125,0
2015-10-30,16:05:00,6.54,6.54,6.54,6.54,738,0
2015-11-02,13:25:00,6.43,6.43,6.42,6.42,227,0
2015-11-02,13:40:00,6.49,6.49,6.49,6.49,100,0
2015-11-02,15:10:00,6.49,6.49,6.49,6.49,200,0
2015-11-02,16:50:00,6.6,6.6,6.6,6.6,3252,0
2015-11-03,09:10:00,6.63,6.63,6.63,6.63,2000,0
2015-11-03,09:20:00,6.64,6.64,6.64,6.64,200,0
2015-11-03,09:40:00,6.64,6.64,6.64,6.64,60,0
2015-11-03,09:45:00,6.63,6.63,6.63,6.63,200,0
2015-11-03,10:10:00,6.63,6.63,6.63,6.63,276,0
2015-11-03,10:45:00,6.6,6.6,6.6,6.6,54,0
2015-11-03,13:35:00,6.58,6.58,6.58,6.58,50,0
2015-11-03,15:05:00,6.58,6.58,6.58,6.58,100,0
2015-11-03,15:30:00,6.5,6.58,6.5,6.58,40910,0
2015-11-03,16:00:00,6.43,6.43,6.43,6.43,1013,0
2015-11-03,16:50:00,6.55,6.55,6.55,6.55,1,0
2015-11-04,09:05:00,6.27,6.27,6.27,6.27,60,0
2015-11-04,09:10:00,6.55,6.55,6.55,6.55,1,0
2015-11-04,09:50:00,6.54,6.55,6.54,6.55,366,0
2015-11-04,10:35:00,6.5,6.5,6.5,6.5,400,0
2015-11-04,12:10:00,6.41,6.41,6.41,6.41,1500,0
2015-11-04,12:15:00,6.41,6.41,6.41,6.41,1450,0
2015-11-04,12:20:00,6.41,6.41,6.41,6.41,50,0
2015-11-04,15:10:00,6.42,6.42,6.42,6.42,500,0
2015-11-04,15:20:00,6.42,6.42,6.42,6.42,605,0
2015-11-04,16:00:00,6.45,6.45,6.45,6.45,300,0
2015-11-04,16:50:00,6.46,6.46,6.46,6.46,60,0
2015-11-05,09:05:00,6.48,6.48,6.48,6.48,10,0
2015-11-05,11:30:00,6.44,6.45,6.44,6.45,7450,0
2015-11-05,11:45:00,6.42,6.45,6.42,6.45,38645,0
2015-11-05,12:05:00,6.45,6.45,6.45,6.45,9616,0
2015-11-05,13:55:00,6.45,6.45,6.45,6.45,1633,0
2015-11-05,14:45:00,6.41,6.41,6.41,6.41,566,0
2015-11-05,15:15:00,6.45,6.45,6.45,6.45,600,0
2015-11-05,15:20:00,6.41,6.41,6.41,6.41,150,0
2015-11-05,15:40:00,6.46,6.46,6.46,6.46,3000,0
2015-11-05,16:40:00,6.46,6.46,6.46,6.46,100,0
2015-11-06,09:05:00,6.3,6.3,6.3,6.3,100,0
2015-11-06,09:10:00,6.48,6.48,6.48,6.48,1,0
2015-11-06,10:40:00,6.3,6.3,6.27,6.27,913,0
2015-11-06,11:05:00,6.48,6.5,6.48,6.5,1140,0
2015-11-06,12:55:00,6.5,6.5,6.5,6.5,70,0
2015-11-06,14:10:00,6.3,6.3,6.3,6.3,142,0
2015-11-06,16:25:00,6.31,6.31,6.26,6.26,4000,0
2015-11-06,16:50:00,6.4,6.4,6.4,6.4,10,0
2015-11-09,09:05:00,6.49,6.49,6.49,6.49,12,0
2015-11-09,09:45:00,6.46,6.46,6.46,6.46,31,0
2015-11-09,11:20:00,6.33,6.46,6.3,6.46,695,0
2015-11-09,12:20:00,6.3,6.46,6.3,6.46,304,0
2015-11-09,16:30:00,6.3,6.3,5.86,6.1,6279,0
2015-11-09,16:35:00,6.39,6.39,6.39,6.39,3,0
2015-11-09,16:50:00,6.05,6.05,6.05,6.05,685,0
2015-11-10,09:05:00,6.03,6.28,6.03,6.28,315,0
2015-11-10,09:10:00,6.25,6.25,6.25,6.25,10,0
2015-11-10,09:30:00,6.06,6.06,6.06,6.06,1072,0
2015-11-10,09:35:00,6.19,6.19,6.19,6.19,3,0
2015-11-10,11:10:00,6.1,6.14,6.1,6.14,40002,0
2015-11-10,12:25:00,6.1,6.1,6.1,6.1,572,0
2015-11-10,13:30:00,6.13,6.13,6.13,6.13,86,0
2015-11-10,14:05:00,6.13,6.13,6.13,6.13,196,0
2015-11-10,14:10:00,6.14,6.14,6.14,6.14,104,0
2015-11-10,14:15:00,6.14,6.14,6.14,6.14,694,0
2015-11-10,14:25:00,6.13,6.13,6.13,6.13,200,0
2015-11-10,16:35:00,6.19,6.19,6.19,6.19,100,0
2015-11-10,16:50:00,6.13,6.13,6.13,6.13,424,0
