2015-01-02,10:05:00,6.1,6.1,6.1,6.1,2,0
2015-01-05,09:05:00,6.09,6.09,6.09,6.09,1,0
2015-01-07,09:05:00,6.19,6.19,6.19,6.19,1,0
2015-01-07,15:55:00,6.09,6.09,6.09,6.09,30,0
2015-01-07,16:50:00,6.07,6.07,6.07,6.07,15,0
2015-01-08,09:05:00,6.19,6.19,6.19,6.19,7,0
2015-01-09,15:25:00,6.1,6.1,6.1,6.1,1,0
2015-01-09,16:50:00,6.1,6.1,6.1,6.1,1,0
2015-01-12,09:05:00,6.08,6.08,6.08,6.08,1,0
2015-01-12,16:30:00,6.05,6.05,6.05,6.05,8,0
2015-01-12,16:50:00,6.05,6.05,6.05,6.05,1,0
2015-01-13,09:10:00,6.01,6.01,6.01,6.01,1,0
2015-01-13,16:50:00,6.01,6.01,6.01,6.01,1,0
2015-01-14,09:05:00,6.05,6.05,6.05,6.05,1,0
2015-01-14,16:50:00,6.05,6.05,6.05,6.05,2,0
2015-01-15,09:05:00,6.05,6.05,6.05,6.05,1,0
2015-01-15,16:50:00,6.05,6.05,6.05,6.05,1,0
2015-01-16,09:05:00,6.05,6.05,6.05,6.05,1,0
2015-01-16,11:00:00,5.9,5.9,5.9,5.9,9,0
2015-01-16,16:50:00,6.05,6.05,6.05,6.05,2,0
2015-01-19,09:05:00,6.05,6.05,6.05,6.05,1,0
2015-01-19,09:15:00,5.55,5.65,5.45,5.65,802,0
2015-01-19,09:20:00,5.7,5.7,5.7,5.7,1,0
2015-01-19,09:40:00,5.8,5.8,5.8,5.8,7,0
2015-01-19,09:45:00,5.85,5.85,5.85,5.85,1,0
2015-01-19,09:50:00,5.9,5.9,5.6,5.6,101,0
2015-01-19,09:55:00,5.7,5.7,5.7,5.7,139,0
2015-01-19,10:30:00,5.7,5.7,5.7,5.7,137,0
2015-01-19,10:50:00,5.7,5.7,5.7,5.7,1363,0
2015-01-19,10:55:00,5.95,5.95,5.95,5.95,1,0
2015-01-19,16:50:00,5.95,5.95,5.95,5.95,1,0
2015-01-20,10:20:00,5.95,5.95,5.95,5.95,1,0
2015-01-21,09:05:00,5.86,5.86,5.86,5.86,1,0
2015-01-21,16:50:00,5.75,5.75,5.75,5.75,7,0
2015-01-22,09:10:00,5.86,5.86,5.86,5.86,1,0
2015-01-22,09:40:00,5.86,5.86,5.86,5.86,1,0
2015-01-22,09:45:00,5.86,5.86,5.86,5.86,1,0
2015-01-22,09:55:00,5.86,5.86,5.86,5.86,2,0
2015-01-22,10:20:00,5.86,5.86,5.86,5.86,1,0
2015-01-22,16:10:00,5.7,5.7,5.7,5.7,15,0
2015-01-22,16:50:00,5.85,5.85,5.85,5.85,1,0
2015-01-23,09:05:00,5.85,5.85,5.85,5.85,1,0
2015-01-23,12:20:00,5.85,5.85,5.85,5.85,1,0
2015-01-23,14:25:00,5.1,5.1,5.1,5.1,600,0
2015-01-23,14:35:00,5.59,5.59,5.59,5.59,2,0
2015-01-23,15:45:00,5.1,5.1,5.1,5.1,686,0
2015-01-23,16:05:00,5.1,5.1,5.1,5.1,4,0
2015-01-23,16:10:00,5.55,5.55,5.55,5.55,1,0
2015-01-23,16:50:00,5.55,5.55,5.1,5.1,1300,0
2015-01-26,09:05:00,5.15,5.15,5.15,5.15,1,0
2015-01-26,16:50:00,5.13,5.13,5.13,5.13,5,0
2015-01-27,09:05:00,5.13,5.13,5.13,5.13,555,0
2015-01-27,09:15:00,5.15,5.15,5.15,5.15,495,0
2015-01-27,15:05:00,5.1,5.14,5.1,5.14,300,0
2015-01-28,09:10:00,5.13,5.13,5.13,5.13,1,0
2015-01-28,15:55:00,5.1,5.1,5.1,5.1,9,0
2015-01-28,16:50:00,5.13,5.13,5.13,5.13,1,0
2015-01-29,09:05:00,5,5.13,5,5.13,233,0
2015-01-29,09:30:00,5.13,5.43,5.13,5.43,180,0
2015-01-29,09:35:00,5.13,5.13,5.13,5.13,200,0
2015-01-29,12:10:00,5.13,5.13,5.13,5.13,120,0
2015-01-29,16:50:00,5.14,5.14,5.14,5.14,1,0
2015-01-30,09:05:00,5.13,5.13,5.13,5.13,1,0
2015-01-30,16:10:00,5.12,5.12,5.12,5.12,8,0
2015-01-30,16:50:00,5.13,5.13,5.13,5.13,1,0
2015-02-02,09:05:00,5.4,5.4,5.4,5.4,1,0
2015-02-02,11:45:00,5,5.35,5,5.35,21,0
2015-02-02,16:50:00,5.35,5.35,5.35,5.35,1,0
2015-02-03,09:05:00,5.3,5.3,5.3,5.3,1,0
2015-02-03,16:40:00,5.25,5.27,5.25,5.27,9,0
2015-02-03,16:50:00,5.27,5.27,5.27,5.27,1,0
2015-02-04,09:05:00,5.35,5.35,5.35,5.35,1,0
2015-02-04,16:50:00,5,5,5,5,200,0
2015-02-05,09:10:00,5.1,5.1,5.1,5.1,1,0
2015-02-06,09:05:00,5.12,5.12,5.12,5.12,300,0
2015-02-06,10:35:00,5,5,5,5,11,0
2015-02-06,16:10:00,5,5,5,5,16,0
2015-02-06,16:45:00,5,5,5,5,20,0
2015-02-06,16:50:00,5.15,5.15,5.15,5.15,11,0
2015-02-09,09:05:00,5.2,5.2,5.2,5.2,1,0
2015-02-09,16:50:00,5.2,5.2,5.2,5.2,1,0
2015-02-10,09:05:00,5.23,5.23,5.23,5.23,1,0
2015-02-10,13:40:00,5.19,5.19,5.19,5.19,9,0
2015-02-10,13:45:00,5.19,5.19,5.19,5.19,1,0
2015-02-10,16:50:00,5.23,5.23,5.23,5.23,1,0
2015-02-11,09:05:00,5,5.25,5,5.25,32,0
2015-02-11,16:50:00,5.25,5.25,5.25,5.25,1,0
2015-02-12,09:10:00,5.27,5.27,5.27,5.27,1,0
2015-02-12,16:10:00,5.24,5.24,5.24,5.24,6,0
2015-02-12,16:50:00,5.27,5.27,5.27,5.27,4,0
2015-02-13,09:05:00,5.27,5.27,5.27,5.27,9,0
2015-02-13,16:10:00,5,5.23,5,5.23,201,0
2015-02-13,16:50:00,5.27,5.27,5.27,5.27,1,0
2015-02-16,09:05:00,5.27,5.27,5.27,5.27,10,0
2015-02-16,16:45:00,5.25,5.25,5.25,5.25,4,0
2015-02-16,16:50:00,5.27,5.27,5.27,5.27,1,0
2015-02-17,09:05:00,5.27,5.27,5.27,5.27,10,0
2015-02-17,16:45:00,5.25,5.25,5.25,5.25,7,0
2015-02-18,09:10:00,5.27,5.27,5.27,5.27,10,0
2015-02-18,16:50:00,5.25,5.25,5.25,5.25,1,0
2015-02-19,09:05:00,5.25,5.25,5.25,5.25,9,0
2015-02-19,16:50:00,5.25,5.25,5.25,5.25,7,0
2015-02-20,09:05:00,5.25,5.25,5.25,5.25,9,0
2015-02-20,16:50:00,5.25,5.25,5.25,5.25,1,0
2015-02-23,09:05:00,5.25,5.25,5.25,5.25,9,0
2015-02-23,16:50:00,5.25,5.25,5.25,5.25,1,0
2015-02-24,09:05:00,5.25,5.25,4.76,5,504,0
2015-02-24,09:50:00,4.9,4.9,4.9,4.9,300,0
2015-02-24,10:50:00,4.9,4.9,4.9,4.9,197,0
2015-02-24,11:15:00,5,5,5,5,4,0
2015-02-24,15:00:00,5,5,5,5,300,0
2015-02-24,16:50:00,5.25,5.25,5.25,5.25,15,0
2015-02-25,09:05:00,5.25,5.25,5.25,5.25,10,0
2015-02-25,09:30:00,4.8,4.8,4.8,4.8,50,0
2015-02-25,13:55:00,5,5,5,5,50,0
2015-02-25,16:50:00,5.17,5.17,5.17,5.17,2,0
2015-02-26,09:05:00,5.2,5.2,5.2,5.2,1,0
2015-02-26,16:50:00,5.2,5.2,5.2,5.2,16,0
2015-02-27,09:05:00,5.1,5.1,5.1,5.1,15,0
2015-02-27,12:20:00,4.95,4.95,4.95,4.95,150,0
2015-02-27,16:50:00,5.23,5.23,5.23,5.23,123,0
2015-03-02,09:05:00,5.24,5.24,5.24,5.24,2,0
2015-03-02,16:50:00,5.24,5.24,5.24,5.24,2,0
2015-03-03,09:05:00,5.25,5.25,5.25,5.25,11,0
2015-03-03,11:50:00,4.8,4.8,4.8,4.8,315,0
2015-03-03,12:15:00,4.95,4.95,4.95,4.95,302,0
2015-03-03,15:25:00,4.82,4.82,4.79,4.79,200,0
2015-03-03,15:30:00,4.82,4.82,4.82,4.82,80,0
2015-03-03,16:50:00,5.25,5.25,5.25,5.25,1,0
2015-03-04,09:05:00,5.25,5.25,5.25,5.25,10,0
2015-03-04,16:50:00,5.25,5.25,5.25,5.25,51,0
2015-03-05,09:05:00,5.25,5.25,5.25,5.25,10,0
2015-03-05,09:30:00,5.22,5.22,5.22,5.22,250,0
2015-03-05,13:20:00,5.23,5.23,5.23,5.23,750,0
2015-03-05,16:50:00,5.25,5.25,5.25,5.25,2,0
2015-03-06,09:05:00,5.25,5.25,5.25,5.25,19,0
2015-03-06,09:55:00,5.23,5.23,5.23,5.23,10,0
2015-03-06,10:00:00,5.23,5.23,5.23,5.23,24,0
2015-03-06,10:20:00,5.23,5.23,5.23,5.23,20,0
2015-03-06,12:55:00,5.02,5.02,5.02,5.02,800,0
2015-03-06,16:50:00,5.22,5.22,5.22,5.22,1,0
2015-03-09,09:05:00,5.22,5.22,5.22,5.22,15,0
2015-03-09,16:50:00,5.21,5.21,5.21,5.21,2,0
2015-03-10,09:05:00,5.21,5.21,5.21,5.21,24,0
2015-03-10,09:10:00,5.21,5.22,5.21,5.22,41,0
2015-03-10,09:40:00,5.01,5.01,5.01,5.01,10,0
2015-03-10,10:30:00,5.01,5.01,4.98,4.98,642,0
2015-03-10,14:05:00,5,5.22,5,5.2,3050,0
2015-03-10,16:50:00,5,5,5,5,750,0
2015-03-11,09:05:00,5.17,5.17,5.17,5.17,32,0
2015-03-11,12:00:00,5.12,5.13,5.12,5.13,250,0
2015-03-11,16:50:00,5.15,5.15,5.15,5.15,70,0
2015-03-12,09:05:00,5.15,5.15,5.15,5.15,14,0
2015-03-12,16:50:00,5.15,5.15,5.15,5.15,2,0
2015-03-13,09:05:00,5.1,5.1,5.1,5.1,10,0
2015-03-13,15:25:00,4.85,4.85,4.85,4.85,21,0
2015-03-13,15:55:00,4.85,4.85,4.82,4.82,1000,0
2015-03-13,16:50:00,5.1,5.1,5.1,5.1,1,0
2015-03-16,09:05:00,5.1,5.1,5.1,5.1,1,0
2015-03-16,13:00:00,5.09,5.09,5.09,5.09,30,0
2015-03-16,16:50:00,5.09,5.09,5.09,5.09,8,0
2015-03-17,09:05:00,5.09,5.09,5.09,5.09,1,0
2015-03-17,16:50:00,5.09,5.09,5.09,5.09,9,0
2015-03-18,09:05:00,5,5,5,5,1,0
2015-03-18,16:50:00,5,5,5,5,12,0
2015-03-19,09:05:00,5,5,5,5,1,0
2015-03-19,16:50:00,5,5,5,5,9,0
2015-03-20,09:05:00,5,5,5,5,1,0
2015-03-20,16:50:00,5,5,5,5,9,0
2015-03-23,09:05:00,5.01,5.01,5.01,5.01,22,0
2015-03-23,16:50:00,5.01,5.01,5.01,5.01,2,0
2015-03-24,09:05:00,4.9,4.9,4.9,4.9,14,0
2015-03-24,09:10:00,4.9,4.9,4.9,4.9,200,0
2015-03-24,12:10:00,4.75,4.75,4.75,4.75,83,0
2015-03-24,13:00:00,4.75,4.75,4.72,4.72,800,0
2015-03-24,13:05:00,4.72,4.72,4.72,4.72,1117,0
2015-03-24,13:35:00,4.62,4.62,4.5,4.5,750,0
2015-03-24,15:05:00,4.38,4.38,4.38,4.38,530,0
2015-03-24,15:20:00,4.3,4.3,4.2,4.2,400,0
2015-03-24,15:30:00,4.2,4.2,4.2,4.2,155,0
2015-03-24,15:40:00,4.2,4.2,4.2,4.2,92,0
2015-03-24,16:15:00,4.1,4.1,4.01,4.01,166,0
2015-03-24,16:20:00,4.02,4.02,4.02,4.02,100,0
2015-03-24,16:30:00,4.35,4.35,4.35,4.35,1,0
2015-03-24,16:50:00,4.35,4.35,4.35,4.35,2,0
2015-03-25,09:05:00,4,4,4,4,3240,0
2015-03-25,09:55:00,3.98,3.98,3.98,3.98,10,0
2015-03-25,10:00:00,3.98,3.98,3.98,3.98,300,0
2015-03-25,10:05:00,3.98,3.98,3.98,3.98,20,0
2015-03-25,10:10:00,3.98,3.98,3.98,3.98,20,0
2015-03-25,10:50:00,3.98,3.98,3.98,3.98,9,0
2015-03-25,10:55:00,3.98,3.98,3.77,3.77,342,0
2015-03-25,11:00:00,3.77,3.77,3.77,3.77,1000,0
2015-03-25,11:25:00,3.98,3.98,3.98,3.98,14,0
2015-03-25,11:50:00,3.77,3.77,3.77,3.77,50,0
2015-03-25,16:45:00,3.77,3.77,3.76,3.76,835,0
2015-03-25,16:50:00,3.76,3.76,3.75,3.75,456,0
2015-03-26,09:05:00,3.65,3.65,3.54,3.54,1050,0
2015-03-26,09:10:00,3.65,3.65,3.65,3.65,10,0
2015-03-26,10:15:00,3.64,3.64,3.64,3.64,250,0
2015-03-26,11:35:00,3.63,3.63,3.63,3.63,19,0
2015-03-26,16:40:00,3.63,3.63,3.63,3.63,244,0
2015-03-26,16:50:00,3.64,3.64,3.64,3.64,53,0
2015-03-27,09:05:00,3.6,3.6,3.6,3.6,30,0
2015-03-27,09:10:00,3.41,3.41,3.41,3.41,1,0
2015-03-27,09:30:00,3.43,3.43,3.43,3.43,200,0
2015-03-27,09:45:00,3.43,3.43,3.41,3.41,140,0
2015-03-27,09:55:00,3.41,3.41,3.41,3.41,200,0
2015-03-27,15:30:00,3.42,3.42,3.42,3.42,777,0
2015-03-27,16:50:00,3.5,3.5,3.5,3.5,2,0
2015-03-30,09:05:00,3.45,3.45,3.45,3.45,10,0
2015-03-30,09:45:00,3.44,3.5,3.44,3.5,2270,0
2015-03-30,09:50:00,3.5,3.5,3.5,3.5,140,0
2015-03-30,10:00:00,3.5,3.5,3.5,3.5,500,0
2015-03-30,14:25:00,3.37,3.37,3.36,3.36,1099,0
2015-03-30,15:55:00,3.6,3.6,3.6,3.6,5,0
2015-03-30,16:50:00,3.6,3.6,3.6,3.6,2,0
2015-03-31,09:35:00,3.55,3.55,3.55,3.55,2,0
2015-03-31,11:25:00,3.55,3.55,3.55,3.55,299,0
2015-03-31,13:25:00,3.65,3.65,3.65,3.65,2223,0
2015-03-31,13:55:00,3.87,3.87,3.87,3.87,1,0
2015-03-31,15:45:00,3.8,3.8,3.8,3.8,800,0
2015-03-31,16:50:00,3.87,3.87,3.87,3.87,2,0
2015-04-01,09:05:00,3.87,3.87,3.87,3.87,280,0
2015-04-01,09:10:00,3.87,3.87,3.87,3.87,8,0
2015-04-01,09:15:00,3.93,3.93,3.93,3.93,9,0
2015-04-01,16:50:00,3.87,3.87,3.87,3.87,1,0
2015-04-02,09:05:00,3.94,3.94,3.94,3.94,10,0
2015-04-02,12:35:00,3.87,3.87,3.87,3.87,330,0
2015-04-02,16:25:00,3.87,3.87,3.87,3.87,777,0
2015-04-02,16:35:00,3.87,3.87,3.87,3.87,16,0
2015-04-02,16:50:00,3.94,3.94,3.94,3.94,1,0
2015-04-07,09:05:00,4.02,4.02,4.02,4.02,10,0
2015-04-07,16:50:00,4.02,4.02,4.02,4.02,2,0
2015-04-08,09:05:00,4.02,4.02,4.02,4.02,1,0
2015-04-08,09:10:00,4.02,4.02,4.02,4.02,10,0
2015-04-08,09:35:00,3.99,3.99,3.99,3.99,807,0
2015-04-08,11:10:00,3.99,4,3.99,4,450,0
2015-04-08,11:55:00,4.02,4.02,4.02,4.02,759,0
2015-04-08,14:35:00,4.19,4.19,4.19,4.19,759,0
2015-04-08,16:50:00,4.19,4.19,4.19,4.19,1,0
2015-04-09,09:05:00,4.19,4.19,4.19,4.19,10,0
2015-04-09,09:50:00,3.81,3.81,3.81,3.81,100,0
2015-04-09,12:20:00,3.91,3.91,3.91,3.91,99,0
2015-04-09,13:25:00,4,4,4,4,47,0
2015-04-09,15:25:00,3.91,3.91,3.91,3.91,200,0
2015-04-09,15:50:00,3.91,3.91,3.91,3.91,273,0
2015-04-09,15:55:00,3.91,3.91,3.9,3.9,50,0
2015-04-09,16:50:00,4.19,4.19,4.19,4.19,2,0
2015-04-10,09:05:00,3.9,4.15,3.9,4.15,40,0
2015-04-10,10:45:00,4.14,4.14,4.14,4.14,20,0
2015-04-10,16:50:00,4.13,4.13,4.13,4.13,10,0
2015-04-13,09:05:00,4.13,4.19,4.13,4.19,375,0
2015-04-13,14:40:00,4.25,4.26,4.25,4.26,3,0
2015-04-13,16:50:00,4.3,4.3,4.3,4.3,1,0
2015-04-14,09:05:00,4.1,4.1,4.1,4.1,10,0
2015-04-14,09:10:00,4.1,4.1,4.1,4.1,30,0
2015-04-14,09:30:00,4.1,4.1,4.1,4.1,41,0
2015-04-14,09:35:00,4.1,4.1,4.1,4.1,20,0
2015-04-14,10:20:00,4.1,4.1,4.1,4.1,20,0
2015-04-14,13:20:00,4.1,4.1,4.1,4.1,10,0
2015-04-14,16:50:00,4.1,4.1,4.1,4.1,1,0
2015-04-15,09:05:00,4.2,4.2,4.2,4.2,10,0
2015-04-15,09:45:00,4.1,4.1,4.1,4.1,25,0
2015-04-15,10:00:00,4.1,4.1,4.1,4.1,20,0
2015-04-15,12:45:00,4.1,4.1,4.1,4.1,10,0
2015-04-15,16:50:00,4.1,4.1,4.1,4.1,1,0
2015-04-16,09:05:00,4,4,4,4,30,0
2015-04-16,16:50:00,4.1,4.1,4.1,4.1,1,0
2015-04-17,09:05:00,4.1,4.15,4.1,4.15,10,0
2015-04-17,15:55:00,4.1,4.1,4.1,4.1,20,0
2015-04-17,16:50:00,4.25,4.25,4.25,4.25,100,0
2015-04-20,09:05:00,3.87,4.05,3.87,4.05,474,0
2015-04-20,09:10:00,4.09,4.09,4,4,30,0
2015-04-20,12:20:00,4,4,4,4,20,0
2015-04-20,12:30:00,3.9,3.9,3.9,3.9,30,0
2015-04-20,16:50:00,4.15,4.15,4.15,4.15,100,0
2015-04-21,09:05:00,4.15,4.18,4.15,4.18,11,0
2015-04-21,16:50:00,4.18,4.18,4.18,4.18,1,0
2015-04-22,09:05:00,4.18,4.18,4.18,4.18,1,0
2015-04-22,14:05:00,4.1,4.1,4.1,4.1,20,0
2015-04-22,16:50:00,4.18,4.18,4.18,4.18,9,0
2015-04-23,09:05:00,4.18,4.2,4.18,4.2,10,0
2015-04-23,09:30:00,4.12,4.12,4.12,4.12,25,0
2015-04-23,10:00:00,4.12,4.12,4.12,4.12,27,0
2015-04-23,16:50:00,4.1,4.1,4.1,4.1,1,0
2015-04-24,09:05:00,4.2,4.2,4.2,4.2,10,0
2015-04-24,16:50:00,4.2,4.2,4.2,4.2,1,0
2015-04-27,09:05:00,4.1,4.1,4.1,4.1,20,0
2015-04-27,16:50:00,4.15,4.15,4.15,4.15,1,0
2015-04-28,09:05:00,4.2,4.2,4.2,4.2,11,0
2015-04-28,09:50:00,4.05,4.05,4.05,4.05,47,0
2015-04-28,10:30:00,4.05,4.05,4.05,4.05,150,0
2015-04-28,16:50:00,4.2,4.2,4.2,4.2,1,0
2015-04-29,09:05:00,4.2,4.2,4.2,4.2,10,0
2015-04-29,09:10:00,4.1,4.1,4.1,4.1,788,0
2015-04-29,16:50:00,4.18,4.18,4.18,4.18,1,0
2015-04-30,09:05:00,4.11,4.11,4.11,4.11,10,0
2015-04-30,16:50:00,4.19,4.19,4.19,4.19,1,0
2015-05-04,09:15:00,4.19,4.19,4.19,4.19,1,0
2015-05-04,11:15:00,4.19,4.19,4.19,4.19,111,0
2015-05-04,13:50:00,4.19,4.19,4.19,4.19,20,0
2015-05-04,16:35:00,4.11,4.11,4.11,4.11,190,0
2015-05-05,09:05:00,4.2,4.2,4.2,4.2,1,0
2015-05-05,09:30:00,4.2,4.2,4.2,4.2,20,0
2015-05-05,10:05:00,4.2,4.2,4.2,4.2,10,0
2015-05-05,10:25:00,4.2,4.2,4.2,4.2,20,0
2015-05-05,12:35:00,4.2,4.2,4.2,4.2,40,0
2015-05-05,12:45:00,4.2,4.2,4.2,4.2,20,0
2015-05-06,09:05:00,4.2,4.2,4.2,4.2,10,0
2015-05-06,11:05:00,4.19,4.19,4.19,4.19,30,0
2015-05-06,11:30:00,4.19,4.19,4.19,4.19,20,0
2015-05-06,12:45:00,4.19,4.19,4.19,4.19,20,0
2015-05-06,16:50:00,4.2,4.2,4.2,4.2,1,0
2015-05-07,09:05:00,4.2,4.2,4.2,4.2,10,0
2015-05-07,10:45:00,4.19,4.19,4.19,4.19,30,0
2015-05-07,11:05:00,4.19,4.19,4.19,4.19,20,0
2015-05-07,15:05:00,4.19,4.19,4.19,4.19,30,0
2015-05-07,16:50:00,4.2,4.2,4.2,4.2,1,0
2015-05-08,09:05:00,4.19,4.19,4.19,4.19,10,0
2015-05-08,10:00:00,4.18,4.18,4.18,4.18,19,0
2015-05-08,16:15:00,4.18,4.18,4.18,4.18,412,0
2015-05-08,16:35:00,4.2,4.2,4.2,4.2,21,0
2015-05-08,16:50:00,4.2,4.2,4.2,4.2,1,0
2015-05-11,09:05:00,4.2,4.2,4.2,4.2,26,0
2015-05-11,10:40:00,4.2,4.2,4.2,4.2,20,0
2015-05-11,14:30:00,4.18,4.18,4.18,4.18,20,0
2015-05-11,16:10:00,4.05,4.05,4.04,4.04,150,0
2015-05-11,16:15:00,4.04,4.04,4.04,4.04,150,0
2015-05-11,16:50:00,4.18,4.18,4.18,4.18,1,0
2015-05-12,09:05:00,4.1,4.1,4.1,4.1,10,0
2015-05-12,09:15:00,4.1,4.1,4.1,4.1,87,0
2015-05-12,16:50:00,4.2,4.2,4.2,4.2,1,0
2015-05-13,09:05:00,4.2,4.2,4.2,4.2,10,0
2015-05-13,12:40:00,4.2,4.2,4.2,4.2,20,0
2015-05-13,16:50:00,4.18,4.18,4.18,4.18,1,0
2015-05-14,09:05:00,4.18,4.18,4.18,4.18,10,0
2015-05-14,10:05:00,4.17,4.17,4.17,4.17,20,0
2015-05-14,16:50:00,4.18,4.18,4.18,4.18,10,0
2015-05-15,09:05:00,4.04,4.04,4.04,4.04,109,0
2015-05-15,09:15:00,4.16,4.16,4.16,4.16,15,0
2015-05-15,13:50:00,4.16,4.16,4.16,4.16,78,0
2015-05-15,14:05:00,4.18,4.18,4.18,4.18,336,0
2015-05-15,14:40:00,4.2,4.25,4.2,4.25,1182,0
2015-05-15,14:45:00,4.25,4.25,4.25,4.25,659,0
2015-05-15,16:50:00,4.4,4.4,4.4,4.4,31,0
2015-05-18,09:05:00,4.39,4.39,4.16,4.16,188,0
2015-05-18,09:30:00,4.16,4.16,4.1,4.1,2500,0
2015-05-18,09:55:00,4,4,4,4,1200,0
2015-05-18,14:20:00,3.97,3.97,3.97,3.97,130,0
2015-05-18,16:50:00,4.14,4.14,4.14,4.14,1,0
2015-05-19,09:05:00,4.14,4.14,4.14,4.14,10,0
2015-05-19,16:50:00,4.12,4.12,4.12,4.12,1,0
2015-05-20,09:05:00,4.12,4.12,4.12,4.12,11,0
2015-05-20,14:50:00,4.11,4.12,4.11,4.12,1960,0
2015-05-20,16:50:00,4.14,4.14,4.14,4.14,1,0
2015-05-21,09:05:00,4.14,4.14,4.14,4.14,45,0
2015-05-21,10:25:00,4.14,4.14,4.14,4.14,9,0
2015-05-21,10:30:00,4.14,4.14,4.14,4.14,10,0
2015-05-21,16:00:00,4.14,4.2,4.14,4.2,1835,0
2015-05-21,16:50:00,4.3,4.3,4.3,4.3,2,0
2015-05-22,09:05:00,4.3,4.3,4.3,4.3,10,0
2015-05-22,11:40:00,4.29,4.29,4.29,4.29,109,0
2015-05-22,11:45:00,4.29,4.3,4.29,4.3,699,0
2015-05-22,16:50:00,4.31,4.31,4.31,4.31,1,0
2015-05-25,09:05:00,4.31,4.31,4.31,4.31,10,0
2015-05-25,12:25:00,4.18,4.18,4.18,4.18,357,0
2015-05-25,13:00:00,4.18,4.18,4.18,4.18,90,0
2015-05-25,15:50:00,4.3,4.3,4.3,4.3,15,0
2015-05-25,16:35:00,4.21,4.21,4.21,4.21,1000,0
2015-05-25,16:50:00,4.35,4.35,4.35,4.35,5,0
2015-05-26,09:05:00,4.35,4.35,4.35,4.35,14,0
2015-05-26,09:10:00,4.34,4.34,4.34,4.34,15,0
2015-05-26,14:35:00,4.29,4.29,4.29,4.29,15,0
2015-05-26,16:45:00,4.29,4.29,4.29,4.29,1,0
2015-05-26,16:50:00,4.29,4.29,4.29,4.29,1,0
2015-05-27,09:05:00,4.29,4.29,4.29,4.29,18,0
2015-05-28,09:05:00,4.29,4.29,4.29,4.29,49,0
2015-05-28,12:05:00,4.14,4.14,4.14,4.14,100,0
2015-05-28,14:10:00,4.14,4.14,4.14,4.14,50,0
2015-05-28,16:05:00,4.14,4.14,4.14,4.14,430,0
2015-05-28,16:50:00,4.26,4.26,4.26,4.26,5,0
2015-05-29,09:05:00,4.26,4.26,4.26,4.26,41,0
2015-05-29,16:50:00,4.24,4.24,4.24,4.24,5,0
2015-06-01,09:05:00,4.24,4.24,4.24,4.24,10,0
2015-06-01,16:50:00,4.27,4.27,4.27,4.27,1,0
2015-06-02,09:05:00,4.27,4.27,4.27,4.27,10,0
2015-06-02,15:20:00,4.25,4.26,4.25,4.26,2489,0
2015-06-02,16:50:00,4.5,4.5,4.5,4.5,25,0
2015-06-03,09:05:00,4.5,4.6,4.5,4.6,16,0
2015-06-05,09:20:00,4.6,4.6,4.6,4.6,10,0
2015-06-05,11:20:00,4.58,4.6,4.58,4.6,60,0
2015-06-05,16:50:00,4.6,4.6,4.6,4.6,30,0
2015-06-08,09:15:00,4.6,4.6,4.6,4.6,1,0
2015-06-08,09:40:00,4.6,4.6,4.6,4.6,37,0
2015-06-08,11:45:00,4.59,4.59,4.59,4.59,10,0
2015-06-08,12:35:00,4.35,4.35,4.25,4.25,143,0
2015-06-08,13:55:00,4.25,4.25,4.24,4.24,300,0
2015-06-08,15:20:00,4.44,4.44,4.44,4.44,112,0
2015-06-08,16:50:00,4.6,4.6,4.6,4.6,1,0
2015-06-09,09:05:00,4.65,4.65,4.65,4.65,10,0
2015-06-09,16:50:00,4.6,4.6,4.6,4.6,1,0
2015-06-10,09:05:00,4.6,4.7,4.5,4.5,445,0
2015-06-10,10:25:00,4.41,4.41,4.41,4.41,100,0
2015-06-10,10:40:00,4.41,4.7,4.41,4.7,1423,0
2015-06-10,12:25:00,4.6,4.7,4.6,4.7,142,0
2015-06-10,16:50:00,4.7,4.7,4.7,4.7,1,0
2015-06-11,09:05:00,4.7,4.75,4.7,4.75,16,0
2015-06-11,14:20:00,4.72,4.79,4.72,4.79,511,0
2015-06-11,15:40:00,4.74,4.74,4.74,4.74,633,0
2015-06-11,15:45:00,4.79,4.8,4.79,4.8,1531,0
2015-06-11,16:05:00,4.8,5,4.8,5,141,0
2015-06-12,09:20:00,5,5,5,5,1,0
2015-06-12,12:55:00,4.99,4.99,4.99,4.99,354,0
2015-06-12,13:00:00,5,5.08,5,5.08,1016,0
2015-06-12,13:05:00,5.09,5.09,5.09,5.09,1700,0
2015-06-12,13:10:00,4.86,4.86,4.86,4.86,90,0
2015-06-12,16:40:00,4.86,4.86,4.86,4.86,280,0
2015-06-12,16:50:00,5.12,5.12,5.12,5.12,1,0
2015-06-15,09:05:00,5.13,5.13,5.13,5.13,11,0
2015-06-15,09:20:00,5.13,5.39,5.13,5.39,41,0
2015-06-15,12:00:00,5.37,5.37,5.37,5.37,42,0
2015-06-15,16:50:00,5.37,5.37,5.37,5.37,2,0
2015-06-16,09:05:00,5.37,5.37,5.37,5.37,10,0
2015-06-16,09:30:00,5.35,5.35,5.35,5.35,15,0
2015-06-16,11:00:00,5.1,5.1,5.01,5.1,303,0
2015-06-16,11:05:00,4.85,5.1,4.85,5.1,341,0
2015-06-16,16:50:00,5.09,5.09,5.09,5.09,1,0
2015-06-17,09:05:00,5.09,5.09,5.09,5.09,10,0
2015-06-17,10:20:00,5.07,5.08,5.07,5.08,250,0
2015-06-17,16:50:00,5.09,5.09,5.09,5.09,1,0
2015-06-18,09:05:00,5.09,5.09,5.09,5.09,954,0
2015-06-18,09:10:00,5.09,5.09,5.09,5.09,46,0
2015-06-18,10:20:00,4.83,4.83,4.8,4.8,250,0
2015-06-18,11:20:00,5,5.08,5,5.08,206,0
2015-06-18,16:50:00,5.1,5.1,5.1,5.1,1,0
2015-06-19,09:05:00,5.1,5.1,5.1,5.1,10,0
2015-06-19,16:50:00,5.08,5.3,5.08,5.3,300,0
2015-06-22,09:05:00,5.3,5.3,5.3,5.3,2,0
2015-06-22,09:10:00,5.3,5.3,5.3,5.3,10,0
2015-06-23,09:05:00,5.34,5.34,5.34,5.34,10,0
2015-06-23,10:20:00,5.3,5.32,5.3,5.32,619,0
2015-06-23,10:25:00,5.32,5.35,5.32,5.35,299,0
2015-06-23,11:30:00,5.35,5.35,5.35,5.35,82,0
2015-06-23,12:25:00,5.35,5.37,5.35,5.37,174,0
2015-06-23,12:35:00,5.45,5.45,5.45,5.45,185,0
2015-06-23,16:50:00,5.84,5.84,5.84,5.84,2,0
2015-06-24,09:05:00,5.84,5.84,5.84,5.84,899,0
2015-06-24,09:20:00,5.85,5.85,5.85,5.85,132,0
2015-06-24,09:40:00,5.85,5.85,5.84,5.84,500,0
2015-06-24,16:50:00,5.97,6.4,5.97,6.4,800,0
2015-06-25,09:05:00,6.4,6.4,6.4,6.4,10,0
2015-06-25,09:55:00,6.45,6.45,6.45,6.45,155,0
2015-06-25,16:50:00,6.9,6.9,6.9,6.9,5,0
2015-06-26,09:05:00,6.5,6.5,6.5,6.5,20,0
2015-06-26,16:50:00,6.9,6.9,6.9,6.9,5,0
2015-06-29,09:05:00,6.9,6.9,6.9,6.9,1,0
2015-06-29,16:50:00,6.8,6.8,6.8,6.8,2,0
2015-06-30,09:05:00,6.9,6.9,6.9,6.9,11,0
2015-06-30,10:00:00,6.5,6.5,6.5,6.5,100,0
2015-06-30,13:50:00,6.25,6.25,6.25,6.25,100,0
2015-06-30,16:50:00,6.24,6.24,6.24,6.24,5,0
2015-07-01,09:25:00,6.86,6.86,6.86,6.86,11,0
2015-07-01,12:35:00,6.25,6.25,6.25,6.25,200,0
2015-07-01,16:50:00,6.79,6.79,6.79,6.79,1,0
2015-07-02,09:05:00,6.87,6.87,6.87,6.87,10,0
2015-07-02,16:50:00,6.79,6.79,6.79,6.79,1,0
2015-07-03,09:05:00,6.79,6.79,6.79,6.79,10,0
2015-07-03,16:50:00,6.7,6.7,6.7,6.7,1,0
2015-07-06,09:15:00,6.74,6.74,6.74,6.74,1,0
2015-07-06,12:05:00,6.3,6.3,6.3,6.3,1,0
2015-07-06,12:20:00,6.1,6.1,6.1,6.1,98,0
2015-07-06,12:55:00,6.1,6.1,6.1,6.1,102,0
2015-07-06,13:00:00,6.1,6.1,6.1,6.1,228,0
2015-07-06,16:50:00,6.49,6.49,6.49,6.49,5,0
2015-07-07,09:15:00,6.49,6.49,6.49,6.49,1,0
2015-07-07,16:50:00,6.49,6.49,6.49,6.49,9,0
2015-07-08,09:05:00,6.49,6.49,6.49,6.49,1,0
2015-07-09,09:10:00,6.49,6.49,6.49,6.49,1,0
2015-07-09,11:15:00,6.06,6.06,6.06,6.06,1,0
2015-07-09,11:35:00,6.06,6.06,6.06,6.06,399,0
2015-07-09,12:15:00,5.98,5.98,5.98,5.98,76,0
2015-07-09,12:20:00,6,6,6,6,9,0
2015-07-09,12:25:00,5.98,5.98,5.98,5.98,600,0
2015-07-09,15:55:00,5.95,5.95,5.85,5.85,450,0
2015-07-09,16:50:00,5.59,5.59,5.59,5.59,264,0
2015-07-10,09:15:00,5.99,5.99,5.99,5.99,1,0
2015-07-10,15:05:00,5.61,5.97,5.61,5.97,66,0
2015-07-10,15:15:00,5.97,5.97,5.97,5.97,114,0
2015-07-10,16:45:00,5.95,5.95,5.95,5.95,200,0
2015-07-10,16:50:00,5.98,5.98,5.98,5.98,4,0
2015-07-13,09:10:00,5.98,5.98,5.98,5.98,13,0
2015-07-13,10:05:00,5.65,5.65,5.65,5.65,300,0
2015-07-13,16:50:00,5.96,5.96,5.96,5.96,2,0
2015-07-14,09:05:00,5.98,5.99,5.98,5.99,853,0
2015-07-14,12:50:00,5.71,5.71,5.71,5.71,156,0
2015-07-14,13:35:00,5.9,5.9,5.9,5.9,1,0
2015-07-14,13:40:00,5.9,5.9,5.9,5.9,147,0
2015-07-14,14:00:00,6.49,6.49,6.49,6.49,1,0
2015-07-14,16:50:00,6.48,6.48,6.48,6.48,1,0
2015-07-15,09:10:00,6.49,6.49,6.49,6.49,1,0
2015-07-15,16:50:00,6.49,6.49,6.49,6.49,1,0
2015-07-16,09:05:00,6.49,6.49,6.49,6.49,10,0
2015-07-16,16:50:00,6.47,6.47,6.47,6.47,1,0
2015-07-17,09:05:00,6.47,6.49,6.47,6.49,9,0
2015-07-17,11:10:00,6.47,6.47,6.47,6.47,1,0
2015-07-17,16:50:00,6.47,6.47,6.47,6.47,1,0
2015-07-20,09:05:00,6.49,6.49,6.49,6.49,10,0
2015-07-20,10:10:00,5.85,5.85,5.85,5.85,200,0
2015-07-20,14:15:00,6.45,6.45,6.45,6.45,1,0
2015-07-20,16:50:00,6.47,6.47,6.47,6.47,1,0
2015-07-21,09:05:00,6.47,6.47,6.47,6.47,10,0
2015-07-21,16:50:00,6.47,6.47,6.47,6.47,1,0
2015-07-22,09:05:00,6.47,6.47,6.47,6.47,10,0
2015-07-22,16:50:00,6.47,6.47,6.47,6.47,1,0
2015-07-23,09:05:00,6.47,6.47,6.47,6.47,1,0
2015-07-24,09:05:00,6.47,6.47,6.47,6.47,1,0
2015-07-24,16:50:00,6.2,6.2,6.2,6.2,9,0
2015-07-27,09:05:00,6.49,6.49,6.49,6.49,1,0
2015-07-27,15:55:00,6,6,6,6,100,0
2015-07-27,16:50:00,5.9,5.9,5.9,5.9,1,0
2015-07-28,09:05:00,5.9,5.9,5.9,5.9,10,0
2015-07-28,09:10:00,5.9,5.9,5.9,5.9,65,0
2015-07-28,10:30:00,5.62,5.62,5.62,5.62,199,0
2015-07-28,10:55:00,5.61,5.61,5.6,5.6,491,0
2015-07-28,15:10:00,6.47,6.47,6.47,6.47,1,0
2015-07-29,09:05:00,6.49,6.49,6.49,6.49,1,0
2015-07-29,15:50:00,6.46,6.48,6.46,6.48,9,0
2015-07-29,16:50:00,6.43,6.43,6.43,6.43,1,0
2015-07-30,09:05:00,6.43,6.49,6.43,6.49,17,0
2015-07-30,16:50:00,6.44,6.44,6.44,6.44,1,0
2015-07-31,09:05:00,6.45,6.45,6.45,6.45,9,0
2015-07-31,16:50:00,6.4,6.4,6.4,6.4,1,0
2015-08-03,09:10:00,6.48,6.48,6.48,6.48,1,0
2015-08-03,16:50:00,6.43,6.43,6.43,6.43,1,0
2015-08-04,09:10:00,6.48,6.48,6.48,6.48,1,0
2015-08-04,16:50:00,6.43,6.43,6.43,6.43,1,0
2015-08-05,09:05:00,6.48,6.48,6.48,6.48,1,0
2015-08-05,16:50:00,6.43,6.43,6.43,6.43,1,0
2015-08-06,09:05:00,6.46,6.46,6.46,6.46,1,0
2015-08-06,16:50:00,6.41,6.41,6.41,6.41,1,0
2015-08-07,09:05:00,6.46,6.46,6.46,6.46,1,0
2015-08-07,16:50:00,6.46,6.46,6.46,6.46,41,0
2015-08-10,09:05:00,6.46,6.46,6.46,6.46,1,0
2015-08-10,16:50:00,6.41,6.41,6.41,6.41,1,0
2015-08-11,09:05:00,6.46,6.46,6.46,6.46,1,0
2015-08-11,16:50:00,6.41,6.41,6.41,6.41,1,0
2015-08-12,09:05:00,6.46,6.46,6.46,6.46,1,0
2015-08-12,16:50:00,6.03,6.03,6.03,6.03,25,0
2015-08-13,09:05:00,6.45,6.45,6.45,6.45,1,0
2015-08-13,16:50:00,6.4,6.4,6.4,6.4,1,0
2015-08-14,09:05:00,6.46,6.46,6.46,6.46,1,0
2015-08-14,16:50:00,6.04,6.04,6.04,6.04,17,0
2015-08-17,09:05:00,6.04,6.04,6.04,6.04,225,0
2015-08-17,10:25:00,5.65,5.65,5.65,5.65,108,0
2015-08-17,11:05:00,5.65,5.65,5.5,5.5,532,0
2015-08-17,11:25:00,5.5,5.5,5.5,5.5,354,0
2015-08-17,11:30:00,5.7,5.7,5.5,5.5,105,0
2015-08-17,11:35:00,5.8,5.8,5.8,5.8,1,0
2015-08-17,11:40:00,5.85,5.85,5.85,5.85,1,0
2015-08-17,12:20:00,5.9,5.9,5.9,5.9,1,0
2015-08-17,14:00:00,6,6.05,6,6.05,2,0
2015-08-17,14:05:00,5.7,5.7,5.7,5.7,1,0
2015-08-17,16:15:00,5.7,5.7,5.7,5.7,199,0
2015-08-17,16:35:00,5.7,5.7,5.7,5.7,89,0
2015-08-17,16:40:00,6.2,6.2,6.2,6.2,1,0
2015-08-17,16:50:00,6.16,6.16,6.16,6.16,1,0
2015-08-18,09:05:00,6.2,6.2,6.2,6.2,1,0
2015-08-18,16:50:00,6.16,6.16,6.16,6.16,1,0
2015-08-19,09:15:00,6.2,6.2,6.2,6.2,10,0
2015-08-20,09:05:00,6.2,6.2,6.2,6.2,1,0
2015-08-20,09:10:00,6.2,6.2,6.2,6.2,9,0
2015-08-20,16:50:00,6.16,6.16,6.16,6.16,1,0
2015-08-21,09:10:00,6.2,6.2,6.2,6.2,1,0
2015-08-21,09:20:00,6.2,6.2,6.2,6.2,1,0
2015-08-24,09:05:00,6,6,6,6,1,0
2015-08-24,09:45:00,6,6,6,6,9,0
2015-08-25,09:05:00,6,6,6,6,1,0
2015-08-25,09:25:00,6,6,6,6,1,0
2015-08-26,09:05:00,5.99,5.99,5.99,5.99,1,0
2015-08-26,16:50:00,5.95,5.95,5.95,5.95,2,0
2015-08-27,09:10:00,5.99,5.99,5.99,5.99,1,0
2015-08-27,16:50:00,5.95,5.95,5.95,5.95,9,0
2015-08-28,09:05:00,5.98,5.98,5.98,5.98,1,0
2015-08-28,16:50:00,5.94,5.94,5.9,5.9,3,0
2015-08-31,09:05:00,5.94,5.94,5.94,5.94,1,0
2015-08-31,16:50:00,5.92,5.92,5.88,5.88,4,0
2015-09-01,09:05:00,5.41,5.41,5.2,5.2,2003,0
2015-09-01,09:15:00,5.95,5.95,5.95,5.95,1,0
2015-09-02,09:05:00,5.89,5.89,5.89,5.89,1,0
2015-09-03,09:25:00,5.89,5.89,5.89,5.89,1,0
2015-09-03,12:30:00,5.88,5.88,5.88,5.88,2,0
2015-09-04,09:05:00,5.86,5.86,5.86,5.86,1,0
2015-09-04,15:30:00,5.86,5.86,5.86,5.86,1,0
2015-09-04,16:50:00,5.82,5.82,5.82,5.82,1,0
2015-09-07,09:05:00,5.79,5.79,5.79,5.79,1,0
2015-09-07,16:50:00,5.75,5.75,5.75,5.75,9,0
2015-09-08,09:05:00,5.9,5.9,5.9,5.9,2,0
2015-09-08,09:10:00,5.9,5.9,5.9,5.9,2,0
2015-09-09,09:05:00,5.55,5.55,5.55,5.55,20,0
2015-09-09,09:15:00,5.2,5.2,5.2,5.2,554,0
2015-09-09,09:40:00,5.9,5.9,5.9,5.9,1,0
2015-09-09,10:25:00,5.2,5.2,5.2,5.2,101,0
2015-09-09,11:00:00,5.53,5.53,5.53,5.53,1,0
2015-09-09,12:05:00,5.6,5.6,5.6,5.6,1,0
2015-09-09,16:35:00,5.6,5.6,5.6,5.6,24,0
2015-09-09,16:50:00,5.56,5.56,5.56,5.56,75,0
2015-09-10,09:05:00,5.55,5.55,5.55,5.55,10,0
2015-09-10,16:30:00,5.55,5.87,5.55,5.87,36,0
2015-09-10,16:50:00,5.9,5.9,5.9,5.9,1,0
2015-09-11,09:05:00,5.89,5.9,5.89,5.9,31,0
2015-09-11,16:50:00,5.9,5.9,5.9,5.9,10,0
2015-09-14,09:05:00,5.9,5.9,5.9,5.9,10,0
2015-09-14,09:15:00,5.89,5.9,5.89,5.9,317,0
2015-09-14,14:20:00,5.93,5.93,5.93,5.93,20,0
2015-09-14,16:50:00,5.93,5.93,5.93,5.93,1,0
2015-09-15,09:05:00,5.95,5.95,5.95,5.95,20,0
2015-09-16,09:05:00,5.95,5.95,5.95,5.95,20,0
2015-09-17,09:20:00,5.95,5.95,5.95,5.95,1,0
2015-09-17,09:45:00,5.95,5.95,5.95,5.95,9,0
2015-09-18,09:05:00,5.95,5.95,5.95,5.95,10,0
2015-09-21,09:05:00,5.95,5.95,5.95,5.95,1,0
2015-09-21,09:20:00,5.95,5.95,5.95,5.95,9,0
2015-09-21,16:50:00,5.95,5.95,5.95,5.95,30,0
2015-09-22,09:05:00,5.95,5.95,5.95,5.95,20,0
2015-09-22,16:50:00,5.95,5.95,5.95,5.95,1,0
2015-09-23,09:05:00,5.95,5.95,5.95,5.95,10,0
2015-09-23,15:20:00,5.93,5.93,5.93,5.93,20,0
2015-09-23,16:50:00,5.93,5.93,5.93,5.93,1,0
2015-09-24,09:05:00,5.95,5.95,5.95,5.95,22,0
2015-09-24,16:50:00,5.93,5.93,5.93,5.93,31,0
2015-09-25,09:20:00,5.93,5.93,5.93,5.93,1,0
2015-09-25,16:50:00,5.93,5.93,5.93,5.93,9,0
2015-09-28,09:05:00,5.95,5.95,5.93,5.93,11,0
2015-09-28,15:15:00,5.93,5.93,5.93,5.93,17,0
2015-09-28,15:20:00,5.93,5.93,5.93,5.93,2,0
2015-09-29,09:05:00,5.92,5.92,5.92,5.92,1,0
2015-09-29,09:30:00,5.92,5.92,5.92,5.92,10,0
2015-09-30,09:05:00,5.94,5.94,5.94,5.94,10,0
2015-10-01,09:05:00,5.91,5.91,5.91,5.91,1,0
2015-10-01,16:50:00,5.91,5.91,5.91,5.91,10,0
2015-10-02,09:05:00,5.94,5.94,5.94,5.94,10,0
2015-10-02,15:00:00,5.93,5.93,5.93,5.93,1154,0
2015-10-02,15:05:00,5.93,5.93,5.93,5.93,3306,0
2015-10-02,15:10:00,5.93,5.93,5.93,5.93,54,0
2015-10-02,16:50:00,5.94,5.94,5.94,5.94,4,0
2015-10-05,09:10:00,5.94,5.94,5.94,5.94,10,0
2015-10-05,16:50:00,5.94,5.94,5.94,5.94,1,0
2015-10-06,09:05:00,5.94,5.94,5.94,5.94,10,0
2015-10-06,15:55:00,5.93,5.95,5.93,5.95,649,0
2015-10-06,16:00:00,5.99,6,5.99,6,451,0
2015-10-07,09:05:00,6,6,6,6,10,0
2015-10-07,13:30:00,5.99,5.99,5.99,5.99,10,0
2015-10-07,16:50:00,6,6,6,6,1,0
2015-10-08,09:05:00,5.9,5.9,5.9,5.9,10,0
2015-10-08,09:10:00,5.9,5.9,5.9,5.9,29,0
2015-10-08,16:50:00,6,6,6,6,1,0
2015-10-09,09:05:00,5.97,5.97,5.97,5.97,10,0
2015-10-09,16:50:00,5.97,5.97,5.97,5.97,1,0
2015-10-12,09:05:00,5.94,5.94,5.94,5.94,1,0
2015-10-12,09:15:00,5.94,5.94,5.94,5.94,9,0
2015-10-12,12:40:00,5.6,5.6,5.6,5.6,80,0
2015-10-12,16:50:00,5.6,5.6,5.6,5.6,79,0
2015-10-13,09:05:00,5.55,6,5.55,6,281,0
2015-10-14,09:05:00,5.55,5.55,5.55,5.55,39,0
2015-10-14,09:10:00,6,6,6,6,1,0
2015-10-14,16:50:00,6,6,6,6,1595,0
2015-10-15,09:05:00,5.55,5.75,5.55,5.75,117,0
2015-10-15,12:45:00,6,6,6,6,425,0
2015-10-15,16:35:00,6,6,6,6,360,0
2015-10-15,16:50:00,6.03,6.03,6.03,6.03,41,0
2015-10-16,09:05:00,5.76,5.76,5.76,5.76,79,0
2015-10-16,13:45:00,6,6.03,6,6.03,12,0
2015-10-16,13:50:00,6.03,6.03,6.03,6.03,7,0
2015-10-16,16:50:00,6.03,6.03,6.03,6.03,1,0
2015-10-19,09:05:00,5.66,5.85,5.66,5.85,200,0
2015-10-19,13:35:00,5.65,5.65,5.65,5.65,40,0
2015-10-19,16:40:00,5.65,5.65,5.65,5.65,21,0
2015-10-19,16:45:00,5.65,5.65,5.65,5.65,80,0
2015-10-19,16:50:00,5.6,5.6,5.6,5.6,139,0
2015-10-20,09:05:00,5.85,6.03,5.85,6.03,2,0
2015-10-20,16:50:00,6.03,6.03,6.03,6.03,9,0
2015-10-21,09:05:00,5.55,5.7,5.55,5.7,322,0
2015-10-21,11:00:00,5.8,5.8,5.8,5.8,98,0
2015-10-21,13:50:00,5.9,5.9,5.9,5.9,23,0
2015-10-22,09:05:00,5.58,5.8,5.58,5.8,345,0
2015-10-22,11:30:00,5.95,5.95,5.95,5.95,1,0
2015-10-22,16:50:00,5.58,5.58,5.58,5.58,93,0
2015-10-23,09:05:00,5.59,5.75,5.59,5.75,188,0
2015-10-23,14:25:00,5.8,5.8,5.8,5.8,172,0
2015-10-23,16:25:00,5.59,5.65,5.59,5.65,120,0
2015-10-23,16:50:00,6.03,6.03,6.03,6.03,1,0
2015-10-26,09:05:00,5.65,5.65,5.65,5.65,209,0
2015-10-26,09:10:00,5.8,5.8,5.8,5.8,9,0
2015-10-26,16:35:00,5.86,5.86,5.86,5.86,200,0
2015-10-26,16:50:00,6.02,6.02,6.02,6.02,1,0
2015-10-27,09:05:00,5.5,5.7,5.5,5.7,410,0
2015-10-27,10:20:00,5.83,5.83,5.83,5.83,115,0
2015-10-27,10:50:00,5.82,5.82,5.82,5.82,3,0
2015-10-27,16:50:00,5.78,5.78,5.78,5.78,41,0
2015-10-28,09:05:00,5.5,5.5,5.5,5.5,160,0
2015-10-28,09:55:00,5.6,5.7,5.6,5.7,240,0
2015-10-28,14:35:00,5.99,5.99,5.99,5.99,1,0
2015-10-29,09:05:00,5.9,5.9,5.9,5.9,1,0
2015-10-29,14:40:00,5.54,5.54,5.54,5.54,339,0
2015-10-29,16:50:00,5.56,5.56,5.56,5.56,463,0
2015-10-30,09:15:00,5.88,5.88,5.88,5.88,1,0
2015-10-30,16:50:00,5.88,5.88,5.88,5.88,9,0
2015-11-02,09:05:00,5.88,5.88,5.88,5.88,10,0
2015-11-02,11:50:00,5.4,5.88,5.4,5.88,63,0
2015-11-02,16:50:00,5.88,5.88,5.88,5.88,1,0
2015-11-03,09:05:00,5.88,5.88,5.88,5.88,10,0
2015-11-03,16:50:00,5.88,5.88,5.88,5.88,1,0
2015-11-04,09:10:00,5.88,5.88,5.88,5.88,10,0
2015-11-05,09:05:00,5.8,5.8,5.8,5.8,10,0
2015-11-05,16:50:00,5.8,5.8,5.8,5.8,1,0
2015-11-06,09:05:00,5.78,5.78,5.78,5.78,11,0
2015-11-06,11:15:00,5.78,5.78,5.78,5.78,5,0
2015-11-06,16:50:00,5.78,5.78,5.78,5.78,1,0
2015-11-09,09:05:00,5.78,5.78,5.75,5.75,198,0
2015-11-09,11:15:00,5.4,5.4,5.4,5.4,200,0
2015-11-09,15:30:00,5.76,5.76,5.76,5.76,1,0
2015-11-09,16:50:00,5.76,5.76,5.76,5.76,1,0
2015-11-10,09:05:00,5.75,5.75,5.75,5.75,10,0
2015-11-10,12:00:00,5.74,5.74,5.74,5.74,265,0
2015-11-10,15:30:00,5.74,5.74,5.74,5.74,71,0
2015-11-10,16:40:00,5.75,5.75,5.75,5.75,110,0
2015-11-10,16:50:00,5.8,5.8,5.8,5.8,1,0
2015-11-12,09:05:00,5.8,5.8,5.8,5.8,10,0
2015-11-12,16:50:00,5.8,5.8,5.8,5.8,1,0
2015-11-13,09:05:00,5.8,5.8,5.8,5.8,10,0
2015-11-13,10:25:00,5.79,5.8,5.79,5.8,667,0
2015-11-13,16:50:00,5.88,5.88,5.88,5.88,20,0
2015-11-16,09:10:00,5.88,5.88,5.88,5.88,10,0
2015-11-16,16:50:00,5.88,5.88,5.88,5.88,1,0
2015-11-17,09:05:00,5.87,5.87,5.87,5.87,1,0
2015-11-17,09:10:00,5.87,5.87,5.87,5.87,19,0
2015-11-17,16:50:00,5.87,5.87,5.87,5.87,1,0
2015-11-18,09:05:00,5.87,5.87,5.87,5.87,18,0
2015-11-18,16:50:00,5.87,5.87,5.87,5.87,2,0
2015-11-19,09:05:00,5.87,5.88,5.87,5.88,10,0
2015-11-19,16:50:00,5.88,5.88,5.88,5.88,2,0
2015-11-20,09:05:00,5.88,5.88,5.88,5.88,10,0
2015-11-20,12:30:00,5.55,5.55,5.55,5.55,190,0
2015-11-20,16:50:00,5.85,5.85,5.85,5.85,2,0
2015-11-23,09:15:00,5.85,5.85,5.85,5.85,10,0
2015-11-23,16:50:00,5.85,5.85,5.85,5.85,1,0
2015-11-24,09:05:00,5.84,5.84,5.84,5.84,10,0
2015-11-24,15:40:00,5.45,5.45,5.45,5.45,500,0
2015-11-24,15:55:00,5.4,5.4,5.4,5.4,88,0
2015-11-24,16:50:00,5.09,5.09,5.09,5.09,212,0
2015-11-25,09:05:00,5.09,5.09,5.09,5.09,2,0
2015-11-25,09:10:00,5.09,5.09,5.09,5.09,9,0
2015-11-25,14:30:00,5.58,5.58,5.58,5.58,5,0
2015-11-25,16:00:00,5.1,5.1,5.09,5.09,589,0
2015-11-25,16:10:00,5.08,5.08,5.08,5.08,11,0
2015-11-25,16:25:00,5.58,5.58,5.58,5.58,5,0
2015-11-26,09:05:00,5.1,5.1,5.1,5.1,302,0
2015-11-27,09:05:00,5.14,5.14,5.14,5.14,10,0
2015-11-30,09:05:00,5.1,5.1,5.1,5.1,10,0
2015-12-01,09:05:00,5,5,5,5,10,0
2015-12-02,09:05:00,5,5,5,5,10,0
2015-12-03,09:05:00,5,5,5,5,10,0
2015-12-04,09:05:00,5,5,5,5,10,0
