Date,Time,Open,High,Low,Close,Volume,OpenInt
2014-03-04,09:05:00,6.8128,6.8128,6.8128,6.8128,55,0
2014-03-04,09:35:00,6.8128,6.8128,6.8128,6.8128,15,0
2014-03-04,16:50:00,6.8128,6.8128,6.8128,6.8128,15,0
2014-03-05,09:05:00,6.949,6.949,6.949,6.949,67,0
2014-03-05,09:10:00,6.9944,6.9944,6.9944,6.9944,333,0
2014-03-05,10:10:00,7.0762,7.0853,7.0762,7.0853,191,0
2014-03-05,10:20:00,7.1761,7.1761,7.1761,7.1761,29,0
2014-03-05,14:50:00,7.0853,7.0853,6.9944,6.9944,221,0
2014-03-05,15:40:00,6.9036,6.9036,6.8582,6.8582,1541,0
2014-03-06,09:05:00,7.1307,7.1307,7.1307,7.1307,2,0
2014-03-06,15:10:00,6.9944,6.9944,6.9944,6.9944,50,0
2014-03-06,15:40:00,6.949,6.949,6.949,6.949,242,0
2014-03-07,09:05:00,7.1307,7.1307,7.1307,7.1307,2,0
2014-03-07,09:55:00,6.9944,6.9944,6.9944,6.9944,143,0
2014-03-07,10:50:00,7.1216,7.1216,7.1216,7.1216,140,0
2014-03-07,11:10:00,7.1307,7.1307,7.1307,7.1307,152,0
2014-03-07,13:00:00,7.3578,7.3578,7.3578,7.3578,1,0
2014-03-07,16:25:00,6.9944,6.9944,6.9944,6.9944,110,0
2014-03-07,16:50:00,6.8582,6.8582,6.8582,6.8582,606,0
2014-03-10,09:05:00,7.1216,7.1216,7.1216,7.1216,2,0
2014-03-10,11:00:00,7.1216,7.1216,7.1216,7.1216,1,0
2014-03-10,11:15:00,7.1216,7.1307,7.1216,7.1307,332,0
2014-03-10,15:25:00,6.949,6.949,6.949,6.949,331,0
2014-03-10,15:30:00,7.0853,7.0853,7.0853,7.0853,1762,0
2014-03-10,16:50:00,7.267,7.267,7.267,7.267,1,0
2014-03-11,09:05:00,7.3578,7.3578,7.3578,7.3578,2,0
2014-03-11,10:50:00,7.267,7.267,7.267,7.267,1958,0
2014-03-12,09:05:00,7.267,7.267,7.267,7.267,2,0
2014-03-12,09:45:00,7.0853,7.0853,6.9944,6.9944,321,0
2014-03-12,14:10:00,7.2579,7.2579,7.2579,7.2579,2,0
2014-03-12,14:50:00,7.0035,7.0035,6.9944,6.9944,322,0
2014-03-12,15:05:00,6.9944,6.9944,6.9944,6.9944,44,0
2014-03-12,16:50:00,6.8128,6.8128,6.8128,6.8128,197,0
2014-03-13,09:05:00,6.8128,6.8128,6.8128,6.8128,2,0
2014-03-13,09:35:00,6.8128,6.8128,6.8128,6.8128,53,0
2014-03-13,10:00:00,6.8128,6.8128,6.8128,6.8128,2,0
2014-03-13,10:10:00,6.8128,6.8128,6.8128,6.8128,333,0
2014-03-13,10:40:00,7.167,7.4032,7.167,7.4032,220,0
2014-03-13,10:45:00,7.267,7.267,7.267,7.267,55,0
2014-03-13,13:45:00,7.267,7.267,7.267,7.267,165,0
2014-03-13,13:55:00,6.9944,6.9944,6.9944,6.9944,112,0
2014-03-14,09:05:00,7.2215,7.2215,7.2215,7.2215,2,0
2014-03-14,09:40:00,6.8219,6.8219,6.8219,6.8219,291,0
2014-03-14,09:45:00,6.8128,6.8128,6.8128,6.8128,37,0
2014-03-14,09:50:00,7.167,7.167,7.167,7.167,2,0
2014-03-14,10:05:00,6.8128,6.8128,6.8128,6.8128,143,0
2014-03-14,14:45:00,6.8128,6.8128,6.8128,6.8128,3793,0
2014-03-14,15:35:00,7.1216,7.1307,7.1216,7.1307,275,0
2014-03-17,09:05:00,7.2579,7.267,7.2579,7.267,760,0
2014-03-17,09:45:00,7.267,7.267,7.267,7.267,262,0
2014-03-17,09:50:00,7.3487,7.3487,7.3487,7.3487,289,0
2014-03-17,10:05:00,7.3487,7.3487,7.3487,7.3487,108,0
2014-03-17,12:40:00,7.3487,7.3487,7.3487,7.3487,78,0
2014-03-17,16:15:00,7.3487,7.3487,7.3487,7.3487,34,0
2014-03-18,09:05:00,7.3487,7.3487,7.3487,7.3487,2,0
2014-03-18,10:35:00,7.3487,7.3487,7.3487,7.3487,1,0
2014-03-18,11:50:00,7.3487,7.3487,7.3487,7.3487,110,0
2014-03-18,12:30:00,7.3487,7.3941,7.3487,7.3941,501,0
2014-03-18,13:00:00,7.3941,7.5395,7.3941,7.5395,123,0
2014-03-18,13:45:00,7.5395,7.5395,7.5395,7.5395,110,0
2014-03-18,14:40:00,7.5395,7.5395,7.5395,7.5395,331,0
2014-03-18,16:50:00,7.4941,7.4941,7.4941,7.4941,208,0
2014-03-19,09:05:00,7.8029,7.8029,7.8029,7.8029,2,0
2014-03-19,10:05:00,7.4577,7.4577,7.4577,7.4577,1167,0
2014-03-19,10:50:00,7.6303,7.6303,7.6303,7.6303,300,0
2014-03-19,11:15:00,7.6394,7.6394,7.6303,7.6303,247,0
2014-03-19,14:50:00,7.6303,7.6303,7.6303,7.6303,154,0
2014-03-19,15:10:00,7.6303,7.6303,7.6303,7.6303,222,0
2014-03-20,09:05:00,7.8029,7.8029,7.8029,7.8029,2,0
2014-03-20,09:55:00,7.8029,7.9482,7.8029,7.9482,1905,0
2014-03-20,10:00:00,7.9846,8.5296,7.9846,8.5296,3848,0
2014-03-20,10:20:00,7.9755,7.9755,7.9755,7.9755,271,0
2014-03-20,12:45:00,8.1753,8.1753,8.1753,8.1753,427,0
2014-03-20,14:25:00,7.9937,7.9937,7.9937,7.9937,220,0
2014-03-20,14:30:00,8.1753,8.1753,8.1753,8.1753,11,0
2014-03-20,16:50:00,7.9937,7.9937,7.9937,7.9937,16,0
2014-03-21,09:05:00,8.1753,8.1753,8.1753,8.1753,331,0
2014-03-21,09:15:00,8.1753,8.1753,8.1753,8.1753,86,0
2014-03-21,09:20:00,8.3479,8.3479,8.3479,8.3479,126,0
2014-03-21,09:35:00,8.3479,8.3479,8.3479,8.3479,4,0
2014-03-21,10:35:00,8.1935,8.1935,8.1844,8.1844,451,0
2014-03-21,10:50:00,8.0845,8.0845,8.0845,8.0845,264,0
2014-03-21,13:20:00,7.9028,7.9028,7.9028,7.9028,33,0
2014-03-21,16:50:00,7.9028,8.2207,7.9028,8.2207,127,0
2014-03-24,09:05:00,8.4478,8.4478,8.4478,8.4478,4,0
2014-03-24,10:45:00,8.4478,8.5296,8.4478,8.5296,384,0
2014-03-24,15:35:00,8.5205,8.5205,8.5205,8.5205,220,0
2014-03-24,16:40:00,8.2662,8.5205,8.2662,8.5205,396,0
2014-03-25,09:05:00,8.5114,8.5114,8.5114,8.5114,5,0
2014-03-25,11:45:00,8.4478,8.4478,8.4478,8.4478,331,0
2014-03-26,09:05:00,8.4297,8.4297,8.4297,8.4297,2,0
2014-03-26,10:15:00,8.357,8.357,8.357,8.357,99,0
2014-03-27,09:05:00,8.3116,8.3116,8.3116,8.3116,2,0
2014-03-27,11:05:00,8.3116,8.4478,8.3116,8.4478,770,0
2014-03-27,13:05:00,8.1753,8.1753,8.1753,8.1753,115,0
2014-03-28,09:05:00,8.0663,8.0663,8.0663,8.0663,2,0
2014-03-28,15:45:00,7.7302,7.7302,7.7302,7.7302,220,0
2014-03-28,16:15:00,7.9937,7.9937,7.9937,7.9937,4,0
2014-03-28,16:45:00,8.1572,8.1572,8.1572,8.1572,2,0
2014-03-31,09:05:00,8.1572,8.1572,8.1572,8.1572,5,0
2014-03-31,11:30:00,8.0027,8.0027,8.0027,8.0027,220,0
2014-04-01,09:05:00,8.0027,8.0027,8.0027,8.0027,2,0
2014-04-01,14:00:00,7.7211,7.7211,7.7211,7.7211,33,0
2014-04-01,14:05:00,7.7211,7.7211,7.7211,7.7211,35,0
2014-04-01,14:10:00,7.7211,7.7211,7.7211,7.7211,1379,0
2014-04-01,16:00:00,7.8574,7.8574,7.8574,7.8574,2,0
2014-04-01,16:35:00,7.7211,7.7211,7.7211,7.7211,273,0
2014-04-02,09:05:00,7.8574,7.8574,7.8574,7.8574,2,0
2014-04-02,10:55:00,7.8574,7.8574,7.8574,7.8574,366,0
2014-04-02,12:00:00,7.9028,7.9028,7.9028,7.9028,126,0
2014-04-02,12:40:00,7.9028,7.9028,7.8574,7.8574,490,0
2014-04-03,09:05:00,7.8574,7.8574,7.8574,7.8574,55,0
2014-04-03,15:40:00,7.8574,7.8574,7.8574,7.8574,130,0
2014-04-03,15:55:00,7.8574,7.8574,7.8574,7.8574,331,0
2014-04-04,09:05:00,8.0845,8.0845,8.0845,8.0845,2,0
2014-04-07,09:05:00,8.0845,8.0845,8.0845,8.0845,2,0
2014-04-07,12:50:00,7.9119,7.9119,7.9119,7.9119,947,0
2014-04-07,15:25:00,8.0845,8.0845,8.0845,8.0845,11,0
2014-04-07,16:45:00,7.9119,7.9119,7.9119,7.9119,110,0
2014-04-07,16:50:00,8.0845,8.0845,8.0845,8.0845,2,0
2014-04-08,09:10:00,8.0845,8.0845,8.0845,8.0845,5,0
2014-04-08,12:45:00,7.9937,7.9937,7.9937,7.9937,22,0
2014-04-09,09:05:00,7.9482,7.9482,7.9482,7.9482,112,0
2014-04-09,16:30:00,7.9482,8.0391,7.9482,8.0391,480,0
2014-04-10,09:05:00,8.0845,8.0845,8.0845,8.0845,2,0
2014-04-10,12:45:00,8.0845,8.0845,8.0845,8.0845,374,0
2014-04-11,09:05:00,8.0845,8.0845,8.0845,8.0845,2,0
2014-04-11,11:30:00,8.0845,8.0845,8.0845,8.0845,186,0
2014-04-14,09:05:00,8.1299,8.1299,8.1299,8.1299,2,0
2014-04-14,09:35:00,8.0391,8.0391,8.0391,8.0391,2747,0
2014-04-14,12:55:00,7.9028,7.9028,7.9028,7.9028,110,0
2014-04-14,13:25:00,7.8211,7.8211,7.8211,7.8211,220,0
2014-04-14,16:20:00,7.9028,7.9028,7.9028,7.9028,11,0
2014-04-15,09:05:00,7.9028,7.9028,7.9028,7.9028,2,0
2014-04-15,16:50:00,7.9028,7.9028,7.9028,7.9028,376,0
2014-04-16,09:05:00,7.9846,7.9846,7.9846,7.9846,2,0
2014-04-16,13:40:00,7.9755,7.9755,7.9755,7.9755,638,0
2014-04-16,15:20:00,7.9755,7.9937,7.9755,7.9937,3624,0
2014-04-16,15:55:00,7.9937,7.9937,7.9937,7.9937,281,0
2014-04-17,09:20:00,7.9937,7.9937,7.9937,7.9937,5,0
2014-04-17,14:40:00,7.9119,7.9119,7.9028,7.9028,331,0
2014-04-17,16:50:00,7.9937,7.9937,7.9937,7.9937,5,0
2014-04-22,09:05:00,7.9755,7.9755,7.9755,7.9755,2,0
2014-04-22,16:50:00,7.9028,7.9028,7.9028,7.9028,2856,0
2014-04-23,09:05:00,7.9755,7.9755,7.9755,7.9755,2,0
2014-04-23,12:50:00,7.9028,7.9028,7.9028,7.9028,2162,0
2014-04-24,09:05:00,7.8937,7.8937,7.8937,7.8937,2,0
2014-04-24,11:20:00,7.4486,7.4486,7.4486,7.4486,110,0
2014-04-24,11:25:00,7.276,7.276,7.276,7.276,613,0
2014-04-24,11:50:00,7.3578,7.3578,7.3578,7.3578,2,0
2014-04-24,13:30:00,7.3487,7.3487,7.3487,7.3487,97,0
2014-04-24,13:50:00,7.3669,7.3669,7.3578,7.3578,70,0
2014-04-24,13:55:00,7.3578,7.3578,7.3578,7.3578,165,0
2014-04-24,14:40:00,7.376,7.376,7.376,7.376,165,0
2014-04-24,14:55:00,7.5304,7.5304,7.5304,7.5304,11,0
2014-04-24,15:45:00,7.4214,7.4214,7.4214,7.4214,93,0
2014-04-25,09:05:00,7.5031,7.5031,7.5031,7.5031,2,0
2014-04-25,09:45:00,7.5031,7.5031,7.5031,7.5031,203,0
2014-04-25,16:05:00,7.5031,7.5031,7.5031,7.5031,551,0
2014-04-25,16:15:00,7.5031,7.5031,7.5031,7.5031,209,0
2014-04-25,16:50:00,7.5031,7.5031,7.5031,7.5031,165,0
2014-04-28,09:05:00,7.5395,7.5395,7.5395,7.5395,2,0
2014-04-28,16:50:00,7.812,7.812,7.812,7.812,1,0
2014-04-29,09:05:00,7.812,7.812,7.812,7.812,2,0
2014-04-30,09:05:00,7.7938,7.7938,7.7938,7.7938,27,0
2014-05-02,09:05:00,7.7756,7.7756,7.7756,7.7756,2,0
2014-05-05,09:05:00,7.7847,7.7847,7.7847,7.7847,2,0
2014-05-05,09:35:00,7.7211,7.7211,7.7211,7.7211,33,0
2014-05-06,09:05:00,7.7847,7.7847,7.7847,7.7847,11,0
2014-05-07,09:05:00,7.7211,7.7211,7.7211,7.7211,11,0
2014-05-07,11:40:00,7.5395,7.5395,7.5395,7.5395,11,0
2014-05-08,09:05:00,7.7847,7.7847,7.7847,7.7847,11,0
2014-05-09,09:05:00,7.5849,7.5849,7.5849,7.5849,11,0
2014-05-09,16:05:00,7.267,7.267,7.267,7.267,55,0
2014-05-09,16:50:00,7.0944,7.0944,7.0944,7.0944,110,0
2014-05-12,09:05:00,7.0944,7.0944,7.0944,7.0944,99,0
2014-05-12,10:05:00,7.0853,7.0853,7.0853,7.0853,110,0
2014-05-13,09:05:00,7.2215,7.2215,7.2215,7.2215,11,0
2014-05-14,09:05:00,7.4486,7.4486,7.4486,7.4486,11,0
2014-05-14,14:00:00,7.267,7.267,7.267,7.267,11,0
2014-05-14,14:20:00,6.949,6.949,6.9399,6.9399,399,0
2014-05-14,16:50:00,7.0762,7.0762,7.0762,7.0762,11,0
2014-05-15,09:05:00,7.0853,7.0853,7.0853,7.0853,11,0
2014-05-16,09:05:00,7.0853,7.0853,7.0853,7.0853,11,0
2014-05-19,09:05:00,7.0853,7.0853,7.0853,7.0853,11,0
2014-05-19,15:05:00,7.058,7.058,6.8128,6.8128,4789,0
2014-05-19,16:45:00,6.9854,6.9854,6.8128,6.8128,715,0
2014-05-20,09:05:00,7.0853,7.0853,7.0853,7.0853,11,0
2014-05-20,11:40:00,6.8128,6.8128,6.8128,6.8128,55,0
2014-05-20,16:25:00,6.8128,6.8128,6.8128,6.8128,1213,0
2014-05-21,09:05:00,6.8128,6.8128,6.8128,6.8128,11,0
2014-05-21,10:05:00,6.8128,6.8128,6.8128,6.8128,137,0
2014-05-22,09:05:00,7.0762,7.0762,7.0762,7.0762,11,0
2014-05-22,09:20:00,7.0762,7.0762,7.0762,7.0762,15,0
2014-05-23,09:05:00,7.0399,7.0399,7.0399,7.0399,11,0
2014-05-26,09:05:00,7.0399,7.0399,7.0399,7.0399,11,0
2014-05-26,12:00:00,6.8128,6.8128,6.8128,6.8128,551,0
2014-05-27,09:10:00,7.0399,7.0399,7.0399,7.0399,5,0
2014-05-27,14:25:00,6.8128,6.8128,6.8128,6.8128,545,0
2014-05-27,15:45:00,6.8128,6.8128,6.8128,6.8128,1224,0
2014-05-28,09:25:00,7.0853,7.0853,7.0853,7.0853,5,0
2014-05-29,09:05:00,7.0762,7.0762,7.0762,7.0762,22,0
2014-05-29,15:45:00,7.0762,7.0853,7.0762,7.0853,308,0
2014-05-30,09:05:00,7.3124,7.3124,7.3124,7.3124,11,0
2014-05-30,09:15:00,7.3124,7.3124,7.3124,7.3124,45,0
2014-05-30,09:20:00,7.3124,7.3124,7.3124,7.3124,378,0
2014-05-30,13:10:00,7.3124,7.3124,7.3124,7.3124,256,0
2014-05-30,13:40:00,7.267,7.267,7.267,7.267,122,0
2014-05-30,13:55:00,7.267,7.267,7.267,7.267,496,0
2014-05-30,15:15:00,7.267,7.267,7.267,7.267,110,0
2014-05-30,15:20:00,7.267,7.267,7.267,7.267,110,0
2014-05-30,16:45:00,7.267,7.3124,7.267,7.3124,275,0
2014-05-30,16:50:00,7.3124,7.3124,7.3124,7.3124,110,0
2014-06-02,09:05:00,7.3396,7.3396,7.3396,7.3396,11,0
2014-06-02,09:55:00,7.3396,7.3396,7.3396,7.3396,136,0
2014-06-03,09:05:00,7.3396,7.3396,7.3396,7.3396,5,0
2014-06-03,11:35:00,7.3215,7.3396,7.3215,7.3396,180,0
2014-06-04,09:05:00,7.3396,7.3396,7.3396,7.3396,424,0
2014-06-05,09:40:00,7.6303,7.6303,7.6303,7.6303,11,0
2014-06-06,09:05:00,7.6303,7.6303,7.6303,7.6303,99,0
2014-06-06,09:50:00,7.6303,7.6303,7.6303,7.6303,67,0
2014-06-09,09:05:00,7.7756,7.7756,7.7756,7.7756,11,0
2014-06-10,09:05:00,7.7393,7.7393,7.7393,7.7393,5,0
2014-06-10,11:05:00,7.6303,7.6303,7.6303,7.6303,163,0
2014-06-10,11:50:00,7.6303,7.6303,7.6303,7.6303,30,0
2014-06-10,13:50:00,7.4032,7.4032,7.4032,7.4032,110,0
2014-06-10,13:55:00,7.6212,7.6212,7.6212,7.6212,1,0
2014-06-11,09:05:00,7.6303,7.6303,7.6303,7.6303,11,0
2014-06-11,10:05:00,7.4577,7.4577,7.4486,7.4486,193,0
2014-06-11,16:50:00,7.6031,7.6031,7.6031,7.6031,11,0
2014-06-12,09:05:00,7.6303,7.6303,7.6303,7.6303,5,0
2014-06-12,12:50:00,7.6303,7.6303,7.6303,7.6303,216,0
2014-06-12,13:10:00,7.6303,7.6303,7.6303,7.6303,252,0
2014-06-12,13:40:00,7.6303,7.6303,7.6303,7.6303,185,0
2014-06-12,16:30:00,7.4486,7.4486,7.4486,7.4486,110,0
2014-06-13,09:05:00,7.5849,7.5849,7.5849,7.5849,11,0
2014-06-13,09:40:00,7.3578,7.3578,7.3578,7.3578,110,0
2014-06-16,09:15:00,7.267,7.267,7.267,7.267,110,0
2014-06-17,16:50:00,7.3305,7.3305,7.3305,7.3305,11,0
2014-06-18,09:05:00,7.4032,7.4032,7.4032,7.4032,11,0
2014-06-18,10:50:00,7.385,7.4032,7.385,7.4032,167,0
2014-06-18,11:05:00,7.5031,7.5031,7.5031,7.5031,20,0
2014-06-18,14:45:00,7.3578,7.3578,7.3578,7.3578,107,0
2014-06-20,09:05:00,7.4941,7.4941,7.4941,7.4941,11,0
2014-06-20,14:55:00,7.3578,7.3578,7.267,7.267,275,0
2014-06-20,15:05:00,7.267,7.267,7.267,7.267,55,0
2014-06-23,09:05:00,6.9036,7.0853,6.9036,7.0853,386,0
2014-06-23,10:30:00,7.0853,7.0853,7.0853,7.0853,88,0
2014-06-23,14:35:00,7.0762,7.0762,7.0762,7.0762,132,0
2014-06-23,16:40:00,7.167,7.167,7.167,7.167,5,0
2014-06-23,16:50:00,7.0762,7.0762,7.0762,7.0762,137,0
2014-06-24,09:05:00,7.267,7.267,7.267,7.267,5,0
2014-06-24,09:55:00,7.267,7.267,7.267,7.267,374,0
2014-06-24,11:35:00,7.267,7.267,7.267,7.267,11,0
2014-06-25,09:05:00,7.4486,7.4486,7.4486,7.4486,11,0
2014-06-25,16:40:00,7.267,7.267,7.267,7.267,11,0
2014-06-26,09:15:00,7.4032,7.4032,7.4032,7.4032,11,0
2014-06-26,10:55:00,7.267,7.267,7.267,7.267,110,0
2014-06-27,09:05:00,7.4562,7.4562,7.4562,7.4562,11,0
2014-06-30,09:05:00,7.3521,7.3521,7.3521,7.3521,116,0
2014-06-30,09:30:00,7.2953,7.5603,7.2859,7.5603,291,0
2014-06-30,12:40:00,7.5603,7.5603,7.5603,7.5603,202,0
2014-06-30,13:20:00,7.5697,7.5697,7.5697,7.5697,115,0
2014-06-30,14:00:00,7.2859,7.2859,7.0966,7.0966,148,0
2014-06-30,14:20:00,7.4278,7.4278,7.4278,7.4278,11,0
2014-06-30,16:15:00,7.3332,7.3332,7.3332,7.3332,264,0
2014-07-01,09:20:00,7.0966,7.0966,7.0966,7.0966,32,0
2014-07-02,14:40:00,7.0966,7.0966,7.0966,7.0966,32,0
2014-07-02,15:50:00,6.6898,6.6898,6.6898,6.6898,1221,0
2014-07-02,16:20:00,7.0966,7.0966,7.0966,7.0966,21,0
2014-07-04,11:15:00,7.0966,7.0966,7.0966,7.0966,53,0
2014-07-07,09:05:00,7.2859,7.2859,7.2859,7.2859,11,0
2014-07-07,10:00:00,7.0966,7.0966,7.0966,7.0966,233,0
2014-07-08,09:10:00,7.1439,7.1439,7.1439,7.1439,53,0
2014-07-09,13:50:00,7.0966,7.0966,7.0966,7.0966,48,0
2014-07-09,13:55:00,7.0966,7.0966,7.0966,7.0966,48,0
2014-07-09,14:05:00,7.0966,7.0966,7.0966,7.0966,180,0
2014-07-09,14:15:00,7.0966,7.0966,7.0966,7.0966,476,0
2014-07-09,14:20:00,7.0966,7.0966,7.0966,7.0966,545,0
2014-07-09,14:30:00,7.0966,7.0966,7.0966,7.0966,859,0
2014-07-09,14:35:00,7.0966,7.0966,7.0966,7.0966,414,0
2014-07-09,15:25:00,7.0966,7.0966,7.0966,7.0966,583,0
2014-07-09,16:30:00,7.0966,7.0966,7.0966,7.0966,510,0
2014-07-09,16:50:00,6.8317,6.8317,6.8317,6.8317,264,0
2014-07-10,09:05:00,7.1061,7.1061,7.1061,7.1061,11,0
2014-07-10,09:55:00,7.0777,7.0966,7.0777,7.0966,607,0
2014-07-10,11:20:00,7.0966,7.0966,7.0966,7.0966,539,0
2014-07-10,14:05:00,7.0966,7.0966,7.0966,7.0966,526,0
2014-07-11,13:55:00,7.0966,7.0966,7.0966,7.0966,532,0
2014-07-15,10:10:00,7.0966,7.0966,7.0966,7.0966,211,0
2014-07-15,10:20:00,7.0966,7.0966,7.0966,7.0966,11,0
2014-07-15,11:30:00,6.9074,6.9074,6.9074,6.9074,539,0
2014-07-16,09:05:00,7.1061,7.1061,7.1061,7.1061,11,0
2014-07-16,10:00:00,7.0966,7.0966,7.0966,7.0966,534,0
2014-07-16,13:45:00,7.1061,7.1061,7.1061,7.1061,8,0
2014-07-17,09:05:00,7.1061,7.1061,7.1061,7.1061,11,0
2014-07-17,09:40:00,6.9074,7.0966,6.9074,7.0966,392,0
2014-07-21,09:35:00,7.0966,7.0966,7.0966,7.0966,11,0
2014-07-21,11:55:00,7.0966,7.0966,7.0966,7.0966,382,0
2014-07-22,09:20:00,7.0966,7.0966,7.0966,7.0966,11,0
2014-07-22,14:40:00,7.0966,7.0966,7.0966,7.0966,3038,0
2014-07-24,10:25:00,7.0966,7.0966,7.0966,7.0966,264,0
2014-07-28,09:05:00,7.4278,7.4278,7.4278,7.4278,11,0
2014-07-30,11:50:00,7.4278,7.4278,7.4278,7.4278,11,0
2014-07-30,14:10:00,7.0966,7.0966,7.0966,7.0966,528,0
2014-08-04,11:35:00,7.0966,7.0966,6.6235,6.6235,498,0
2014-08-04,11:40:00,6.6708,6.6708,6.6708,6.6708,32,0
2014-08-04,11:50:00,6.6235,6.7182,6.6235,6.7182,233,0
2014-08-04,16:50:00,6.756,6.756,6.756,6.756,122,0
2014-08-05,09:05:00,6.9074,6.9074,6.9074,6.9074,11,0
2014-08-05,10:00:00,6.9074,6.9074,6.9074,6.9074,33,0
2014-08-05,16:00:00,6.9074,6.9074,6.9074,6.9074,264,0
2014-08-06,09:05:00,7.2386,7.2386,7.2386,7.2386,4,0
2014-08-07,09:05:00,7.2386,7.2386,7.2386,7.2386,11,0
2014-08-08,09:05:00,7.2386,7.2386,7.2386,7.2386,3,0
2014-08-11,09:05:00,7.2859,7.2859,7.2859,7.2859,11,0
2014-08-12,13:55:00,7.6644,7.6644,7.6644,7.6644,5,0
2014-08-13,09:05:00,7.4657,7.4657,7.4657,7.4657,127,0
2014-08-14,09:05:00,7.4751,7.4751,7.4751,7.4751,11,0
2014-08-14,12:00:00,7.2953,7.2953,7.2953,7.2953,32,0
2014-08-14,16:15:00,7.2859,7.2859,7.2859,7.2859,187,0
2014-08-18,09:20:00,7.3805,7.3805,7.3805,7.3805,5,0
2014-08-18,12:00:00,7.3332,7.3332,7.3332,7.3332,77,0
2014-08-18,12:15:00,7.1913,7.1913,7.1913,7.1913,122,0
2014-08-18,15:05:00,7.1913,7.1913,7.1913,7.1913,16,0
2014-08-18,16:45:00,7.3332,7.3805,7.3332,7.3805,56,0
2014-08-19,09:10:00,7.3805,7.3805,7.3805,7.3805,5,0
2014-08-19,16:50:00,7.125,7.125,7.1156,7.1156,220,0
2014-08-20,09:10:00,7.1156,7.1156,7.1156,7.1156,5,0
2014-08-20,13:45:00,7.1156,7.371,7.1156,7.371,57,0
2014-08-21,09:15:00,7.371,7.371,7.371,7.371,5,0
2014-08-21,15:10:00,7.1061,7.1061,7.0966,7.0966,528,0
2014-08-21,16:50:00,7.0966,7.0966,7.0966,7.0966,114,0
2014-08-22,09:10:00,7.3332,7.3332,7.3332,7.3332,5,0
2014-08-22,14:00:00,7.0966,7.0966,7.0966,7.0966,523,0
2014-08-25,09:05:00,7.248,7.248,7.248,7.248,3,0
2014-08-26,09:10:00,7.0966,7.0966,7.0966,7.0966,5,0
2014-08-26,09:50:00,7.0966,7.0966,7.0966,7.0966,11,0
2014-08-26,11:00:00,7.3521,7.3521,7.3521,7.3521,4,0
2014-08-27,09:05:00,7.3805,7.3805,7.3805,7.3805,11,0
2014-08-27,10:25:00,7.2386,7.2386,7.2386,7.2386,21,0
2014-08-27,11:20:00,7.0966,7.0966,7.0966,7.0966,106,0
2014-08-27,12:15:00,7.0966,7.0966,7.0966,7.0966,116,0
2014-08-27,13:00:00,7.0966,7.0966,7.0966,7.0966,222,0
2014-08-27,13:15:00,7.0966,7.0966,7.0966,7.0966,201,0
2014-08-27,15:15:00,7.1061,7.1061,7.0966,7.0966,837,0
2014-08-28,09:05:00,7.3805,7.3805,7.3805,7.3805,3,0
2014-08-29,09:20:00,7.1439,7.1439,7.1439,7.1439,11,0
2014-08-29,11:30:00,7.1439,7.2386,7.1439,7.2386,132,0
2014-09-01,09:05:00,7.248,7.248,7.248,7.248,127,0
2014-09-01,09:20:00,7.3332,7.3332,7.3332,7.3332,53,0
2014-09-01,16:50:00,7.3332,7.3332,7.3332,7.3332,1,0
2014-09-02,09:05:00,7.3332,7.3332,7.3332,7.3332,11,0
2014-09-02,12:30:00,7.2386,7.2386,7.2386,7.2386,21,0
2014-09-02,16:20:00,7.3332,7.3332,7.3332,7.3332,11,0
2014-09-03,09:05:00,7.3332,7.3332,7.3332,7.3332,5,0
2014-09-03,13:30:00,7.2386,7.2386,7.2386,7.2386,117,0
2014-09-03,15:20:00,7.1913,7.1913,7.1913,7.1913,712,0
2014-09-03,16:10:00,7.3237,7.3237,7.3237,7.3237,11,0
2014-09-04,09:05:00,7.3332,7.3332,7.3332,7.3332,5,0
2014-09-05,09:05:00,7.2859,7.2859,7.2859,7.2859,5,0
2014-09-05,10:10:00,7.1913,7.1913,7.1913,7.1913,53,0
2014-09-05,10:40:00,7.1913,7.1913,7.1913,7.1913,14,0
2014-09-05,14:45:00,7.1913,7.1913,7.0966,7.0966,5382,0
2014-09-05,16:50:00,7.0966,7.0966,7.0966,7.0966,279,0
2014-09-08,09:05:00,7.267,7.267,7.267,7.267,11,0
2014-09-08,15:55:00,7.0966,7.0966,7.0966,7.0966,56,0
2014-09-08,16:25:00,7.267,7.2859,7.267,7.2859,143,0
2014-09-09,09:15:00,7.2859,7.2859,7.2859,7.2859,5,0
2014-09-09,09:20:00,7.0966,7.0966,7.0966,7.0966,56,0
2014-09-09,09:25:00,7.0966,7.0966,7.0966,7.0966,243,0
2014-09-09,09:40:00,7.0966,7.0966,7.0966,7.0966,317,0
2014-09-10,09:05:00,7.2859,7.2859,7.2859,7.2859,345,0
2014-09-10,11:35:00,7.0966,7.0966,7.0966,7.0966,334,0
2014-09-11,09:50:00,7.0966,7.0966,7.0966,7.0966,11,0
2014-09-11,13:10:00,7.0966,7.0966,7.0966,7.0966,106,0
2014-09-12,09:10:00,7.1723,7.1723,7.1723,7.1723,21,0
2014-09-12,09:35:00,7.0966,7.0966,7.0966,7.0966,116,0
2014-09-12,12:05:00,7.0966,7.0966,7.0966,7.0966,423,0
2014-09-15,09:25:00,7.1913,7.1913,7.1913,7.1913,11,0
2014-09-15,09:45:00,7.0966,7.0966,7.0966,7.0966,539,0
2014-09-15,09:55:00,7.0966,7.0966,7.0966,7.0966,42,0
2014-09-16,09:15:00,7.1156,7.1156,7.1156,7.1156,11,0
2014-09-16,16:35:00,7.2386,7.2386,7.2386,7.2386,4,0
2014-09-17,10:30:00,7.2386,7.2386,7.2386,7.2386,11,0
2014-09-18,16:00:00,7.3332,7.3332,7.3332,7.3332,11,0
2014-09-19,09:15:00,7.3332,7.3332,7.3332,7.3332,5,0
2014-09-22,09:15:00,7.4751,7.4751,7.4751,7.4751,11,0
2014-09-22,11:05:00,7.3332,7.3332,7.3332,7.3332,53,0
2014-09-23,15:50:00,7.3332,7.3332,7.3332,7.3332,5,0
2014-09-24,09:20:00,7.4373,7.4373,7.4373,7.4373,5,0
2014-09-25,09:35:00,7.4751,7.4751,7.4751,7.4751,5,0
2014-09-25,10:40:00,7.0966,7.0966,7.0966,7.0966,14,0
2014-09-25,11:25:00,7.1061,7.1061,7.0966,7.0966,417,0
2014-09-26,09:05:00,7.2859,7.2859,7.2859,7.2859,11,0
2014-09-26,10:45:00,6.8128,6.8128,6.8128,6.8128,106,0
2014-09-26,11:10:00,6.8128,7.0966,6.8128,7.0966,169,0
2014-09-29,09:05:00,7.2764,7.2764,7.2764,7.2764,32,0
2014-09-29,10:50:00,7.0966,7.0966,7.0966,7.0966,169,0
2014-09-29,11:10:00,7.0966,7.0966,7.0966,7.0966,292,0
2014-09-29,16:05:00,7.0966,7.0966,7.0966,7.0966,164,0
2014-09-30,09:05:00,7.2575,7.2575,7.2575,7.2575,5,0
2014-09-30,10:25:00,7.2575,7.2575,7.2575,7.2575,33,0
2014-09-30,11:20:00,7.0966,7.0966,7.0966,7.0966,33,0
2014-10-01,09:05:00,7.2859,7.2859,7.2859,7.2859,11,0
2014-10-01,16:10:00,7.0966,7.0966,7.0966,7.0966,205,0
2014-10-02,09:05:00,7.4657,7.4657,7.0966,7.0966,21,0
2014-10-02,09:10:00,6.9547,6.9547,6.9547,6.9547,131,0
2014-10-02,09:40:00,7.0493,7.0966,7.0493,7.0966,354,0
2014-10-03,09:05:00,7.4657,7.4657,7.4657,7.4657,5,0
2014-10-06,09:05:00,7.4657,7.4657,7.4657,7.4657,5,0
2014-10-07,09:10:00,7.1913,7.1913,7.1913,7.1913,5,0
2014-10-07,15:40:00,7.1156,7.1156,7.1156,7.1156,254,0
2014-10-08,09:05:00,7.1913,7.1913,7.1913,7.1913,11,0
2014-10-08,14:45:00,6.9263,6.9263,6.8128,6.8128,370,0
2014-10-08,16:15:00,6.8979,6.8979,6.8979,6.8979,11,0
2014-10-09,09:05:00,6.9074,6.9074,6.9074,6.9074,11,0
2014-10-09,10:10:00,6.9074,6.9074,6.9074,6.9074,53,0
2014-10-09,10:25:00,6.9452,6.9452,6.9452,6.9452,1004,0
2014-10-09,11:05:00,6.8128,6.8128,6.8128,6.8128,264,0
2014-10-09,11:15:00,6.8128,6.8128,6.8128,6.8128,317,0
2014-10-09,11:45:00,6.7938,6.7938,6.7655,6.7655,370,0
2014-10-09,12:15:00,6.7938,6.8128,6.7938,6.8128,1057,0
2014-10-09,13:20:00,6.7371,6.7371,6.7182,6.7182,159,0
2014-10-09,14:15:00,6.7182,6.7182,6.7182,6.7182,206,0
2014-10-09,16:50:00,6.8128,6.8128,6.8128,6.8128,5,0
2014-10-10,09:05:00,6.8601,6.8601,6.8601,6.8601,11,0
2014-10-13,09:50:00,6.9074,6.9074,6.9074,6.9074,21,0
2014-10-13,10:05:00,7.0399,7.0399,7.0399,7.0399,1,0
2014-10-13,11:15:00,6.8128,6.8128,6.8128,6.8128,53,0
2014-10-13,15:50:00,6.8222,6.8222,6.8222,6.8222,528,0
2014-10-14,09:10:00,7.002,7.002,7.002,7.002,5,0
2014-10-14,10:40:00,6.8128,6.8128,6.8128,6.8128,30,0
2014-10-14,11:55:00,6.7182,6.7182,6.7182,6.7182,106,0
2014-10-14,14:30:00,6.7182,6.7182,6.7182,6.7182,317,0
2014-10-15,11:25:00,6.6708,6.7182,6.6708,6.7182,317,0
2014-10-16,15:30:00,6.633,6.633,6.6235,6.6235,180,0
2014-10-17,09:05:00,6.8128,6.8128,6.8128,6.8128,11,0
2014-10-17,09:45:00,6.6235,6.6235,6.6235,6.6235,11,0
2014-10-20,09:05:00,6.8128,6.8128,6.8128,6.8128,11,0
2014-10-20,09:45:00,6.6235,6.6235,6.6235,6.6235,11,0
2014-10-20,11:25:00,6.6235,6.6235,6.6235,6.6235,21,0
2014-10-20,12:00:00,6.6235,6.6235,6.6235,6.6235,264,0
2014-10-21,09:05:00,6.7655,6.7655,6.7655,6.7655,11,0
2014-10-21,13:20:00,6.6235,6.6235,6.6235,6.6235,215,0
2014-10-22,09:05:00,6.7655,6.7655,6.7655,6.7655,11,0
2014-10-23,09:05:00,6.6235,6.6235,6.6235,6.6235,11,0
2014-10-24,09:05:00,6.7655,6.7655,6.7655,6.7655,5,0
2014-10-24,10:25:00,6.3397,6.4816,6.3397,6.4816,123,0
2014-10-24,14:05:00,6.4816,6.4816,6.4816,6.4816,106,0
2014-10-24,16:50:00,6.5289,6.5289,6.5289,6.5289,11,0
2014-10-27,09:05:00,6.5289,6.5289,6.5289,6.5289,11,0
2014-10-27,14:55:00,6.5289,6.5289,6.5289,6.5289,74,0
2014-10-28,09:05:00,6.7655,6.7655,6.7655,6.7655,5,0
2014-10-28,10:20:00,6.7655,7.002,6.7655,7.002,1070,0
2014-10-29,09:05:00,7.002,7.002,7.002,7.002,11,0
2014-10-30,09:05:00,7.002,7.002,7.002,7.002,11,0
2014-10-31,09:05:00,7.002,7.002,7.002,7.002,11,0
2014-10-31,14:45:00,6.8979,6.8979,6.8979,6.8979,88,0
2014-11-03,09:05:00,7.1913,7.1913,7.1913,7.1913,5,0
2014-11-03,09:25:00,6.8128,6.8128,6.8128,6.8128,127,0
2014-11-04,09:10:00,7.1913,7.1913,7.1913,7.1913,5,0
2014-11-04,09:15:00,7.0399,7.0399,7.0399,7.0399,264,0
2014-11-05,09:15:00,7.0209,7.0209,7.0209,7.0209,5,0
2014-11-06,16:20:00,6.8979,6.8979,6.8979,6.8979,5,0
2014-11-06,16:50:00,6.6708,6.6708,6.6708,6.6708,1215,0
2014-11-07,10:05:00,6.6235,6.6235,6.6235,6.6235,634,0
2014-11-10,09:05:00,6.6141,6.6141,6.6141,6.6141,5,0
2014-11-10,16:50:00,6.5762,6.5762,6.5762,6.5762,211,0
2014-11-12,09:10:00,6.5762,6.5762,6.5762,6.5762,5,0
2014-11-12,11:45:00,6.5668,6.5762,6.5668,6.5762,220,0
2014-11-13,09:05:00,6.5762,6.5762,6.5762,6.5762,106,0
2014-11-14,09:05:00,6.5573,6.5573,6.5573,6.5573,5,0
2014-11-17,09:05:00,6.4911,6.4911,6.4911,6.4911,5,0
2014-11-17,11:05:00,6.4911,6.4911,6.4911,6.4911,211,0
2014-11-18,09:05:00,6.4911,6.4911,6.4911,6.4911,11,0
2014-11-19,09:05:00,6.4911,6.4911,6.4911,6.4911,5,0
2014-11-19,15:40:00,6.3397,6.3397,6.2072,6.2072,448,0
2014-11-20,09:05:00,6.5005,6.5005,6.5005,6.5005,5,0
2014-11-21,09:05:00,6.5005,6.5005,6.5005,6.5005,5,0
2014-11-24,09:05:00,6.5005,6.5005,6.5005,6.5005,11,0
2014-11-24,14:05:00,6.5005,6.5005,6.5005,6.5005,153,0
2014-11-25,09:05:00,6.5005,6.5005,6.5005,6.5005,11,0
2014-11-25,10:45:00,6.2261,6.2261,6.2261,6.2261,275,0
2014-11-25,11:30:00,6.5005,6.5005,6.5005,6.5005,11,0
2014-11-25,12:35:00,6.2924,6.2924,6.2261,6.2261,296,0
2014-11-25,14:15:00,6.4343,6.4343,6.4343,6.4343,11,0
2014-11-26,09:05:00,6.5005,6.5005,6.5005,6.5005,5,0
2014-11-26,15:40:00,6.2261,6.2261,6.2261,6.2261,7,0
2014-11-26,16:05:00,6.5005,6.5005,6.5005,6.5005,11,0
2014-11-27,09:05:00,6.5005,6.5005,6.5005,6.5005,5,0
2014-11-28,09:05:00,6.5005,6.5005,6.5005,6.5005,5,0
2014-12-01,09:05:00,6.5289,6.5289,6.5289,6.5289,5,0
2014-12-01,16:40:00,6.5668,6.5668,6.5668,6.5668,95,0
2014-12-02,09:05:00,6.5573,6.5573,6.5573,6.5573,11,0
2014-12-02,10:10:00,6.5573,6.5573,6.5573,6.5573,32,0
2014-12-03,09:05:00,6.5573,6.5573,6.5573,6.5573,5,0
2014-12-03,16:15:00,6.2356,6.2356,6.2356,6.2356,79,0
2014-12-04,09:05:00,6.5573,6.5573,6.5573,6.5573,5,0
2014-12-05,09:05:00,6.5573,6.5573,6.5573,6.5573,5,0
2014-12-08,09:05:00,6.5478,6.5478,6.5478,6.5478,11,0
2014-12-09,09:05:00,6.5194,6.5194,6.5194,6.5194,5,0
2014-12-09,10:50:00,6.1504,6.1504,6.1504,6.1504,53,0
2014-12-09,12:20:00,6.1504,6.1504,6.1504,6.1504,159,0
2014-12-09,13:15:00,6.1504,6.1504,6.1504,6.1504,317,0
2014-12-09,14:00:00,6.1977,6.1977,6.1977,6.1977,58,0
2014-12-10,09:30:00,6.4911,6.4911,6.4911,6.4911,5,0
2014-12-10,13:00:00,6.1599,6.1599,6.1599,6.1599,359,0
2014-12-10,13:35:00,6.1504,6.1504,6.1504,6.1504,11,0
2014-12-11,09:05:00,6.4437,6.4437,6.4437,6.4437,5,0
2014-12-11,14:20:00,6.141,6.141,6.141,6.141,85,0
2014-12-12,09:10:00,6.4154,6.4154,6.4154,6.4154,5,0
2014-12-15,09:05:00,6.3964,6.3964,6.3964,6.3964,5,0
2014-12-16,09:05:00,6.387,6.387,6.387,6.387,5,0
2014-12-17,09:05:00,6.387,6.387,6.1504,6.1504,16,0
2014-12-17,09:10:00,5.9612,5.9612,5.9612,5.9612,185,0
2014-12-17,11:55:00,5.9612,5.9612,5.9612,5.9612,132,0
2014-12-18,09:05:00,5.8855,5.8855,5.8855,5.8855,53,0
2014-12-19,09:05:00,6.387,6.387,6.387,6.387,5,0
2014-12-22,09:05:00,6.0558,6.0558,6.0558,6.0558,132,0
2014-12-22,10:25:00,6.0936,6.0936,6.0936,6.0936,173,0
2014-12-22,14:20:00,6.1031,6.1031,6.0936,6.0936,423,0
2014-12-22,16:20:00,6.0936,6.0936,6.0936,6.0936,33,0
2014-12-22,16:35:00,5.8855,5.8855,5.8855,5.8855,106,0
2014-12-22,16:50:00,5.7341,5.7341,5.6773,5.6773,296,0
2014-12-23,09:05:00,5.9139,5.9139,5.9139,5.9139,11,0
2014-12-23,10:10:00,5.7246,5.7246,5.7246,5.7246,1057,0
2014-12-23,10:55:00,5.8949,5.8949,5.8949,5.8949,110,0
2014-12-23,11:00:00,5.8949,5.8949,5.8949,5.8949,419,0
2014-12-23,11:05:00,5.7246,5.7246,5.7246,5.7246,3171,0
2014-12-23,11:35:00,5.7435,5.7435,5.7341,5.7341,1480,0
2014-12-23,15:40:00,5.7341,5.7341,5.7341,5.7341,634,0
2014-12-23,16:20:00,5.7341,5.7341,5.6868,5.6868,1732,0
2014-12-23,16:30:00,5.6868,5.6868,5.6868,5.6868,191,0
2014-12-23,16:50:00,5.8571,5.8571,5.6868,5.6868,3508,0
2014-12-29,09:05:00,6.0085,6.0085,6.0085,6.0085,11,0
2014-12-29,09:45:00,5.7246,5.7246,5.7246,5.7246,1057,0
2014-12-29,10:30:00,5.7246,5.7246,5.7246,5.7246,1057,0
2014-12-29,11:15:00,5.9423,5.9517,5.9423,5.9517,317,0
2014-12-29,16:30:00,5.4881,5.4881,5.4881,5.4881,11,0
2014-12-29,16:40:00,5.7246,5.9517,5.6773,5.6773,9480,0
2014-12-29,16:50:00,5.6773,5.6868,5.6773,5.6868,1019,0
2014-12-30,09:20:00,5.6868,5.6868,5.6868,5.6868,3176,0
2014-12-30,10:00:00,5.6868,5.6868,5.6868,5.6868,3171,0
2014-12-30,10:05:00,5.6773,5.6773,5.6773,5.6773,2130,0
2014-12-30,10:10:00,5.6773,5.6773,5.6773,5.6773,2114,0
2014-12-30,11:00:00,5.6868,5.6868,5.6868,5.6868,845,0
2014-12-30,11:20:00,6.0085,6.0085,5.6868,5.6868,254,0
2014-12-30,12:00:00,5.8855,5.8855,5.6868,5.6868,1163,0
2014-12-30,12:10:00,5.6868,5.6868,5.6868,5.6868,3065,0
2014-12-30,13:55:00,5.6962,5.6962,5.6962,5.6962,211,0
2014-12-30,14:20:00,5.6962,5.6962,5.6962,5.6962,159,0
2014-12-30,14:25:00,5.6962,5.6962,5.6962,5.6962,159,0
2014-12-30,15:40:00,5.6962,5.6962,5.6962,5.6962,4650,0
2014-12-30,15:55:00,5.999,5.999,5.999,5.999,5,0
2015-01-02,09:05:00,5.999,5.999,5.999,5.999,11,0
2015-01-02,12:30:00,5.999,5.999,5.999,5.999,143,0
2015-01-02,16:50:00,6.245,6.245,6.245,6.245,252,0
2015-01-05,09:05:00,6.387,6.387,6.387,6.387,5,0
2015-01-05,15:30:00,6.1977,6.1977,6.1504,6.1504,179,0
2015-01-05,16:30:00,6.0558,6.0558,6.0558,6.0558,528,0
2015-01-07,09:55:00,6.1504,6.1504,6.1504,6.1504,11,0
2015-01-08,09:55:00,6.1504,6.1504,6.1504,6.1504,243,0
2015-01-08,11:20:00,6.1504,6.1504,6.1504,6.1504,95,0
2015-01-08,11:45:00,6.1504,6.1504,6.1504,6.1504,95,0
2015-01-08,12:10:00,6.1504,6.1504,6.1504,6.1504,318,0
2015-01-08,12:35:00,6.1504,6.1504,6.1504,6.1504,159,0
2015-01-08,12:45:00,6.1504,6.1504,6.1504,6.1504,371,0
2015-01-09,09:05:00,6.1504,6.1504,6.1504,6.1504,11,0
2015-01-12,09:05:00,5.9896,5.9896,5.9896,5.9896,25,0
2015-01-13,09:05:00,6.1504,6.1504,6.1504,6.1504,11,0
2015-01-13,12:30:00,6.0558,6.0558,6.0558,6.0558,259,0
2015-01-13,12:50:00,5.9896,5.9896,5.9896,5.9896,88,0
2015-01-13,16:10:00,5.9706,5.9896,5.9706,5.9896,502,0
2015-01-14,09:05:00,6.0463,6.0558,6.0463,6.0558,269,0
2015-01-14,11:35:00,5.9612,5.9612,5.9612,5.9612,634,0
2015-01-14,13:30:00,5.8666,5.8666,5.8666,5.8666,106,0
2015-01-14,14:50:00,5.8666,5.8666,5.8666,5.8666,169,0
2015-01-14,16:40:00,5.8666,5.8666,5.8666,5.8666,273,0
2015-01-15,09:05:00,5.8666,5.8666,5.8666,5.8666,5,0
2015-01-16,09:05:00,5.8666,5.8666,5.8666,5.8666,5,0
2015-01-16,16:50:00,5.6962,5.6962,5.6962,5.6962,42,0
2015-01-19,09:05:00,5.8666,5.8666,5.8666,5.8666,16,0
2015-01-20,09:05:00,5.8666,5.8666,5.8666,5.8666,5,0
2015-01-21,09:05:00,5.8666,5.8666,5.8666,5.8666,21,0
2015-01-22,09:05:00,5.8666,5.8666,5.8666,5.8666,11,0
2015-01-22,10:20:00,5.6773,5.6773,5.6773,5.6773,528,0
2015-01-22,14:50:00,5.8192,5.8192,5.8192,5.8192,32,0
2015-01-22,15:55:00,5.8192,5.8192,5.8192,5.8192,169,0
2015-01-23,12:10:00,5.8192,5.8192,5.8192,5.8192,1572,0
2015-01-23,12:25:00,5.6868,5.6868,5.4881,5.4881,264,0
2015-01-23,12:30:00,5.4124,5.4124,5.4124,5.4124,159,0
2015-01-23,13:00:00,5.4408,5.4408,5.4218,5.4218,211,0
2015-01-23,13:50:00,5.4502,5.4597,5.4502,5.4597,21,0
2015-01-23,13:55:00,5.4975,5.6111,5.4975,5.6111,338,0
2015-01-23,15:30:00,5.6678,5.6678,5.6678,5.6678,95,0
2015-01-23,15:35:00,5.6773,5.6773,5.6773,5.6773,53,0
2015-01-23,15:40:00,5.6773,5.6773,5.6773,5.6773,44,0
2015-01-23,16:00:00,5.6773,5.6773,5.6773,5.6773,95,0
2015-01-26,09:05:00,5.6773,5.6773,5.6773,5.6773,106,0
2015-01-26,10:45:00,5.6773,5.6773,5.6773,5.6773,21,0
2015-01-27,09:15:00,5.6962,5.6962,5.6962,5.6962,11,0
2015-01-27,12:05:00,5.6962,5.6962,5.6962,5.6962,69,0
2015-01-28,09:05:00,5.7719,5.7719,5.7719,5.7719,11,0
2015-01-28,16:50:00,5.8287,5.8287,5.8287,5.8287,11,0
2015-01-29,09:05:00,5.8287,5.8287,5.8287,5.8287,140,0
2015-01-29,16:50:00,5.8192,5.8192,5.8192,5.8192,29,0
2015-01-30,09:05:00,5.8192,5.8192,5.8192,5.8192,8,0
2015-01-30,09:35:00,5.8098,5.8098,5.8098,5.8098,53,0
2015-01-30,09:40:00,5.7719,5.7719,5.7719,5.7719,264,0
2015-01-30,10:25:00,5.7719,5.7719,5.7719,5.7719,507,0
2015-01-30,12:15:00,5.7719,5.7719,5.7719,5.7719,222,0
2015-02-02,09:25:00,5.6773,5.6773,5.6773,5.6773,106,0
2015-02-02,11:05:00,5.6773,5.6773,5.6773,5.6773,154,0
2015-02-03,10:10:00,5.7719,5.7719,5.7719,5.7719,11,0
2015-02-03,13:05:00,5.7719,5.7719,5.7719,5.7719,2,0
2015-02-03,16:50:00,5.7719,5.7719,5.7719,5.7719,224,0
2015-02-04,09:05:00,5.7719,5.7719,5.7719,5.7719,11,0
2015-02-05,09:10:00,5.753,5.753,5.753,5.753,11,0
2015-02-05,12:00:00,5.753,5.753,5.753,5.753,95,0
2015-02-05,13:10:00,5.7719,5.7719,5.7719,5.7719,2114,0
2015-02-05,16:50:00,5.7719,5.7719,5.7719,5.7719,7,0
2015-02-06,09:50:00,5.7719,5.7719,5.7719,5.7719,16,0
2015-02-06,12:45:00,5.7719,5.7719,5.7719,5.7719,103,0
2015-02-09,09:05:00,5.7719,5.7719,5.7719,5.7719,11,0
2015-02-10,09:05:00,5.7719,5.7719,5.7719,5.7719,16,0
2015-02-10,16:50:00,5.7625,5.7625,5.7625,5.7625,16,0
2015-02-11,16:50:00,5.7625,5.7625,5.7625,5.7625,80,0
2015-02-12,09:05:00,5.6773,5.6773,5.6773,5.6773,515,0
2015-02-12,16:20:00,5.7719,5.7719,5.7719,5.7719,106,0
2015-02-13,09:05:00,5.7719,5.7719,5.7719,5.7719,590,0
2015-02-13,09:10:00,5.7719,5.7719,5.7719,5.7719,42,0
2015-02-13,10:00:00,5.7719,5.7719,5.7719,5.7719,106,0
2015-02-13,10:25:00,5.7719,5.7719,5.7719,5.7719,80,0
2015-02-13,13:45:00,5.7719,5.7719,5.7719,5.7719,528,0
2015-02-13,13:50:00,5.7719,5.7719,5.7719,5.7719,845,0
2015-02-16,10:00:00,5.7719,5.7719,5.7719,5.7719,528,0
2015-02-16,11:20:00,5.7719,5.7719,5.7719,5.7719,528,0
2015-02-16,11:30:00,5.7719,5.7719,5.7719,5.7719,528,0
2015-02-16,16:15:00,5.7719,5.7719,5.7719,5.7719,106,0
2015-02-18,09:25:00,5.7719,5.7719,5.7719,5.7719,11,0
2015-02-18,14:50:00,5.7719,5.7719,5.7719,5.7719,88,0
2015-02-18,15:30:00,5.6395,5.6395,5.6395,5.6395,763,0
2015-02-19,14:25:00,5.7719,5.7719,5.7719,5.7719,11,0
2015-02-19,15:05:00,5.7719,5.7719,5.7719,5.7719,528,0
2015-02-20,09:05:00,5.7719,5.7719,5.7719,5.7719,11,0
2015-02-20,16:40:00,5.7719,5.7719,5.7719,5.7719,190,0
2015-02-23,09:15:00,5.9517,5.9517,5.9517,5.9517,137,0
2015-02-23,11:10:00,6.0085,6.387,6.0085,6.387,174,0
2015-02-23,11:15:00,6.387,6.387,6.387,6.387,217,0
2015-02-23,14:55:00,6.1504,6.1504,6.1504,6.1504,443,0
2015-02-24,09:05:00,6.1504,6.1504,6.1504,6.1504,6,0
2015-02-24,09:10:00,5.9612,5.9612,5.6773,5.6773,393,0
2015-02-24,11:00:00,5.7719,5.7719,5.7719,5.7719,528,0
2015-02-24,15:00:00,5.7719,5.7719,5.7719,5.7719,127,0
2015-02-24,16:20:00,5.7719,5.7719,5.7719,5.7719,95,0
2015-02-24,16:50:00,5.7719,5.7719,5.7719,5.7719,528,0
2015-02-25,09:25:00,5.7719,5.7719,5.7719,5.7719,11,0
2015-02-25,10:50:00,5.7719,5.7719,5.7719,5.7719,118,0
2015-02-25,12:15:00,5.7719,5.7719,5.7719,5.7719,613,0
2015-02-25,13:10:00,5.7719,5.7719,5.7719,5.7719,423,0
2015-02-25,15:45:00,5.7719,5.7719,5.7719,5.7719,507,0
2015-02-26,09:05:00,5.7719,5.7719,5.7719,5.7719,11,0
2015-02-26,09:45:00,5.7719,5.7719,5.7719,5.7719,227,0
2015-02-26,12:30:00,5.7719,5.7719,5.7719,5.7719,528,0
2015-02-26,13:40:00,5.7719,5.7719,5.7719,5.7719,180,0
2015-02-27,11:40:00,5.7719,5.7719,5.7719,5.7719,318,0
2015-02-27,12:00:00,5.7719,5.7719,5.7719,5.7719,239,0
2015-02-27,13:35:00,5.7719,5.7719,5.7719,5.7719,291,0
2015-02-27,16:25:00,5.7719,5.7719,5.7719,5.7719,291,0
2015-02-27,16:50:00,5.7719,5.7719,5.7719,5.7719,97,0
2015-03-02,09:05:00,5.7719,5.7719,5.7719,5.7719,11,0
2015-03-02,13:15:00,5.753,5.753,5.753,5.753,264,0
2015-03-02,15:05:00,5.753,5.7625,5.753,5.7625,164,0
2015-03-02,15:45:00,5.7246,5.7246,5.7246,5.7246,159,0
2015-03-02,16:35:00,5.7246,5.7246,5.7246,5.7246,11,0
2015-03-03,09:05:00,5.6773,5.6773,5.6773,5.6773,183,0
2015-03-03,09:30:00,5.6773,5.6773,5.6773,5.6773,293,0
2015-03-03,16:05:00,5.63,5.7246,5.63,5.7246,558,0
2015-03-04,09:05:00,5.7246,5.7246,5.7246,5.7246,5,0
2015-03-05,09:05:00,5.7246,5.7246,5.7246,5.7246,5,0
2015-03-05,09:50:00,5.7246,5.7246,5.7246,5.7246,211,0
2015-03-06,10:45:00,5.7341,5.7341,5.7341,5.7341,11,0
2015-03-06,11:40:00,5.7341,5.7341,5.7341,5.7341,94,0
2015-03-06,14:05:00,5.7246,5.7246,5.7246,5.7246,424,0
2015-03-09,10:50:00,5.7719,5.7719,5.7719,5.7719,127,0
2015-03-09,13:55:00,5.7719,5.7719,5.7719,5.7719,506,0
2015-03-09,14:45:00,5.7719,5.7719,5.7719,5.7719,53,0
2015-03-10,09:05:00,5.7719,5.7719,5.7719,5.7719,53,0
2015-03-10,10:20:00,5.7719,5.7719,5.7719,5.7719,603,0
2015-03-11,14:55:00,5.7719,5.7719,5.7719,5.7719,159,0
2015-03-11,15:15:00,5.7719,5.7719,5.7719,5.7719,433,0
2015-03-12,13:25:00,5.7719,5.7719,5.7719,5.7719,11,0
2015-03-12,16:50:00,6.0085,6.0085,6.0085,6.0085,11,0
2015-03-13,09:20:00,6.1031,6.1504,6.1031,6.1504,306,0
2015-03-13,14:55:00,6.1031,6.1031,6.1031,6.1031,106,0
2015-03-16,09:10:00,6.1031,6.1031,6.1031,6.1031,11,0
2015-03-17,09:15:00,5.7719,5.7719,5.7719,5.7719,243,0
2015-03-17,09:50:00,5.7719,5.7719,5.7719,5.7719,178,0
2015-03-17,10:00:00,5.7719,5.7719,5.7719,5.7719,52,0
2015-03-17,11:25:00,5.7719,5.7719,5.7719,5.7719,16,0
2015-03-17,15:25:00,5.7719,5.7719,5.7719,5.7719,243,0
2015-03-18,09:45:00,5.8192,5.8192,5.7719,5.7719,634,0
2015-03-18,12:30:00,5.7719,5.7719,5.7719,5.7719,518,0
2015-03-18,16:50:00,5.7719,5.7719,5.7719,5.7719,104,0
2015-03-19,10:25:00,5.6868,5.6868,5.6868,5.6868,106,0
2015-03-19,14:05:00,5.7719,5.7719,5.7719,5.7719,106,0
2015-03-20,09:30:00,5.6016,5.6016,5.507,5.507,624,0
2015-03-20,09:35:00,5.4975,5.4975,5.4975,5.4975,13,0
2015-03-20,13:00:00,5.5922,5.5922,5.5922,5.5922,845,0
2015-03-20,14:10:00,5.5922,5.5922,5.5922,5.5922,211,0
2015-03-20,15:10:00,5.5922,5.5922,5.5922,5.5922,824,0
2015-03-20,15:55:00,5.5922,5.5922,5.5922,5.5922,1057,0
2015-03-23,09:05:00,5.5922,5.6773,5.5922,5.6773,322,0
2015-03-23,09:40:00,5.6773,5.6773,5.6773,5.6773,581,0
2015-03-23,12:50:00,5.6773,5.6773,5.6773,5.6773,285,0
2015-03-24,09:40:00,5.6773,5.6773,5.6773,5.6773,211,0
2015-03-24,10:20:00,5.7719,5.7719,5.7719,5.7719,243,0
2015-03-24,16:00:00,5.6773,5.7719,5.6773,5.7719,4333,0
2015-03-24,16:10:00,5.7719,5.7719,5.7719,5.7719,106,0
2015-03-25,09:10:00,5.7814,5.7814,5.7719,5.7719,1392,0
2015-03-25,10:55:00,5.7719,5.7719,5.7719,5.7719,317,0
2015-03-25,13:15:00,5.6773,5.6773,5.63,5.63,1057,0
2015-03-25,16:30:00,5.6584,5.6584,5.6016,5.6016,1057,0
2015-03-30,14:10:00,5.6395,5.6395,5.6016,5.6016,634,0
2015-03-31,16:20:00,5.4502,5.4502,5.4502,5.4502,106,0
2015-04-01,09:15:00,5.4597,5.4597,5.4502,5.4502,1223,0
2015-04-01,11:25:00,5.4597,5.4597,5.4502,5.4502,3005,0
2015-04-01,11:40:00,5.4502,5.4502,5.4502,5.4502,1057,0
2015-04-02,16:50:00,5.4881,5.4881,5.4881,5.4881,79,0
2015-04-07,09:05:00,5.4881,5.4881,5.4881,5.4881,238,0
2015-04-07,09:10:00,5.4881,5.4881,5.4881,5.4881,24,0
2015-04-07,09:15:00,5.4597,5.4597,5.4408,5.4408,411,0
2015-04-07,09:35:00,5.4029,5.4029,5.3934,5.3934,1025,0
2015-04-07,13:40:00,5.3934,5.4786,5.3934,5.4786,814,0
2015-04-08,09:55:00,5.4786,5.4786,5.4786,5.4786,211,0
2015-04-08,10:40:00,5.384,5.384,5.384,5.384,1004,0
2015-04-08,14:00:00,5.3367,5.3367,5.3367,5.3367,35,0
2015-04-08,14:45:00,5.4786,5.5354,5.4786,5.5354,1619,0
2015-04-09,09:40:00,5.5354,5.5354,5.5354,5.5354,6,0
2015-04-09,11:45:00,5.5922,5.5922,5.5922,5.5922,201,0
2015-04-09,13:10:00,5.6773,5.6773,5.6773,5.6773,79,0
2015-04-09,13:25:00,5.6773,5.6773,5.6773,5.6773,978,0
2015-04-10,10:05:00,5.6016,5.6016,5.5827,5.5827,4082,0
2015-04-10,10:15:00,5.5827,5.5827,5.5827,5.5827,40,0
2015-04-10,11:00:00,5.5827,5.5827,5.5827,5.5827,51,0
2015-04-10,13:50:00,5.5827,5.5827,5.5827,5.5827,99,0
2015-04-10,14:10:00,5.5827,5.5827,5.5827,5.5827,112,0
2015-04-10,15:40:00,5.5922,5.5922,5.5827,5.5827,628,0
2015-04-10,16:40:00,5.5827,5.5827,5.5827,5.5827,273,0
2015-04-10,16:45:00,5.5827,5.5827,5.5827,5.5827,15,0
2015-04-10,16:50:00,5.5827,5.5827,5.5827,5.5827,317,0
2015-04-13,09:05:00,5.7435,5.7435,5.7435,5.7435,211,0
2015-04-13,16:30:00,5.7435,5.7435,5.7435,5.7435,211,0
2015-04-14,09:05:00,5.753,5.753,5.753,5.753,222,0
2015-04-14,09:15:00,5.753,5.753,5.5827,5.5827,1593,0
2015-04-14,11:05:00,5.5827,5.5827,5.5827,5.5827,1057,0
2015-04-14,13:35:00,5.5827,5.5827,5.5827,5.5827,317,0
2015-04-14,14:40:00,5.5827,5.5827,5.5827,5.5827,423,0
2015-04-14,15:05:00,5.5827,5.5827,5.5827,5.5827,740,0
2015-04-14,15:40:00,5.5827,5.5827,5.5827,5.5827,140,0
2015-04-15,11:35:00,5.5827,5.5827,5.5827,5.5827,1057,0
2015-04-16,10:35:00,5.6773,5.6773,5.6773,5.6773,106,0
2015-04-16,15:20:00,5.6773,5.6773,5.6773,5.6773,2167,0
2015-04-17,09:10:00,5.6773,5.6773,5.6773,5.6773,266,0
2015-04-17,10:30:00,5.6773,5.6773,5.6773,5.6773,343,0
2015-04-17,16:50:00,5.6773,5.6773,5.6773,5.6773,243,0
2015-04-20,09:05:00,5.6773,5.6773,5.6773,5.6773,159,0
2015-04-20,09:50:00,5.63,5.63,5.6205,5.6205,1374,0
2015-04-20,09:55:00,5.6773,5.6773,5.6773,5.6773,476,0
2015-04-20,10:10:00,5.6773,5.6773,5.6773,5.6773,317,0
2015-04-21,10:50:00,5.6773,5.6773,5.6773,5.6773,131,0
2015-04-21,12:25:00,5.6016,5.6016,5.5827,5.5827,1902,0
2015-04-21,16:30:00,5.5827,5.5827,5.5827,5.5827,656,0
2015-04-27,15:40:00,5.6773,5.6773,5.5827,5.5827,975,0
2015-04-28,15:10:00,5.5922,5.5922,5.5922,5.5922,21,0
2015-04-28,15:30:00,5.5732,5.5732,5.5732,5.5732,21,0
2015-04-29,09:20:00,5.5732,5.5732,5.5259,5.5259,1775,0
2015-04-30,09:15:00,5.5259,5.5259,5.5259,5.5259,276,0
2015-04-30,10:35:00,5.4881,5.4881,5.4881,5.4881,159,0
2015-04-30,10:45:00,5.4881,5.4881,5.4881,5.4881,528,0
2015-04-30,12:10:00,5.4313,5.4313,5.4218,5.4218,986,0
2015-04-30,12:15:00,5.4218,5.4218,5.4218,5.4218,53,0
2015-04-30,12:20:00,5.4218,5.4218,5.4218,5.4218,222,0
2015-04-30,13:00:00,5.4218,5.4218,5.4218,5.4218,855,0
2015-04-30,14:05:00,5.4881,5.4881,5.4881,5.4881,9713,0
2015-05-04,09:05:00,5.4786,5.4786,5.4786,5.4786,106,0
2015-05-04,11:35:00,5.4786,5.4786,5.4786,5.4786,189,0
2015-05-04,12:20:00,5.4786,5.4786,5.4786,5.4786,22,0
2015-05-04,13:55:00,5.4786,5.4786,5.4786,5.4786,189,0
2015-05-05,09:10:00,5.4881,5.4881,5.4881,5.4881,211,0
2015-05-05,10:40:00,5.4881,5.4881,5.4881,5.4881,3171,0
2015-05-05,11:15:00,5.4881,5.4881,5.4881,5.4881,255,0
2015-05-05,11:25:00,5.4881,5.4881,5.4881,5.4881,3171,0
2015-05-05,11:35:00,5.4881,5.4881,5.4881,5.4881,264,0
2015-05-05,11:55:00,5.4881,5.4881,5.4881,5.4881,1057,0
2015-05-05,12:25:00,5.4881,5.4881,5.4881,5.4881,4227,0
2015-05-05,12:40:00,5.4881,5.4881,5.4881,5.4881,159,0
2015-05-05,12:55:00,5.4881,5.4881,5.4881,5.4881,169,0
2015-05-05,15:15:00,5.4881,5.4881,5.4881,5.4881,423,0
2015-05-06,11:35:00,5.4786,5.4786,5.4786,5.4786,1548,0
2015-05-07,10:35:00,5.4881,5.4881,5.4881,5.4881,1057,0
2015-05-07,10:50:00,5.4881,5.4881,5.4881,5.4881,317,0
2015-05-07,13:30:00,5.4786,5.4786,5.4786,5.4786,183,0
2015-05-07,15:20:00,5.4786,5.4786,5.4786,5.4786,47,0
2015-05-08,09:35:00,5.4691,5.4691,5.4691,5.4691,1099,0
2015-05-08,10:10:00,5.4881,5.4881,5.4881,5.4881,3171,0
2015-05-08,10:30:00,5.4881,5.4881,5.4881,5.4881,2114,0
2015-05-08,12:05:00,5.4881,5.4881,5.4881,5.4881,1015,0
2015-05-08,12:25:00,5.4881,5.4881,5.4881,5.4881,1057,0
2015-05-08,13:35:00,5.5165,5.5165,5.5165,5.5165,845,0
2015-05-08,13:45:00,5.5165,5.5165,5.5165,5.5165,211,0
2015-05-08,13:50:00,5.5165,5.5165,5.5165,5.5165,528,0
2015-05-08,14:00:00,5.4881,5.4881,5.4881,5.4881,571,0
2015-05-08,14:10:00,5.5165,5.5165,5.5165,5.5165,845,0
2015-05-08,16:10:00,5.4502,5.4502,5.4502,5.4502,402,0
2015-05-08,16:35:00,5.5165,5.5165,5.5165,5.5165,452,0
2015-05-11,09:05:00,5.5543,5.5543,5.5543,5.5543,370,0
2015-05-11,09:10:00,5.5543,5.5543,5.5543,5.5543,127,0
2015-05-11,10:00:00,5.5543,5.5543,5.5543,5.5543,10,0
2015-05-11,11:20:00,5.4786,5.4786,5.4691,5.4691,476,0
2015-05-11,12:20:00,5.4881,5.4881,5.4881,5.4881,2114,0
2015-05-11,14:20:00,5.4502,5.4502,5.4502,5.4502,285,0
2015-05-12,09:55:00,5.4502,5.4502,5.4502,5.4502,180,0
2015-05-12,16:50:00,5.6395,5.6395,5.6395,5.6395,1,0
2015-05-14,09:40:00,5.5448,5.5448,5.5448,5.5448,211,0
2015-05-14,10:15:00,5.6395,5.6395,5.6395,5.6395,353,0
2015-05-14,11:40:00,5.5827,5.5827,5.5827,5.5827,69,0
2015-05-15,09:25:00,5.5827,5.5827,5.5448,5.5448,1517,0
2015-05-15,09:35:00,5.4881,5.4881,5.4881,5.4881,2779,0
2015-05-15,12:00:00,5.6489,5.6489,5.6489,5.6489,11,0
2015-05-15,12:40:00,5.6489,5.6489,5.6489,5.6489,79,0
2015-05-18,09:05:00,5.6962,5.6962,5.6962,5.6962,69,0
2015-05-18,10:00:00,5.63,5.63,5.63,5.63,275,0
2015-05-18,11:25:00,5.63,5.63,5.5354,5.5354,211,0
2015-05-18,16:50:00,5.6773,5.6773,5.6773,5.6773,1,0
2015-05-19,12:50:00,5.6773,5.6773,5.6773,5.6773,1184,0
2015-05-19,14:40:00,5.6773,5.6773,5.6773,5.6773,170,0
2015-05-19,15:25:00,5.6773,5.6773,5.6773,5.6773,16,0
2015-05-19,15:50:00,5.6773,5.6773,5.6773,5.6773,346,0
2015-05-20,15:50:00,5.6584,5.6584,5.6584,5.6584,297,0
2015-05-21,16:10:00,5.6962,5.6962,5.6962,5.6962,1,0
2015-05-22,12:00:00,5.5827,5.5827,5.5543,5.5543,494,0
2015-05-22,14:55:00,5.6678,5.6678,5.6678,5.6678,243,0
2015-05-22,16:50:00,5.6584,5.6584,5.6584,5.6584,494,0
2015-05-25,11:10:00,5.5354,5.5354,5.5354,5.5354,317,0
2015-05-27,11:15:00,5.5354,5.5354,5.5354,5.5354,317,0
2015-05-27,15:15:00,5.6584,5.6584,5.6584,5.6584,265,0
2015-05-28,13:30:00,5.6584,5.6584,5.6584,5.6584,399,0
2015-05-28,16:35:00,5.8476,5.8476,5.8476,5.8476,1,0
2015-05-29,09:40:00,5.6962,5.6962,5.6395,5.6395,1881,0
2015-06-01,11:00:00,5.7625,5.7625,5.7625,5.7625,116,0
2015-06-01,11:45:00,5.6773,5.6773,5.6773,5.6773,1057,0
2015-06-01,13:45:00,5.7625,5.8382,5.7625,5.8382,254,0
2015-06-01,14:15:00,5.7719,5.7719,5.7719,5.7719,159,0
2015-06-01,15:00:00,5.8382,5.8382,5.8382,5.8382,284,0
2015-06-02,09:40:00,5.8192,5.8192,5.8192,5.8192,95,0
2015-06-02,10:20:00,5.8192,5.8192,5.8192,5.8192,95,0
2015-06-05,09:40:00,5.7719,5.7719,5.7719,5.7719,159,0
2015-06-05,10:40:00,5.8571,5.8571,5.8571,5.8571,349,0
2015-06-08,09:05:00,5.8571,5.8571,5.8571,5.8571,111,0
2015-06-08,14:40:00,5.7719,5.7719,5.7719,5.7719,159,0
2015-06-08,14:45:00,5.7719,5.7719,5.7719,5.7719,159,0
2015-06-08,15:25:00,5.7719,5.7719,5.7719,5.7719,58,0
2015-06-08,16:50:00,5.63,5.63,5.63,5.63,211,0
2015-06-09,10:40:00,5.63,5.63,5.63,5.63,1055,0
2015-06-09,13:35:00,5.63,5.63,5.63,5.63,94,0
2015-06-09,15:15:00,5.63,5.63,5.63,5.63,317,0
2015-06-10,09:05:00,5.63,5.63,5.63,5.63,24,0
2015-06-10,09:35:00,5.63,5.63,5.63,5.63,211,0
2015-06-10,09:55:00,5.63,5.63,5.63,5.63,211,0
2015-06-10,11:00:00,5.63,5.63,5.5922,5.5922,528,0
2015-06-12,13:00:00,5.8098,5.8666,5.8098,5.8666,3610,0
2015-06-12,14:55:00,5.8287,5.8287,5.8287,5.8287,159,0
2015-06-12,15:55:00,5.8287,5.8287,5.8287,5.8287,180,0
2015-06-15,10:45:00,5.8287,5.8476,5.7814,5.8476,8455,0
2015-06-15,11:25:00,5.7909,5.7909,5.7909,5.7909,1057,0
2015-06-15,13:45:00,5.7909,5.7909,5.7909,5.7909,1057,0
2015-06-16,10:05:00,5.7625,5.7625,5.7246,5.7246,5284,0
2015-06-16,13:15:00,5.7246,5.7246,5.7246,5.7246,343,0
2015-06-23,11:20:00,5.9233,5.9233,5.9233,5.9233,1,0
2015-06-23,15:50:00,5.9233,5.9233,5.9233,5.9233,106,0
2015-06-24,10:30:00,5.9233,5.9233,5.9233,5.9233,181,0
2015-06-24,12:20:00,5.9233,5.9233,5.9233,5.9233,136,0
2015-06-26,09:15:00,5.7341,5.7341,5.7246,5.7246,1855,0
2015-06-26,09:30:00,5.6868,5.6868,5.6773,5.6773,2114,0
2015-06-26,13:25:00,5.6773,5.6773,5.6773,5.6773,259,0
2015-06-26,16:00:00,5.6773,5.6773,5.6773,5.6773,317,0
2015-06-26,16:50:00,5.6773,5.6773,5.6773,5.6773,73,0
2015-06-29,16:50:00,5.63,5.63,5.63,5.63,180,0
2015-06-30,09:05:00,5.8,5.8,5.8,5.8,80,0
2015-06-30,12:30:00,5.8,5.8,5.8,5.8,50,0
2015-06-30,14:10:00,5.85,5.85,5.85,5.85,170,0
2015-07-01,10:50:00,5.67,5.67,5.65,5.65,1800,0
2015-07-01,14:25:00,5.8,5.8,5.8,5.8,625,0
2015-07-01,14:40:00,5.65,5.65,5.65,5.65,180,0
2015-07-03,11:40:00,5.79,5.83,5.79,5.83,2913,0
2015-07-03,11:50:00,5.8,5.8,5.8,5.8,70597,0
2015-07-06,09:05:00,5.79,5.79,5.79,5.79,278,0
2015-07-08,12:15:00,5.62,5.62,5.62,5.62,605,0
2015-07-09,09:05:00,5.6,5.6,5.6,5.6,90,0
2015-07-10,12:40:00,5.65,5.65,5.58,5.58,3000,0
2015-07-15,15:10:00,5.58,5.74,5.58,5.74,490,0
2015-07-15,15:30:00,5.74,5.75,5.74,5.75,2000,0
2015-07-16,12:30:00,5.74,5.77,5.74,5.77,865,0
2015-07-16,16:20:00,5.87,5.87,5.87,5.87,1,0
2015-07-21,12:25:00,5.65,5.65,5.65,5.65,180,0
2015-07-23,15:55:00,5.63,5.63,5.63,5.63,1000,0
2015-07-28,13:25:00,5.63,5.8,5.63,5.8,164,0
2015-08-03,14:30:00,5.8,5.87,5.8,5.87,100,0
2015-08-05,11:15:00,5.78,5.78,5.77,5.77,5425,0
2015-08-05,16:35:00,5.8,5.8,5.8,5.8,200,0
2015-08-06,15:40:00,5.82,5.82,5.82,5.82,80,0
2015-08-10,10:00:00,5.7,5.7,5.68,5.68,2150,0
2015-08-10,13:25:00,5.75,5.79,5.75,5.79,100,0
2015-08-12,12:50:00,5.75,5.75,5.75,5.75,50,0
2015-08-13,14:00:00,5.62,5.62,5.62,5.62,145,0
2015-08-14,11:50:00,5.62,5.62,5.56,5.56,110,0
2015-08-14,14:00:00,5.75,5.75,5.75,5.75,50,0
2015-08-14,16:05:00,5.75,5.75,5.75,5.75,143,0
2015-08-17,09:05:00,5.51,5.51,5.51,5.51,90,0
2015-08-18,09:05:00,5.5,5.5,5.5,5.5,143,0
2015-08-18,16:00:00,5.55,5.55,5.55,5.55,150,0
2015-08-24,09:05:00,5.5,5.5,5.5,5.5,457,0
2015-08-24,11:25:00,5.5,5.5,5.5,5.5,230,0
2015-08-24,11:30:00,5.5,5.5,5.5,5.5,313,0
2015-08-24,13:45:00,5.4,5.4,5.4,5.4,343,0
2015-08-24,16:10:00,5.27,5.27,5.27,5.27,250,0
2015-08-25,09:40:00,5.2,5.2,5.15,5.15,2000,0
2015-08-25,09:50:00,5.18,5.18,5.18,5.18,100,0
2015-08-25,12:10:00,5.2,5.2,5.2,5.2,123,0
2015-08-25,14:05:00,5.2,5.2,5.2,5.2,21,0
2015-08-25,15:35:00,5.06,5.06,5.06,5.06,99,0
2015-08-27,10:00:00,5.06,5.06,5,5,3000,0
2015-08-27,11:40:00,5,5,5,5,190,0
2015-08-27,14:10:00,5.03,5.03,5.03,5.03,150,0
2015-08-27,15:05:00,5,5,5,5,341,0
2015-08-27,16:10:00,5,5,5,5,75,0
2015-08-28,11:40:00,4.9,4.9,4.9,4.9,90,0
2015-08-28,12:55:00,5.03,5.04,5.03,5.04,1900,0
2015-08-31,10:10:00,4.99,4.99,4.99,4.99,3000,0
2015-08-31,10:25:00,4.99,4.99,4.99,4.99,2096,0
2015-08-31,10:50:00,4.91,4.91,4.9,4.9,2000,0
2015-08-31,10:55:00,4.9,4.9,4.9,4.9,991,0
2015-08-31,14:05:00,5,5,5,5,100,0
2015-08-31,14:30:00,5.06,5.07,5.06,5.07,519,0
2015-08-31,16:40:00,5.05,5.05,5.05,5.05,2000,0
2015-09-01,09:40:00,5.14,5.14,5.14,5.14,10,0
2015-09-03,09:55:00,5.1,5.1,5.1,5.1,10,0
2015-09-03,10:15:00,4.98,4.98,4.95,4.95,2990,0
2015-09-03,15:20:00,5.09,5.15,5.09,5.15,2000,0
2015-09-09,09:10:00,5.29,5.3,5.29,5.3,1670,0
2015-09-09,14:55:00,5.49,5.49,5.49,5.49,100,0
2015-09-10,10:00:00,5.3,5.3,5.3,5.3,100,0
2015-09-11,16:25:00,5.28,5.28,5.28,5.28,150,0
2015-09-16,16:45:00,5.42,5.43,5.42,5.43,279,0
2015-09-22,10:35:00,5.45,5.45,5.45,5.45,100,0
2015-09-22,16:05:00,5.4,5.4,5.4,5.4,98,0
2015-09-23,13:15:00,5.27,5.27,5.27,5.27,170,0
2015-09-23,16:15:00,5.27,5.27,5.27,5.27,130,0
2015-09-24,14:35:00,5.27,5.27,5.27,5.27,132,0
2015-09-24,15:35:00,5.27,5.27,5.27,5.27,50,0
2015-09-25,09:05:00,5.27,5.27,5.27,5.27,500,0
2015-09-25,09:15:00,5.15,5.15,5.15,5.15,98,0
2015-09-30,16:50:00,5.1,5.1,5.1,5.1,150,0
2015-10-01,16:50:00,5.07,5.07,5.07,5.07,200,0
2015-10-08,12:55:00,5.04,5.04,5.04,5.04,600,0
2015-10-08,16:15:00,5.04,5.04,5.04,5.04,265,0
2015-10-09,09:45:00,4.99,4.99,4.99,4.99,1500,0
2015-10-12,09:10:00,4.99,4.99,4.99,4.99,395,0
2015-10-12,11:30:00,5.15,5.15,5.15,5.15,1500,0
2015-10-12,11:40:00,5.27,5.3,5.01,5.2,3290,0
2015-10-12,11:45:00,5.2,5.2,5.2,5.2,710,0
2015-10-12,13:20:00,5.2,5.2,5.2,5.2,1000,0
2015-10-12,14:10:00,5.2,5.3,5.2,5.3,291,0
2015-10-12,14:55:00,5.3,5.3,5.3,5.3,605,0
2015-10-15,13:30:00,5.38,5.38,5.38,5.38,1000,0
2015-10-15,16:35:00,5.38,5.46,5.38,5.46,411,0
2015-10-16,09:05:00,5.49,5.49,5.49,5.49,55,0
2015-10-16,12:35:00,5.67,5.67,5.67,5.67,265,0
2015-10-19,16:50:00,5.67,5.72,5.67,5.72,368,0
2015-10-20,09:20:00,5.74,5.74,5.74,5.74,4,0
2015-10-20,10:00:00,5.5,5.5,5.5,5.5,100,0
2015-10-21,16:20:00,5.72,5.77,5.72,5.77,425,0
2015-10-27,15:35:00,5.7,5.7,5.7,5.7,280,0
2015-10-30,12:25:00,5.7,5.7,5.7,5.7,50,0
2015-11-02,16:50:00,5.8,5.87,5.8,5.87,260,0
2015-11-03,09:15:00,5.87,5.88,5.87,5.88,126,0
2015-11-03,09:30:00,5.88,5.93,5.88,5.93,351,0
2015-11-03,12:45:00,5.85,5.85,5.85,5.85,200,0
2015-11-03,16:30:00,5.96,6,5.96,6,254,0
2015-11-05,11:35:00,5.85,5.85,5.85,5.85,600,0
2015-11-05,16:50:00,6,6.07,6,6.07,487,0
2015-11-06,16:30:00,6.1,6.12,6.1,6.12,301,0
2015-11-09,16:00:00,6.1,6.11,6.1,6.11,160,0
2015-11-10,09:05:00,5.84,5.84,5.84,5.84,600,0
