Date,Time,Open,High,Low,Close,Volume,OpenInt
2015-02-23,09:05:00,19.736,19.736,19.736,19.736,120,0
2015-02-23,09:10:00,19.736,19.736,19.736,19.736,51,0
2015-02-23,09:25:00,19.894,20.18,19.894,20.18,2874,0
2015-02-23,09:30:00,20.18,20.18,20.14,20.14,322,0
2015-02-23,09:35:00,20.18,20.18,20.18,20.18,25,0
2015-02-23,09:40:00,20.14,20.14,20.14,20.14,101,0
2015-02-23,09:45:00,20.14,20.14,20.14,20.14,2628,0
2015-02-23,10:00:00,20.15,20.15,20.15,20.15,50,0
2015-02-23,10:40:00,20.14,20.14,20.14,20.14,73,0
2015-02-23,10:45:00,20.14,20.14,20.14,20.14,25,0
2015-02-23,10:50:00,19.943,19.943,19.943,19.943,76,0
2015-02-23,11:20:00,19.647,19.647,19.647,19.647,13,0
2015-02-23,12:05:00,19.745,19.745,19.745,19.745,101,0
2015-02-23,12:15:00,19.745,19.745,19.745,19.745,152,0
2015-02-23,13:25:00,19.745,19.745,19.745,19.745,203,0
2015-02-23,15:05:00,19.647,19.647,19.647,19.647,5,0
2015-02-23,15:10:00,19.647,19.647,19.647,19.647,83,0
2015-02-23,15:50:00,19.39,19.39,19.38,19.38,253,0
2015-02-23,16:50:00,19.637,19.736,19.637,19.736,304,0
2015-02-24,09:05:00,19.558,19.558,19.558,19.558,20,0
2015-02-24,09:20:00,19.558,19.558,19.548,19.548,1390,0
2015-02-24,10:30:00,19.351,19.351,19.351,19.351,25,0
2015-02-24,10:40:00,19.351,19.351,19.351,19.351,69,0
2015-02-24,12:25:00,19.538,19.538,19.538,19.538,182,0
2015-02-24,13:50:00,19.647,19.676,19.647,19.676,223,0
2015-02-24,14:30:00,19.676,19.676,19.676,19.676,99,0
2015-02-24,14:40:00,19.676,19.676,19.676,19.676,27,0
2015-02-24,15:35:00,19.736,19.736,19.736,19.736,430,0
2015-02-24,16:50:00,19.587,19.587,19.587,19.587,163,0
2015-02-25,11:30:00,19.36,19.36,19.301,19.301,315,0
2015-02-25,12:05:00,19.528,19.528,19.528,19.528,1,0
2015-02-25,14:55:00,19.489,19.499,19.489,19.499,101,0
2015-02-25,16:15:00,19.499,19.499,19.499,19.499,101,0
2015-02-25,16:25:00,19.499,19.499,19.499,19.499,101,0
2015-02-25,16:45:00,19.499,19.499,19.499,19.499,61,0
2015-02-25,16:50:00,19.499,19.499,19.499,19.499,137,0
2015-02-26,09:50:00,19.548,19.548,19.548,19.548,1,0
2015-02-26,10:15:00,19.548,19.548,19.548,19.548,1,0
2015-02-26,10:55:00,18.916,18.916,18.363,18.758,1644,0
2015-02-26,11:00:00,18.758,18.758,18.758,18.758,315,0
2015-02-26,11:05:00,18.817,18.817,18.817,18.817,41,0
2015-02-26,11:10:00,18.817,18.817,18.817,18.817,70,0
2015-02-26,11:15:00,18.817,18.817,18.817,18.817,262,0
2015-02-26,11:25:00,18.808,18.808,18.808,18.808,240,0
2015-02-26,11:30:00,18.808,18.808,18.659,18.659,709,0
2015-02-26,11:50:00,18.659,18.659,18.659,18.659,32888,0
2015-02-26,12:10:00,18.808,18.877,18.808,18.877,748,0
2015-02-26,12:35:00,18.758,18.768,18.758,18.758,1114,0
2015-02-26,12:50:00,18.926,18.926,18.926,18.926,78,0
2015-02-26,13:15:00,18.788,18.788,18.778,18.778,10275,0
2015-02-26,13:25:00,18.857,18.857,18.857,18.857,1013,0
2015-02-26,13:30:00,18.857,18.857,18.857,18.857,195,0
2015-02-26,13:35:00,18.778,18.778,18.778,18.778,1013,0
2015-02-26,13:40:00,18.857,18.857,18.857,18.857,182,0
2015-02-26,13:45:00,18.857,18.857,18.857,18.857,506,0
2015-02-26,13:55:00,18.857,18.857,18.857,18.857,5064,0
2015-02-26,14:10:00,18.847,18.857,18.847,18.857,5014,0
2015-02-26,14:25:00,18.936,19.015,18.936,19.015,1803,0
2015-02-26,14:30:00,19.015,19.015,19.015,19.015,286,0
2015-02-26,16:50:00,19.054,19.054,19.054,19.054,3041,0
2015-02-27,09:15:00,19.054,19.054,19.054,19.054,157,0
2015-02-27,10:05:00,18.768,18.768,18.768,18.768,101,0
2015-02-27,10:35:00,19.015,19.054,19.015,19.054,499,0
2015-02-27,10:40:00,19.202,19.202,19.202,19.202,132,0
2015-02-27,11:05:00,19.202,19.202,19.202,19.202,105,0
2015-02-27,11:10:00,19.054,19.054,19.054,19.054,231,0
2015-02-27,11:20:00,19.202,19.202,19.202,19.202,1,0
2015-02-27,11:45:00,19.202,19.202,19.202,19.202,226,0
2015-02-27,11:55:00,19.202,19.439,19.202,19.439,758,0
2015-02-27,12:25:00,19.39,19.439,19.39,19.439,608,0
2015-02-27,12:50:00,19.439,19.449,19.439,19.449,23,0
2015-02-27,13:45:00,19.449,19.449,19.449,19.449,304,0
2015-02-27,13:50:00,19.449,19.499,19.449,19.499,222,0
2015-02-27,13:55:00,19.499,19.548,19.499,19.548,514,0
2015-02-27,14:00:00,19.351,19.351,19.351,19.351,203,0
2015-02-27,14:10:00,19.351,19.351,19.084,19.084,1164,0
2015-02-27,15:05:00,19.252,19.252,19.252,19.252,1,0
2015-02-27,15:20:00,19.084,19.084,19.074,19.074,608,0
2015-02-27,15:35:00,19.252,19.252,19.252,19.252,30,0
2015-02-27,15:45:00,19.153,19.153,19.153,19.153,304,0
2015-02-27,15:55:00,19.074,19.074,19.074,19.074,194,0
2015-02-27,16:05:00,19.153,19.538,19.153,19.538,141,0
2015-02-27,16:40:00,19.084,19.084,19.084,19.084,104,0
2015-02-27,16:45:00,19.528,19.528,19.528,19.528,1,0
2015-02-27,16:50:00,19.054,19.054,19.054,19.054,385,0
2015-03-02,09:05:00,19.528,19.528,19.528,19.528,8,0
2015-03-02,09:30:00,19.202,19.202,19.202,19.202,91,0
2015-03-02,09:40:00,19.252,19.252,19.252,19.252,135,0
2015-03-02,09:45:00,19.252,19.252,19.202,19.202,425,0
2015-03-02,09:55:00,19.252,19.252,19.252,19.252,51,0
2015-03-02,10:00:00,19.252,19.252,19.252,19.252,81,0
2015-03-02,10:15:00,19.252,19.252,19.252,19.252,1013,0
2015-03-02,10:50:00,19.252,19.489,19.252,19.489,158,0
2015-03-02,11:10:00,19.351,19.351,18.768,18.768,1519,0
2015-03-02,11:15:00,19.153,19.153,19.153,19.153,1,0
2015-03-02,12:20:00,18.956,18.956,18.956,18.956,81,0
2015-03-02,12:55:00,19.044,19.242,19.044,19.242,253,0
2015-03-02,13:55:00,19.242,19.242,19.242,19.242,115,0
2015-03-02,15:00:00,19.242,19.252,19.242,19.252,264,0
2015-03-02,15:05:00,19.252,19.252,19.252,19.252,158,0
2015-03-02,15:15:00,19.252,19.252,19.252,19.252,5,0
2015-03-02,15:25:00,19.252,19.252,19.252,19.252,172,0
2015-03-02,15:40:00,19.252,19.252,19.252,19.252,253,0
2015-03-02,15:50:00,19.252,19.252,19.252,19.252,51,0
2015-03-02,15:55:00,19.252,19.252,19.252,19.252,122,0
2015-03-02,16:50:00,19.252,19.252,19.252,19.252,101,0
2015-03-03,09:05:00,19.351,19.351,19.351,19.351,153,0
2015-03-03,09:10:00,19.351,19.351,19.351,19.351,110,0
2015-03-03,09:20:00,19.301,19.301,19.301,19.301,101,0
2015-03-03,09:25:00,19.351,19.351,19.351,19.351,62,0
2015-03-03,09:45:00,19.637,19.637,19.637,19.637,1,0
2015-03-03,10:00:00,19.351,19.351,19.252,19.252,836,0
2015-03-03,10:55:00,19.627,19.627,19.627,19.627,1,0
2015-03-03,13:05:00,19.627,19.627,19.627,19.627,55,0
2015-03-03,13:45:00,19.351,19.351,19.301,19.301,15193,0
2015-03-03,13:55:00,19.351,19.597,19.351,19.597,91,0
2015-03-03,15:40:00,19.351,19.351,19.301,19.301,6381,0
2015-03-03,16:35:00,19.43,19.43,19.43,19.43,1,0
2015-03-03,16:40:00,19.331,19.331,19.321,19.321,3050,0
2015-03-03,16:50:00,19.351,19.351,19.351,19.351,1924,0
2015-03-04,09:45:00,19.43,19.43,19.43,19.43,1,0
2015-03-04,10:45:00,19.351,19.351,19.351,19.351,51,0
2015-03-04,10:55:00,19.351,19.351,19.351,19.351,125,0
2015-03-04,11:20:00,19.351,19.351,19.351,19.351,27,0
2015-03-04,11:35:00,19.252,19.252,19.252,19.252,70,0
2015-03-04,12:10:00,19.252,19.252,19.252,19.252,98,0
2015-03-04,14:10:00,19.4,19.449,19.4,19.449,742,0
2015-03-04,14:50:00,19.449,19.449,19.449,19.449,213,0
2015-03-04,15:00:00,19.449,19.449,19.449,19.449,52,0
2015-03-04,16:50:00,19.726,19.726,19.726,19.726,1,0
2015-03-05,09:05:00,19.726,19.726,19.726,19.726,144,0
2015-03-05,09:35:00,19.726,19.726,19.726,19.726,10,0
2015-03-05,09:50:00,19.726,19.726,19.726,19.726,101,0
2015-03-05,10:15:00,19.716,19.736,19.716,19.736,709,0
2015-03-05,12:10:00,19.706,19.745,19.706,19.745,860,0
2015-03-05,12:15:00,19.745,19.745,19.745,19.745,1976,0
2015-03-05,12:25:00,19.943,19.943,19.745,19.745,223,0
2015-03-05,12:50:00,19.943,19.943,19.943,19.943,20,0
2015-03-05,13:10:00,19.745,19.745,19.745,19.745,101,0
2015-03-05,14:00:00,19.745,19.745,19.745,19.745,51,0
2015-03-05,14:15:00,19.647,19.647,19.647,19.647,82,0
2015-03-05,15:40:00,19.647,19.736,19.647,19.736,121,0
2015-03-05,15:50:00,19.736,19.736,19.736,19.736,81,0
2015-03-05,16:50:00,19.736,19.745,19.736,19.745,3039,0
2015-03-06,09:30:00,19.745,19.745,19.745,19.745,1013,0
2015-03-09,09:05:00,19.745,19.745,19.745,19.745,51,0
2015-03-09,09:45:00,19.459,19.459,19.459,19.459,51,0
2015-03-09,16:45:00,19.647,19.696,19.647,19.696,203,0
2015-03-10,11:05:00,19.696,19.696,19.696,19.696,127,0
2015-03-10,11:15:00,19.469,19.469,19.459,19.459,864,0
2015-03-10,13:50:00,19.262,19.262,19.262,19.262,81,0
2015-03-10,14:20:00,19.489,19.489,19.489,19.489,1,0
2015-03-11,09:05:00,18.857,18.857,18.857,18.857,138,0
2015-03-11,09:25:00,19.054,19.054,19.054,19.054,51,0
2015-03-11,11:25:00,19.736,19.736,19.736,19.736,24,0
2015-03-11,11:45:00,19.548,19.736,19.548,19.736,73,0
2015-03-11,12:10:00,19.736,19.745,19.736,19.745,324,0
2015-03-11,12:15:00,19.252,19.252,19.252,19.252,304,0
2015-03-11,12:55:00,19.005,19.005,18.906,18.906,1159,0
2015-03-11,16:35:00,19.222,19.222,19.222,19.222,1,0
2015-03-11,16:50:00,19.232,19.232,19.232,19.232,1013,0
2015-03-12,09:20:00,19.351,20.14,19.351,20.14,59,0
2015-03-12,16:45:00,19.4,19.745,19.4,19.745,1004,0
2015-03-13,09:05:00,19.745,19.745,19.745,19.745,81,0
2015-03-13,09:10:00,19.745,19.745,19.745,19.745,390,0
2015-03-13,09:25:00,19.745,19.745,19.745,19.745,45,0
2015-03-13,09:40:00,20.14,20.14,20.14,20.14,1,0
2015-03-13,10:15:00,20.14,20.14,20.14,20.14,203,0
2015-03-13,10:25:00,20.13,20.14,20.13,20.14,1013,0
2015-03-13,10:30:00,19.745,19.745,19.745,19.745,506,0
2015-03-13,12:10:00,19.745,19.745,19.745,19.745,324,0
2015-03-13,15:15:00,20.121,20.121,20.121,20.121,1,0
2015-03-13,16:30:00,20.121,20.121,20.121,20.121,30,0
2015-03-16,10:25:00,19.745,19.745,19.745,19.745,101,0
2015-03-16,10:45:00,19.745,19.745,19.745,19.745,25,0
2015-03-16,11:45:00,19.745,19.745,19.745,19.745,101,0
2015-03-16,11:50:00,19.745,19.745,19.745,19.745,21,0
2015-03-16,12:30:00,19.745,19.745,19.745,19.745,127,0
2015-03-16,14:35:00,20.121,20.121,20.121,20.121,4,0
2015-03-17,10:55:00,20.042,20.042,20.042,20.042,101,0
2015-03-17,13:00:00,20.101,20.101,20.101,20.101,101,0
2015-03-17,14:05:00,20.042,20.121,20.042,20.121,3068,0
2015-03-17,14:25:00,20.121,20.121,20.121,20.121,51,0
2015-03-17,15:10:00,20.121,20.121,20.121,20.121,49,0
2015-03-17,16:50:00,20.121,20.121,20.121,20.121,434,0
2015-03-18,14:40:00,20.121,20.121,20.121,20.121,241,0
2015-03-18,14:45:00,20.121,20.121,20.121,20.121,101,0
2015-03-18,14:50:00,20.18,20.397,20.18,20.397,676,0
2015-03-18,15:05:00,20.397,20.397,20.397,20.397,203,0
2015-03-18,15:40:00,20.634,20.634,20.634,20.634,91,0
2015-03-18,15:55:00,20.634,20.634,20.634,20.634,203,0
2015-03-18,16:10:00,20.644,20.644,20.644,20.644,51,0
2015-03-18,16:30:00,21.216,21.216,21.216,21.216,1,0
2015-03-18,16:40:00,21.226,21.226,21.226,21.226,46,0
2015-03-19,09:05:00,21.226,21.226,21.226,21.226,19,0
2015-03-19,09:10:00,21.226,21.226,21.226,21.226,50,0
2015-03-19,12:55:00,20.802,20.802,20.733,20.733,122,0
2015-03-19,13:35:00,21.098,21.098,21.098,21.098,1,0
2015-03-19,13:55:00,20.733,20.733,20.733,20.733,132,0
2015-03-19,14:50:00,20.733,20.733,20.733,20.733,71,0
2015-03-19,14:55:00,21.098,21.118,21.098,21.118,203,0
2015-03-19,15:25:00,21.078,21.226,21.078,21.226,506,0
2015-03-19,16:35:00,21.226,21.226,21.226,21.226,101,0
2015-03-19,16:50:00,21.216,21.216,21.216,21.216,35,0
2015-03-20,09:05:00,21.671,21.671,21.671,21.671,387,0
2015-03-20,09:10:00,21.671,21.671,21.671,21.671,203,0
2015-03-20,09:15:00,21.71,21.937,21.71,21.937,20,0
2015-03-20,09:40:00,21.908,21.908,21.908,21.908,203,0
2015-03-20,09:45:00,21.671,21.671,21.671,21.671,312,0
2015-03-20,10:20:00,21.671,21.671,21.671,21.671,220,0
2015-03-20,10:40:00,21.908,21.908,21.908,21.908,158,0
2015-03-20,11:00:00,21.671,21.671,21.671,21.671,30,0
2015-03-20,11:15:00,21.671,21.671,21.671,21.671,652,0
2015-03-20,12:10:00,21.671,21.671,21.671,21.671,110,0
2015-03-20,13:45:00,21.325,21.325,21.325,21.325,304,0
2015-03-20,13:50:00,21.71,21.72,21.71,21.72,405,0
2015-03-20,14:35:00,21.71,21.71,21.71,21.71,35,0
2015-03-20,16:00:00,21.71,21.71,21.71,21.71,19,0
2015-03-20,16:20:00,21.71,21.71,21.71,21.71,506,0
2015-03-23,09:05:00,21.7,21.7,21.7,21.7,233,0
2015-03-23,09:15:00,21.7,21.72,21.7,21.72,80,0
2015-03-23,09:35:00,22.204,22.214,22.204,22.214,267,0
2015-03-23,10:10:00,21.917,21.917,21.917,21.917,101,0
2015-03-23,11:05:00,21.72,21.72,21.72,21.72,101,0
2015-03-23,11:10:00,21.72,21.72,21.72,21.72,21,0
2015-03-23,11:20:00,21.72,21.72,21.72,21.72,25,0
2015-03-23,11:35:00,21.236,21.236,21.128,21.128,590,0
2015-03-23,11:40:00,20.288,20.288,19.943,19.943,258,0
2015-03-23,11:45:00,19.627,19.637,19.627,19.637,205,0
2015-03-23,12:25:00,19.894,20.634,19.894,20.634,76,0
2015-03-23,12:30:00,20.683,20.683,20.683,20.683,10,0
2015-03-23,12:40:00,20.733,20.733,20.733,20.733,41,0
2015-03-23,13:00:00,20.733,20.733,20.733,20.733,172,0
2015-03-23,13:20:00,21.029,21.029,21.029,21.029,25,0
2015-03-23,14:15:00,21.029,21.71,21.029,21.71,101,0
2015-03-23,15:30:00,20.417,20.417,20.417,20.417,213,0
2015-03-23,15:55:00,20.427,20.427,20.427,20.427,56,0
2015-03-23,16:35:00,20.585,20.585,20.585,20.585,102,0
2015-03-23,16:40:00,21.108,21.108,21.108,21.108,12,0
2015-03-23,16:45:00,21.098,21.108,21.098,21.108,444,0
2015-03-23,16:50:00,21.592,21.71,21.592,21.71,875,0
2015-03-24,15:15:00,21.69,21.71,21.69,21.71,5064,0
2015-03-24,16:30:00,21.71,21.71,21.71,21.71,106,0
2015-03-24,16:50:00,21.72,21.72,21.72,21.72,224,0
2015-03-25,09:30:00,21.72,21.72,21.72,21.72,61,0
2015-03-25,09:55:00,22.066,22.066,22.066,22.066,61,0
2015-03-25,10:15:00,21.72,21.72,21.72,21.72,405,0
2015-03-25,10:20:00,21.72,21.72,21.72,21.72,304,0
2015-03-25,12:00:00,21.72,21.72,21.72,21.72,51,0
2015-03-25,13:50:00,21.72,21.72,21.72,21.72,465,0
2015-03-25,14:05:00,21.72,21.72,21.72,21.72,143,0
2015-03-25,14:50:00,21.236,21.236,21.236,21.236,1249,0
2015-03-25,15:00:00,21.246,21.246,21.246,21.246,30,0
2015-03-25,15:05:00,21.256,21.256,21.256,21.256,19,0
2015-03-25,15:10:00,21.276,21.276,21.276,21.276,161,0
2015-03-25,16:05:00,21.276,21.71,21.276,21.71,249,0
2015-03-25,16:10:00,21.71,21.72,21.71,21.72,995,0
2015-03-25,16:40:00,22.066,22.066,22.066,22.066,506,0
2015-03-25,16:50:00,22.066,22.066,22.066,22.066,26,0
2015-03-26,09:50:00,21.029,21.71,20.733,21.71,4669,0
2015-03-26,16:40:00,21.216,21.216,21.216,21.216,2,0
2015-03-26,16:50:00,21.177,21.177,21.177,21.177,1479,0
2015-03-27,09:05:00,20.743,21.671,20.743,21.671,182,0
2015-03-27,11:20:00,21.572,21.572,21.572,21.572,26,0
2015-03-27,16:50:00,21.276,21.276,21.276,21.276,1013,0
2015-03-30,09:05:00,21.71,21.71,21.71,21.71,48,0
2015-03-30,14:20:00,21.671,21.671,21.671,21.671,30,0
2015-03-30,16:50:00,21.157,21.7,21.157,21.7,683,0
2015-03-31,09:15:00,21.7,21.72,21.7,21.72,481,0
2015-03-31,10:20:00,21.394,21.394,21.394,21.394,127,0
2015-03-31,15:20:00,21.671,22.016,21.671,22.016,390,0
2015-03-31,15:40:00,21.759,21.759,21.759,21.759,2,0
2015-03-31,15:45:00,21.779,21.779,21.779,21.779,4,0
2015-03-31,15:50:00,21.779,21.779,21.759,21.759,304,0
2015-03-31,16:50:00,22.194,22.204,22.194,22.204,564,0
2015-04-01,09:05:00,22.204,22.204,22.204,22.204,40,0
2015-04-01,10:15:00,22.204,22.263,22.204,22.263,1125,0
2015-04-01,10:45:00,22.312,22.312,22.312,22.312,152,0
2015-04-01,10:55:00,22.895,22.895,22.895,22.895,15,0
2015-04-01,12:40:00,22.678,22.678,22.678,22.678,10,0
2015-04-01,13:00:00,22.204,22.204,22.204,22.204,268,0
2015-04-01,13:15:00,22.204,22.204,22.204,22.204,30,0
2015-04-01,13:25:00,22.214,22.214,22.214,22.214,71,0
2015-04-01,13:55:00,22.214,22.214,22.214,22.214,30,0
2015-04-01,14:05:00,22.243,22.243,22.243,22.243,10,0
2015-04-01,14:40:00,22.668,22.707,22.668,22.707,3039,0
2015-04-01,15:35:00,22.697,22.806,22.697,22.806,10466,0
2015-04-01,16:50:00,22.707,22.707,22.707,22.707,1317,0
2015-04-02,09:10:00,22.905,22.905,22.905,22.905,30,0
2015-04-02,09:20:00,22.905,22.905,22.905,22.905,152,0
2015-04-02,09:55:00,23.003,23.003,23.003,23.003,304,0
2015-04-02,10:45:00,22.905,22.905,22.806,22.806,798,0
2015-04-02,10:50:00,22.806,22.806,22.806,22.806,10129,0
2015-04-02,11:00:00,22.806,22.806,22.806,22.806,10245,0
2015-04-02,11:10:00,22.816,22.816,22.816,22.816,10,0
2015-04-02,11:30:00,23.003,23.497,23.003,23.497,86,0
2015-04-02,11:40:00,22.905,23.497,22.905,23.497,51,0
2015-04-02,12:10:00,23.497,23.596,23.497,23.596,564,0
2015-04-02,12:15:00,23.596,23.596,23.596,23.596,184,0
2015-04-02,12:25:00,23.596,23.596,23.596,23.596,46,0
2015-04-02,12:30:00,23.596,23.596,23.596,23.596,290,0
2015-04-02,12:35:00,23.596,24.139,23.596,24.139,101,0
2015-04-02,12:40:00,24.139,24.178,24.139,24.178,101,0
2015-04-02,14:00:00,24.07,24.07,24.07,24.07,21,0
2015-04-02,14:05:00,24.07,24.07,24.07,24.07,181,0
2015-04-02,14:50:00,24.07,24.07,24.07,24.07,101,0
2015-04-02,15:50:00,23.695,23.695,23.695,23.695,11750,0
2015-04-02,16:35:00,23.695,23.695,23.695,23.695,149,0
2015-04-07,09:05:00,23.695,23.695,23.695,23.695,3054,0
2015-04-07,09:15:00,24.08,24.178,24.08,24.178,127,0
2015-04-07,09:20:00,24.178,24.178,24.178,24.178,80,0
2015-04-07,09:25:00,24.632,24.632,24.632,24.632,21,0
2015-04-07,09:45:00,23.695,23.695,23.695,23.695,267,0
2015-04-07,14:05:00,23.695,24.356,23.695,24.356,6867,0
2015-04-07,16:45:00,24.356,24.356,24.356,24.356,36,0
2015-04-07,16:50:00,23.803,23.803,23.803,23.803,203,0
2015-04-08,09:05:00,24.188,24.188,24.188,24.188,32,0
2015-04-08,09:15:00,24.188,24.484,24.188,24.484,20,0
2015-04-08,10:05:00,24.198,24.198,24.188,24.188,117,0
2015-04-08,10:35:00,24.287,24.366,24.287,24.366,3039,0
2015-04-08,11:20:00,24.366,24.366,24.366,24.366,152,0
2015-04-08,11:35:00,24.336,24.386,24.336,24.386,1333,0
2015-04-08,13:55:00,24.386,24.484,24.386,24.484,476,0
2015-04-08,14:00:00,24.287,24.287,24.287,24.287,101,0
2015-04-08,14:15:00,24.287,24.287,24.287,24.287,61,0
2015-04-08,14:55:00,24.287,24.484,24.287,24.484,114,0
2015-04-08,15:20:00,24.484,24.484,24.484,24.484,1149,0
2015-04-08,15:45:00,24.287,24.287,24.287,24.287,5308,0
2015-04-08,16:40:00,24.336,24.336,24.287,24.287,506,0
2015-04-08,16:50:00,24.623,24.623,24.623,24.623,61,0
2015-04-09,09:05:00,24.623,24.623,24.623,24.623,40,0
2015-04-09,09:45:00,24.405,24.405,24.405,24.405,126,0
2015-04-09,10:05:00,24.188,24.188,24.188,24.188,801,0
2015-04-09,10:55:00,24.208,24.208,24.188,24.188,10039,0
2015-04-09,11:00:00,24.198,24.198,24.188,24.188,5437,0
2015-04-09,11:20:00,24.188,24.188,24.188,24.188,887,0
2015-04-09,11:35:00,24.188,24.188,24.188,24.188,101,0
2015-04-09,11:40:00,24.188,24.188,24.188,24.188,41,0
2015-04-09,12:20:00,24.188,24.524,24.188,24.524,82,0
2015-04-09,13:15:00,24.534,24.534,24.534,24.534,34,0
2015-04-09,15:00:00,24.376,24.376,24.376,24.376,23,0
2015-04-09,15:05:00,24.188,24.188,24.188,24.188,181,0
2015-04-09,15:30:00,24.376,24.386,24.376,24.386,157,0
2015-04-09,16:25:00,24.553,24.623,24.553,24.623,3030,0
2015-04-10,09:05:00,24.632,24.682,24.632,24.682,731,0
2015-04-10,10:25:00,24.682,24.682,24.682,24.682,13,0
2015-04-10,10:50:00,24.682,24.869,24.682,24.869,149,0
2015-04-10,10:55:00,24.978,24.978,24.978,24.978,12,0
2015-04-10,11:05:00,24.682,25.146,24.632,25.146,281,0
2015-04-10,12:25:00,24.731,24.731,24.731,24.731,27,0
2015-04-10,12:55:00,24.978,25.146,24.978,25.146,101,0
2015-04-10,13:30:00,25.146,25.175,25.146,25.175,15974,0
2015-04-10,14:30:00,24.761,24.761,24.741,24.741,77,0
2015-04-10,15:45:00,25.166,25.166,25.166,25.166,17,0
2015-04-10,16:10:00,25.146,25.146,25.146,25.146,59,0
2015-04-10,16:15:00,25.077,25.077,25.077,25.077,41,0
2015-04-10,16:50:00,25.077,25.175,25.077,25.175,1553,0
2015-04-13,09:05:00,25.57,25.57,25.57,25.57,150,0
2015-04-13,09:10:00,25.521,25.521,25.521,25.521,20258,0
2015-04-13,09:15:00,25.57,25.57,25.57,25.57,506,0
2015-04-13,10:10:00,25.57,25.57,25.57,25.57,467,0
2015-04-13,10:45:00,25.58,25.58,25.235,25.235,608,0
2015-04-13,10:50:00,25.185,25.185,25.175,25.175,506,0
2015-04-13,10:55:00,25.511,25.521,25.511,25.521,7083,0
2015-04-13,12:25:00,25.521,25.521,25.521,25.521,101,0
2015-04-13,12:55:00,25.521,25.521,25.521,25.521,41,0
2015-04-13,13:00:00,25.175,25.175,25.175,25.175,81,0
2015-04-13,13:55:00,25.175,25.175,24.603,24.682,1336,0
2015-04-13,14:00:00,24.682,24.682,24.682,24.682,159,0
2015-04-13,14:05:00,24.603,24.603,23.813,23.813,1144,0
2015-04-13,15:05:00,24.08,24.08,24.08,24.08,133,0
2015-04-13,15:15:00,24.188,24.188,24.188,24.188,103,0
2015-04-13,15:30:00,23.862,23.862,23.813,23.813,314,0
2015-04-13,15:45:00,24.04,24.04,24.04,24.04,101,0
2015-04-13,16:05:00,24.583,24.583,24.583,24.583,7,0
2015-04-13,16:25:00,24.04,24.04,24.04,24.04,170,0
2015-04-13,16:30:00,23.912,23.912,23.892,23.892,304,0
2015-04-13,16:50:00,23.398,23.398,23.398,23.398,1319,0
2015-04-14,09:05:00,23.398,23.685,23.398,23.685,206,0
2015-04-14,09:10:00,23.566,23.566,23.566,23.566,810,0
2015-04-14,09:30:00,23.201,23.537,23.201,23.537,111,0
2015-04-14,09:55:00,23.537,23.695,23.537,23.695,51,0
2015-04-14,10:15:00,23.695,23.695,23.695,23.695,34,0
2015-04-14,10:55:00,23.3,23.695,23.3,23.695,307,0
2015-04-14,11:50:00,23.685,23.685,23.685,23.685,101,0
2015-04-14,16:10:00,23.3,23.3,23.3,23.3,506,0
2015-04-14,16:50:00,23.576,23.576,23.576,23.576,10,0
2015-04-15,09:05:00,23.546,23.546,23.546,23.546,95,0
2015-04-15,12:50:00,23.497,23.546,23.497,23.546,160,0
2015-04-16,12:10:00,23.102,23.487,23.102,23.487,22,0
2015-04-16,15:45:00,22.974,23.487,22.717,23.487,712,0
2015-04-17,09:45:00,23.152,23.152,23.152,23.152,46,0
2015-04-17,10:00:00,23.152,23.152,23.152,23.152,51,0
2015-04-17,10:30:00,23.152,23.152,23.152,23.152,56,0
2015-04-17,11:40:00,22.737,22.737,22.707,22.707,248,0
2015-04-17,12:05:00,22.707,22.707,22.312,22.312,161,0
2015-04-17,12:55:00,22.411,22.411,22.312,22.312,405,0
2015-04-17,13:00:00,23.003,23.003,23.003,23.003,30,0
2015-04-17,14:25:00,22.411,22.411,22.411,22.411,45,0
2015-04-17,14:35:00,22.905,22.905,22.905,22.905,3,0
2015-04-17,15:35:00,22.233,23.053,21.829,23.053,102,0
2015-04-17,16:50:00,23.053,23.053,23.053,23.053,45,0
2015-04-20,09:20:00,22.312,22.707,22.312,22.707,102,0
2015-04-20,09:45:00,22.806,22.806,22.806,22.806,10,0
2015-04-20,09:55:00,22.796,22.796,22.796,22.796,87,0
2015-04-20,11:05:00,22.845,22.845,22.845,22.845,101,0
2015-04-20,11:20:00,23.023,23.023,23.023,23.023,10,0
2015-04-20,12:20:00,23.013,23.013,23.013,23.013,20,0
2015-04-20,15:10:00,23.013,23.013,23.013,23.013,51,0
2015-04-21,09:05:00,22.895,22.895,22.895,22.895,41,0
2015-04-21,11:55:00,22.796,22.796,22.796,22.796,19,0
2015-04-21,12:40:00,22.609,22.609,22.609,22.609,1,0
2015-04-21,12:45:00,22.411,22.411,22.411,22.411,1,0
2015-04-21,12:55:00,22.342,22.757,22.342,22.757,100,0
2015-04-21,13:45:00,22.391,22.391,22.391,22.391,1,0
2015-04-21,13:55:00,22.391,22.391,22.391,22.391,101,0
2015-04-21,14:50:00,22.362,22.362,22.135,22.135,517,0
2015-04-21,15:00:00,22.135,22.135,22.135,22.135,41,0
2015-04-21,15:45:00,22.391,22.391,22.391,22.391,30,0
2015-04-21,16:50:00,22.391,22.391,22.391,22.391,1013,0
2015-04-22,09:05:00,21.444,21.72,21.444,21.72,150,0
2015-04-22,09:15:00,21.72,21.72,21.72,21.72,30,0
2015-04-22,09:30:00,21.72,21.72,21.72,21.72,19,0
2015-04-22,09:45:00,21.621,22.016,21.621,22.016,506,0
2015-04-22,09:55:00,21.523,21.523,21.473,21.473,1060,0
2015-04-22,10:30:00,21.72,21.72,21.513,21.513,314,0
2015-04-22,10:35:00,21.513,21.513,21.473,21.473,820,0
2015-04-22,11:20:00,21.523,21.523,21.473,21.473,220,0
2015-04-22,11:30:00,21.473,21.473,21.473,21.473,203,0
2015-04-22,11:35:00,21.473,21.473,21.473,21.473,1013,0
2015-04-22,13:40:00,21.483,21.483,21.473,21.473,405,0
2015-04-22,14:40:00,21.473,21.473,21.473,21.473,3,0
2015-04-22,14:50:00,21.473,21.473,21.473,21.473,768,0
2015-04-22,16:50:00,21.473,21.473,21.473,21.473,2294,0
2015-04-23,09:05:00,21.128,21.128,21.128,21.128,537,0
2015-04-23,09:20:00,21.029,21.029,21.029,21.029,41,0
2015-04-23,11:50:00,21.029,21.029,21.029,21.029,41,0
2015-04-23,12:15:00,20.97,20.97,20.901,20.901,153,0
2015-04-23,12:55:00,20.901,20.901,20.901,20.901,50,0
2015-04-23,13:25:00,21.029,21.029,21.029,21.029,51,0
2015-04-23,13:30:00,20.851,20.851,20.851,20.851,33,0
2015-04-23,15:55:00,20.841,20.841,20.841,20.841,101,0
2015-04-23,16:10:00,21.029,21.878,21.029,21.878,3078,0
2015-04-23,16:35:00,22.253,22.253,22.253,22.253,10,0
2015-04-24,09:05:00,22.214,22.214,22.214,22.214,4,0
2015-04-24,11:10:00,22.016,22.016,22.016,22.016,45,0
2015-04-24,15:25:00,21.602,21.602,21.434,21.434,57,0
2015-04-24,15:30:00,22.184,22.184,22.184,22.184,20,0
2015-04-24,16:50:00,22.174,22.204,22.174,22.204,62,0
2015-04-27,11:30:00,21.621,21.621,21.621,21.621,3,0
2015-04-27,11:40:00,22.154,22.154,22.154,22.154,3,0
2015-04-27,14:50:00,21.621,21.621,21.621,21.621,40,0
2015-04-27,15:50:00,22.135,22.135,22.135,22.135,2,0
2015-04-27,16:50:00,22.145,22.145,22.145,22.145,2,0
2015-04-28,09:05:00,21.819,22.391,21.819,22.391,52,0
2015-04-28,09:10:00,22.391,22.391,22.391,22.391,203,0
2015-04-28,10:55:00,22.293,22.293,22.293,22.293,91,0
2015-04-28,14:45:00,21.898,21.898,21.898,21.898,23,0
2015-04-28,15:05:00,22.105,22.105,22.105,22.105,1,0
2015-04-28,16:30:00,21.927,21.927,21.898,21.898,413,0
2015-04-28,16:35:00,22.145,22.145,22.145,22.145,10,0
2015-04-28,16:50:00,21.819,21.819,21.819,21.819,59,0
2015-04-29,09:05:00,21.72,21.72,21.177,21.177,213,0
2015-04-29,09:10:00,20.743,21.602,20.743,21.602,829,0
2015-04-29,11:35:00,21.523,21.72,21.523,21.72,3644,0
2015-04-29,13:20:00,22.006,22.006,22.006,22.006,19,0
2015-04-29,13:40:00,21.799,21.819,21.799,21.819,51,0
2015-04-29,16:50:00,22.381,22.381,22.381,22.381,189,0
2015-04-30,12:20:00,22.214,22.214,22.214,22.214,126,0
2015-04-30,13:50:00,22.391,22.451,22.391,22.451,38,0
2015-04-30,14:15:00,22.312,22.312,22.312,22.312,23,0
2015-04-30,15:00:00,22.451,22.451,22.451,22.451,182,0
2015-04-30,15:40:00,22.451,22.451,22.451,22.451,203,0
2015-04-30,16:50:00,22.451,22.451,22.451,22.451,342,0
2015-05-04,10:20:00,22.214,22.214,22.214,22.214,61,0
2015-05-04,10:25:00,20.861,21.611,20.861,21.611,338,0
2015-05-04,10:55:00,22.016,22.016,22.016,22.016,11,0
2015-05-04,11:50:00,21.72,21.72,21.72,21.72,256,0
2015-05-04,13:05:00,22.214,22.214,22.214,22.214,446,0
2015-05-04,15:00:00,22.451,22.451,22.451,22.451,35,0
2015-05-04,16:05:00,22.214,22.214,22.214,22.214,165,0
2015-05-04,16:45:00,22.214,22.214,22.214,22.214,17,0
2015-05-04,16:50:00,22.214,22.214,22.214,22.214,41,0
2015-05-05,10:45:00,22.164,22.164,22.164,22.164,14,0
2015-05-05,15:15:00,22.095,22.214,22.095,22.214,2001,0
2015-05-06,13:40:00,21.769,21.769,21.769,21.769,555,0
2015-05-06,16:50:00,22.451,22.451,22.451,22.451,15,0
2015-05-07,09:15:00,22.451,22.451,22.451,22.451,101,0
2015-05-07,10:15:00,22.411,22.411,22.411,22.411,41,0
2015-05-07,16:50:00,22.362,22.362,22.362,22.362,5,0
2015-05-08,10:40:00,22.016,22.016,22.016,22.016,10,0
2015-05-08,11:05:00,22.016,22.016,22.016,22.016,102,0
2015-05-08,12:45:00,22.214,22.214,22.214,22.214,203,0
2015-05-08,15:45:00,22.391,22.391,22.391,22.391,304,0
2015-05-11,09:25:00,22.036,22.036,22.036,22.036,79,0
2015-05-11,16:45:00,22.451,22.451,22.451,22.451,101,0
2015-05-12,15:15:00,22.451,22.451,22.451,22.451,46,0
2015-05-13,13:00:00,22.026,22.026,21.789,21.789,203,0
2015-05-13,16:40:00,22.401,22.411,22.401,22.411,203,0
2015-05-13,16:50:00,22.401,22.401,22.401,22.401,35,0
2015-05-15,11:10:00,21.799,22.401,21.72,22.401,2279,0
2015-05-15,16:10:00,22.401,22.401,22.401,22.401,71,0
2015-05-15,16:50:00,22.451,22.451,22.451,22.451,253,0
2015-05-18,09:05:00,21.71,22.401,21.71,22.401,76,0
2015-05-18,11:10:00,22.401,22.401,21.779,21.779,25,0
2015-05-18,11:55:00,21.769,21.769,21.769,21.769,81,0
2015-05-18,14:45:00,21.769,21.769,21.72,21.72,7090,0
2015-05-18,14:50:00,21.72,21.72,21.72,21.72,1004,0
2015-05-18,15:55:00,21.72,21.72,21.72,21.72,131,0
2015-05-18,16:45:00,21.7,22.115,21.7,22.115,280,0
2015-05-18,16:50:00,22.214,22.214,22.214,22.214,2026,0
2015-05-20,09:05:00,21.819,21.819,21.819,21.819,203,0
2015-05-20,09:30:00,21.819,21.819,21.819,21.819,152,0
2015-05-20,09:35:00,21.769,21.769,21.769,21.769,101,0
2015-05-20,09:45:00,21.819,21.819,21.819,21.819,253,0
2015-05-20,10:15:00,21.819,21.819,21.819,21.819,253,0
2015-05-20,12:35:00,21.769,21.769,21.769,21.769,158,0
2015-05-20,12:45:00,21.759,21.819,21.759,21.819,291,0
2015-05-20,16:45:00,21.917,22.115,21.917,22.115,304,0
2015-05-20,16:50:00,22.204,22.204,22.204,22.204,709,0
2015-05-21,16:10:00,22.026,22.026,22.026,22.026,101,0
2015-05-25,10:20:00,22.184,22.184,22.184,22.184,51,0
2015-05-25,10:55:00,21.226,21.226,21.226,21.226,263,0
2015-05-25,13:40:00,21.226,21.226,21.226,21.226,30,0
2015-05-25,13:55:00,21.226,21.226,21.226,21.226,91,0
2015-05-25,16:25:00,21.226,21.226,21.138,21.138,507,0
2015-05-25,16:35:00,21.996,21.996,21.996,21.996,5,0
2015-05-25,16:50:00,22.115,22.115,22.115,22.115,1013,0
2015-05-26,09:35:00,22.115,22.115,22.115,22.115,20,0
2015-05-26,10:05:00,21.72,21.72,21.72,21.72,213,0
2015-05-26,11:40:00,21.72,21.72,21.72,21.72,20,0
2015-05-26,15:40:00,21.72,21.72,21.72,21.72,30,0
2015-05-26,16:40:00,21.917,21.917,21.917,21.917,35,0
2015-05-26,16:50:00,22.401,22.401,22.401,22.401,304,0
2015-05-27,09:05:00,22.411,22.411,22.411,22.411,5,0
2015-05-27,13:55:00,21.917,21.917,21.917,21.917,25,0
2015-05-27,16:50:00,22.391,22.391,22.391,22.391,152,0
2015-05-29,13:05:00,22.214,22.214,22.214,22.214,26,0
2015-05-29,14:55:00,22.214,22.214,22.214,22.214,101,0
2015-06-02,16:45:00,21.345,21.345,21.345,21.345,91,0
2015-06-02,16:50:00,21.345,21.345,21.345,21.345,91,0
2015-06-03,09:05:00,20.98,20.98,20.98,20.98,42,0
2015-06-03,13:40:00,20.98,20.98,20.98,20.98,62,0
2015-06-03,13:55:00,20.98,20.98,20.98,20.98,41,0
2015-06-03,14:35:00,20.98,20.98,20.98,20.98,9,0
2015-06-03,16:50:00,20.891,20.891,20.891,20.891,71,0
2015-06-05,09:15:00,22.401,22.401,22.401,22.401,10,0
2015-06-05,09:55:00,22.283,22.283,22.283,22.283,41,0
2015-06-05,11:00:00,21.621,21.621,21.621,21.621,101,0
2015-06-05,14:30:00,21.246,21.246,21.226,21.226,203,0
2015-06-08,09:05:00,21.128,21.769,21.128,21.769,210,0
2015-06-08,09:20:00,21.128,21.128,21.128,21.128,69,0
2015-06-08,12:15:00,21.404,21.404,21.404,21.404,5,0
2015-06-08,12:35:00,21.226,21.404,21.226,21.404,296,0
2015-06-08,13:35:00,21.226,21.226,21.226,21.226,362,0
2015-06-08,13:40:00,20.91,20.91,20.733,20.733,918,0
2015-06-08,13:55:00,20.733,20.733,20.545,20.545,2,0
2015-06-08,14:00:00,20.545,20.545,19.262,19.745,1418,0
2015-06-08,14:25:00,19.775,19.775,19.054,19.054,799,0
2015-06-08,14:35:00,19.015,19.015,19.015,19.015,69,0
2015-06-08,15:00:00,19.064,19.064,19.054,19.054,186,0
2015-06-08,15:05:00,19.054,19.252,19.054,19.252,203,0
2015-06-08,15:10:00,19.617,19.617,19.617,19.617,11,0
2015-06-08,15:20:00,19.548,20.032,19.548,20.032,629,0
2015-06-08,15:25:00,19.982,20.328,19.943,20.328,1817,0
2015-06-08,16:15:00,20.2,20.2,20.2,20.2,5,0
2015-06-08,16:35:00,20.14,20.14,20.14,20.14,405,0
2015-06-08,16:40:00,20.2,20.328,20.2,20.328,30,0
2015-06-08,16:50:00,20.14,21.226,20.14,21.226,2020,0
2015-06-09,09:05:00,20.752,20.752,20.752,20.752,270,0
2015-06-09,12:25:00,20.752,20.752,20.752,20.752,76,0
2015-06-09,15:55:00,20.604,20.733,20.604,20.733,81,0
2015-06-09,16:50:00,21.177,21.177,21.177,21.177,468,0
2015-06-10,16:50:00,21.72,21.72,21.72,21.72,279,0
2015-06-12,09:15:00,20.56,20.56,20.55,20.55,156,0
2015-06-12,09:20:00,21.01,21.01,21.01,21.01,10,0
2015-06-12,09:50:00,21.72,21.72,21.72,21.72,50,0
2015-06-12,10:55:00,21.1,21.1,21.1,21.1,49,0
2015-06-12,11:10:00,21.69,21.69,21.69,21.69,8,0
2015-06-12,11:15:00,21.69,21.69,21.69,21.69,22,0
2015-06-12,11:20:00,21.69,21.69,21.69,21.69,17,0
2015-06-12,16:50:00,21.16,21.16,21.16,21.16,40,0
2015-06-15,09:05:00,21.16,21.16,21.16,21.16,171,0
2015-06-15,11:45:00,21.16,21.16,21.16,21.16,119,0
2015-06-15,13:40:00,21.2,21.2,21.2,21.2,101,0
2015-06-15,16:50:00,20.8,20.8,20.64,20.64,113,0
2015-06-16,11:10:00,20.23,20.4,20.23,20.31,1411,0
2015-06-16,13:35:00,21.2,21.2,20.56,21.2,43,0
2015-06-16,16:10:00,21.2,21.2,21.2,21.2,14,0
2015-06-16,16:45:00,21.2,21.2,21.2,21.2,120,0
2015-06-16,16:50:00,21,21,21,21,25,0
2015-06-17,09:05:00,21.2,21.2,21.2,21.2,17,0
2015-06-17,09:10:00,21.2,22.7,21.2,22.7,33,0
2015-06-17,15:00:00,21.35,22.38,21.35,22.38,357,0
2015-06-17,16:50:00,22.38,22.38,21.95,21.95,52,0
2015-06-18,09:30:00,21.35,21.35,21.35,21.35,74,0
2015-06-18,11:05:00,21.35,21.35,21.35,21.35,10,0
2015-06-18,11:35:00,20.81,20.81,20.81,20.81,92,0
2015-06-18,11:40:00,20.81,21.79,20.81,21.79,124,0
2015-06-18,16:50:00,21.8,21.8,21.8,21.8,600,0
2015-06-19,14:55:00,21.52,21.52,21.52,21.52,53,0
2015-06-19,16:50:00,22,22,22,22,1000,0
2015-06-22,12:15:00,21.01,21.01,21.01,21.01,5,0
2015-06-22,12:50:00,21.95,21.95,21.95,21.95,10,0
2015-06-22,16:50:00,22,22,22,22,1000,0
2015-06-23,10:35:00,21.3,21.3,21.3,21.3,5,0
2015-06-23,13:05:00,21.99,21.99,21.99,21.99,10,0
2015-06-23,13:30:00,21.99,22,21.99,22,683,0
2015-06-24,14:15:00,21.4,21.4,21.4,21.4,300,0
2015-06-24,14:20:00,21.4,21.4,21.4,21.4,42,0
2015-06-24,16:30:00,20.8,22,20.8,22,6,0
2015-06-24,16:50:00,22,22,22,22,600,0
2015-06-25,09:05:00,22,22,22,22,30,0
2015-06-25,09:55:00,21.55,21.55,21.55,21.55,1,0
2015-06-25,12:10:00,21.6,21.6,21.6,21.6,7,0
2015-06-25,16:00:00,21.63,21.99,20.8,21.99,678,0
2015-06-25,16:40:00,20.8,20.8,20,20,797,0
2015-06-25,16:45:00,20.35,20.88,20,20,2618,0
2015-06-25,16:50:00,20.48,20.7,19.51,19.51,1136,0
2015-06-26,09:05:00,20.65,20.65,20.65,20.65,7,0
2015-06-26,09:45:00,20.1,20.1,20.1,20.1,376,0
2015-06-26,09:50:00,20.1,20.65,20.1,20.65,18,0
2015-06-26,11:10:00,19.81,20.65,19.81,20.65,110,0
2015-06-26,11:30:00,20.65,20.65,20.65,20.65,21,0
2015-06-26,11:35:00,19.81,19.81,19.81,19.81,26,0
2015-06-26,11:40:00,20.65,20.65,20.65,20.65,7,0
2015-06-26,13:30:00,20.65,20.89,20.65,20.89,40,0
2015-06-26,14:20:00,20.64,20.64,20.64,20.64,5,0
2015-06-26,16:50:00,20.59,20.59,20.59,20.59,1000,0
2015-06-29,11:55:00,20,20.45,20,20.45,568,0
2015-06-29,14:40:00,20,20.44,19.8,20.44,868,0
2015-06-29,14:45:00,20.44,20.44,20.44,20.44,40,0
2015-06-30,09:05:00,19.5,20.34,19.5,20.34,212,0
2015-06-30,16:50:00,20.3,20.3,20.3,20.3,1000,0
2015-07-01,16:20:00,20.4,20.4,20.4,20.4,7,0
2015-07-02,14:55:00,19.8,19.8,19.8,19.8,34,0
2015-07-02,16:45:00,20.39,20.39,20.39,20.39,5,0
2015-07-03,12:20:00,19.81,19.81,19.8,19.8,215,0
2015-07-03,16:50:00,20.3,20.3,20.3,20.3,300,0
2015-07-07,14:55:00,20.39,20.39,19.86,19.86,6,0
2015-07-07,16:30:00,20.39,20.39,20.39,20.39,100,0
2015-07-07,16:35:00,19.86,19.86,19.86,19.86,1,0
2015-07-07,16:45:00,20.39,20.39,19.87,19.87,106,0
2015-07-07,16:50:00,20.39,20.39,20.39,20.39,100,0
2015-07-08,09:10:00,19.82,19.82,19.82,19.82,1,0
2015-07-08,09:50:00,19.91,19.91,19.91,19.91,130,0
2015-07-08,10:25:00,20.38,20.39,20.38,20.39,833,0
2015-07-08,11:35:00,19.82,19.82,19.82,19.82,1,0
2015-07-08,12:30:00,20.3,20.3,20.3,20.3,10,0
2015-07-08,15:15:00,20.29,20.29,20.29,20.29,769,0
2015-07-08,16:50:00,20.29,20.29,20.29,20.29,384,0
2015-07-09,16:15:00,20.25,20.25,20.25,20.25,40,0
2015-07-13,09:15:00,20.25,20.25,20.25,20.25,100,0
2015-07-13,11:40:00,20.15,20.15,19.81,19.81,50,0
2015-07-13,13:30:00,20.25,20.25,20.25,20.25,20,0
2015-07-13,13:50:00,20.25,20.25,20.25,20.25,704,0
2015-07-13,13:55:00,20,20,20,20,26,0
2015-07-13,16:50:00,20.25,20.25,20.25,20.25,300,0
2015-07-14,09:10:00,19.8,19.8,19.8,19.8,5,0
2015-07-14,16:50:00,20.24,20.24,20.24,20.24,200,0
2015-07-16,10:15:00,20.27,20.28,20.27,20.28,490,0
2015-07-16,10:35:00,20.28,20.28,20.28,20.28,500,0
2015-07-16,11:00:00,20.28,20.28,20,20,205,0
2015-07-17,09:05:00,20,20,20,20,1,0
2015-07-17,11:55:00,19.8,19.8,19.8,19.8,120,0
2015-07-17,13:05:00,19.5,19.5,19.5,19.5,100,0
2015-07-17,13:15:00,19.8,19.8,19.8,19.8,20,0
2015-07-17,16:00:00,19.5,19.5,19.5,19.5,80,0
2015-07-17,16:20:00,19.8,19.8,19.8,19.8,10,0
2015-07-17,16:35:00,19.8,19.8,19.8,19.8,111,0
2015-07-17,16:50:00,19.8,19.8,19.8,19.8,200,0
2015-07-21,09:05:00,19.5,19.5,19.5,19.5,5,0
2015-07-21,09:50:00,19.8,19.8,19.8,19.8,278,0
2015-07-21,13:05:00,19.8,19.8,19.8,19.8,30,0
2015-07-21,14:05:00,19.8,19.8,19.8,19.8,102,0
2015-07-22,09:05:00,19.8,19.8,19.8,19.8,11,0
2015-07-22,11:00:00,19.8,19.8,19.8,19.8,189,0
2015-07-22,16:45:00,19.8,19.8,19.5,19.5,51,0
2015-07-23,10:05:00,19.5,19.5,19.5,19.5,1,0
2015-07-23,13:25:00,19.5,19.5,19.5,19.5,218,0
2015-07-23,14:00:00,18.46,18.46,18.46,18.46,109,0
2015-07-23,14:10:00,18,18,18,18,1,0
2015-07-23,14:45:00,19.5,19.5,19.5,19.5,300,0
2015-07-23,15:25:00,18.16,18.16,18.16,18.16,1,0
2015-07-23,16:05:00,19.5,19.5,19.5,19.5,150,0
2015-07-23,16:10:00,18.7,18.7,18.7,18.7,1,0
2015-07-23,16:45:00,19.5,19.5,19.5,19.5,100,0
2015-07-23,16:50:00,18.61,19.5,18.61,19.5,501,0
2015-07-24,10:00:00,18.55,18.55,18.55,18.55,1,0
2015-07-24,13:05:00,19.5,19.5,19.5,19.5,10,0
2015-07-24,13:20:00,18.71,18.71,18.71,18.71,1,0
2015-07-24,14:05:00,19,19,19,19,60,0
2015-07-24,14:35:00,19,19,19,19,200,0
2015-07-24,16:50:00,19.5,19.5,19.5,19.5,394,0
2015-07-27,13:10:00,18.8,18.8,18.8,18.8,1,0
2015-07-27,14:55:00,19.49,19.49,19.49,19.49,4,0
2015-07-28,10:00:00,19.01,19.01,19.01,19.01,1,0
2015-07-28,11:10:00,19.9,19.9,19.9,19.9,20,0
2015-07-28,12:00:00,19.01,19.01,19.01,19.01,1,0
2015-07-28,16:20:00,19.95,19.95,19.95,19.95,20,0
2015-07-29,09:30:00,19.06,19.06,19.06,19.06,1,0
2015-07-29,13:10:00,19.11,19.11,19.11,19.11,500,0
2015-07-29,13:40:00,19.15,19.15,19.06,19.06,88,0
2015-07-29,13:45:00,19.06,19.06,19.06,19.06,100,0
2015-07-29,14:35:00,19.06,19.06,19.06,19.06,96,0
2015-07-29,16:35:00,19.43,19.6,19.43,19.6,150,0
2015-07-29,16:50:00,19.6,19.9,19.6,19.9,647,0
2015-07-30,10:50:00,19.32,19.32,19.32,19.32,96,0
2015-07-30,16:50:00,19.22,19.22,19.22,19.22,96,0
2015-07-31,10:50:00,19.29,19.29,19.29,19.29,25,0
2015-07-31,13:35:00,19.08,19.08,19.08,19.08,1,0
2015-07-31,16:20:00,19.25,19.25,19.25,19.25,2,0
2015-07-31,16:25:00,19.25,19.25,19.25,19.25,58,0
2015-07-31,16:50:00,19.6,19.6,19.6,19.6,26,0
2015-08-03,09:40:00,18.99,18.99,18.99,18.99,101,0
2015-08-03,13:50:00,19.45,19.45,19.45,19.45,10,0
2015-08-03,14:55:00,19.47,19.5,19.47,19.5,101,0
2015-08-03,16:50:00,19.01,19.01,19.01,19.01,89,0
2015-08-04,11:15:00,19.5,19.5,19.5,19.5,50,0
2015-08-04,12:10:00,19.5,19.77,19.5,19.77,50,0
2015-08-04,14:00:00,19.65,19.65,19.65,19.65,10,0
2015-08-04,15:10:00,19.65,19.65,19.65,19.65,2,0
2015-08-04,15:50:00,19.65,19.65,19.65,19.65,9,0
2015-08-04,16:50:00,19.77,19.77,19.77,19.77,1046,0
2015-08-05,09:15:00,20.29,20.29,20.29,20.29,5,0
2015-08-05,10:45:00,20,20,20,20,20,0
2015-08-05,10:50:00,19.4,19.4,19.4,19.4,1,0
2015-08-05,15:20:00,19.8,19.8,19.8,19.8,2,0
2015-08-05,16:15:00,19.8,19.8,19.5,19.5,9,0
2015-08-05,16:30:00,19.99,19.99,19.99,19.99,5,0
2015-08-05,16:40:00,19.5,19.5,19.5,19.5,1,0
2015-08-05,16:45:00,19.99,19.99,19.99,19.99,20,0
2015-08-05,16:50:00,20.1,20.1,20.1,20.1,25,0
2015-08-06,09:15:00,20.99,20.99,20.99,20.99,10,0
2015-08-06,10:40:00,20,20,20,20,20,0
2015-08-06,11:35:00,20,20,20,20,25,0
2015-08-06,16:10:00,19.5,19.5,19.5,19.5,1,0
2015-08-06,16:20:00,19.51,19.51,19.51,19.51,10,0
2015-08-06,16:40:00,20,20,20,20,10,0
2015-08-07,09:05:00,20.99,20.99,20.99,20.99,1,0
2015-08-07,10:55:00,20.01,20.01,20,20,106,0
2015-08-07,12:00:00,19.81,19.81,19.81,19.81,1,0
2015-08-07,13:50:00,19.53,19.53,19.5,19.5,398,0
2015-08-07,15:05:00,19.5,19.5,19.5,19.5,2,0
2015-08-07,15:15:00,19.5,19.5,19.5,19.5,98,0
2015-08-07,15:35:00,19.3,19.3,19.3,19.3,1,0
2015-08-07,15:45:00,19.5,20,19.5,20,3,0
2015-08-07,16:05:00,19.3,19.3,19.3,19.3,1,0
2015-08-07,16:40:00,19.7,19.7,19.7,19.7,280,0
2015-08-07,16:45:00,20,20,20,20,10,0
2015-08-07,16:50:00,20,20,20,20,120,0
2015-08-10,09:05:00,20,20,20,20,1,0
2015-08-10,09:10:00,19.2,19.2,19.2,19.2,54,0
2015-08-10,14:25:00,19.4,19.4,19.4,19.4,7,0
2015-08-10,16:20:00,19.99,19.99,19.99,19.99,200,0
2015-08-11,14:45:00,19.28,19.28,19.28,19.28,1,0
2015-08-11,15:05:00,19.94,19.94,19.28,19.28,41,0
2015-08-11,16:15:00,19.94,19.94,19.94,19.94,200,0
2015-08-12,14:55:00,19.25,19.25,19.25,19.25,1,0
2015-08-12,16:35:00,19.93,19.93,19.93,19.93,100,0
2015-08-13,09:15:00,19.2,19.2,19.2,19.2,350,0
2015-08-13,09:25:00,19.2,19.2,19.2,19.2,101,0
2015-08-13,09:35:00,19.91,19.91,19.91,19.91,10,0
2015-08-13,09:45:00,19.3,19.3,19.3,19.3,1,0
2015-08-13,11:15:00,19.32,19.32,19.32,19.32,16,0
2015-08-13,11:35:00,19.36,19.36,19.36,19.36,10,0
2015-08-13,12:40:00,19.9,19.9,19.9,19.9,1,0
2015-08-13,13:40:00,19.39,19.39,19.39,19.39,1,0
2015-08-13,14:05:00,19.5,19.5,19.5,19.5,49,0
2015-08-13,15:25:00,19,19,19,19,1,0
2015-08-13,15:40:00,19,19,19,19,10,0
2015-08-13,15:55:00,19.25,19.25,19.25,19.25,10,0
2015-08-13,16:15:00,19.89,19.89,19.89,19.89,5,0
2015-08-13,16:45:00,19,19,19,19,1,0
2015-08-13,16:50:00,19.89,19.89,19.85,19.85,350,0
2015-08-14,09:15:00,19,19,19,19,1,0
2015-08-14,09:35:00,20,20,20,20,10,0
2015-08-14,09:40:00,19.12,19.12,19.12,19.12,1,0
2015-08-14,15:55:00,19.91,19.91,19.91,19.91,10,0
2015-08-17,11:10:00,19.01,19.01,19.01,19.01,64,0
2015-08-17,11:20:00,19.89,19.89,19.89,19.89,1,0
2015-08-17,12:05:00,19.02,19.02,19,19,200,0
2015-08-17,12:10:00,19.52,19.52,18.97,18.97,101,0
2015-08-17,12:20:00,18.97,19.52,18.97,19.52,301,0
2015-08-17,14:45:00,18.97,18.97,18.97,18.97,49,0
2015-08-17,15:35:00,18.8,18.8,18.8,18.8,45,0
2015-08-17,16:05:00,19.03,19.03,19.03,19.03,10,0
2015-08-17,16:10:00,19.04,19.2,19.04,19.19,300,0
2015-08-17,16:45:00,19.2,19.2,19.2,19.2,200,0
2015-08-17,16:50:00,19.4,19.4,19.4,19.4,210,0
2015-08-18,11:25:00,18.8,18.8,18.8,18.8,1,0
2015-08-18,15:10:00,18.8,18.8,18.8,18.8,30,0
2015-08-18,16:05:00,19.35,19.35,19.35,19.35,200,0
2015-08-18,16:10:00,19,19,19,19,300,0
2015-08-18,16:40:00,19.32,19.32,19.32,19.32,5,0
2015-08-18,16:50:00,19.32,19.32,19.32,19.32,200,0
2015-08-19,09:10:00,18.8,18.8,18.8,18.8,1,0
2015-08-19,16:35:00,19.29,19.29,19.29,19.29,5,0
2015-08-20,09:05:00,19.29,19.29,19.29,19.29,25,0
2015-08-20,09:20:00,18.8,18.8,18.21,18.21,116,0
2015-08-20,09:25:00,18.8,18.8,18.8,18.8,285,0
2015-08-20,16:30:00,19.24,19.24,19.24,19.24,100,0
2015-08-20,16:40:00,18.8,18.9,18.8,18.9,220,0
2015-08-20,16:45:00,19,19,19,19,5,0
2015-08-20,16:50:00,19,19,19,19,200,0
2015-08-21,10:00:00,18.06,18.06,18.06,18.06,1,0
2015-08-21,10:05:00,18.06,18.06,18.06,18.06,1,0
2015-08-21,13:25:00,18.89,18.89,18.89,18.89,1,0
2015-08-21,14:10:00,18.2,18.2,18.2,18.2,1,0
2015-08-21,15:35:00,18.7,18.7,18.7,18.7,10,0
2015-08-21,16:30:00,18.69,18.69,18.69,18.69,200,0
2015-08-21,16:35:00,18.6,18.6,18.6,18.6,200,0
2015-08-21,16:50:00,18.65,18.65,18.65,18.65,400,0
2015-08-24,09:25:00,18.01,18.01,18.01,18.01,50,0
2015-08-24,10:55:00,18.6,18.6,18.6,18.6,200,0
2015-08-24,12:25:00,18.04,18.04,18.04,18.04,75,0
2015-08-24,12:55:00,18.03,18.03,18,18,915,0
2015-08-24,13:30:00,17.76,17.76,17.76,17.76,600,0
2015-08-24,15:25:00,17.3,17.3,17.1,17.1,129,0
2015-08-24,16:45:00,17.99,17.99,17.99,17.99,5,0
2015-08-24,16:50:00,18,18,18,18,1800,0
2015-08-25,15:35:00,17.82,17.82,17.82,17.82,20,0
2015-08-25,16:30:00,17.1,17.1,17.1,17.1,1028,0
2015-08-25,16:50:00,17.8,17.8,17.8,17.8,127,0
2015-08-26,09:05:00,17.6,19.29,17.6,19.29,80,0
2015-08-26,09:30:00,18.9,18.9,18,18,420,0
2015-08-26,12:15:00,17.8,17.8,17.8,17.8,2,0
2015-08-26,12:35:00,17.6,17.6,17.6,17.6,10,0
2015-08-26,12:45:00,17.5,17.5,17.5,17.5,3,0
2015-08-26,14:50:00,17.1,17.1,17.1,17.1,10,0
2015-08-26,16:25:00,17.5,17.5,17.5,17.5,250,0
2015-08-26,16:50:00,17.5,17.5,17.5,17.5,100,0
2015-08-27,12:25:00,17.03,17.03,17.03,17.03,20,0
2015-08-27,12:35:00,17.03,17.03,17.03,17.03,4,0
2015-08-27,16:05:00,17.5,17.5,17.5,17.5,5,0
2015-08-28,09:35:00,17.59,17.6,17.59,17.6,300,0
2015-08-28,09:50:00,17.6,17.6,17.6,17.6,11,0
2015-08-31,09:05:00,16.91,16.91,16.9,16.9,100,0
2015-08-31,10:00:00,17.59,17.59,17.59,17.59,5,0
2015-08-31,13:15:00,16.96,16.96,16.96,16.96,77,0
2015-08-31,16:50:00,17.01,17.58,17,17.44,410,0
2015-09-01,10:40:00,17.15,17.15,17.15,17.15,1,0
2015-09-01,16:15:00,17.96,17.96,17.96,17.96,5,0
2015-09-01,16:50:00,17.44,17.44,17.44,17.44,126,0
2015-09-02,10:25:00,17.01,17.01,17.01,17.01,1,0
2015-09-02,16:40:00,17.79,17.79,17.79,17.79,50,0
2015-09-02,16:50:00,17.79,17.79,17.79,17.79,450,0
2015-09-03,11:40:00,17.95,17.95,17.95,17.95,419,0
2015-09-03,15:05:00,17.6,17.6,17.6,17.6,134,0
2015-09-03,15:35:00,17.65,17.65,17.65,17.65,1,0
2015-09-03,15:55:00,19.3,19.3,19.3,19.3,50,0
2015-09-03,16:50:00,18.99,18.99,18.99,18.99,310,0
2015-09-04,16:50:00,18.4,18.4,18.4,18.4,119,0
2015-09-07,09:05:00,18.49,18.49,18.49,18.49,10,0
2015-09-07,11:05:00,17.9,17.9,17.8,17.8,500,0
2015-09-07,14:40:00,17.5,17.5,17.5,17.5,200,0
2015-09-07,14:45:00,17.45,17.45,17.45,17.45,137,0
2015-09-07,15:30:00,17.7,18,17.7,18,1000,0
2015-09-09,10:40:00,17.8,17.8,17.8,17.8,24,0
2015-09-09,11:10:00,17.5,17.5,17.5,17.5,50,0
2015-09-09,14:20:00,17.5,17.5,17.5,17.5,120,0
2015-09-09,14:55:00,17.5,17.5,17.5,17.5,200,0
2015-09-09,16:40:00,17.9,17.9,17.9,17.9,5,0
2015-09-09,16:50:00,17.9,17.9,17.9,17.9,500,0
2015-09-10,12:10:00,17.5,17.5,17.5,17.5,200,0
2015-09-10,13:45:00,17.21,17.21,17.21,17.21,100,0
2015-09-10,16:35:00,17.25,17.25,17.25,17.25,51,0
2015-09-10,16:40:00,17.25,17.25,17.25,17.25,350,0
2015-09-10,16:45:00,17.88,17.88,17.88,17.88,5,0
2015-09-10,16:50:00,17.9,17.9,17.9,17.9,599,0
2015-09-11,11:55:00,17.6,17.6,17.6,17.6,10,0
2015-09-11,12:55:00,17.21,17.21,17.21,17.21,290,0
2015-09-11,15:35:00,17.95,17.95,17.95,17.95,20,0
2015-09-11,16:10:00,17.95,17.95,17.95,17.95,96,0
2015-09-11,16:50:00,17.95,17.95,17.95,17.95,300,0
2015-09-14,09:10:00,17.1,17.1,17.1,17.1,50,0
2015-09-14,12:25:00,17.21,17.21,17.21,17.21,250,0
2015-09-14,15:40:00,17.21,17.21,17.21,17.21,50,0
2015-09-14,16:25:00,17.25,17.25,17.25,17.25,25,0
2015-09-14,16:45:00,17.9,17.9,17.9,17.9,100,0
2015-09-14,16:50:00,17.5,17.95,17.5,17.95,975,0
2015-09-15,10:40:00,17.21,17.21,17.2,17.2,250,0
2015-09-15,13:50:00,17.21,17.21,17.21,17.21,50,0
2015-09-15,15:25:00,17.23,17.23,17.23,17.23,250,0
2015-09-15,15:50:00,17.3,17.3,17.3,17.3,25,0
2015-09-15,16:15:00,17.3,17.56,17.3,17.56,150,0
2015-09-15,16:30:00,17.26,17.26,17.25,17.25,100,0
2015-09-15,16:50:00,17.9,17.9,17.9,17.9,500,0
2015-09-16,09:05:00,17.25,17.25,17.25,17.25,300,0
2015-09-16,09:25:00,17.26,17.26,17.2,17.2,600,0
2015-09-16,09:35:00,17.2,17.2,17.2,17.2,300,0
2015-09-16,09:45:00,17.2,17.2,17.2,17.2,300,0
2015-09-16,09:55:00,16.9,16.9,16.9,16.9,1,0
2015-09-16,10:40:00,17.1,17.1,17.05,17.05,553,0
2015-09-16,11:20:00,17.05,17.05,17.05,17.05,20000,0
2015-09-16,11:25:00,17.05,17.57,16.8,16.8,757,0
2015-09-16,11:35:00,17.05,17.05,17.05,17.05,30000,0
2015-09-16,15:05:00,17.49,17.49,17.49,17.49,601,0
2015-09-16,15:10:00,17.49,17.49,17.49,17.49,399,0
2015-09-16,15:55:00,17.05,17.05,17.05,17.05,40000,0
2015-09-16,16:25:00,17.06,17.06,17.05,17.05,14381,0
2015-09-16,16:45:00,17.48,17.49,17.48,17.49,300,0
2015-09-16,16:50:00,17.49,17.49,17.49,17.49,2700,0
2015-09-17,10:30:00,17.09,17.09,17.09,17.09,19,0
2015-09-17,13:40:00,17.21,17.21,17.21,17.21,45,0
2015-09-17,16:45:00,17.65,17.65,17.65,17.65,5,0
2015-09-17,16:50:00,17.3,17.3,17.3,17.3,145,0
2015-09-21,16:50:00,17.8,17.8,17.8,17.8,5,0
2015-09-22,09:20:00,17.85,17.85,17.85,17.85,5,0
2015-09-22,11:30:00,17.3,17.3,17.3,17.3,19,0
2015-09-22,15:55:00,17.84,17.84,17.84,17.84,5,0
2015-09-22,16:45:00,17.84,17.84,17.84,17.84,50,0
2015-09-22,16:50:00,17.85,17.85,17.85,17.85,260,0
2015-09-23,10:50:00,17.32,17.32,17.32,17.32,395,0
2015-09-23,16:45:00,17.93,17.93,17.93,17.93,5,0
2015-09-23,16:50:00,17.94,17.94,17.93,17.93,500,0
2015-09-24,09:10:00,17.8,17.8,17.8,17.8,151,0
2015-09-25,09:05:00,17.5,17.5,17.5,17.5,50,0
2015-09-25,16:50:00,17.97,17.97,17.97,17.97,5,0
2015-09-29,14:05:00,17.25,17.25,17.25,17.25,1,0
2015-09-29,16:40:00,18.05,18.05,18.05,18.05,50,0
2015-09-29,16:45:00,18.05,18.05,18.05,18.05,3,0
2015-09-29,16:50:00,18.05,18.05,18.05,18.05,416,0
2015-10-01,15:50:00,18.48,18.48,18.48,18.48,30,0
2015-10-02,09:35:00,18.48,18.48,18.48,18.48,20,0
2015-10-02,11:40:00,17.7,17.7,17.7,17.7,1,0
2015-10-02,13:50:00,18.49,18.49,18.49,18.49,20,0
2015-10-02,15:10:00,18.49,18.49,18.49,18.49,14,0
2015-10-05,16:10:00,17.7,17.7,17.7,17.7,5,0
2015-10-05,16:50:00,18.58,18.58,18.58,18.58,300,0
2015-10-06,15:50:00,18.58,18.9,18.58,18.9,1588,0
2015-10-08,14:35:00,18.92,18.92,18.92,18.92,20,0
2015-10-09,09:35:00,18.1,18.1,18.1,18.1,13,0
2015-10-09,13:35:00,18.99,18.99,18.99,18.99,50,0
2015-10-09,16:10:00,18.98,18.99,18.98,18.99,100,0
2015-10-09,16:50:00,18.99,18.99,18.99,18.99,806,0
2015-10-12,15:50:00,18.4,18.4,18.4,18.4,100,0
2015-10-12,16:40:00,18.98,18.98,18.98,18.98,5,0
2015-10-13,16:30:00,18.25,18.25,18.25,18.25,1,0
2015-10-13,16:45:00,18.99,18.99,18.99,18.99,5,0
2015-10-13,16:50:00,18.75,18.99,18.75,18.99,70,0
2015-10-14,09:05:00,19.15,19.15,19.15,19.15,5,0
2015-10-14,09:10:00,18.15,18.15,18.15,18.15,1,0
2015-10-14,09:25:00,18.15,18.15,17.7,17.7,414,0
2015-10-14,12:55:00,18.73,18.73,18.73,18.73,20,0
2015-10-14,16:35:00,18.05,18.05,18.05,18.05,1,0
2015-10-14,16:45:00,18.73,18.73,18.73,18.73,5,0
2015-10-14,16:50:00,18.72,18.72,18.72,18.72,300,0
2015-10-16,14:00:00,18.11,18.11,18.11,18.11,122,0
2015-10-16,16:50:00,18.7,18.7,18.56,18.56,10,0
2015-10-20,09:30:00,18.06,18.06,18.06,18.06,1,0
2015-10-20,11:20:00,18.06,18.06,18.06,18.06,50,0
2015-10-20,16:50:00,18.12,18.5,18.12,18.5,349,0
2015-10-21,12:35:00,18.06,18.06,18.06,18.06,188,0
2015-10-21,12:55:00,18.06,18.06,18.06,18.06,112,0
2015-10-21,14:55:00,18.05,18.05,18.05,18.05,1,0
2015-10-21,16:50:00,18.11,18.11,18.01,18.01,376,0
2015-10-22,16:15:00,18,18,18,18,1,0
2015-10-22,16:50:00,18.47,18.47,18.47,18.47,200,0
2015-10-23,14:10:00,17.66,17.66,17.66,17.66,1,0
2015-10-23,14:15:00,18.46,18.46,18.46,18.46,1,0
2015-10-27,14:00:00,18,18,18,18,55,0
2015-10-27,14:25:00,18,18,18,18,8,0
2015-10-27,16:45:00,18.49,18.49,18.49,18.49,5,0
2015-10-28,09:05:00,18.5,18.5,18.5,18.5,87,0
2015-10-28,11:50:00,17.81,18.47,17.8,18.47,571,0
2015-10-29,15:40:00,18.4,18.4,18.4,18.4,60,0
2015-10-30,16:50:00,17.71,18,17.71,18,652,0
2015-11-02,13:10:00,18,18,18,18,8,0
2015-11-02,16:20:00,18,18,18,18,4900,0
2015-11-02,16:40:00,18,18,18,18,100,0
2015-11-02,16:50:00,18,18,18,18,200,0
2015-11-04,09:20:00,17.65,17.65,17.65,17.65,150,0
2015-11-04,09:25:00,17.5,17.5,17.5,17.5,40,0
2015-11-04,12:50:00,17.15,17.15,17.1,17.1,60,0
2015-11-04,13:00:00,17.94,17.94,17.94,17.94,5,0
2015-11-04,15:15:00,17.25,17.25,17.25,17.25,62,0
2015-11-04,15:25:00,17.25,17.25,17.25,17.25,83,0
2015-11-04,15:30:00,17.25,17.61,17.25,17.61,235,0
2015-11-04,16:50:00,17.26,17.94,17.26,17.94,590,0
2015-11-10,10:30:00,17.21,17.21,17.2,17.2,480,0
2015-11-10,10:40:00,17.2,17.2,17.18,17.18,360,0
2015-11-10,15:00:00,17.2,17.2,17.12,17.12,60,0
2015-11-10,16:50:00,17.29,17.5,17.29,17.5,300,0
