2015-02-11,12:30:00,10.5,10.5,10.5,10.5,50,0
2015-02-11,15:05:00,10.5,10.6,10.5,10.6,1100,0
2015-02-11,15:20:00,10.6,10.6,10.6,10.6,43,0
2015-02-11,16:50:00,10.7,10.7,10.7,10.7,1968,0
2015-02-12,09:05:00,10.26,10.26,10.26,10.26,1,0
2015-02-12,11:10:00,10.52,10.52,10.52,10.52,1865,0
2015-02-12,14:00:00,10.7,10.7,10.7,10.7,4900,0
2015-02-12,14:05:00,10.7,10.7,10.7,10.7,1413,0
2015-02-12,15:05:00,10.7,10.7,10.7,10.7,181,0
2015-02-12,16:15:00,10.91,10.91,10.91,10.91,1111,0
2015-02-12,16:30:00,10.92,11,10.92,11,5969,0
2015-02-13,09:05:00,11.39,11.39,11.39,11.39,500,0
2015-02-13,09:20:00,11.1,11.1,10.95,10.95,1392,0
2015-02-13,09:35:00,11.1,11.1,11.1,11.1,77,0
2015-02-13,10:05:00,10.97,10.97,10.97,10.97,76,0
2015-02-13,13:25:00,11.1,11.25,11.1,11.25,1290,0
2015-02-13,14:15:00,11.01,11.01,11,11,4956,0
2015-02-13,16:50:00,11.29,11.29,11.29,11.29,1,0
2015-02-16,09:35:00,11.28,11.29,11.28,11.29,1929,0
2015-02-16,12:15:00,11.27,11.27,11.27,11.27,207,0
2015-02-16,14:20:00,11.33,11.4,11.33,11.4,1972,0
2015-02-16,16:50:00,11.18,11.18,11.18,11.18,1,0
2015-02-17,09:50:00,11.25,11.25,11.25,11.25,120,0
2015-02-17,09:55:00,11.3,11.3,11.3,11.3,30,0
2015-02-17,10:15:00,11.3,11.3,11.3,11.3,70,0
2015-02-17,12:20:00,11.25,11.25,11.25,11.25,110,0
2015-02-17,15:30:00,11.13,11.13,11.13,11.13,75,0
2015-02-17,16:45:00,11.13,11.13,11.13,11.13,5914,0
2015-02-17,16:50:00,11.25,11.25,11.25,11.25,1,0
2015-02-18,10:00:00,11.2,11.27,11.2,11.27,406,0
2015-02-18,10:05:00,11.3,11.34,11.3,11.34,494,0
2015-02-18,10:15:00,11.34,11.34,11.34,11.34,88,0
2015-02-18,11:10:00,11.33,11.33,11.33,11.33,577,0
2015-02-18,11:15:00,11.35,11.39,11.35,11.39,1020,0
2015-02-18,11:40:00,11.4,11.4,11.4,11.4,150,0
2015-02-18,11:45:00,11.45,11.45,11.45,11.45,400,0
2015-02-18,14:40:00,11.33,11.43,11.33,11.43,219,0
2015-02-18,15:05:00,11.43,11.43,11.43,11.43,42,0
2015-02-18,16:15:00,11.43,11.43,11.43,11.43,100,0
2015-02-19,09:05:00,11.4,11.4,11.39,11.39,200,0
2015-02-19,10:10:00,11.43,11.43,11.43,11.43,440,0
2015-02-19,10:45:00,11.44,11.44,11.44,11.44,50,0
2015-02-19,12:20:00,11.5,11.5,11.5,11.5,500,0
2015-02-19,12:40:00,11.62,11.62,11.62,11.62,430,0
2015-02-19,13:15:00,11.69,11.69,11.69,11.69,400,0
2015-02-19,13:20:00,11.69,11.69,11.69,11.69,150,0
2015-02-19,14:15:00,11.69,11.69,11.69,11.69,160,0
2015-02-19,15:25:00,11.65,11.65,11.65,11.65,70,0
2015-02-19,16:25:00,11.65,11.65,11.65,11.65,35,0
2015-02-19,16:50:00,11.55,11.55,11.55,11.55,147,0
2015-02-20,10:45:00,11.65,11.65,11.65,11.65,130,0
2015-02-20,14:05:00,11.65,11.65,11.65,11.65,20,0
2015-02-23,09:05:00,11.69,11.69,11.69,11.69,250,0
2015-02-23,12:30:00,11.69,11.69,11.69,11.69,3,0
2015-02-23,15:20:00,11.6,11.6,11.6,11.6,120,0
2015-02-24,10:15:00,11.55,11.55,11.55,11.55,228,0
2015-02-24,10:20:00,11.55,11.55,11.55,11.55,100,0
2015-02-24,11:05:00,11.51,11.51,11.51,11.51,367,0
2015-02-24,14:25:00,11.51,11.51,11.51,11.51,2,0
2015-02-25,09:15:00,11.5,11.5,11.5,11.5,150,0
2015-02-25,09:25:00,11.5,11.5,11.5,11.5,160,0
2015-02-25,11:10:00,11.5,11.5,11.5,11.5,100,0
2015-02-25,13:05:00,11.5,11.5,11.42,11.42,553,0
2015-02-25,14:30:00,11.42,11.42,11.42,11.42,100,0
2015-02-25,16:15:00,11.42,11.42,11.42,11.42,130,0
2015-02-25,16:30:00,11.42,11.42,11.42,11.42,261,0
2015-02-25,16:40:00,11.42,11.42,11.42,11.42,9,0
2015-02-26,09:30:00,11.31,11.31,11.31,11.31,147,0
2015-02-26,10:10:00,11.3,11.3,11.3,11.3,99,0
2015-02-26,11:55:00,11.3,11.3,11.3,11.3,10,0
2015-02-26,12:30:00,11.26,11.35,11.26,11.35,500,0
2015-02-26,15:25:00,11.26,11.26,11.26,11.26,150,0
2015-02-26,15:50:00,11.25,11.25,11.25,11.25,50,0
2015-02-26,16:05:00,11.26,11.26,11.2,11.2,1846,0
2015-02-27,11:30:00,11.2,11.35,11.2,11.35,319,0
2015-02-27,11:40:00,11.45,11.45,11.45,11.45,750,0
2015-02-27,11:55:00,11.65,11.65,11.65,11.65,100,0
2015-02-27,13:30:00,11.45,11.45,11.45,11.45,160,0
2015-02-27,14:20:00,11.45,11.5,11.45,11.5,1121,0
2015-02-27,15:05:00,11.59,11.59,11.59,11.59,41,0
2015-02-27,16:50:00,11.45,11.45,11.45,11.45,91,0
2015-03-02,09:05:00,11.46,11.46,11.46,11.46,46,0
2015-03-02,10:15:00,11.6,11.6,11.6,11.6,138,0
2015-03-02,12:55:00,11.6,11.6,11.6,11.6,450,0
2015-03-02,13:15:00,11.6,11.6,11.6,11.6,145,0
2015-03-02,13:45:00,11.6,11.6,11.6,11.6,2,0
2015-03-02,14:35:00,11.6,11.6,11.6,11.6,70,0
2015-03-02,15:20:00,11.6,11.6,11.6,11.6,35,0
2015-03-02,16:50:00,11.8,11.8,11.8,11.8,100,0
2015-03-03,09:55:00,11.65,11.65,11.65,11.65,65,0
2015-03-03,10:00:00,11.5,11.5,11.5,11.5,295,0
2015-03-03,10:30:00,11.5,11.5,11.5,11.5,100,0
2015-03-03,11:25:00,11.52,11.52,11.5,11.5,360,0
2015-03-03,12:05:00,11.78,11.78,11.78,11.78,1,0
2015-03-04,09:05:00,11.53,11.53,11.53,11.53,170,0
2015-03-04,15:50:00,11.7,11.7,11.7,11.7,70,0
2015-03-04,15:55:00,11.7,11.7,11.7,11.7,112,0
2015-03-04,16:00:00,11.7,11.7,11.7,11.7,112,0
2015-03-04,16:20:00,11.7,11.7,11.7,11.7,70,0
2015-03-04,16:25:00,11.7,11.7,11.7,11.7,136,0
2015-03-05,12:45:00,11.6,11.6,11.6,11.6,60,0
2015-03-05,15:25:00,11.6,11.6,11.6,11.6,56,0
2015-03-06,09:05:00,11.6,11.6,11.6,11.6,280,0
2015-03-06,09:15:00,11.6,11.6,11.6,11.6,69,0
2015-03-06,09:50:00,11.7,11.8,11.7,11.8,4163,0
2015-03-06,14:50:00,11.83,11.83,11.83,11.83,138,0
2015-03-06,15:00:00,11.7,11.7,11.7,11.7,70,0
2015-03-06,15:05:00,11.7,11.7,11.7,11.7,185,0
2015-03-06,15:10:00,11.7,11.7,11.7,11.7,110,0
2015-03-06,15:20:00,11.7,11.7,11.7,11.7,70,0
2015-03-06,15:30:00,11.7,11.7,11.7,11.7,100,0
2015-03-06,16:25:00,11.75,11.75,11.75,11.75,100,0
2015-03-06,16:30:00,11.75,11.75,11.75,11.75,70,0
2015-03-09,14:00:00,11.56,11.56,11.55,11.55,192,0
2015-03-10,12:25:00,11.4,11.4,11.4,11.4,500,0
2015-03-10,13:35:00,11.41,11.41,11.3,11.3,900,0
2015-03-10,14:30:00,11.3,11.3,11.3,11.3,100,0
2015-03-10,16:45:00,11.11,11.11,10.94,10.94,1220,0
2015-03-11,09:35:00,11.01,11.01,11.01,11.01,92,0
2015-03-11,10:45:00,10.99,10.99,10.99,10.99,150,0
2015-03-11,13:25:00,10.91,10.91,10.91,10.91,90,0
2015-03-11,13:50:00,10.91,10.91,10.91,10.91,10,0
2015-03-11,16:15:00,10.9,10.9,10.9,10.9,13,0
2015-03-12,09:05:00,10.9,10.9,10.9,10.9,500,0
2015-03-12,10:10:00,10.95,10.95,10.95,10.95,1000,0
2015-03-12,10:55:00,10.95,10.95,10.95,10.95,500,0
2015-03-12,13:25:00,10.95,10.95,10.95,10.95,100,0
2015-03-12,15:35:00,10.95,10.95,10.95,10.95,173,0
2015-03-12,16:40:00,11,11,11,11,100,0
2015-03-13,10:30:00,11,11,11,11,150,0
2015-03-13,12:15:00,11,11,11,11,20,0
2015-03-13,13:25:00,11.1,11.1,11.1,11.1,93,0
2015-03-13,14:10:00,11.1,11.1,11.1,11.1,70,0
2015-03-16,09:35:00,11,11,11,11,200,0
2015-03-16,10:25:00,10.9,10.9,10.9,10.9,71,0
2015-03-16,11:45:00,10.6,10.6,10.6,10.6,3,0
2015-03-16,11:50:00,10.7,10.7,10.7,10.7,125,0
2015-03-16,12:05:00,10.7,10.7,10.7,10.7,163,0
2015-03-16,12:30:00,10.7,10.7,10.7,10.7,200,0
2015-03-16,13:05:00,10.7,10.7,10.7,10.7,100,0
2015-03-16,15:35:00,10.7,10.7,10.7,10.7,200,0
2015-03-16,15:40:00,10.61,10.61,10.61,10.61,154,0
2015-03-16,16:35:00,10.7,10.7,10.7,10.7,125,0
2015-03-17,11:00:00,10.7,10.7,10.7,10.7,1120,0
2015-03-19,16:50:00,10.99,10.99,10.99,10.99,1,0
2015-03-20,15:05:00,10.99,11,10.99,11,1000,0
2015-03-20,15:10:00,11,11,11,11,500,0
2015-03-20,16:50:00,11,11,11,11,67,0
2015-03-23,09:30:00,11,11.1,11,11.1,384,0
2015-03-23,10:20:00,11.19,11.2,11.19,11.2,823,0
2015-03-23,11:10:00,11.19,11.19,11.19,11.19,90,0
2015-03-23,11:20:00,11.2,11.2,11.2,11.2,802,0
2015-03-23,16:40:00,11.19,11.19,11.19,11.19,80,0
2015-03-24,09:05:00,11,11,11,11,2280,0
2015-03-24,11:25:00,10.9,10.9,10.9,10.9,135,0
2015-03-24,12:50:00,10.9,10.9,10.9,10.9,452,0
2015-03-24,12:55:00,10.9,10.9,10.9,10.9,150,0
2015-03-25,09:45:00,10.95,10.95,10.9,10.9,400,0
2015-03-25,09:50:00,10.9,10.9,10.9,10.9,430,0
2015-03-25,11:25:00,10.9,10.9,10.9,10.9,1000,0
2015-03-25,13:30:00,10.9,10.9,10.9,10.9,185,0
2015-03-25,14:15:00,10.91,10.91,10.9,10.9,251,0
2015-03-25,15:40:00,10.9,10.9,10.9,10.9,300,0
2015-03-26,09:05:00,11,11,11,11,90,0
2015-03-26,09:20:00,11,11,11,11,380,0
2015-03-26,11:45:00,11,11,11,11,632,0
2015-03-26,11:50:00,11,11,11,11,341,0
2015-03-26,11:55:00,11,11,11,11,27,0
2015-03-27,10:20:00,11.09,11.09,11.09,11.09,93,0
2015-03-27,10:40:00,11.09,11.09,11.09,11.09,652,0
2015-03-27,11:20:00,11.09,11.09,11.09,11.09,118,0
2015-03-27,11:25:00,11.09,11.09,11.09,11.09,118,0
2015-03-27,11:40:00,11.1,11.1,11.09,11.09,157,0
2015-03-27,12:55:00,11,11,11,11,100,0
2015-03-27,13:10:00,11.1,11.1,11.1,11.1,30,0
2015-03-27,13:40:00,11.1,11.1,11.1,11.1,161,0
2015-03-27,13:50:00,11.1,11.1,11.1,11.1,100,0
2015-03-27,13:55:00,11.1,11.1,11.1,11.1,118,0
2015-03-27,14:10:00,11.1,11.1,11.1,11.1,200,0
2015-03-27,14:15:00,11.1,11.1,11.1,11.1,300,0
2015-03-27,14:45:00,11.1,11.1,11.1,11.1,21,0
2015-03-30,10:55:00,11.1,11.1,10.91,10.91,1042,0
2015-03-30,16:20:00,11,11,11,11,119,0
2015-03-30,16:50:00,11,11,11,11,42,0
2015-03-31,12:35:00,11.15,11.15,11.15,11.15,220,0
2015-03-31,14:55:00,11.15,11.15,11.15,11.15,230,0
2015-03-31,15:20:00,11.18,11.18,11.18,11.18,78,0
2015-03-31,15:50:00,11.18,11.18,11.18,11.18,22,0
2015-03-31,16:00:00,11.15,11.15,11.15,11.15,198,0
2015-03-31,16:10:00,11.15,11.15,11.15,11.15,191,0
2015-04-01,09:35:00,11.15,11.15,11.15,11.15,117,0
2015-04-01,12:45:00,11.15,11.15,11.15,11.15,182,0
2015-04-01,15:00:00,11.15,11.15,11.15,11.15,450,0
2015-04-01,15:35:00,11.15,11.15,11.15,11.15,117,0
2015-04-01,15:40:00,11.15,11.15,11.15,11.15,30,0
2015-04-02,10:45:00,11.15,11.15,11.15,11.15,85,0
2015-04-07,09:05:00,11.19,11.19,11.19,11.19,116,0
2015-04-07,09:50:00,11.15,11.15,11.15,11.15,162,0
2015-04-07,11:00:00,11.12,11.12,11.12,11.12,28,0
2015-04-07,13:20:00,11.12,11.12,11.12,11.12,172,0
2015-04-08,15:10:00,11.18,11.19,11.18,11.19,200,0
2015-04-09,10:30:00,11,11,10.93,10.93,140,0
2015-04-10,09:05:00,11.19,11.19,11.19,11.19,150,0
2015-04-10,09:40:00,11.14,11.14,11.14,11.14,80,0
2015-04-10,11:10:00,11.04,11.04,11,11,280,0
2015-04-10,14:15:00,10.93,10.93,10.8,10.8,861,0
2015-04-13,13:40:00,11,11,11,11,788,0
2015-04-13,16:25:00,11,11,11,11,100,0
2015-04-13,16:50:00,11,11,11,11,20,0
2015-04-14,10:35:00,10.91,10.91,10.9,10.9,380,0
2015-04-14,12:10:00,10.9,10.9,10.9,10.9,100,0
2015-04-14,16:35:00,10.9,11,10.9,11,95,0
2015-04-15,09:10:00,10.85,10.85,10.85,10.85,300,0
2015-04-15,10:05:00,10.85,10.85,10.85,10.85,22,0
2015-04-15,10:25:00,10.81,10.81,10.81,10.81,131,0
2015-04-16,10:25:00,10.9,10.9,10.9,10.9,41,0
2015-04-16,11:00:00,10.91,10.91,10.91,10.91,452,0
2015-04-16,12:10:00,10.99,10.99,10.99,10.99,54,0
2015-04-16,12:30:00,10.99,10.99,10.99,10.99,96,0
2015-04-16,15:10:00,11,11,11,11,561,0
2015-04-16,16:50:00,11,11,11,11,302,0
2015-04-17,09:05:00,11.19,11.19,11.19,11.19,340,0
2015-04-17,10:05:00,11.19,11.2,11.19,11.2,1111,0
2015-04-17,10:15:00,11.35,11.35,11.11,11.11,718,0
2015-04-17,10:25:00,11.4,11.4,11.4,11.4,36,0
2015-04-17,14:25:00,11.4,11.4,11.4,11.4,357,0
2015-04-17,14:35:00,11.4,11.4,11.4,11.4,100,0
2015-04-17,15:45:00,11.3,11.3,11.3,11.3,111,0
2015-04-17,16:10:00,11.45,11.45,11.45,11.45,26,0
2015-04-17,16:45:00,11.3,11.3,11.3,11.3,116,0
2015-04-20,09:25:00,11.15,11.15,11.15,11.15,756,0
2015-04-20,10:35:00,11.1,11.1,11.1,11.1,45,0
2015-04-20,12:55:00,11,11.1,11,11.1,1000,0
2015-04-21,10:50:00,11,11,11,11,750,0
2015-04-21,12:50:00,11,11,10.9,10.9,134,0
2015-04-21,13:25:00,10.9,10.9,10.9,10.9,26,0
2015-04-21,14:20:00,10.9,10.9,10.9,10.9,19,0
2015-04-21,16:50:00,10.9,10.9,10.85,10.85,656,0
2015-04-22,15:25:00,10.9,10.9,10.9,10.9,36,0
2015-04-22,15:30:00,10.85,10.85,10.85,10.85,100,0
2015-04-22,15:55:00,10.8,10.8,10.8,10.8,602,0
2015-04-23,12:00:00,10.85,10.85,10.85,10.85,100,0
2015-04-23,13:20:00,10.8,10.8,10.8,10.8,100,0
2015-04-24,09:50:00,10.8,10.8,10.8,10.8,25,0
2015-04-24,16:20:00,10.8,10.8,10.8,10.8,500,0
2015-04-27,10:05:00,10.84,10.84,10.84,10.84,1000,0
2015-04-27,11:10:00,10.8,10.8,10.8,10.8,200,0
2015-04-27,13:50:00,10.84,10.84,10.84,10.84,3000,0
2015-04-27,14:15:00,10.85,10.85,10.85,10.85,845,0
2015-04-27,16:45:00,10.9,10.9,10.9,10.9,124,0
2015-04-28,09:05:00,10.92,10.92,10.92,10.92,700,0
2015-04-28,10:40:00,11,11,11,11,150,0
2015-04-28,12:15:00,11,11,11,11,150,0
2015-04-28,13:55:00,11.01,11.01,11.01,11.01,229,0
2015-04-28,14:20:00,11,11,11,11,335,0
2015-04-28,16:50:00,11,11,11,11,229,0
2015-04-29,09:05:00,11.21,11.21,11.21,11.21,997,0
2015-04-29,09:25:00,11.22,11.22,11.22,11.22,71,0
2015-04-30,09:50:00,11.2,11.2,11.2,11.2,180,0
2015-04-30,10:00:00,11.2,11.2,11.2,11.2,120,0
2015-05-04,10:25:00,11.2,11.2,11.01,11.01,461,0
2015-05-04,10:35:00,11.01,11.01,11.01,11.01,173,0
2015-05-04,11:10:00,11.2,11.2,11.2,11.2,50,0
2015-05-04,14:25:00,11.05,11.05,10.95,10.95,1021,0
2015-05-04,16:50:00,10.96,10.96,10.96,10.96,209,0
2015-05-05,14:10:00,11.13,11.13,11.13,11.13,189,0
2015-05-05,16:20:00,11.19,11.19,11.19,11.19,50,0
2015-05-05,16:50:00,11.01,11.01,11,11,189,0
2015-05-06,11:20:00,11.12,11.12,11.12,11.12,71,0
2015-05-06,14:30:00,11.12,11.12,11.12,11.12,40,0
2015-05-06,14:55:00,11,11,11,11,120,0
2015-05-06,15:50:00,11,11,11,11,138,0
2015-05-06,15:55:00,11.1,11.1,11.1,11.1,30,0
2015-05-06,16:05:00,11.1,11.1,11.1,11.1,20,0
2015-05-07,11:55:00,11.1,11.1,11.1,11.1,10,0
2015-05-07,14:20:00,11.05,11.05,11.05,11.05,22,0
2015-05-07,14:30:00,10.98,10.98,10.98,10.98,234,0
2015-05-07,15:15:00,11.09,11.09,11.09,11.09,37,0
2015-05-07,15:35:00,11.1,11.1,11.1,11.1,190,0
2015-05-07,15:40:00,11.1,11.1,11.1,11.1,217,0
2015-05-07,16:00:00,11.14,11.14,11.14,11.14,36,0
2015-05-08,09:05:00,11.14,11.14,11.14,11.14,17,0
2015-05-08,09:10:00,11.14,11.14,11.14,11.14,18,0
2015-05-08,09:45:00,10.75,10.75,10.75,10.75,15,0
2015-05-08,14:15:00,11,11,11,11,13,0
2015-05-08,14:25:00,11.05,11.05,11.05,11.05,23,0
2015-05-08,15:10:00,11.13,11.13,11.13,11.13,30,0
2015-05-08,15:55:00,11.05,11.05,11.05,11.05,20,0
2015-05-08,16:20:00,11.11,11.11,11.11,11.11,111,0
2015-05-08,16:50:00,11.14,11.14,11.14,11.14,95,0
2015-05-11,15:40:00,11.1,11.1,11.1,11.1,221,0
2015-05-12,09:05:00,10.95,10.95,10.95,10.95,37,0
2015-05-12,09:50:00,10.95,10.95,10.95,10.95,84,0
2015-05-12,14:45:00,11.09,11.14,11.09,11.14,1000,0
2015-05-12,16:40:00,10.98,10.98,10.75,10.75,1700,0
2015-05-12,16:45:00,11.1,11.1,11.1,11.1,120,0
2015-05-12,16:50:00,10.8,10.8,10.65,10.65,576,0
2015-05-14,11:40:00,11.1,11.1,11.1,11.1,150,0
2015-05-14,14:35:00,11.08,11.09,11.08,11.09,1356,0
2015-05-14,16:10:00,11.14,11.15,11.14,11.15,1300,0
2015-05-14,16:45:00,11.15,11.15,11.15,11.15,294,0
2015-05-15,13:00:00,11.15,11.15,11.15,11.15,70,0
2015-05-15,15:20:00,11.15,11.15,11.15,11.15,120,0
2015-05-15,16:00:00,11.15,11.15,11.15,11.15,180,0
2015-05-18,09:05:00,11.31,11.31,11.31,11.31,150,0
2015-05-18,09:35:00,11.3,11.3,11.3,11.3,200,0
2015-05-18,10:05:00,11.38,11.65,11.38,11.65,2080,0
2015-05-18,10:50:00,11.79,11.8,11.79,11.8,29890,0
2015-05-18,11:05:00,11.8,11.8,11.8,11.8,383,0
2015-05-18,11:20:00,11.6,11.6,11.6,11.6,200,0
2015-05-18,11:35:00,11.8,11.8,11.8,11.8,325,0
2015-05-18,11:55:00,11.85,11.85,11.85,11.85,25,0
2015-05-18,12:20:00,11.6,11.6,11.6,11.6,481,0
2015-05-18,12:45:00,11.6,11.6,11.6,11.6,118,0
2015-05-18,16:00:00,11.6,11.6,11.6,11.6,1150,0
2015-05-18,16:15:00,11.8,11.8,11.8,11.8,27,0
2015-05-19,14:00:00,11.69,11.69,11.69,11.69,100,0
2015-05-19,14:05:00,11.7,11.7,11.7,11.7,150,0
2015-05-19,16:45:00,11.8,11.85,11.8,11.85,798,0
2015-05-19,16:50:00,11.94,11.94,11.94,11.94,20,0
2015-05-20,09:05:00,11.9,11.9,11.9,11.9,55,0
2015-05-20,09:45:00,11.9,11.9,11.9,11.9,245,0
2015-05-20,10:25:00,11.85,11.85,11.85,11.85,150,0
2015-05-20,11:05:00,11.85,11.85,11.85,11.85,100,0
2015-05-20,12:15:00,11.95,11.95,11.95,11.95,150,0
2015-05-20,13:00:00,11.93,11.93,11.93,11.93,115,0
2015-05-20,13:45:00,11.93,11.95,11.93,11.95,640,0
2015-05-20,13:50:00,11.75,11.75,11.75,11.75,80,0
2015-05-20,13:55:00,11.75,11.75,11.75,11.75,120,0
2015-05-20,14:00:00,11.75,11.75,11.75,11.75,198,0
2015-05-20,15:50:00,11.85,11.85,11.85,11.85,190,0
2015-05-20,15:55:00,11.85,11.88,11.85,11.88,125,0
2015-05-20,16:00:00,11.88,11.88,11.88,11.88,78,0
2015-05-20,16:15:00,11.89,11.89,11.89,11.89,48,0
2015-05-20,16:20:00,11.88,11.88,11.88,11.88,200,0
2015-05-20,16:35:00,11.89,11.89,11.89,11.89,476,0
2015-05-21,09:10:00,11.89,11.89,11.89,11.89,180,0
2015-05-21,10:10:00,11.89,11.95,11.89,11.95,196,0
2015-05-21,11:05:00,11.9,12.01,11.9,12.01,4086,0
2015-05-21,11:15:00,11.99,11.99,11.99,11.99,11,0
2015-05-21,11:20:00,11.99,11.99,11.99,11.99,66,0
2015-05-21,12:05:00,12,12,12,12,370,0
2015-05-21,12:15:00,12.05,12.1,12.05,12.1,1451,0
2015-05-21,13:05:00,12.12,12.12,12.12,12.12,400,0
2015-05-21,13:20:00,12.2,12.2,12.2,12.2,350,0
2015-05-21,13:30:00,12.2,12.2,12.2,12.2,107,0
2015-05-21,13:40:00,12.1,12.1,12.1,12.1,108,0
2015-05-21,15:00:00,12.05,12.05,12.05,12.05,149,0
2015-05-21,15:20:00,12.06,12.06,12.06,12.06,125,0
2015-05-21,15:40:00,12.06,12.06,12.06,12.06,150,0
2015-05-21,16:20:00,12.19,12.2,12.19,12.2,1000,0
2015-05-21,16:25:00,12.2,12.2,12.2,12.2,460,0
2015-05-21,16:50:00,12.2,12.2,12.2,12.2,821,0
2015-05-22,09:05:00,12.3,12.3,12.3,12.3,125,0
2015-05-22,10:05:00,12.23,12.23,12.06,12.06,640,0
2015-05-22,16:40:00,12.27,12.27,12.27,12.27,98,0
2015-05-25,14:15:00,12.15,12.15,12.1,12.1,31,0
2015-05-25,15:10:00,12.15,12.15,12.07,12.07,200,0
2015-05-25,16:25:00,12.07,12.07,12.07,12.07,50,0
2015-05-26,09:25:00,12.25,12.25,12.25,12.25,274,0
2015-05-26,10:45:00,12.24,12.24,12.24,12.24,150,0
2015-05-26,13:15:00,12.09,12.09,12.07,12.07,80,0
2015-05-26,14:30:00,12.1,12.1,12.1,12.1,203,0
2015-05-26,16:30:00,12.12,12.12,12.12,12.12,30,0
2015-05-27,10:10:00,12.07,12.07,12,12,200,0
2015-05-27,10:15:00,12,12,11.81,11.81,1193,0
2015-05-27,10:30:00,12,12,12,12,5,0
2015-05-27,10:40:00,12,12,12,12,182,0
2015-05-27,14:35:00,12,12,12,12,200,0
2015-05-27,14:45:00,12,12,12,12,1618,0
2015-05-27,15:30:00,12,12,12,12,382,0
2015-05-27,15:35:00,12,12,12,12,150,0
2015-05-27,15:55:00,12,12,12,12,1468,0
2015-05-28,09:05:00,12.09,12.09,12.09,12.09,158,0
2015-05-28,16:20:00,11.95,11.95,11.95,11.95,70,0
2015-05-29,12:45:00,11.95,11.95,11.95,11.95,96,0
2015-05-29,14:25:00,12,12,12,12,5,0
2015-05-29,15:25:00,12,12,12,12,312,0
2015-05-29,15:45:00,12.04,12.04,12.04,12.04,70,0
2015-06-01,09:50:00,12.04,12.04,12.04,12.04,130,0
2015-06-02,10:00:00,11.94,11.94,11.94,11.94,66,0
2015-06-02,10:50:00,11.9,12.03,11.9,12.03,5139,0
2015-06-02,11:30:00,11.95,12.03,11.95,12.03,1116,0
2015-06-02,14:20:00,12,12,12,12,500,0
2015-06-02,16:50:00,12.05,12.05,12.05,12.05,107,0
2015-06-03,10:45:00,12.02,12.02,12.02,12.02,374,0
2015-06-03,13:20:00,12.08,12.08,12.08,12.08,200,0
2015-06-03,13:40:00,12.14,12.15,12.14,12.15,1960,0
2015-06-03,14:35:00,12.2,12.2,12.2,12.2,930,0
2015-06-03,14:50:00,12.3,12.3,12.3,12.3,161,0
2015-06-03,16:50:00,12.29,12.29,12.29,12.29,70,0
2015-06-05,11:15:00,12.29,12.3,12.29,12.3,701,0
2015-06-05,14:20:00,12.3,12.3,12.3,12.3,185,0
2015-06-05,14:35:00,12.29,12.29,12.29,12.29,850,0
2015-06-05,14:50:00,12.32,12.32,12.32,12.32,72,0
2015-06-05,15:45:00,12.32,12.33,12.32,12.33,1026,0
2015-06-05,15:50:00,12.34,12.35,12.34,12.35,400,0
2015-06-05,15:55:00,12.35,12.35,12.35,12.35,500,0
2015-06-05,16:45:00,12.3,12.3,12.3,12.3,133,0
2015-06-08,09:05:00,12.35,12.45,12.35,12.45,4925,0
2015-06-08,09:35:00,12.47,12.47,12.47,12.47,150,0
2015-06-08,09:50:00,12.47,12.49,12.47,12.49,200,0
2015-06-08,10:25:00,12.35,12.35,12.35,12.35,3313,0
2015-06-08,10:35:00,12.32,12.32,12.32,12.32,1000,0
2015-06-08,10:40:00,12.32,12.32,12.3,12.3,2000,0
2015-06-08,10:55:00,12.33,12.33,12.33,12.33,2326,0
2015-06-08,11:10:00,12.33,12.33,12.33,12.33,910,0
2015-06-08,12:20:00,12.33,12.33,12.33,12.33,285,0
2015-06-08,12:25:00,12.33,12.33,12.33,12.33,62,0
2015-06-08,16:05:00,12.33,12.33,12.33,12.33,1645,0
2015-06-08,16:10:00,12.45,12.45,12.45,12.45,200,0
2015-06-08,16:40:00,12.49,12.5,12.49,12.5,1000,0
2015-06-08,16:50:00,12.5,12.5,12.5,12.5,767,0
2015-06-09,09:10:00,12.54,12.54,12.54,12.54,455,0
2015-06-09,09:15:00,12.54,12.59,12.54,12.59,1200,0
2015-06-09,12:35:00,12.45,12.45,12.45,12.45,40,0
2015-06-09,13:25:00,12.37,12.37,12.37,12.37,430,0
2015-06-09,14:55:00,12.5,12.59,12.5,12.59,109,0
2015-06-09,16:00:00,12.57,12.6,12.57,12.6,3174,0
2015-06-10,09:05:00,12.71,12.9,12.71,12.72,932,0
2015-06-10,09:15:00,12.89,13,12.89,13,10808,0
2015-06-10,09:20:00,13.08,13.3,13,13,3729,0
2015-06-10,09:30:00,13,13,13,13,400,0
2015-06-10,09:40:00,13.16,13.16,13.16,13.16,400,0
2015-06-10,09:45:00,13.16,13.2,13.02,13.02,2800,0
2015-06-10,09:50:00,13.19,13.19,13.19,13.19,300,0
2015-06-10,10:15:00,13.19,13.19,13.19,13.19,80,0
2015-06-10,10:25:00,13.15,13.2,13.15,13.2,8532,0
2015-06-10,10:35:00,13.2,13.35,13.2,13.35,1052,0
2015-06-10,10:40:00,13.43,13.55,13.42,13.42,4021,0
2015-06-10,10:45:00,13.59,13.75,13.59,13.7,1073,0
2015-06-10,10:50:00,13.7,13.7,13.7,13.7,227,0
2015-06-10,10:55:00,13.34,13.34,13.34,13.34,1,0
2015-06-10,11:00:00,13.7,13.75,13.7,13.75,129,0
2015-06-10,11:35:00,13.51,13.51,13.51,13.51,122,0
2015-06-10,12:35:00,13.51,13.51,13.51,13.51,116,0
2015-06-10,12:50:00,13.51,13.51,13.51,13.51,62,0
2015-06-10,13:05:00,13.47,13.47,13.47,13.47,100,0
2015-06-10,13:30:00,13.55,13.55,13.55,13.55,236,0
2015-06-10,13:50:00,13.6,13.6,13.6,13.6,40,0
2015-06-10,14:10:00,13.6,13.6,13.6,13.6,280,0
2015-06-10,14:15:00,13.6,13.6,13.6,13.6,150,0
2015-06-10,14:25:00,13.6,13.6,13.6,13.6,50,0
2015-06-10,14:40:00,13.6,13.6,13.6,13.6,66,0
2015-06-10,15:15:00,13.69,13.7,13.69,13.7,300,0
2015-06-10,15:40:00,13.55,13.55,13.55,13.55,108,0
2015-06-10,15:45:00,13.47,13.47,13.47,13.47,480,0
2015-06-10,15:55:00,13.7,13.7,13.7,13.7,80,0
2015-06-10,16:50:00,13.69,13.69,13.69,13.69,181,0
2015-06-11,09:05:00,13.73,13.74,13.73,13.74,783,0
2015-06-11,09:10:00,13.7,13.7,13.7,13.7,1010,0
2015-06-11,09:15:00,13.7,13.7,13.7,13.7,490,0
2015-06-11,09:20:00,13.7,13.7,13.7,13.7,542,0
2015-06-11,09:25:00,13.74,13.74,13.74,13.74,200,0
2015-06-11,09:30:00,13.74,13.79,13.74,13.79,99,0
2015-06-11,09:40:00,13.85,13.9,13.79,13.9,390,0
2015-06-11,09:45:00,13.99,13.99,13.99,13.99,144,0
2015-06-11,10:00:00,14,14,14,14,80,0
2015-06-11,10:05:00,13.99,13.99,13.99,13.99,56,0
2015-06-11,10:20:00,13.95,13.95,13.95,13.95,20,0
2015-06-11,10:30:00,13.9,13.9,13.9,13.9,200,0
2015-06-11,11:05:00,13.93,13.93,13.93,13.93,98,0
2015-06-11,11:15:00,13.93,13.93,13.93,13.93,78,0
2015-06-11,11:25:00,13.93,13.93,13.93,13.93,20,0
2015-06-11,11:30:00,13.74,13.74,13.74,13.74,200,0
2015-06-11,11:40:00,13.74,13.74,13.74,13.74,400,0
2015-06-11,12:35:00,13.8,13.8,13.8,13.8,300,0
2015-06-11,14:25:00,13.9,13.9,13.9,13.9,150,0
2015-06-11,14:45:00,13.9,13.9,13.9,13.9,550,0
2015-06-11,15:10:00,13.9,13.9,13.9,13.9,952,0
2015-06-11,15:20:00,13.92,13.92,13.92,13.92,3000,0
2015-06-11,15:25:00,13.92,13.93,13.92,13.93,2154,0
2015-06-11,15:45:00,13.9,13.9,13.9,13.9,50,0
2015-06-11,15:55:00,13.9,13.9,13.9,13.9,200,0
2015-06-11,16:15:00,13.97,13.97,13.97,13.97,250,0
2015-06-11,16:20:00,13.9,13.9,13.9,13.9,76,0
2015-06-11,16:30:00,13.9,13.9,13.9,13.9,119,0
2015-06-11,16:50:00,13.97,13.97,13.97,13.97,700,0
2015-06-12,11:20:00,13.9,13.9,13.9,13.9,284,0
2015-06-12,12:55:00,13.9,13.9,13.9,13.9,216,0
2015-06-12,13:15:00,13.81,13.81,13.8,13.8,108,0
2015-06-12,13:30:00,13.9,13.9,13.9,13.9,25,0
2015-06-12,15:10:00,13.89,13.89,13.89,13.89,28,0
2015-06-12,16:25:00,13.85,13.85,13.85,13.85,100,0
2015-06-15,09:05:00,13.9,13.9,13.9,13.9,250,0
2015-06-15,11:25:00,13.9,13.9,13.8,13.8,207,0
2015-06-15,11:35:00,13.7,13.7,13.7,13.7,162,0
2015-06-15,11:55:00,13.7,13.7,13.7,13.7,89,0
2015-06-15,14:20:00,13.72,13.72,13.72,13.72,902,0
2015-06-16,09:05:00,13.85,13.85,13.85,13.85,36,0
2015-06-16,13:55:00,13.73,13.73,13.72,13.72,189,0
2015-06-16,15:25:00,13.72,13.72,13.72,13.72,161,0
2015-06-16,15:30:00,13.72,13.72,13.72,13.72,150,0
2015-06-17,09:10:00,13.84,13.84,13.72,13.72,120,0
2015-06-17,10:40:00,13.78,13.78,13.78,13.78,86,0
2015-06-17,11:35:00,13.72,13.72,13.72,13.72,14,0
2015-06-17,11:40:00,13.72,13.72,13.72,13.72,850,0
2015-06-17,14:30:00,13.72,13.72,13.72,13.72,275,0
2015-06-17,14:50:00,13.72,13.72,13.72,13.72,134,0
2015-06-17,16:50:00,13.72,13.72,13.72,13.72,582,0
2015-06-18,09:05:00,13.7,13.7,13.7,13.7,149,0
2015-06-18,12:55:00,13.6,13.6,13.6,13.6,750,0
2015-06-18,13:20:00,13.48,13.48,13.48,13.48,100,0
2015-06-18,14:25:00,13.47,13.47,13.47,13.47,100,0
2015-06-18,16:35:00,13.5,13.5,13.47,13.47,250,0
2015-06-19,10:25:00,13.67,13.67,13.67,13.67,2,0
2015-06-19,16:30:00,13.65,13.65,13.65,13.65,2,0
2015-06-22,12:50:00,13.47,13.47,13.47,13.47,107,0
2015-06-22,15:00:00,13.47,13.47,13.47,13.47,111,0
2015-06-22,16:10:00,13.47,13.47,13.47,13.47,137,0
2015-06-22,16:50:00,13.2,13.2,13.2,13.2,200,0
2015-06-23,09:05:00,13.2,13.2,13.2,13.2,124,0
2015-06-23,11:50:00,13.25,13.25,13.25,13.25,500,0
2015-06-23,16:00:00,13.25,13.25,13.25,13.25,95,0
2015-06-23,16:15:00,13.4,13.4,13.4,13.4,5,0
2015-06-24,09:10:00,13.4,13.4,13.4,13.4,60,0
2015-06-24,11:55:00,13.25,13.25,13.25,13.25,100,0
2015-06-25,13:25:00,13.3,13.3,13.3,13.3,250,0
2015-06-26,09:05:00,13.19,13.19,13.19,13.19,450,0
2015-06-26,13:10:00,13.15,13.15,12.7,12.7,57,0
2015-06-26,13:35:00,13.2,13.2,13.2,13.2,1,0
2015-06-26,13:40:00,13.19,13.19,13.19,13.19,150,0
2015-06-26,14:45:00,12.73,12.73,12.7,12.7,316,0
2015-06-26,15:05:00,12.99,12.99,12.99,12.99,14,0
2015-06-29,09:05:00,12.42,12.42,12.42,12.42,715,0
2015-06-29,09:35:00,12.28,12.5,12.28,12.5,370,0
2015-06-29,10:10:00,12.51,12.51,12.51,12.51,88,0
2015-06-29,11:00:00,12.89,12.89,12.89,12.89,13,0
2015-06-29,12:30:00,12.51,12.51,12.5,12.5,350,0
2015-06-29,14:45:00,12.89,12.89,12.89,12.89,13,0
2015-06-30,09:05:00,12.37,12.37,12.37,12.37,150,0
2015-06-30,09:20:00,12.87,12.87,12.87,12.87,1,0
2015-06-30,09:35:00,12.6,12.6,12.6,12.6,600,0
2015-06-30,10:10:00,12.59,12.59,12.59,12.59,232,0
2015-06-30,12:30:00,12.59,12.59,12.59,12.59,274,0
2015-06-30,13:00:00,12.61,12.61,12.6,12.6,1529,0
2015-06-30,15:50:00,12.8,12.8,12.8,12.8,1,0
2015-07-01,10:05:00,12.78,12.84,12.78,12.84,1250,0
2015-07-01,10:15:00,12.85,12.85,12.61,12.61,867,0
2015-07-01,13:55:00,12.99,12.99,12.99,12.99,18,0
2015-07-01,16:20:00,12.76,12.76,12.76,12.76,100,0
2015-07-02,15:35:00,12.99,12.99,12.99,12.99,1,0
2015-07-02,16:50:00,12.55,12.55,12.55,12.55,138,0
2015-07-03,11:00:00,12.75,13,12.75,13,570,0
2015-07-03,16:15:00,12.7,12.7,12.7,12.7,126,0
2015-07-03,16:50:00,12.7,12.7,12.66,12.66,270,0
2015-07-06,12:20:00,12.8,12.8,12.75,12.75,507,0
2015-07-06,16:45:00,12.85,12.85,12.85,12.85,8,0
2015-07-08,12:40:00,12.85,12.85,12.85,12.85,150,0
2015-07-08,12:55:00,12.66,12.66,12.66,12.66,74,0
2015-07-08,13:50:00,12.41,12.41,12.36,12.36,598,0
2015-07-08,16:50:00,12.36,12.36,12.36,12.36,191,0
2015-07-09,09:05:00,12.77,12.77,12.77,12.77,2201,0
2015-07-09,09:10:00,12.77,12.77,12.77,12.77,141,0
2015-07-09,09:45:00,12.77,12.77,12.77,12.77,1170,0
2015-07-09,10:35:00,12.74,12.74,12.74,12.74,220,0
2015-07-10,10:05:00,12.7,12.7,12.7,12.7,178,0
2015-07-10,10:10:00,12.7,12.7,12.7,12.7,12,0
2015-07-10,10:55:00,12.75,12.75,12.75,12.75,350,0
2015-07-10,12:10:00,12.75,12.75,12.75,12.75,170,0
2015-07-10,13:35:00,12.75,12.75,12.75,12.75,235,0
2015-07-10,13:50:00,12.75,12.75,12.75,12.75,137,0
2015-07-13,10:30:00,12.75,12.75,12.75,12.75,35,0
2015-07-13,10:45:00,12.75,12.75,12.75,12.75,104,0
2015-07-13,10:50:00,12.75,12.75,12.75,12.75,86,0
2015-07-13,10:55:00,12.75,12.75,12.75,12.75,44,0
2015-07-13,11:00:00,12.75,12.75,12.75,12.75,40,0
2015-07-13,11:20:00,12.75,12.75,12.75,12.75,160,0
2015-07-14,16:40:00,12.5,12.5,12.5,12.5,80,0
2015-07-15,13:45:00,12.5,12.5,12.5,12.5,1600,0
2015-07-15,14:05:00,12.5,12.5,12.5,12.5,60,0
2015-07-15,14:20:00,12.5,12.5,12.5,12.5,22,0
2015-07-16,09:05:00,12.5,12.5,12.5,12.5,80,0
2015-07-16,09:55:00,12.5,12.5,12.5,12.5,500,0
2015-07-16,10:15:00,12.6,12.6,12.6,12.6,196,0
2015-07-16,11:55:00,12.35,12.35,12.35,12.35,150,0
2015-07-16,16:50:00,12.74,12.74,12.74,12.74,5,0
2015-07-17,14:30:00,12.74,12.74,12.74,12.74,142,0
2015-07-17,15:00:00,12.5,12.5,12.5,12.5,109,0
2015-07-20,13:05:00,12.74,12.74,12.74,12.74,1300,0
2015-07-21,13:00:00,12.74,12.74,12.74,12.74,1159,0
2015-07-21,13:05:00,12.74,12.74,12.74,12.74,1000,0
2015-07-21,13:10:00,12.74,12.75,12.74,12.75,1257,0
2015-07-21,13:40:00,12.75,12.75,12.75,12.75,120,0
2015-07-21,13:50:00,12.75,12.75,12.75,12.75,200,0
2015-07-21,14:05:00,12.75,12.75,12.75,12.75,240,0
2015-07-21,14:10:00,12.75,12.75,12.75,12.75,150,0
2015-07-21,16:25:00,12.75,12.75,12.75,12.75,360,0
2015-07-22,09:15:00,12.74,12.74,12.74,12.74,400,0
2015-07-22,09:20:00,12.74,12.74,12.74,12.74,1000,0
2015-07-22,10:00:00,12.74,12.75,12.74,12.75,2163,0
2015-07-22,10:25:00,12.65,12.65,12.65,12.65,300,0
2015-07-22,10:55:00,12.75,12.75,12.75,12.75,300,0
2015-07-22,16:25:00,12.75,12.75,12.75,12.75,207,0
2015-07-27,09:05:00,12.75,12.75,12.75,12.75,500,0
2015-07-27,09:40:00,12.75,12.75,12.75,12.75,250,0
2015-07-28,10:45:00,12.72,12.72,12.72,12.72,236,0
2015-07-28,11:10:00,12.55,12.55,12.54,12.54,300,0
2015-07-28,11:20:00,12.54,12.74,12.54,12.74,317,0
2015-07-28,11:25:00,12.75,12.75,12.55,12.75,763,0
2015-07-28,11:35:00,12.75,12.75,12.75,12.75,480,0
2015-07-28,11:40:00,12.75,12.75,12.75,12.75,369,0
2015-07-28,12:55:00,12.75,12.75,12.75,12.75,403,0
2015-07-28,15:15:00,12.75,12.75,12.75,12.75,1204,0
2015-07-28,15:45:00,12.79,12.79,12.79,12.79,500,0
2015-07-28,16:20:00,12.79,12.8,12.79,12.8,200,0
2015-07-28,16:30:00,12.8,12.8,12.8,12.8,39,0
2015-07-28,16:50:00,12.58,12.58,12.58,12.58,85,0
2015-07-29,10:20:00,12.7,12.7,12.7,12.7,200,0
2015-07-29,11:40:00,12.58,12.58,12.58,12.58,13,0
2015-07-29,13:00:00,12.7,12.7,12.7,12.7,17,0
2015-07-29,13:35:00,12.7,12.7,12.7,12.7,43,0
2015-07-29,13:55:00,12.7,12.7,12.7,12.7,157,0
2015-07-29,14:05:00,12.7,12.7,12.7,12.7,200,0
2015-07-29,14:10:00,12.63,12.63,12.63,12.63,400,0
2015-07-29,16:40:00,12.8,12.8,12.8,12.8,80,0
2015-07-31,12:20:00,12.65,12.65,12.65,12.65,70,0
2015-07-31,16:50:00,12.62,12.62,12.62,12.62,13,0
2015-08-03,10:20:00,12.62,12.62,12.62,12.62,310,0
2015-08-03,13:00:00,12.79,12.79,12.79,12.79,400,0
2015-08-03,16:50:00,12.82,12.82,12.82,12.82,255,0
2015-08-04,11:55:00,12.89,13,12.89,13,1100,0
2015-08-04,12:25:00,13,13,13,13,2080,0
2015-08-04,12:30:00,13,13,13,13,200,0
2015-08-04,12:40:00,13,13,13,13,100,0
2015-08-04,14:35:00,13,13,13,13,1000,0
2015-08-04,14:45:00,13,13,13,13,400,0
2015-08-04,15:30:00,12.9,12.9,12.9,12.9,37,0
2015-08-05,10:10:00,13,13,13,13,1000,0
2015-08-05,10:30:00,13,13,13,13,150,0
2015-08-05,10:40:00,13,13,13,13,1000,0
2015-08-05,13:20:00,13,13,13,13,200,0
2015-08-05,14:20:00,13,13,13,13,80,0
2015-08-05,15:35:00,13,13,13,13,800,0
2015-08-06,11:10:00,12.96,12.96,12.96,12.96,80,0
2015-08-06,12:20:00,12.88,12.88,12.88,12.88,120,0
2015-08-06,14:55:00,12.88,12.88,12.88,12.88,150,0
2015-08-06,16:00:00,12.88,12.88,12.88,12.88,93,0
2015-08-06,16:30:00,12.88,12.88,12.88,12.88,159,0
2015-08-06,16:40:00,12.61,12.61,12.51,12.51,400,0
2015-08-06,16:50:00,12.52,12.53,12.5,12.5,1507,0
2015-08-07,09:30:00,12.21,12.21,12.21,12.21,278,0
2015-08-07,09:40:00,12.5,12.64,12.5,12.64,369,0
2015-08-07,09:50:00,12.64,12.64,12.63,12.63,347,0
2015-08-07,09:55:00,12.64,12.64,12.64,12.64,836,0
2015-08-07,10:15:00,12.64,12.64,12.64,12.64,47,0
2015-08-07,10:20:00,12.69,12.72,12.69,12.72,451,0
2015-08-07,11:05:00,12.73,12.73,12.72,12.72,460,0
2015-08-07,12:40:00,12.98,12.99,12.98,12.99,220,0
2015-08-07,13:40:00,12.91,12.91,12.91,12.91,310,0
2015-08-07,14:20:00,12.97,12.97,12.97,12.97,4,0
2015-08-07,16:50:00,12.78,12.78,12.78,12.78,195,0
2015-08-10,09:05:00,12.6,12.6,12.6,12.6,77,0
2015-08-10,09:55:00,12.77,12.77,12.77,12.77,15,0
2015-08-10,10:00:00,12.6,12.6,12.6,12.6,23,0
2015-08-10,10:30:00,12.75,12.75,12.75,12.75,608,0
2015-08-10,11:20:00,12.77,12.77,12.77,12.77,102,0
2015-08-10,11:50:00,12.8,12.8,12.8,12.8,180,0
2015-08-10,11:55:00,12.8,12.8,12.8,12.8,100,0
2015-08-10,12:15:00,12.8,12.8,12.8,12.8,210,0
2015-08-10,14:15:00,12.84,12.84,12.84,12.84,140,0
2015-08-10,14:20:00,12.87,12.87,12.87,12.87,100,0
2015-08-10,14:30:00,12.9,12.9,12.77,12.77,566,0
2015-08-10,15:55:00,12.77,12.77,12.77,12.77,200,0
2015-08-11,09:05:00,12.77,12.77,12.77,12.77,76,0
2015-08-11,09:20:00,12.77,12.77,12.77,12.77,154,0
2015-08-11,10:10:00,12.77,12.77,12.7,12.7,765,0
2015-08-11,16:00:00,12.75,12.75,12.75,12.75,160,0
2015-08-11,16:50:00,12.75,12.75,12.75,12.75,276,0
2015-08-12,15:35:00,12.99,12.99,12.99,12.99,120,0
2015-08-12,16:45:00,12.99,12.99,12.99,12.99,134,0
2015-08-13,09:05:00,12.99,12.99,12.99,12.99,300,0
2015-08-13,09:50:00,12.99,12.99,12.99,12.99,79,0
2015-08-13,10:15:00,12.99,12.99,12.99,12.99,50,0
2015-08-13,10:45:00,12.99,13,12.99,13,1000,0
2015-08-13,11:05:00,13,13,13,13,120,0
2015-08-13,11:30:00,13,13,13,13,1114,0
2015-08-13,12:20:00,13,13,13,13,250,0
2015-08-13,12:50:00,13,13,13,13,450,0
2015-08-13,14:05:00,13,13,13,13,470,0
2015-08-13,16:35:00,12.9,12.9,12.68,12.68,1000,0
2015-08-14,10:00:00,12.69,12.69,12.69,12.69,20,0
2015-08-14,11:15:00,12.99,12.99,12.99,12.99,300,0
2015-08-14,15:00:00,12.99,13,12.99,13,1676,0
2015-08-17,09:50:00,12.99,13,12.99,13,200,0
2015-08-17,10:00:00,13,13.01,13,13.01,161,0
2015-08-17,11:55:00,12.9,12.9,12.9,12.9,86,0
2015-08-17,16:50:00,12.95,13,12.95,13,60,0
2015-08-18,10:35:00,12.75,12.75,12.75,12.75,182,0
2015-08-18,11:25:00,12.75,12.75,12.75,12.75,18,0
2015-08-18,11:45:00,12.68,12.68,12.66,12.66,282,0
2015-08-18,15:25:00,12.71,12.71,12.71,12.71,138,0
2015-08-18,16:50:00,12.68,12.68,12.68,12.68,138,0
2015-08-19,14:50:00,12.7,12.7,12.69,12.69,306,0
2015-08-19,15:05:00,12.67,12.67,12.67,12.67,100,0
2015-08-19,15:20:00,12.68,12.68,12.68,12.68,105,0
2015-08-19,16:20:00,12.68,12.68,12.68,12.68,89,0
2015-08-19,16:50:00,12.67,12.67,12.67,12.67,190,0
2015-08-20,10:40:00,12.68,12.68,12.67,12.67,333,0
2015-08-20,11:55:00,12.67,12.67,12.67,12.67,19,0
2015-08-20,14:20:00,12.67,12.7,12.67,12.7,276,0
2015-08-20,16:10:00,12.7,12.7,12.7,12.7,224,0
2015-08-21,15:00:00,12.7,12.7,12.66,12.66,274,0
2015-08-21,15:55:00,12.66,12.66,12.66,12.66,321,0
2015-08-24,09:05:00,12.6,12.6,12.5,12.5,696,0
2015-08-24,09:25:00,12.3,12.3,12.3,12.3,694,0
2015-08-24,09:45:00,12.3,12.3,12.22,12.22,400,0
2015-08-24,09:55:00,12.22,12.22,12.22,12.22,206,0
2015-08-24,10:25:00,12.21,12.21,12.21,12.21,100,0
2015-08-24,10:35:00,12.22,12.22,12.22,12.22,44,0
2015-08-24,10:55:00,12.52,12.52,12.52,12.52,250,0
2015-08-24,11:55:00,12.52,12.52,12.52,12.52,250,0
2015-08-24,12:00:00,12.4,12.4,12.4,12.4,250,0
2015-08-24,13:55:00,12.4,12.4,12.4,12.4,10,0
2015-08-24,14:05:00,12.21,12.21,12.21,12.21,50,0
2015-08-24,14:10:00,12,12,12,12,500,0
2015-08-24,14:15:00,12,12,12,12,330,0
2015-08-24,14:50:00,12,12,12,12,180,0
2015-08-24,15:05:00,12,12,12,12,100,0
2015-08-24,15:30:00,12,12,11.99,11.99,545,0
2015-08-24,16:00:00,11.5,11.5,11.5,11.5,117,0
2015-08-24,16:05:00,11.49,11.5,11.49,11.5,633,0
2015-08-24,16:30:00,12,12,12,12,5,0
2015-08-24,16:40:00,11.56,11.56,11.51,11.51,300,0
2015-08-24,16:50:00,12.09,12.09,12.09,12.09,70,0
2015-08-25,09:05:00,10.55,11.3,10.55,11.3,2818,0
2015-08-25,09:10:00,11.35,11.35,11.3,11.3,690,0
2015-08-25,09:20:00,11.3,11.3,11.3,11.3,80,0
2015-08-25,09:25:00,11.3,11.5,11.3,11.5,600,0
2015-08-25,09:45:00,11.6,11.6,11.6,11.6,90,0
2015-08-25,09:55:00,11.5,11.5,11.5,11.5,50,0
2015-08-25,11:40:00,11.49,11.5,11.4,11.5,675,0
2015-08-25,12:20:00,11.2,11.2,11.2,11.2,50,0
2015-08-25,12:25:00,11.5,11.59,11.5,11.59,222,0
2015-08-25,13:05:00,11,11,11,11,1300,0
2015-08-25,14:15:00,11.6,11.6,11.6,11.6,5,0
2015-08-25,16:45:00,11.04,11.04,11.04,11.04,158,0
2015-08-25,16:50:00,11.05,11.05,11.05,11.05,437,0
2015-08-26,09:20:00,11.55,11.55,11.55,11.55,150,0
2015-08-26,11:25:00,11.3,11.3,11.3,11.3,100,0
2015-08-26,11:50:00,11.25,11.25,11.25,11.25,50,0
2015-08-26,11:55:00,11.3,11.3,11.3,11.3,98,0
2015-08-26,12:05:00,11.3,11.3,11.3,11.3,2,0
2015-08-26,12:40:00,11.15,11.15,11.15,11.15,94,0
2015-08-26,16:45:00,11.25,11.25,11.25,11.25,300,0
2015-08-26,16:50:00,11.43,11.43,11.43,11.43,5,0
2015-08-27,10:20:00,11.43,11.44,11.43,11.44,169,0
2015-08-27,11:05:00,11.44,11.44,11.44,11.44,25,0
2015-08-27,12:35:00,11.59,11.59,11.59,11.59,243,0
2015-08-27,15:35:00,11.6,11.84,11.6,11.84,1350,0
2015-08-28,10:00:00,11.87,11.95,11.87,11.95,1295,0
2015-08-28,13:40:00,11.95,11.95,11.95,11.95,1,0
2015-08-28,14:00:00,12,12,12,12,500,0
2015-08-28,14:25:00,12.8,12.8,12.8,12.8,1,0
2015-08-31,09:15:00,12.01,12.2,12,12,1075,0
2015-08-31,11:50:00,12,12,12,12,250,0
2015-08-31,12:00:00,12,12,12,12,200,0
2015-08-31,12:45:00,12,12,12,12,70,0
2015-08-31,13:05:00,12,12,12,12,110,0
2015-08-31,15:15:00,12,12,12,12,10,0
2015-09-01,09:25:00,11.8,11.8,11.8,11.8,750,0
2015-09-01,14:15:00,11.8,11.8,11.8,11.8,113,0
2015-09-01,15:10:00,11.56,11.56,11.46,11.46,400,0
2015-09-01,15:35:00,11.46,11.46,11.46,11.46,100,0
2015-09-01,16:50:00,12.28,12.28,12.28,12.28,1,0
2015-09-02,09:05:00,11.46,11.46,11.46,11.46,1155,0
2015-09-02,09:35:00,11.46,11.46,11.46,11.46,51,0
2015-09-02,09:45:00,11.67,11.69,11.67,11.69,304,0
2015-09-02,09:50:00,11.7,11.7,11.7,11.7,10,0
2015-09-02,10:45:00,11.79,11.79,11.79,11.79,699,0
2015-09-02,10:50:00,11.8,11.8,11.8,11.8,99,0
2015-09-02,11:30:00,11.82,11.82,11.82,11.82,150,0
2015-09-02,11:35:00,11.94,11.94,11.94,11.94,90,0
2015-09-02,12:10:00,11.82,11.82,11.8,11.8,232,0
2015-09-02,12:30:00,11.72,11.72,11.6,11.6,1828,0
2015-09-02,12:35:00,11.8,11.94,11.8,11.94,20,0
2015-09-02,16:50:00,11.65,11.65,11.65,11.65,675,0
2015-09-03,09:05:00,11.53,11.53,11.53,11.53,443,0
2015-09-03,09:15:00,11.53,11.53,11.53,11.53,164,0
2015-09-03,09:40:00,11.53,11.53,11.53,11.53,170,0
2015-09-03,09:50:00,11.53,11.53,11.53,11.53,200,0
2015-09-03,11:00:00,11.53,11.53,11.53,11.53,90,0
2015-09-03,12:35:00,11.69,11.7,11.69,11.7,199,0
2015-09-03,14:35:00,11.57,11.57,11.57,11.57,51,0
2015-09-03,15:05:00,11.7,11.7,11.7,11.7,459,0
2015-09-03,15:10:00,11.7,11.7,11.57,11.57,197,0
2015-09-03,15:25:00,11.7,11.7,11.7,11.7,120,0
2015-09-03,15:55:00,11.7,11.7,11.7,11.7,79,0
2015-09-03,16:30:00,11.65,11.65,11.65,11.65,450,0
2015-09-04,09:05:00,11.6,11.6,11.6,11.6,150,0
2015-09-04,09:15:00,11.7,11.7,11.7,11.7,71,0
2015-09-04,09:20:00,11.76,11.77,11.76,11.77,249,0
2015-09-04,10:40:00,11.71,11.71,11.7,11.7,910,0
2015-09-04,12:20:00,11.71,11.71,11.66,11.66,505,0
2015-09-04,14:25:00,11.7,11.7,11.7,11.7,200,0
2015-09-04,15:25:00,11.7,11.7,11.65,11.65,1100,0
2015-09-04,15:30:00,11.66,11.66,11.66,11.66,216,0
2015-09-04,16:50:00,11.62,11.62,11.62,11.62,463,0
2015-09-07,11:45:00,11.9,11.9,11.9,11.9,374,0
2015-09-07,11:50:00,11.9,11.95,11.9,11.95,1829,0
2015-09-07,13:00:00,11.81,11.81,11.81,11.81,89,0
2015-09-07,14:50:00,11.95,11.95,11.95,11.95,9,0
2015-09-07,16:50:00,11.95,11.95,11.95,11.95,68,0
2015-09-08,11:30:00,11.95,11.95,11.95,11.95,23,0
2015-09-08,12:05:00,12.19,12.19,12.19,12.19,89,0
2015-09-08,13:05:00,12.2,12.2,12.2,12.2,90,0
2015-09-08,14:25:00,12.2,12.2,12.2,12.2,610,0
2015-09-10,09:30:00,12.15,12.15,12.15,12.15,100,0
2015-09-11,12:30:00,11.84,11.84,11.76,11.76,214,0
2015-09-14,09:05:00,11.85,11.85,11.85,11.85,110,0
2015-09-14,09:10:00,11.85,11.85,11.76,11.76,235,0
2015-09-14,12:20:00,11.75,11.75,11.75,11.75,752,0
2015-09-14,13:55:00,11.7,11.7,11.7,11.7,616,0
2015-09-14,14:00:00,11.7,11.7,11.7,11.7,132,0
2015-09-14,16:15:00,12.05,12.05,12.05,12.05,253,0
2015-09-15,11:35:00,11.81,11.81,11.8,11.8,1041,0
2015-09-15,12:35:00,11.8,11.8,11.8,11.8,202,0
2015-09-15,14:40:00,11.8,11.8,11.8,11.8,1000,0
2015-09-15,16:50:00,11.73,11.73,11.73,11.73,253,0
2015-09-16,12:00:00,12.02,12.02,12.02,12.02,75,0
2015-09-16,14:50:00,11.84,11.84,11.78,11.78,3041,0
2015-09-17,09:05:00,11.78,11.78,11.78,11.78,90,0
2015-09-17,09:35:00,11.78,11.78,11.7,11.7,175,0
2015-09-17,09:40:00,11.7,11.7,11.7,11.7,218,0
2015-09-17,16:40:00,11.7,11.7,11.7,11.7,91,0
2015-09-17,16:50:00,11.72,11.73,11.72,11.73,400,0
2015-09-18,15:55:00,11.8,11.8,11.8,11.8,310,0
2015-09-21,09:05:00,12.05,12.05,12.05,12.05,85,0
2015-09-21,13:10:00,12.05,12.05,12.05,12.05,780,0
2015-09-21,16:50:00,12.44,12.44,12.44,12.44,1,0
2015-09-22,09:05:00,12.22,12.22,12.18,12.18,388,0
2015-09-22,09:20:00,12,12,12,12,36,0
2015-09-22,09:45:00,12.2,12.2,12.2,12.2,50,0
2015-09-22,16:50:00,11.92,11.92,11.92,11.92,36,0
2015-09-23,09:05:00,11.9,11.9,11.9,11.9,621,0
2015-09-23,15:05:00,12.1,12.1,12.1,12.1,222,0
2015-09-24,11:45:00,12,12,12,12,142,0
2015-09-24,14:00:00,12,12,12,12,358,0
2015-09-24,16:50:00,11.91,11.91,11.9,11.9,536,0
2015-09-25,09:05:00,11.9,11.9,11.9,11.9,300,0
2015-09-25,09:25:00,11.9,11.9,11.9,11.9,292,0
2015-09-25,10:15:00,11.71,11.71,11.7,11.7,173,0
2015-09-25,10:20:00,11.7,11.7,11.7,11.7,2,0
2015-09-25,14:25:00,12.1,12.1,12.1,12.1,245,0
2015-09-25,14:30:00,12.1,12.1,12.06,12.06,515,0
2015-09-25,16:35:00,11.94,11.94,11.94,11.94,1,0
2015-09-25,16:45:00,11.31,11.31,11.31,11.31,1,0
2015-09-25,16:50:00,11.35,11.95,11.35,11.95,761,0
2015-09-28,09:10:00,11.33,11.33,11.33,11.33,236,0
2015-09-28,10:10:00,11.5,11.5,11.5,11.5,2300,0
2015-09-28,16:45:00,11.7,11.7,11.7,11.7,39,0
2015-09-28,16:50:00,11.51,11.51,11.51,11.51,760,0
2015-09-29,09:05:00,11.88,11.88,11.83,11.83,367,0
2015-09-29,10:25:00,11.89,11.89,11.89,11.89,362,0
2015-09-29,13:20:00,11.7,11.7,11.7,11.7,111,0
2015-09-29,14:20:00,11.7,11.7,11.7,11.7,500,0
2015-09-29,16:50:00,11.61,11.61,11.61,11.61,603,0
2015-09-30,09:15:00,11.85,11.85,11.85,11.85,496,0
2015-10-01,09:05:00,11.66,11.66,11.66,11.66,18,0
2015-10-01,09:45:00,11.66,11.66,11.61,11.61,400,0
2015-10-01,16:25:00,11.83,11.83,11.83,11.83,298,0
2015-10-01,16:50:00,11.74,11.74,11.74,11.74,1,0
2015-10-02,10:15:00,11.69,11.69,11.5,11.5,2950,0
2015-10-02,11:45:00,11.54,11.54,11.54,11.54,100,0
2015-10-02,16:50:00,11.59,11.89,11.59,11.89,496,0
2015-10-05,09:25:00,11.84,11.84,11.84,11.84,656,0
2015-10-05,16:50:00,11.63,11.64,11.63,11.64,657,0
2015-10-06,09:05:00,11.85,11.85,11.84,11.84,897,0
2015-10-06,15:20:00,11.78,11.8,11.78,11.8,497,0
2015-10-06,16:50:00,11.63,11.64,11.63,11.64,898,0
2015-10-07,09:05:00,11.84,11.84,11.84,11.84,776,0
2015-10-07,10:50:00,11.63,11.63,11.63,11.63,50,0
2015-10-07,16:50:00,11.62,11.62,11.62,11.62,776,0
2015-10-08,09:05:00,11.83,11.83,11.83,11.83,418,0
2015-10-08,11:30:00,11.65,11.65,11.65,11.65,65,0
2015-10-08,12:30:00,11.64,11.64,11.62,11.62,1291,0
2015-10-08,13:25:00,11.64,11.64,11.62,11.62,519,0
2015-10-08,13:30:00,11.63,11.64,11.63,11.64,571,0
2015-10-08,14:50:00,11.64,11.64,11.64,11.64,450,0
2015-10-08,15:15:00,11.64,11.64,11.64,11.64,150,0
2015-10-08,15:20:00,11.64,11.64,11.64,11.64,1050,0
2015-10-08,15:25:00,11.64,11.64,11.64,11.64,150,0
2015-10-08,15:30:00,11.68,11.69,11.64,11.69,1700,0
2015-10-08,15:35:00,11.69,11.69,11.69,11.69,900,0
2015-10-08,15:40:00,11.69,11.69,11.69,11.69,300,0
2015-10-08,16:05:00,11.69,11.69,11.69,11.69,475,0
2015-10-08,16:25:00,11.69,11.69,11.69,11.69,2100,0
2015-10-08,16:50:00,11.6,11.6,11.6,11.6,418,0
2015-10-09,09:10:00,11.62,11.62,11.62,11.62,1000,0
2015-10-09,09:40:00,11.62,11.62,11.62,11.62,4000,0
2015-10-09,09:45:00,11.62,11.62,11.62,11.62,9022,0
2015-10-09,11:05:00,11.8,11.8,11.8,11.8,160,0
2015-10-12,09:05:00,11.89,11.89,11.89,11.89,95,0
2015-10-13,12:30:00,11.9,11.91,11.9,11.91,1486,0
2015-10-14,16:50:00,11.99,12,11.99,12,228,0
2015-10-16,10:30:00,11.99,11.99,11.99,11.99,36,0
2015-10-16,16:50:00,12,12,12,12,36,0
2015-10-19,09:05:00,11.99,11.99,11.99,11.99,311,0
2015-10-19,10:30:00,11.99,11.99,11.99,11.99,250,0
2015-10-19,16:50:00,11.96,11.96,11.96,11.96,148,0
2015-10-20,09:05:00,11.8,11.8,11.8,11.8,99,0
2015-10-20,09:10:00,11.8,11.8,11.8,11.8,159,0
2015-10-21,09:05:00,11.94,11.94,11.94,11.94,110,0
2015-10-21,09:30:00,11.94,11.94,11.94,11.94,149,0
2015-10-21,16:50:00,11.8,11.9,11.8,11.9,750,0
2015-10-22,12:55:00,11.8,11.8,11.62,11.62,1047,0
2015-10-23,09:05:00,11.65,11.65,11.65,11.65,199,0
2015-10-23,09:20:00,11.9,11.9,11.9,11.9,53,0
2015-10-23,11:20:00,11.9,11.9,11.9,11.9,141,0
2015-10-23,12:45:00,11.9,11.9,11.9,11.9,26,0
2015-10-23,16:25:00,11.9,11.97,11.9,11.97,109,0
2015-10-26,09:40:00,11.97,12,11.97,12,134,0
2015-10-26,12:55:00,11.98,11.98,11.98,11.98,100,0
2015-10-26,16:05:00,11.75,11.75,11.75,11.75,18,0
2015-10-26,16:20:00,11.98,12,11.98,12,100,0
2015-10-27,13:25:00,12,12,12,12,400,0
2015-10-27,14:50:00,11.77,11.77,11.77,11.77,199,0
2015-10-27,15:00:00,11.8,12,11.8,12,20190,0
2015-10-27,15:05:00,12,12.38,12,12.38,8589,0
2015-10-28,09:05:00,12.37,12.37,12.37,12.37,80,0
2015-10-28,10:40:00,12.37,12.5,12.37,12.5,1116,0
2015-10-28,11:25:00,12.52,12.6,12.52,12.6,130,0
2015-10-28,11:30:00,12.6,12.6,12.6,12.6,80,0
2015-10-28,13:30:00,12.4,12.4,12.4,12.4,130,0
2015-10-28,13:35:00,12.4,12.4,12.4,12.4,211,0
2015-10-28,13:45:00,12.4,12.4,12.4,12.4,232,0
2015-10-28,16:50:00,12.57,12.57,12.57,12.57,1,0
2015-10-29,14:25:00,12.25,12.25,12.25,12.25,40,0
2015-11-02,09:05:00,12.25,12.25,12.25,12.25,156,0
2015-11-02,09:50:00,12.38,12.38,12.38,12.38,751,0
2015-11-02,10:40:00,12.39,12.39,12.39,12.39,845,0
2015-11-02,13:30:00,12.58,12.58,12.58,12.58,70,0
2015-11-02,14:35:00,12.58,12.58,12.58,12.58,100,0
2015-11-02,14:50:00,12.58,12.73,12.58,12.73,271,0
2015-11-02,15:35:00,12.73,12.73,12.73,12.73,325,0
2015-11-02,15:50:00,12.73,12.73,12.73,12.73,22,0
2015-11-02,16:50:00,12.48,12.48,12.48,12.48,1,0
2015-11-03,09:05:00,12.82,12.9,12.82,12.9,1549,0
2015-11-03,09:10:00,12.96,13,12.96,13,1005,0
2015-11-03,09:15:00,13.1,13.1,13,13,221,0
2015-11-03,09:25:00,13,13,13,13,152,0
2015-11-03,09:50:00,13.55,13.55,13.55,13.55,230,0
2015-11-03,09:55:00,13.54,13.6,13.54,13.6,327,0
2015-11-03,10:10:00,13.5,13.55,13.5,13.5,1334,0
2015-11-03,10:30:00,13.48,13.48,13.48,13.48,110,0
2015-11-03,10:40:00,13.48,13.48,13.48,13.48,25,0
2015-11-03,10:50:00,13.48,13.48,13.48,13.48,215,0
2015-11-03,11:00:00,13.48,13.48,13.48,13.48,25,0
2015-11-03,11:50:00,13.3,13.3,13.3,13.3,120,0
2015-11-03,12:35:00,13.2,13.2,13.2,13.2,50,0
2015-11-03,15:55:00,13.2,13.2,13.2,13.2,20,0
2015-11-03,16:10:00,13.35,13.35,13.35,13.35,100,0
2015-11-03,16:50:00,13.39,13.39,13.39,13.39,153,0
2015-11-04,09:05:00,13.49,13.49,13.49,13.49,101,0
2015-11-04,09:10:00,13.49,13.49,13.49,13.49,104,0
2015-11-04,09:20:00,13.49,13.49,13.49,13.49,50,0
2015-11-04,09:35:00,13.49,13.49,13.49,13.49,216,0
2015-11-04,09:40:00,13.49,13.5,13.49,13.5,608,0
2015-11-04,10:30:00,13.5,13.5,13.5,13.5,100,0
2015-11-04,12:30:00,13.5,13.5,13.5,13.5,400,0
2015-11-04,13:45:00,13.45,13.45,13.45,13.45,180,0
2015-11-04,13:55:00,13.5,13.5,13.5,13.5,274,0
2015-11-04,14:10:00,13.55,13.55,13.55,13.55,60,0
2015-11-04,16:30:00,13.55,13.55,13.55,13.55,155,0
2015-11-04,16:35:00,13.55,13.55,13.55,13.55,190,0
2015-11-05,09:05:00,13.56,13.6,13.56,13.6,400,0
2015-11-05,09:25:00,13.6,13.6,13.6,13.6,300,0
2015-11-05,10:25:00,13.56,13.56,13.56,13.56,350,0
2015-11-05,10:35:00,13.56,13.56,13.56,13.56,840,0
2015-11-05,14:50:00,13.6,13.6,13.6,13.6,400,0
2015-11-05,15:45:00,13.6,13.6,13.6,13.6,439,0
2015-11-05,16:50:00,13.6,13.6,13.6,13.6,100,0
2015-11-06,09:05:00,13.58,13.58,13.26,13.26,990,0
2015-11-06,09:10:00,13.25,13.25,12.9,12.9,1860,0
2015-11-06,09:15:00,12.91,12.91,12.6,12.6,325,0
2015-11-06,09:20:00,12.92,12.92,12.89,12.89,1108,0
2015-11-06,10:40:00,13.2,13.2,13.2,13.2,100,0
2015-11-06,12:05:00,13.18,13.18,13.18,13.18,23,0
2015-11-06,14:50:00,13.17,13.17,13.17,13.17,80,0
2015-11-06,15:00:00,13.17,13.18,13.17,13.18,1032,0
2015-11-06,16:40:00,13.5,13.5,13.5,13.5,350,0
2015-11-06,16:45:00,13.5,13.5,13.5,13.5,241,0
2015-11-06,16:50:00,13.5,13.6,13.5,13.6,2177,0
2015-11-09,09:05:00,13.71,13.71,13.71,13.71,1532,0
2015-11-09,09:50:00,13.9,13.9,13.9,13.9,100,0
2015-11-09,10:15:00,13.86,13.86,13.86,13.86,95,0
2015-11-09,11:25:00,13.72,13.72,13.72,13.72,500,0
2015-11-09,14:40:00,13.7,13.7,13.7,13.7,50,0
2015-11-09,15:40:00,13.81,13.85,13.81,13.85,150,0
2015-11-09,16:50:00,13.65,13.65,13.65,13.65,500,0
2015-11-10,09:45:00,13.65,13.65,13.65,13.65,153,0
2015-11-10,10:05:00,13.7,13.7,13.7,13.7,131,0
2015-11-10,12:20:00,13.75,13.75,13.75,13.75,142,0
2015-11-10,15:25:00,13.75,13.75,13.75,13.75,19,0
2015-11-10,16:25:00,13.74,13.74,13.74,13.74,68,0
2015-11-10,16:30:00,13.74,13.74,13.74,13.74,5,0
2015-11-10,16:50:00,13.65,13.65,13.65,13.65,154,0
