Date,Time,Open,High,Low,Close,Volume,OpenInt
2014-04-24,09:05:00,3.24,3.24,3.24,3.24,1,0
2014-04-24,15:00:00,3.04,3.04,3,3,750,0
2014-04-24,15:45:00,3,3,3,3,2077,0
2014-04-24,16:00:00,3,3,3,3,423,0
2014-04-24,16:25:00,3.04,3.08,3.04,3.08,395,0
2014-04-24,16:50:00,3,3,2.92,2.92,2234,0
2014-04-25,10:15:00,2.92,2.92,2.92,2.92,4,0
2014-04-25,11:30:00,3.04,3.04,3.04,3.04,3,0
2014-04-25,11:40:00,2.92,2.92,2.92,2.92,1277,0
2014-04-25,13:10:00,2.92,2.92,2.92,2.92,275,0
2014-04-25,13:30:00,3.04,3.04,3.04,3.04,3,0
2014-04-25,16:15:00,2.96,2.96,2.96,2.96,194,0
2014-04-25,16:20:00,3,3,3,3,3,0
2014-04-25,16:50:00,2.92,3.04,2.92,3.04,126,0
2014-04-28,09:05:00,3.04,3.04,3.04,3.04,1,0
2014-04-28,09:15:00,3.04,3.04,3.04,3.04,40,0
2014-04-28,09:35:00,3.04,3.04,3.04,3.04,50,0
2014-04-28,09:45:00,3.04,3.04,3.04,3.04,250,0
2014-04-28,10:00:00,3.08,3.08,3.08,3.08,200,0
2014-04-28,11:25:00,3.08,3.08,3.08,3.08,100,0
2014-04-29,09:05:00,3.08,3.08,3.08,3.08,1,0
2014-04-30,09:05:00,3.08,3.08,3.08,3.08,225,0
2014-05-02,09:05:00,3.08,3.08,3.08,3.08,724,0
2014-05-02,12:15:00,3.08,3.08,3.08,3.08,1,0
2014-05-05,09:05:00,3.08,3.12,3.08,3.12,2104,0
2014-05-05,09:10:00,3.12,3.12,3.12,3.12,475,0
2014-05-05,09:15:00,3.24,3.24,3.24,3.24,70,0
2014-05-05,09:40:00,3.24,3.24,3.24,3.24,6,0
2014-05-05,11:30:00,3.16,3.16,3.16,3.16,250,0
2014-05-05,11:35:00,3.16,3.16,3.16,3.16,194,0
2014-05-05,14:25:00,3.12,3.12,3.12,3.12,177,0
2014-05-05,15:25:00,3.12,3.12,3.12,3.12,574,0
2014-05-05,15:35:00,3.08,3.08,3.08,3.08,1466,0
2014-05-05,16:50:00,3.04,3.04,3.04,3.04,750,0
2014-05-06,09:05:00,3.16,3.16,3.16,3.16,306,0
2014-05-06,09:10:00,3.16,3.2,3.12,3.2,251,0
2014-05-06,09:55:00,3.16,3.16,3.16,3.16,62,0
2014-05-06,11:00:00,3.12,3.12,3.12,3.12,144,0
2014-05-07,09:35:00,3.08,3.12,3.04,3.12,130,0
2014-05-07,09:50:00,3,3,3,3,61,0
2014-05-07,13:35:00,3.08,3.08,3.08,3.08,38,0
2014-05-07,16:50:00,3.08,3.08,3.08,3.08,436,0
2014-05-08,09:05:00,3.08,3.08,3.08,3.08,197,0
2014-05-08,10:20:00,3.08,3.08,3.08,3.08,194,0
2014-05-08,10:50:00,3,3,3,3,4,0
2014-05-08,11:35:00,3,3,3,3,94,0
2014-05-08,14:50:00,3.08,3.08,3.08,3.08,3,0
2014-05-09,10:35:00,3,3,3,3,717,0
2014-05-09,10:50:00,2.96,2.96,2.92,2.92,1284,0
2014-05-09,11:50:00,3.08,3.08,3.08,3.08,3,0
2014-05-12,09:05:00,3.08,3.08,3.08,3.08,1,0
2014-05-12,14:45:00,3.08,3.08,3.08,3.08,25,0
2014-05-13,09:05:00,3.08,3.08,3.08,3.08,1,0
2014-05-14,09:10:00,3.08,3.08,3.08,3.08,0,0
2014-05-14,10:50:00,2.96,2.96,2.96,2.96,250,0
2014-05-14,11:10:00,2.96,2.96,2.96,2.96,123,0
2014-05-14,11:15:00,2.96,2.96,2.92,2.92,3035,0
2014-05-14,11:20:00,2.92,2.92,2.92,2.92,1000,0
2014-05-14,11:25:00,2.96,2.96,2.96,2.96,8,0
2014-05-14,13:15:00,2.92,2.92,2.92,2.92,1250,0
2014-05-14,16:50:00,2.92,2.92,2.92,2.92,1127,0
2014-05-15,09:05:00,3.08,3.08,3.08,3.08,1,0
2014-05-15,09:50:00,2.92,2.92,2.92,2.92,250,0
2014-05-15,10:00:00,3.08,3.08,3.08,3.08,1,0
2014-05-15,11:25:00,3.08,3.08,3.08,3.08,2,0
2014-05-16,09:05:00,3.08,3.08,3.08,3.08,1,0
2014-05-16,15:35:00,2.96,2.96,2.88,2.88,4000,0
2014-05-16,15:45:00,2.92,2.92,2.92,2.92,125,0
2014-05-16,15:50:00,3.04,3.04,2.88,3,6503,0
2014-05-16,16:50:00,3,3,3,3,328,0
2014-05-19,11:15:00,2.84,2.84,2.84,2.84,120,0
2014-05-19,16:50:00,2.96,2.96,2.96,2.96,125,0
2014-05-20,10:20:00,3,3,3,3,113,0
2014-05-20,13:15:00,2.96,2.96,2.96,2.96,72,0
2014-05-21,12:25:00,2.84,2.84,2.84,2.84,328,0
2014-05-21,13:55:00,2.92,2.92,2.92,2.92,1,0
2014-05-21,15:40:00,2.84,2.84,2.84,2.84,570,0
2014-05-21,15:45:00,2.8,2.8,2.8,2.8,835,0
2014-05-21,16:50:00,2.84,2.84,2.84,2.84,75,0
2014-05-22,13:30:00,2.8,2.8,2.8,2.8,0,0
2014-05-22,13:40:00,2.84,2.84,2.84,2.84,1,0
2014-05-22,15:45:00,2.8,2.8,2.8,2.8,1,0
2014-05-22,16:40:00,2.84,2.84,2.84,2.84,1,0
2014-05-22,16:50:00,2.8,2.8,2.8,2.8,700,0
2014-05-23,11:55:00,2.84,2.92,2.84,2.92,325,0
2014-05-23,12:35:00,2.92,2.92,2.92,2.92,75,0
2014-05-23,16:40:00,2.96,2.96,2.96,2.96,1,0
2014-05-26,11:20:00,2.88,2.88,2.88,2.88,50,0
2014-05-26,11:40:00,2.96,2.96,2.96,2.96,1,0
2014-05-26,13:50:00,2.88,2.88,2.88,2.88,50,0
2014-05-26,13:55:00,2.88,3,2.88,3,126,0
2014-05-27,12:55:00,3,3.04,3,3.04,118,0
2014-05-28,10:50:00,3.12,3.12,3.12,3.12,58,0
2014-05-28,15:00:00,2.88,2.88,2.88,2.88,125,0
2014-05-28,15:20:00,3.12,3.12,3.12,3.12,2,0
2014-05-29,09:05:00,3.12,3.12,3.12,3.12,1,0
2014-05-29,09:10:00,3.08,3.08,2.88,2.88,250,0
2014-05-29,09:30:00,3.12,3.12,3.12,3.12,31,0
2014-05-29,09:35:00,2.88,2.88,2.88,2.88,125,0
2014-05-29,09:50:00,3.08,3.08,3.08,3.08,181,0
2014-05-29,09:55:00,3.08,3.12,3.08,3.12,1288,0
2014-05-29,10:05:00,3.16,3.16,3.16,3.16,350,0
2014-05-29,15:55:00,2.92,2.92,2.92,2.92,15,0
2014-05-30,09:55:00,3.16,3.16,3.16,3.16,13,0
2014-05-30,14:35:00,2.92,2.92,2.92,2.92,375,0
2014-05-30,16:50:00,3.16,3.16,3.16,3.16,3,0
2014-06-02,09:05:00,3.16,3.16,3.16,3.16,625,0
2014-06-02,09:20:00,3.2,3.32,3.2,3.32,3331,0
2014-06-02,10:10:00,3.24,3.24,3.24,3.24,150,0
2014-06-02,10:40:00,3.2,3.2,3.2,3.2,601,0
2014-06-03,15:50:00,3.08,3.08,3.08,3.08,2450,0
2014-06-03,16:25:00,3.08,3.08,3.08,3.08,50,0
2014-06-03,16:50:00,3.08,3.08,3.08,3.08,75,0
2014-06-04,10:05:00,3,3,3,3,2,0
2014-06-04,10:20:00,3.12,3.12,3.12,3.12,3,0
2014-06-04,12:45:00,3.12,3.12,3.12,3.12,423,0
2014-06-04,13:10:00,3,3,2.96,2.96,2500,0
2014-06-05,09:05:00,3.04,3.04,3.04,3.04,48,0
2014-06-05,14:35:00,3.04,3.04,3.04,3.04,125,0
2014-06-05,15:40:00,2.96,2.96,2.96,2.96,62,0
2014-06-06,09:05:00,2.96,2.96,2.96,2.96,250,0
2014-06-06,09:50:00,2.96,2.96,2.96,2.96,250,0
2014-06-06,13:50:00,3,3,3,3,101,0
2014-06-06,14:10:00,3,3,3,3,365,0
2014-06-06,14:15:00,3.04,3.04,3.04,3.04,249,0
2014-06-06,16:50:00,3,3,3,3,111,0
2014-06-09,14:00:00,3.08,3.08,3.08,3.08,13,0
2014-06-13,11:35:00,3.08,3.08,3.08,3.08,269,0
2014-06-16,09:05:00,2.92,2.92,2.92,2.92,20,0
2014-06-16,09:35:00,2.92,2.92,2.88,2.88,2728,0
2014-06-16,10:00:00,2.84,2.84,2.76,2.76,4963,0
2014-06-16,10:10:00,2.68,2.68,2.64,2.64,4958,0
2014-06-16,10:35:00,2.64,2.64,2.64,2.64,2496,0
2014-06-16,10:40:00,2.76,2.76,2.64,2.64,634,0
2014-06-16,11:05:00,2.68,2.68,2.64,2.64,1388,0
2014-06-16,11:20:00,2.8,2.84,2.8,2.84,3000,0
2014-06-16,11:25:00,2.84,2.88,2.72,2.88,2364,0
2014-06-16,11:35:00,3.12,3.12,3.12,3.12,311,0
2014-06-16,11:50:00,3.08,3.08,3.08,3.08,500,0
2014-06-16,12:30:00,2.92,3.08,2.92,3.08,3675,0
2014-06-17,12:55:00,2.88,2.88,2.8,2.8,1625,0
2014-06-17,13:35:00,2.8,2.8,2.8,2.8,1250,0
2014-06-17,13:40:00,2.8,2.8,2.8,2.8,1800,0
2014-06-17,16:50:00,2.84,2.84,2.84,2.84,363,0
2014-06-18,16:35:00,3,3,3,3,3,0
2014-06-20,11:45:00,2.8,2.8,2.8,2.8,23,0
2014-06-20,16:50:00,3,3,3,3,25,0
2014-06-24,13:40:00,2.96,2.96,2.96,2.96,5,0
2014-06-24,16:25:00,2.92,2.92,2.92,2.92,25,0
2014-06-25,09:05:00,2.8,2.8,2.8,2.8,25,0
2014-06-25,10:55:00,2.92,2.92,2.92,2.92,138,0
2014-06-25,13:20:00,2.8,2.8,2.8,2.8,522,0
2014-06-25,16:00:00,2.88,2.88,2.88,2.88,565,0
2014-06-26,09:35:00,2.92,2.92,2.92,2.92,63,0
2014-06-26,09:45:00,2.84,2.84,2.84,2.84,627,0
2014-06-27,09:40:00,2.92,2.92,2.92,2.92,425,0
2014-06-27,11:45:00,2.92,2.92,2.92,2.92,548,0
2014-06-27,16:50:00,2.92,3,2.92,3,387,0
2014-06-30,10:35:00,2.88,2.88,2.88,2.88,100,0
2014-07-01,09:05:00,2.88,2.88,2.88,2.88,450,0
2014-07-01,09:30:00,2.88,2.88,2.88,2.88,112,0
2014-07-01,11:05:00,2.96,2.96,2.96,2.96,38,0
2014-07-02,09:05:00,2.96,2.96,2.96,2.96,268,0
2014-07-02,13:10:00,2.84,2.84,2.84,2.84,500,0
2014-07-03,09:35:00,2.84,2.84,2.84,2.84,15,0
2014-07-04,09:05:00,2.84,2.84,2.84,2.84,18,0
2014-07-07,10:50:00,2.96,2.96,2.96,2.96,25,0
2014-07-07,15:00:00,2.84,2.84,2.84,2.84,1517,0
2014-07-09,09:05:00,2.84,2.84,2.84,2.84,1076,0
2014-07-09,09:10:00,2.84,2.84,2.84,2.84,1000,0
2014-07-09,10:55:00,2.84,2.84,2.84,2.84,250,0
2014-07-10,14:15:00,2.84,2.84,2.84,2.84,250,0
2014-07-10,15:10:00,2.84,2.84,2.84,2.84,38,0
2014-07-10,16:10:00,2.84,2.84,2.84,2.84,38,0
2014-07-14,10:35:00,2.92,2.92,2.92,2.92,50,0
2014-07-16,11:35:00,2.88,2.88,2.88,2.88,1250,0
2014-07-16,14:10:00,2.88,2.88,2.88,2.88,11016,0
2014-07-16,15:10:00,2.92,2.96,2.92,2.96,1389,0
2014-07-17,09:45:00,2.96,2.96,2.96,2.96,13,0
2014-07-17,12:45:00,2.88,2.88,2.88,2.88,5000,0
2014-07-17,13:55:00,2.88,2.88,2.88,2.88,750,0
2014-07-17,14:55:00,2.88,2.88,2.88,2.88,1625,0
2014-07-17,16:30:00,2.88,2.88,2.88,2.88,388,0
2014-07-17,16:50:00,2.96,2.96,2.96,2.96,25,0
2014-07-18,09:05:00,2.88,2.88,2.88,2.88,36,0
2014-07-18,16:50:00,2.96,2.96,2.96,2.96,1,0
2014-07-21,11:30:00,2.84,2.84,2.84,2.84,36,0
2014-07-21,16:45:00,2.84,2.84,2.84,2.84,3110,0
2014-07-22,14:25:00,2.8,2.8,2.8,2.8,1389,0
2014-07-25,11:00:00,2.8,2.8,2.8,2.8,2184,0
2014-07-25,11:35:00,2.92,2.92,2.92,2.92,12,0
2014-07-25,13:05:00,2.92,2.92,2.92,2.92,125,0
2014-07-25,16:50:00,2.88,2.88,2.88,2.88,175,0
2014-07-28,13:05:00,2.8,2.8,2.8,2.8,4350,0
2014-07-28,13:40:00,2.8,2.8,2.8,2.8,3802,0
2014-07-29,13:10:00,2.76,2.76,2.76,2.76,239,0
2014-07-30,14:05:00,2.8,2.84,2.8,2.84,400,0
2014-07-31,13:15:00,2.8,2.8,2.8,2.8,500,0
2014-07-31,14:50:00,2.76,2.76,2.76,2.76,88,0
2014-07-31,15:25:00,2.8,2.8,2.8,2.8,2,0
2014-08-04,09:05:00,2.8,2.8,2.8,2.8,230,0
2014-08-04,10:55:00,2.8,2.8,2.8,2.8,20,0
2014-08-04,11:00:00,2.76,2.76,2.76,2.76,20,0
2014-08-05,11:15:00,2.84,2.84,2.84,2.84,25,0
2014-08-06,13:00:00,2.76,2.76,2.76,2.76,230,0
2014-08-07,09:20:00,2.76,2.76,2.76,2.76,3976,0
2014-08-07,10:05:00,2.76,2.76,2.76,2.76,13,0
2014-08-07,13:05:00,2.76,2.76,2.76,2.76,6,0
2014-08-07,14:30:00,2.76,2.76,2.76,2.76,750,0
2014-08-07,16:50:00,2.76,2.76,2.76,2.76,180,0
2014-08-08,09:55:00,2.76,2.76,2.76,2.76,320,0
2014-08-08,10:35:00,2.76,2.76,2.76,2.76,11,0
2014-08-08,12:15:00,2.76,2.76,2.76,2.76,8,0
2014-08-08,14:10:00,2.76,2.76,2.76,2.76,5,0
2014-08-08,15:30:00,2.76,2.76,2.76,2.76,11,0
2014-08-08,16:50:00,2.76,2.76,2.76,2.76,14,0
2014-08-11,09:10:00,2.76,2.76,2.76,2.76,280,0
2014-08-11,09:50:00,2.76,2.76,2.76,2.76,5,0
2014-08-11,10:15:00,2.76,2.76,2.76,2.76,3,0
2014-08-11,10:30:00,2.76,2.76,2.76,2.76,6,0
2014-08-11,11:35:00,2.76,2.76,2.76,2.76,10,0
2014-08-11,12:00:00,2.76,2.76,2.76,2.76,3,0
2014-08-11,13:35:00,2.76,2.76,2.76,2.76,3,0
2014-08-11,16:25:00,2.76,2.76,2.76,2.76,1358,0
2014-08-12,09:10:00,2.8,2.8,2.8,2.8,3,0
2014-08-12,09:15:00,2.8,2.8,2.8,2.8,3,0
2014-08-12,10:20:00,2.8,2.8,2.8,2.8,376,0
2014-08-12,11:40:00,2.8,2.8,2.8,2.8,4,0
2014-08-12,13:20:00,2.76,2.76,2.76,2.76,10,0
2014-08-13,09:10:00,2.76,2.76,2.76,2.76,373,0
2014-08-13,09:30:00,2.76,2.76,2.76,2.76,9,0
2014-08-13,11:15:00,2.76,2.76,2.76,2.76,8,0
2014-08-13,11:45:00,2.76,2.76,2.76,2.76,5,0
2014-08-13,13:10:00,2.8,2.8,2.8,2.8,472,0
2014-08-13,15:30:00,2.76,2.76,2.76,2.76,9,0
2014-08-13,16:50:00,2.8,2.8,2.8,2.8,28,0
2014-08-14,09:05:00,2.76,2.76,2.76,2.76,8,0
2014-08-14,09:10:00,2.76,2.76,2.76,2.76,8,0
2014-08-14,10:30:00,2.76,2.76,2.76,2.76,13,0
2014-08-14,16:15:00,2.76,2.76,2.76,2.76,5,0
2014-08-14,16:50:00,2.84,2.84,2.84,2.84,10,0
2014-08-18,09:40:00,2.76,2.76,2.76,2.76,500,0
2014-08-18,09:55:00,2.76,2.76,2.76,2.76,2000,0
2014-08-18,10:00:00,2.76,2.76,2.76,2.76,20,0
2014-08-18,10:40:00,2.76,2.76,2.76,2.76,13,0
2014-08-18,14:00:00,2.8,2.8,2.8,2.8,10,0
2014-08-18,14:15:00,2.8,2.8,2.8,2.8,188,0
2014-08-19,09:05:00,2.76,2.76,2.76,2.76,171,0
2014-08-19,09:25:00,2.76,2.76,2.76,2.76,1079,0
2014-08-19,09:35:00,2.76,2.76,2.76,2.76,21,0
2014-08-19,09:40:00,2.76,2.76,2.76,2.76,21,0
2014-08-19,09:55:00,2.76,2.76,2.76,2.76,1379,0
2014-08-19,10:40:00,2.76,2.76,2.76,2.76,960,0
2014-08-19,10:50:00,2.76,2.76,2.76,2.76,518,0
2014-08-19,12:35:00,2.76,2.76,2.76,2.76,625,0
2014-08-19,13:25:00,2.76,2.76,2.76,2.76,100,0
2014-08-20,09:05:00,2.76,2.76,2.76,2.76,297,0
2014-08-20,09:15:00,2.76,2.76,2.76,2.76,953,0
2014-08-20,11:05:00,2.76,2.76,2.76,2.76,15,0
2014-08-20,14:50:00,2.76,2.76,2.76,2.76,10,0
2014-08-20,14:55:00,2.76,2.76,2.76,2.76,8,0
2014-08-20,15:10:00,2.76,2.76,2.76,2.76,554,0
2014-08-20,15:50:00,2.76,2.76,2.76,2.76,5,0
2014-08-21,09:20:00,2.76,2.76,2.76,2.76,15,0
2014-08-21,11:10:00,2.76,2.76,2.76,2.76,48,0
2014-08-21,11:35:00,2.76,2.76,2.76,2.76,13,0
2014-08-21,13:05:00,2.76,2.76,2.76,2.76,3,0
2014-08-21,16:50:00,2.84,2.84,2.84,2.84,3,0
2014-08-22,09:05:00,2.76,2.76,2.76,2.76,8,0
2014-08-22,11:30:00,2.76,2.76,2.76,2.76,10,0
2014-08-22,13:05:00,2.76,2.76,2.76,2.76,13,0
2014-08-22,15:00:00,2.76,2.76,2.76,2.76,5,0
2014-08-25,09:30:00,2.76,2.76,2.76,2.76,13,0
2014-08-25,11:10:00,2.76,2.76,2.76,2.76,15,0
2014-08-25,13:10:00,2.76,2.76,2.76,2.76,3,0
2014-08-25,16:50:00,2.76,2.76,2.76,2.76,5,0
2014-08-26,12:50:00,2.76,2.76,2.76,2.76,15,0
2014-08-26,13:40:00,2.76,2.76,2.76,2.76,8,0
2014-08-26,13:45:00,2.76,2.76,2.76,2.76,8,0
2014-08-26,15:15:00,2.76,2.76,2.76,2.76,500,0
2014-08-27,09:05:00,2.76,2.76,2.76,2.76,13,0
2014-08-27,09:10:00,2.76,2.76,2.76,2.76,3,0
2014-08-27,14:35:00,2.76,2.76,2.76,2.76,15,0
2014-08-28,11:20:00,2.76,2.76,2.76,2.76,15,0
2014-08-28,12:25:00,2.76,2.76,2.76,2.76,250,0
2014-08-28,14:00:00,2.76,2.76,2.76,2.76,500,0
2014-08-28,15:35:00,2.76,2.76,2.76,2.76,500,0
2014-08-28,15:40:00,2.76,2.76,2.76,2.76,500,0
2014-08-29,10:25:00,2.76,2.76,2.76,2.76,28,0
2014-09-01,09:05:00,2.72,2.72,2.72,2.72,950,0
2014-09-01,09:30:00,2.72,2.72,2.72,2.72,500,0
2014-09-01,10:05:00,2.72,2.72,2.72,2.72,968,0
2014-09-01,12:15:00,2.72,2.72,2.72,2.72,382,0
2014-09-01,14:20:00,2.64,2.64,2.64,2.64,100,0
2014-09-02,09:05:00,2.68,2.68,2.68,2.68,113,0
2014-09-02,11:45:00,2.8,2.8,2.8,2.8,35,0
2014-09-03,09:05:00,2.68,2.68,2.68,2.68,26,0
2014-09-03,14:25:00,2.8,2.8,2.8,2.8,10,0
2014-09-03,14:30:00,2.8,2.8,2.8,2.8,28,0
2014-09-03,15:50:00,2.8,2.8,2.8,2.8,8,0
2014-09-04,09:05:00,2.8,2.8,2.8,2.8,1,0
2014-09-04,09:45:00,2.8,2.8,2.8,2.8,33,0
2014-09-04,14:20:00,2.8,2.8,2.8,2.8,13,0
2014-09-04,15:25:00,2.8,2.8,2.8,2.8,5,0
2014-09-05,09:40:00,2.76,2.8,2.76,2.8,33,0
2014-09-05,11:45:00,2.8,2.8,2.8,2.8,18,0
2014-09-05,12:50:00,2.8,2.8,2.8,2.8,11,0
2014-09-05,13:55:00,2.8,2.8,2.8,2.8,15,0
2014-09-05,15:20:00,2.8,2.8,2.8,2.8,68,0
2014-09-05,15:30:00,2.8,2.8,2.8,2.8,15,0
2014-09-05,16:00:00,2.8,2.8,2.8,2.8,13,0
2014-09-05,16:50:00,2.8,2.8,2.8,2.8,13,0
2014-09-08,09:25:00,2.68,2.68,2.68,2.68,1,0
2014-09-08,10:30:00,2.8,2.8,2.8,2.8,51,0
2014-09-08,11:40:00,2.8,2.8,2.8,2.8,10,0
2014-09-08,13:05:00,2.76,2.76,2.76,2.76,18,0
2014-09-08,15:45:00,2.68,2.68,2.68,2.68,6005,0
2014-09-08,15:50:00,2.68,2.68,2.68,2.68,2245,0
2014-09-09,09:10:00,2.64,2.64,2.64,2.64,38,0
2014-09-09,10:10:00,2.64,2.64,2.64,2.64,24,0
2014-09-09,10:55:00,2.68,2.68,2.68,2.68,875,0
2014-09-09,11:15:00,2.68,2.68,2.68,2.68,125,0
2014-09-09,16:50:00,2.72,2.72,2.72,2.72,10,0
2014-09-10,09:25:00,2.64,2.64,2.64,2.64,54,0
2014-09-10,09:55:00,2.64,2.8,2.64,2.8,65,0
2014-09-10,16:25:00,2.68,2.68,2.68,2.68,31,0
2014-09-11,09:20:00,2.64,2.68,2.64,2.68,74,0
2014-09-11,12:15:00,2.64,2.64,2.64,2.64,515,0
2014-09-11,12:20:00,2.64,2.64,2.6,2.6,1775,0
2014-09-11,12:25:00,2.6,2.6,2.6,2.6,837,0
2014-09-11,12:40:00,2.6,2.6,2.6,2.6,80,0
2014-09-11,12:45:00,2.6,2.6,2.6,2.6,125,0
2014-09-11,14:20:00,2.64,2.64,2.64,2.64,371,0
2014-09-12,10:35:00,2.76,2.76,2.76,2.76,5,0
2014-09-12,14:25:00,2.56,2.56,2.56,2.56,25,0
2014-09-12,14:30:00,2.56,2.56,2.56,2.56,28,0
2014-09-12,16:05:00,2.8,2.8,2.8,2.8,0,0
2014-09-12,16:50:00,2.8,2.8,2.8,2.8,20,0
2014-09-15,09:05:00,2.84,2.84,2.84,2.84,1171,0
2014-09-15,09:30:00,2.84,2.84,2.84,2.84,53,0
2014-09-15,11:30:00,2.8,2.8,2.8,2.8,23,0
2014-09-16,11:40:00,2.8,2.8,2.8,2.8,60,0
2014-09-16,15:00:00,2.68,2.68,2.68,2.68,750,0
2014-09-16,15:15:00,2.8,2.8,2.8,2.8,0,0
2014-09-17,09:55:00,2.8,2.8,2.8,2.8,45,0
2014-09-18,15:55:00,2.76,2.76,2.76,2.76,53,0
2014-09-19,09:10:00,2.8,2.8,2.8,2.8,3,0
2014-09-19,10:20:00,2.8,2.8,2.8,2.8,185,0
2014-09-19,11:05:00,2.8,2.8,2.8,2.8,50,0
2014-09-19,12:05:00,2.76,2.76,2.68,2.68,23,0
2014-09-19,13:50:00,2.68,2.68,2.68,2.68,250,0
2014-09-19,14:45:00,2.68,2.68,2.68,2.68,2073,0
2014-09-19,14:50:00,2.68,2.68,2.68,2.68,1666,0
2014-09-19,14:55:00,2.68,2.68,2.68,2.68,13750,0
2014-09-22,09:50:00,2.8,2.8,2.8,2.8,30,0
2014-09-22,15:10:00,2.8,2.8,2.8,2.8,30,0
2014-09-23,10:25:00,2.8,2.8,2.8,2.8,15,0
2014-09-23,10:30:00,2.8,2.8,2.8,2.8,23,0
2014-09-23,13:55:00,2.8,2.8,2.8,2.8,25,0
2014-09-24,10:50:00,2.8,2.8,2.8,2.8,5,0
2014-09-24,11:35:00,2.8,2.8,2.8,2.8,43,0
2014-09-25,09:40:00,2.72,2.72,2.72,2.72,10,0
2014-09-25,11:55:00,2.8,2.8,2.72,2.8,43,0
2014-09-26,10:25:00,2.72,2.72,2.72,2.72,3,0
2014-09-26,11:35:00,2.72,2.72,2.72,2.72,30,0
2014-09-26,14:00:00,2.84,2.84,2.84,2.84,5,0
2014-09-26,14:35:00,2.8,2.8,2.8,2.8,1366,0
2014-09-26,15:40:00,2.8,2.8,2.8,2.8,30,0
2014-09-26,16:45:00,2.8,2.8,2.8,2.8,18,0
2014-09-29,14:25:00,2.76,2.76,2.76,2.76,45,0
2014-09-29,15:05:00,2.84,2.84,2.84,2.84,0,0
2014-09-30,10:35:00,2.76,2.76,2.76,2.76,50,0
2014-09-30,10:45:00,2.84,2.84,2.84,2.84,0,0
2014-10-02,09:30:00,2.8,2.8,2.8,2.8,58,0
2014-10-02,15:35:00,2.72,2.72,2.72,2.72,13,0
2014-10-03,10:50:00,2.72,2.72,2.72,2.72,46,0
2014-10-03,12:20:00,2.72,2.72,2.72,2.72,1164,0
2014-10-03,12:30:00,2.72,2.72,2.72,2.72,420,0
2014-10-03,14:00:00,2.72,2.72,2.72,2.72,415,0
2014-10-03,15:15:00,2.8,2.8,2.8,2.8,0,0
2014-10-06,09:40:00,2.8,2.8,2.8,2.8,3,0
2014-10-06,16:25:00,2.8,2.8,2.8,2.8,38,0
2014-10-07,10:35:00,2.68,2.68,2.68,2.68,76,0
2014-10-07,10:55:00,2.84,2.84,2.84,2.84,0,0
2014-10-07,12:50:00,2.68,2.68,2.68,2.68,2118,0
2014-10-07,12:55:00,2.68,2.68,2.68,2.68,70,0
2014-10-07,16:50:00,2.68,2.68,2.68,2.68,413,0
2014-10-08,09:50:00,2.84,2.84,2.84,2.84,1,0
2014-10-08,12:40:00,2.8,2.8,2.8,2.8,43,0
2014-10-09,09:15:00,2.8,2.8,2.8,2.8,50,0
2014-10-13,14:55:00,2.72,2.72,2.68,2.68,250,0
2014-10-14,09:05:00,2.68,2.68,2.68,2.68,840,0
2014-10-14,09:35:00,2.8,2.8,2.8,2.8,68,0
2014-10-14,14:35:00,2.8,2.8,2.8,2.8,15,0
2014-10-14,15:25:00,2.68,2.68,2.68,2.68,416,0
2014-10-15,09:05:00,2.68,2.68,2.68,2.68,875,0
2014-10-15,09:30:00,2.68,2.68,2.68,2.68,100,0
2014-10-15,12:25:00,2.64,2.64,2.64,2.64,3000,0
2014-10-15,15:45:00,2.6,2.6,2.6,2.6,250,0
2014-10-16,16:50:00,2.68,2.68,2.68,2.68,3,0
2014-10-20,11:00:00,2.56,2.56,2.56,2.56,2419,0
2014-10-20,12:40:00,2.52,2.52,2.52,2.52,30,0
2014-10-20,12:45:00,2.52,2.52,2.52,2.52,53,0
2014-10-20,16:45:00,2.52,2.52,2.52,2.52,25,0
2014-10-21,09:15:00,2.52,2.52,2.52,2.52,43,0
2014-10-21,14:35:00,2.52,2.52,2.52,2.52,13,0
2014-10-21,16:50:00,2.64,2.64,2.64,2.64,20,0
2014-10-22,09:20:00,2.52,2.64,2.52,2.64,50,0
2014-10-23,11:50:00,2.52,2.52,2.52,2.52,500,0
2014-10-23,12:50:00,2.52,2.52,2.52,2.52,70,0
2014-10-23,13:20:00,2.52,2.52,2.52,2.52,13,0
2014-10-24,09:40:00,2.52,2.52,2.52,2.52,115,0
2014-10-24,09:50:00,2.64,2.64,2.64,2.64,13,0
2014-10-24,14:50:00,2.52,2.52,2.48,2.48,3145,0
2014-10-28,09:05:00,2.48,2.48,2.48,2.48,178,0
2014-10-28,09:50:00,2.48,2.48,2.48,2.48,72,0
2014-10-28,09:55:00,2.44,2.44,2.4,2.4,1045,0
2014-10-28,10:50:00,2.52,2.52,2.52,2.52,13,0
2014-10-28,13:25:00,2.4,2.4,2.4,2.4,5300,0
2014-10-28,14:05:00,2.4,2.4,2.4,2.4,340,0
2014-10-29,11:15:00,2.28,2.28,2.28,2.28,0,0
2014-10-29,11:25:00,2.28,2.28,2.28,2.28,50,0
2014-10-29,11:55:00,2.28,2.28,2.24,2.24,500,0
2014-10-29,13:10:00,2.36,2.36,2.36,2.36,3,0
2014-10-30,09:25:00,2.36,2.36,2.24,2.24,580,0
2014-10-30,09:50:00,2.44,2.48,2.44,2.48,3183,0
2014-10-30,11:30:00,2.48,2.48,2.48,2.48,112,0
2014-10-30,14:45:00,2.48,2.48,2.48,2.48,20,0
2014-10-30,14:50:00,2.28,2.28,2.28,2.28,0,0
2014-10-30,16:50:00,2.6,2.6,2.6,2.6,125,0
2014-10-31,10:05:00,2.56,2.56,2.56,2.56,3,0
2014-10-31,10:10:00,2.56,2.56,2.56,2.56,78,0
2014-10-31,10:25:00,2.6,2.6,2.56,2.56,1265,0
2014-10-31,11:20:00,2.32,2.32,2.32,2.32,0,0
2014-10-31,16:40:00,2.52,2.52,2.52,2.52,3,0
2014-11-03,09:30:00,2.52,2.52,2.52,2.52,48,0
2014-11-03,16:30:00,2.52,2.52,2.52,2.52,36,0
2014-11-04,09:25:00,2.52,2.52,2.52,2.52,63,0
2014-11-04,09:35:00,2.52,2.52,2.52,2.52,50,0
2014-11-04,09:50:00,2.52,2.52,2.52,2.52,12,0
2014-11-04,10:15:00,2.52,2.52,2.52,2.52,450,0
2014-11-04,15:50:00,2.52,2.52,2.52,2.52,250,0
2014-11-05,10:20:00,2.68,2.68,2.68,2.68,3,0
2014-11-07,14:25:00,2.52,2.52,2.52,2.52,63,0
2014-11-07,14:45:00,2.52,2.52,2.52,2.52,3,0
2014-11-07,16:15:00,2.52,2.52,2.52,2.52,10,0
2014-11-10,09:45:00,2.52,2.52,2.52,2.52,25,0
2014-11-10,16:50:00,2.48,2.48,2.48,2.48,3500,0
2014-11-12,09:05:00,2.44,2.48,2.44,2.48,1501,0
2014-11-12,09:20:00,2.44,2.44,2.44,2.44,85,0
2014-11-12,10:10:00,2.44,2.44,2.44,2.44,22,0
2014-11-12,12:00:00,2.44,2.44,2.4,2.4,3250,0
2014-11-12,13:00:00,2.4,2.4,2.4,2.4,1015,0
2014-11-13,09:50:00,2.48,2.48,2.36,2.36,225,0
2014-11-13,09:55:00,2.28,2.28,2.28,2.28,23,0
2014-11-13,15:25:00,2.32,2.32,2.28,2.28,4786,0
2014-11-13,16:45:00,2.32,2.32,2.28,2.28,674,0
2014-11-14,09:05:00,2.2,2.2,2.2,2.2,0,0
2014-11-14,09:10:00,2.28,2.32,2.28,2.32,585,0
2014-11-14,09:35:00,2.2,2.2,2.2,2.2,0,0
2014-11-14,10:30:00,2.2,2.2,2.2,2.2,1400,0
2014-11-14,10:50:00,2.12,2.12,2.12,2.12,0,0
2014-11-14,11:15:00,2.12,2.12,2.12,2.12,113,0
2014-11-14,11:50:00,2.2,2.2,2.2,2.2,863,0
2014-11-14,11:55:00,2.2,2.2,2.2,2.2,131,0
2014-11-14,12:05:00,2.2,2.2,2.2,2.2,19,0
2014-11-14,12:50:00,2.24,2.24,2.24,2.24,271,0
2014-11-14,13:10:00,2.2,2.2,2.2,2.2,55,0
2014-11-14,13:45:00,2.2,2.2,2.08,2.08,7752,0
2014-11-14,13:50:00,2.08,2.08,2.08,2.08,1344,0
2014-11-14,14:00:00,2.08,2.08,2.08,2.08,1250,0
2014-11-14,16:15:00,2.08,2.08,2.08,2.08,1750,0
2014-11-17,09:15:00,2.04,2.04,2.04,2.04,41,0
2014-11-17,14:20:00,2.24,2.24,2.24,2.24,5,0
2014-11-17,16:50:00,2.24,2.24,2.24,2.24,1174,0
2014-11-18,13:55:00,2.24,2.28,2.24,2.28,3550,0
2014-11-18,14:00:00,2.28,2.28,2.28,2.28,225,0
2014-11-18,14:35:00,2.44,2.44,2.44,2.44,5,0
2014-11-18,15:40:00,2.4,2.44,2.4,2.44,4423,0
2014-11-18,16:10:00,2.44,2.44,2.44,2.44,56,0
2014-11-18,16:25:00,2.44,2.44,2.44,2.44,2321,0
2014-11-18,16:50:00,2.44,2.44,2.44,2.44,252,0
2014-12-03,09:05:00,2.22,2.22,2.22,2.22,250,0
2014-12-03,09:20:00,2.34,2.34,2.34,2.34,249,0
2014-12-03,09:35:00,2.44,2.44,2.44,2.44,10,0
2014-12-03,13:25:00,2.06,2.06,2.06,2.06,249,0
2014-12-03,13:30:00,2.06,2.06,2.06,2.06,49,0
2014-12-04,11:05:00,2.14,2.14,2.14,2.14,45,0
2014-12-04,11:15:00,2.32,2.32,2.32,2.32,2,0
2014-12-05,09:05:00,2.4,2.4,2.4,2.4,2,0
2014-12-09,16:05:00,2.33,2.33,2.33,2.33,5,0
2014-12-09,16:30:00,2.4,2.4,2.4,2.4,10,0
2014-12-09,16:35:00,2.4,2.4,2.4,2.4,350,0
2014-12-10,10:05:00,2.33,2.33,2.33,2.33,125,0
2014-12-10,10:55:00,2.33,2.33,2.33,2.33,1,0
2014-12-10,13:55:00,2.33,2.33,2.33,2.33,83,0
2014-12-10,16:15:00,2.33,2.33,2.33,2.33,3021,0
2014-12-10,16:20:00,2.33,2.33,2.33,2.33,15,0
2014-12-11,09:05:00,2.17,2.17,2.17,2.17,23,0
2014-12-11,09:20:00,2.3,2.3,2.3,2.3,6,0
2014-12-11,11:40:00,2.2,2.2,2.2,2.2,18750,0
2014-12-11,13:30:00,2.17,2.17,2.17,2.17,92,0
2014-12-11,16:25:00,2.17,2.17,2.17,2.17,20,0
2014-12-11,16:50:00,2.17,2.17,2.17,2.17,43,0
2014-12-12,16:50:00,2.3,2.3,2.3,2.3,2,0
2014-12-15,12:30:00,2.2,2.3,2.2,2.3,489,0
2014-12-15,15:25:00,2.26,2.26,2.26,2.26,1,0
2014-12-15,16:30:00,2.15,2.15,2.15,2.15,3456,0
2014-12-17,14:15:00,2.05,2.05,2.05,2.05,110,0
2014-12-17,14:40:00,2.09,2.09,2.09,2.09,10,0
2014-12-17,16:40:00,2.09,2.09,2.09,2.09,2,0
2014-12-17,16:45:00,2.09,2.09,2.09,2.09,81,0
2014-12-18,13:30:00,2.05,2.05,2.05,2.05,184,0
2014-12-18,13:35:00,2.09,2.09,2.09,2.09,58,0
2014-12-18,15:25:00,2,2,2,2,38,0
2014-12-18,16:50:00,2.09,2.09,2.09,2.09,6,0
2014-12-19,09:35:00,2,2,2,2,2754,0
2014-12-19,12:20:00,2.03,2.03,2.03,2.03,4,0
2014-12-19,12:25:00,1.94,1.94,1.94,1.94,30,0
2014-12-19,12:35:00,1.94,1.94,1.94,1.94,4,0
2014-12-19,13:15:00,2.04,2.04,2.04,2.04,4,0
2014-12-19,16:15:00,1.94,1.94,1.94,1.94,207,0
2014-12-22,09:20:00,2,2,2,2,6,0
2014-12-22,10:55:00,1.94,1.94,1.94,1.94,144,0
2014-12-22,11:15:00,2,2.04,2,2.04,65,0
2014-12-22,12:40:00,2.04,2.04,2.04,2.04,100,0
2014-12-22,12:50:00,1.94,1.94,1.94,1.94,85,0
2014-12-22,16:20:00,2.04,2.04,2.04,2.04,15,0
2014-12-22,16:50:00,2.02,2.02,2.02,2.02,1000,0
2014-12-23,12:50:00,1.94,1.94,1.94,1.94,14,0
2014-12-23,14:05:00,2.04,2.04,1.95,1.95,1004,0
2014-12-23,16:25:00,2.04,2.04,2.04,2.04,4,0
2014-12-29,11:00:00,1.94,1.94,1.94,1.94,413,0
2014-12-29,11:10:00,1.94,1.94,1.94,1.94,105,0
2014-12-29,12:30:00,1.94,1.94,1.94,1.94,53,0
2014-12-30,09:10:00,1.97,1.97,1.97,1.97,12,0
2014-12-30,12:30:00,1.94,1.94,1.94,1.94,7,0
2015-01-05,12:05:00,1.94,1.94,1.94,1.94,75,0
2015-01-07,10:05:00,1.95,1.95,1.95,1.95,186,0
2015-01-09,09:40:00,2.02,2.02,2.02,2.02,104,0
2015-01-09,12:10:00,2.04,2.04,2.04,2.04,10,0
2015-01-09,16:05:00,1.96,1.96,1.96,1.96,110,0
2015-01-13,16:50:00,2.04,2.04,2.04,2.04,4,0
2015-01-15,12:50:00,2.04,2.04,2.04,2.04,12,0
2015-01-16,09:05:00,2.04,2.04,2.04,2.04,5,0
2015-01-20,15:45:00,1.96,1.96,1.94,1.94,5100,0
2015-01-21,11:20:00,1.92,1.92,1.92,1.92,102,0
2015-01-21,14:45:00,1.95,1.95,1.95,1.95,10,0
2015-01-26,13:45:00,1.92,1.92,1.92,1.92,258,0
2015-01-27,12:40:00,1.95,1.95,1.95,1.95,5,0
2015-01-27,15:55:00,1.93,1.93,1.93,1.93,800,0
2015-01-28,09:05:00,1.92,1.92,1.92,1.92,25,0
2015-01-28,12:20:00,1.93,1.93,1.93,1.93,5,0
2015-01-28,16:30:00,1.92,1.92,1.92,1.92,395,0
2015-01-29,10:15:00,1.92,1.92,1.92,1.92,3,0
2015-01-29,10:25:00,1.92,1.92,1.92,1.92,40,0
2015-02-02,09:05:00,1.92,1.92,1.92,1.92,250,0
2015-02-02,11:35:00,1.92,1.92,1.92,1.92,998,0
2015-02-03,09:15:00,1.95,1.95,1.95,1.95,40,0
2015-02-03,14:55:00,1.92,1.92,1.92,1.92,1099,0
2015-02-05,09:05:00,1.92,1.94,1.92,1.94,60,0
2015-02-05,11:45:00,1.92,1.92,1.92,1.92,944,0
2015-02-05,11:50:00,1.92,1.92,1.92,1.92,876,0
2015-02-06,09:05:00,1.95,1.95,1.95,1.95,500,0
2015-02-06,11:00:00,1.95,1.95,1.95,1.95,1280,0
2015-02-09,14:10:00,1.86,1.86,1.86,1.86,2,0
2015-02-09,16:50:00,1.95,1.95,1.95,1.95,10,0
2015-02-10,12:25:00,1.86,1.86,1.86,1.86,30,0
2015-02-11,10:35:00,1.86,1.86,1.86,1.86,37,0
2015-02-11,13:05:00,1.86,1.86,1.86,1.86,20,0
2015-02-13,09:40:00,1.86,1.86,1.86,1.86,60,0
2015-02-13,11:25:00,1.86,1.86,1.86,1.86,25,0
2015-02-13,14:00:00,1.92,1.92,1.92,1.92,26,0
2015-02-17,09:50:00,1.86,1.86,1.86,1.86,100,0
2015-02-17,10:30:00,1.92,1.92,1.92,1.92,698,0
2015-02-17,16:00:00,1.92,1.92,1.92,1.92,202,0
2015-02-20,14:00:00,1.86,1.86,1.85,1.85,6298,0
2015-02-25,10:15:00,1.86,1.86,1.86,1.86,200,0
2015-02-26,09:05:00,1.86,1.86,1.86,1.86,100,0
2015-02-26,16:45:00,1.86,1.86,1.86,1.86,44,0
2015-02-27,09:10:00,1.86,1.86,1.86,1.86,14,0
2015-03-03,14:20:00,1.77,1.77,1.77,1.77,69,0
2015-03-03,16:50:00,1.86,1.86,1.86,1.86,10,0
2015-03-04,11:55:00,1.77,1.77,1.77,1.77,65,0
2015-03-04,16:50:00,1.86,1.86,1.86,1.86,3,0
2015-03-12,09:05:00,1.77,1.85,1.77,1.85,71,0
2015-03-13,10:35:00,1.77,1.77,1.77,1.77,215,0
2015-03-16,11:55:00,1.77,1.77,1.77,1.77,17,0
2015-03-16,15:00:00,1.79,1.79,1.79,1.79,34,0
2015-03-16,15:05:00,1.79,1.79,1.79,1.79,69,0
2015-03-16,15:50:00,1.79,1.79,1.79,1.79,86,0
2015-03-16,15:55:00,1.79,1.79,1.79,1.79,119,0
2015-03-16,16:00:00,1.79,1.79,1.79,1.79,127,0
2015-03-16,16:05:00,1.79,1.79,1.79,1.79,65,0
2015-03-16,16:50:00,1.85,1.85,1.85,1.85,7,0
2015-03-17,09:55:00,1.77,1.77,1.77,1.77,62,0
2015-03-17,10:15:00,1.77,1.77,1.77,1.77,96,0
2015-03-17,10:55:00,1.77,1.77,1.77,1.77,61,0
2015-03-17,11:40:00,1.77,1.77,1.77,1.77,34,0
2015-03-17,14:35:00,1.77,1.77,1.77,1.77,56,0
2015-03-17,14:40:00,1.77,1.77,1.77,1.77,31,0
2015-03-17,16:30:00,1.77,1.77,1.77,1.77,93,0
2015-03-17,16:50:00,1.85,1.85,1.85,1.85,10,0
2015-03-18,09:25:00,1.85,1.85,1.85,1.85,3,0
2015-03-20,11:30:00,1.8,1.8,1.8,1.8,56,0
2015-03-20,11:35:00,1.8,1.8,1.8,1.8,344,0
2015-03-20,12:50:00,1.8,1.8,1.8,1.8,175,0
2015-03-23,09:45:00,1.86,1.86,1.86,1.86,30,0
2015-03-23,11:20:00,1.8,1.8,1.8,1.8,600,0
2015-03-23,12:40:00,1.76,1.76,1.76,1.76,4925,0
2015-03-23,13:40:00,1.76,1.76,1.76,1.76,5056,0
2015-03-23,14:25:00,1.76,1.76,1.76,1.76,4944,0
2015-03-26,15:35:00,1.72,1.72,1.72,1.72,28,0
2015-03-26,16:45:00,1.72,1.72,1.71,1.71,1900,0
2015-03-27,09:05:00,1.71,1.71,1.71,1.71,54,0
2015-03-27,09:45:00,1.71,1.71,1.71,1.71,33,0
2015-03-27,13:55:00,1.8,1.8,1.8,1.8,5,0
2015-03-30,11:00:00,1.8,1.8,1.8,1.8,63,0
2015-03-30,11:05:00,1.82,1.82,1.82,1.82,87,0
2015-03-30,12:10:00,1.8,1.82,1.8,1.82,40,0
2015-03-30,15:30:00,1.82,1.82,1.82,1.82,18,0
2015-04-08,13:45:00,1.8,1.8,1.8,1.8,36,0
2015-04-08,13:50:00,1.8,1.8,1.8,1.8,38,0
2015-04-08,14:25:00,1.8,1.8,1.8,1.8,16,0
2015-04-08,15:40:00,1.8,1.8,1.8,1.8,101,0
2015-04-08,16:40:00,1.8,1.8,1.8,1.8,31,0
2015-04-08,16:45:00,1.8,1.8,1.8,1.8,31,0
2015-04-09,10:00:00,1.8,1.8,1.8,1.8,33,0
2015-04-09,10:05:00,1.8,1.8,1.8,1.8,40,0
2015-04-09,12:35:00,1.73,1.73,1.73,1.73,196,0
2015-04-09,13:05:00,1.75,1.8,1.75,1.8,25,0
2015-04-09,13:30:00,1.8,1.8,1.8,1.8,11,0
2015-04-13,10:25:00,1.73,1.73,1.73,1.73,15,0
2015-04-13,11:45:00,1.83,1.83,1.83,1.83,18,0
2015-04-14,16:30:00,1.83,1.83,1.83,1.83,4100,0
2015-04-14,16:40:00,2.01,2.01,2.01,2.01,10,0
2015-04-15,09:05:00,2.19,2.19,2.19,2.19,2164,0
2015-04-15,09:45:00,2.19,2.19,2.19,2.19,4,0
2015-04-15,10:05:00,2.19,2.19,2.19,2.19,1000,0
2015-04-15,12:00:00,2.19,2.19,2.19,2.19,37,0
2015-04-15,13:05:00,2.02,2.02,2.02,2.02,10,0
2015-04-15,13:10:00,2.19,2.19,2.19,2.19,100,0
2015-04-15,13:35:00,2.3,2.3,2.3,2.3,10,0
2015-04-15,14:35:00,2,2,2,2,10,0
2015-04-15,15:45:00,2.29,2.29,2.29,2.29,900,0
2015-04-16,09:05:00,2.28,2.28,2.28,2.28,21,0
2015-04-16,16:45:00,2.27,2.27,2.27,2.27,25,0
2015-04-17,09:05:00,2.26,2.26,2.26,2.26,70,0
2015-04-20,11:40:00,2.25,2.25,2.25,2.25,121,0
2015-04-20,12:50:00,2.15,2.15,2.15,2.15,3500,0
2015-04-20,14:05:00,2.06,2.06,2.05,2.05,5300,0
2015-04-20,14:20:00,2.03,2.03,2.03,2.03,594,0
2015-04-20,15:25:00,1.98,1.98,1.92,1.92,1838,0
2015-04-20,15:30:00,1.93,1.93,1.88,1.88,1556,0
2015-04-20,15:35:00,1.88,1.88,1.88,1.88,594,0
2015-04-20,15:40:00,1.88,1.88,1.88,1.88,10500,0
2015-04-20,16:00:00,1.88,1.88,1.85,1.85,852,0
2015-04-20,16:10:00,1.83,1.85,1.83,1.85,5648,0
2015-04-20,16:35:00,1.97,1.97,1.97,1.97,500,0
2015-04-20,16:40:00,1.97,1.97,1.97,1.97,150,0
2015-04-20,16:45:00,2,2,2,2,200,0
2015-04-20,16:50:00,2.05,2.05,2.05,2.05,11,0
2015-04-21,09:25:00,1.74,1.74,1.74,1.74,2114,0
2015-04-21,09:35:00,1.85,1.85,1.85,1.85,20,0
2015-04-21,09:45:00,1.75,1.75,1.75,1.75,75,0
2015-04-21,09:55:00,1.74,1.74,1.74,1.74,496,0
2015-04-21,10:10:00,1.76,1.76,1.76,1.76,639,0
2015-04-21,10:30:00,1.76,1.76,1.76,1.76,236,0
2015-04-21,12:20:00,1.78,1.85,1.78,1.85,274,0
2015-04-21,13:40:00,1.85,1.85,1.85,1.85,70,0
2015-04-21,15:45:00,1.85,1.85,1.85,1.85,250,0
2015-04-22,09:25:00,1.86,1.86,1.86,1.86,20,0
2015-04-22,16:15:00,1.86,1.86,1.86,1.86,4080,0
2015-04-22,16:45:00,1.98,1.98,1.98,1.98,1,0
2015-04-23,09:05:00,2,2.09,2,2.09,81,0
2015-04-23,16:50:00,2.19,2.19,2.19,2.19,20,0
2015-04-24,14:45:00,2.18,2.18,2.18,2.18,19,0
2015-04-27,13:45:00,2.15,2.15,2.15,2.15,3500,0
2015-04-27,15:15:00,2.17,2.17,2.17,2.17,500,0
2015-04-27,16:00:00,2.18,2.18,2.18,2.18,481,0
2015-04-27,16:30:00,2.19,2.19,2.19,2.19,119,0
2015-04-28,11:20:00,2.19,2.2,2.19,2.2,750,0
2015-04-28,11:25:00,2.2,2.21,2.2,2.21,170,0
2015-04-28,11:40:00,2.21,2.21,2.21,2.21,3446,0
2015-04-28,11:45:00,2.25,2.25,2.25,2.25,30,0
2015-04-28,13:10:00,2.19,2.19,2.19,2.19,50,0
2015-04-28,13:25:00,2.25,2.25,2.25,2.25,220,0
2015-04-28,13:30:00,2.26,2.26,2.26,2.26,330,0
2015-04-28,13:35:00,2.27,2.27,2.27,2.27,554,0
2015-04-28,13:45:00,2.27,2.27,2.27,2.27,109,0
2015-04-29,11:25:00,2.27,2.27,2.27,2.27,400,0
2015-04-30,09:45:00,2.29,2.29,2.29,2.29,71,0
2015-04-30,10:00:00,2.29,2.29,2.29,2.29,600,0
2015-04-30,10:20:00,2.29,2.29,2.29,2.29,711,0
2015-04-30,12:20:00,2.2,2.2,2.18,2.18,1921,0
2015-05-04,09:20:00,2.14,2.14,2.14,2.14,550,0
2015-05-04,13:50:00,2.15,2.15,2.15,2.15,160,0
2015-05-04,14:45:00,2.14,2.14,2.14,2.14,379,0
2015-05-05,13:25:00,2.12,2.12,2.12,2.12,1514,0
2015-05-05,16:50:00,2.17,2.17,2.17,2.17,5,0
2015-05-06,12:05:00,2.07,2.07,2.07,2.07,10,0
2015-05-06,13:30:00,2.07,2.07,2.07,2.07,30,0
2015-05-06,14:15:00,2.17,2.17,2.17,2.17,35,0
2015-05-12,09:05:00,2.07,2.07,2.07,2.07,62,0
2015-05-12,09:15:00,2.07,2.07,2.07,2.07,3638,0
2015-05-12,09:25:00,2.07,2.17,2.07,2.17,20,0
2015-05-12,15:40:00,2.07,2.07,2.01,2.01,2501,0
2015-05-13,10:45:00,2.01,2.01,2.01,2.01,124,0
2015-05-13,11:30:00,2.01,2.01,2.01,2.01,2500,0
2015-05-13,12:45:00,2.08,2.08,2.08,2.08,2000,0
2015-05-13,13:30:00,2.08,2.08,2.08,2.08,1700,0
2015-05-14,09:05:00,2.04,2.04,2.04,2.04,600,0
2015-05-14,09:25:00,2.1,2.14,2.1,2.14,30,0
2015-05-14,10:45:00,2.04,2.04,2.04,2.04,5500,0
2015-05-14,15:05:00,2.01,2.01,2.01,2.01,50,0
2015-05-14,16:30:00,2.01,2.01,2.01,2.01,2549,0
2015-05-15,10:50:00,2.07,2.07,2.07,2.07,3650,0
2015-05-15,13:30:00,2.06,2.06,2.05,2.05,4460,0
2015-05-15,15:35:00,2.05,2.05,2.05,2.05,3300,0
2015-05-15,15:50:00,2.05,2.05,2.05,2.05,266,0
2015-05-15,15:55:00,2.05,2.05,2.05,2.05,1500,0
2015-05-15,16:05:00,2.05,2.05,2.05,2.05,500,0
2015-05-15,16:50:00,2.05,2.05,2.05,2.05,984,0
2015-05-18,13:10:00,2.01,2.01,2.01,2.01,516,0
2015-05-18,13:15:00,2.01,2.01,2.01,2.01,9484,0
2015-05-18,13:25:00,1.91,1.91,1.82,1.82,3500,0
2015-05-18,13:30:00,1.82,1.82,1.81,1.81,6621,0
2015-05-18,13:35:00,1.81,1.81,1.81,1.81,80,0
2015-05-18,13:40:00,1.82,1.82,1.81,1.81,37799,0
2015-05-18,13:55:00,1.9,1.9,1.82,1.82,1006,0
2015-05-18,14:25:00,1.92,1.92,1.92,1.92,794,0
2015-05-18,16:20:00,2,2,2,2,56,0
2015-05-20,11:00:00,1.96,1.96,1.96,1.96,9,0
2015-05-20,11:05:00,2,2.05,2,2.05,5186,0
2015-05-20,11:50:00,2.14,2.14,2.14,2.14,130,0
2015-05-21,10:15:00,2.03,2.03,2.03,2.03,1,0
2015-05-21,10:20:00,2.05,2.05,2.05,2.05,14,0
2015-05-21,10:25:00,2.05,2.05,2.05,2.05,6,0
2015-05-21,14:55:00,2.05,2.05,2.05,2.05,8,0
2015-05-21,16:30:00,2.13,2.13,2.13,2.13,3550,0
2015-05-22,09:05:00,2.07,2.07,2.07,2.07,62,0
2015-05-22,09:25:00,2.17,2.17,2.17,2.17,20,0
2015-05-25,10:00:00,2.09,2.09,2.09,2.09,1,0
2015-05-25,11:15:00,2.09,2.09,2.09,2.09,28,0
2015-05-25,12:15:00,2.17,2.17,2.17,2.17,4230,0
2015-05-25,12:45:00,2.1,2.1,2.1,2.1,1500,0
2015-05-25,16:00:00,2.13,2.13,2.13,2.13,5225,0
2015-05-25,16:05:00,2.1,2.1,2.1,2.1,12150,0
2015-05-25,16:50:00,2.09,2.09,2.09,2.09,64,0
2015-05-26,09:05:00,2.09,2.09,2.09,2.09,2750,0
2015-05-26,14:35:00,2.17,2.17,2.17,2.17,2822,0
2015-05-26,16:20:00,2.17,2.17,2.17,2.17,678,0
2015-05-27,13:35:00,2.2,2.2,2.2,2.2,50,0
2015-05-28,14:35:00,2.2,2.24,2.2,2.24,6919,0
2015-05-28,16:50:00,2.24,2.24,2.24,2.24,700,0
2015-05-29,09:55:00,2.2,2.2,2.2,2.2,27,0
2015-05-29,10:00:00,2.24,2.24,2.24,2.24,2445,0
2015-05-29,10:15:00,2.26,2.26,2.26,2.26,80,0
2015-05-29,10:20:00,2.21,2.21,2.2,2.2,5100,0
2015-05-29,12:10:00,2.25,2.26,2.25,2.26,1020,0
2015-05-29,13:55:00,2.26,2.26,2.26,2.26,290,0
2015-05-29,15:20:00,2.26,2.26,2.26,2.26,232,0
2015-05-29,15:40:00,2.21,2.21,2.21,2.21,108,0
2015-05-29,15:45:00,2.21,2.21,2.21,2.21,19,0
2015-06-01,09:10:00,2.2,2.2,2.2,2.2,3323,0
2015-06-01,10:40:00,2.22,2.22,2.22,2.22,150,0
2015-06-01,15:15:00,2.23,2.23,2.23,2.23,3380,0
2015-06-01,16:35:00,2.22,2.22,2.22,2.22,57,0
2015-06-01,16:45:00,2.18,2.18,2.18,2.18,1500,0
2015-06-03,10:45:00,2.24,2.24,2.24,2.24,50,0
2015-06-03,11:25:00,2.26,2.29,2.26,2.29,4468,0
2015-06-03,12:05:00,2.25,2.25,2.25,2.25,3400,0
2015-06-03,14:25:00,2.27,2.27,2.27,2.27,3350,0
2015-06-05,11:25:00,2.27,2.34,2.27,2.34,5323,0
2015-06-05,11:45:00,2.34,2.34,2.34,2.34,976,0
2015-06-05,11:50:00,2.35,2.35,2.35,2.35,3000,0
2015-06-05,13:25:00,2.34,2.34,2.25,2.25,73,0
2015-06-05,14:30:00,2.32,2.32,2.32,2.32,500,0
2015-06-08,09:05:00,2.38,2.4,2.38,2.4,2968,0
2015-06-08,10:30:00,2.4,2.4,2.4,2.4,258,0
2015-06-08,10:55:00,2.33,2.33,2.32,2.32,5263,0
2015-06-08,11:35:00,2.33,2.33,2.33,2.33,88,0
2015-06-08,11:40:00,2.33,2.33,2.33,2.33,199,0
2015-06-08,11:45:00,2.33,2.33,2.33,2.33,1415,0
2015-06-08,13:35:00,2.33,2.33,2.33,2.33,409,0
2015-06-08,14:05:00,2.33,2.33,2.33,2.33,63,0
2015-06-08,14:45:00,2.33,2.33,2.33,2.33,48,0
2015-06-08,14:50:00,2.33,2.33,2.33,2.33,50,0
2015-06-08,15:05:00,2.4,2.4,2.4,2.4,100,0
2015-06-08,16:00:00,2.33,2.33,2.33,2.33,400,0
2015-06-08,16:50:00,2.32,2.32,2.32,2.32,4900,0
2015-06-09,11:40:00,2.32,2.32,2.32,2.32,3300,0
2015-06-09,16:20:00,2.26,2.26,2.26,2.26,60,0
2015-06-09,16:50:00,2.34,2.34,2.34,2.34,60,0
2015-06-11,11:35:00,2.3,2.3,2.3,2.3,770,0
2015-06-11,16:05:00,2.22,2.22,2.22,2.22,3400,0
2015-06-11,16:50:00,2.26,2.26,2.26,2.26,10,0
2015-06-12,13:10:00,2.2,2.2,2.2,2.2,200,0
2015-06-15,09:05:00,2.15,2.15,2.15,2.15,35,0
2015-06-15,11:45:00,2.26,2.26,2.26,2.26,30,0
2015-06-15,13:10:00,2.15,2.17,2.13,2.13,13703,0
2015-06-17,11:05:00,2.17,2.17,2.17,2.17,20,0
2015-06-25,09:05:00,2.1,2.1,2.1,2.1,500,0
2015-06-25,09:40:00,2.11,2.11,2.11,2.11,120,0
2015-06-25,09:50:00,2.17,2.17,2.17,2.17,30,0
2015-06-25,11:45:00,2.11,2.11,2.11,2.11,38,0
2015-06-25,13:25:00,2.11,2.11,2.11,2.11,50,0
2015-06-26,10:45:00,2.11,2.11,2.11,2.11,85,0
2015-06-30,13:25:00,2.17,2.17,2.17,2.17,2,0
2015-06-30,15:30:00,2.11,2.11,2.11,2.11,23,0
2015-07-01,15:45:00,2.09,2.09,2.07,2.07,3474,0
2015-07-02,11:45:00,2.1,2.1,2.1,2.1,3,0
2015-07-03,15:50:00,2.1,2.1,2.1,2.1,2800,0
2015-07-03,16:50:00,2.1,2.1,2.1,2.1,797,0
2015-07-06,13:10:00,2.15,2.15,2.15,2.15,50,0
2015-07-06,15:35:00,2.1,2.1,2.1,2.1,500,0
2015-07-06,16:45:00,2.17,2.17,2.17,2.17,52,0
2015-07-07,16:20:00,2.08,2.08,2.08,2.08,3650,0
2015-07-07,16:50:00,2.18,2.18,2.18,2.18,5,0
2015-07-10,10:20:00,2.03,2.03,2.03,2.03,125,0
2015-07-10,13:45:00,2.11,2.11,2.11,2.11,8,0
2015-07-13,16:15:00,2.03,2.03,2.03,2.03,33,0
2015-07-13,16:50:00,2.03,2.03,2.03,2.03,467,0
2015-07-14,12:40:00,2.03,2.03,2.03,2.03,82,0
2015-07-14,14:25:00,2.03,2.03,2.03,2.03,75,0
2015-07-14,14:35:00,2.03,2.03,2.03,2.03,80,0
2015-07-14,16:40:00,2.03,2.03,2.03,2.03,63,0
2015-07-15,13:35:00,2.03,2.03,2.03,2.03,600,0
2015-07-15,14:20:00,2.07,2.07,2.07,2.07,10,0
2015-07-15,15:20:00,2.01,2.01,2.01,2.01,1700,0
2015-07-16,09:05:00,2.01,2.01,2.01,2.01,1,0
2015-07-16,11:45:00,2.07,2.07,2.07,2.07,390,0
2015-07-16,12:00:00,2.11,2.11,2.11,2.11,50,0
2015-07-16,12:10:00,2.07,2.07,2.07,2.07,600,0
2015-07-16,14:40:00,2.07,2.07,2.01,2.01,25,0
2015-07-16,14:55:00,2.11,2.11,2.11,2.11,3542,0
2015-07-17,09:05:00,2.3,2.3,2.3,2.3,10,0
2015-07-17,09:25:00,2.3,2.3,2.3,2.3,10,0
2015-07-17,11:05:00,2.15,2.15,2.15,2.15,600,0
2015-07-17,11:15:00,2.21,2.21,2.21,2.21,90,0
2015-07-17,16:50:00,2.1,2.1,2.1,2.1,11,0
2015-07-20,09:40:00,2.21,2.21,2.21,2.21,30,0
2015-07-22,09:20:00,2.11,2.11,2.11,2.11,420,0
2015-07-22,09:25:00,2.1,2.1,2.1,2.1,3599,0
2015-07-22,12:35:00,2.12,2.12,2.12,2.12,327,0
2015-07-22,12:45:00,2.12,2.12,2.12,2.12,160,0
2015-07-23,11:05:00,2.12,2.12,2.12,2.12,140,0
2015-07-23,14:10:00,2.03,2.03,2.02,2.02,1706,0
2015-07-23,14:15:00,2.02,2.02,2.02,2.02,660,0
2015-07-23,14:35:00,2.02,2.02,2.02,2.02,1208,0
2015-07-23,15:05:00,2.02,2.02,2.02,2.02,5,0
2015-07-23,16:25:00,2.1,2.1,2.1,2.1,60,0
2015-07-24,15:15:00,2,2,2,2,3,0
2015-07-24,16:30:00,2.1,2.1,2.1,2.1,30,0
2015-07-29,09:10:00,2,2,2,2,3797,0
2015-07-29,09:55:00,2,2,2,2,1000,0
2015-07-29,10:00:00,2,2,2,2,1000,0
2015-07-29,10:35:00,2.01,2.01,2.01,2.01,5000,0
2015-07-29,13:45:00,2.2,2.2,2.2,2.2,100,0
2015-07-29,16:10:00,2.04,2.04,2.04,2.04,50,0
2015-07-30,09:30:00,2.1,2.1,2.1,2.1,50,0
2015-07-30,09:35:00,2.1,2.1,2.1,2.1,2050,0
2015-07-30,09:40:00,2.1,2.1,2.1,2.1,840,0
2015-07-30,10:10:00,2.1,2.1,2.1,2.1,660,0
2015-07-30,10:15:00,2.3,2.3,2.3,2.3,10,0
2015-08-03,14:55:00,2.19,2.19,2.19,2.19,1340,0
2015-08-03,16:20:00,2.19,2.19,2.19,2.19,900,0
2015-08-04,15:50:00,2.19,2.19,2.19,2.19,750,0
2015-08-04,16:40:00,2.29,2.29,2.29,2.29,50,0
2015-08-05,10:55:00,2.15,2.15,2.15,2.15,425,0
2015-08-05,12:10:00,2.15,2.15,2.15,2.15,3075,0
2015-08-05,14:05:00,2.14,2.16,2.14,2.16,750,0
2015-08-06,11:10:00,2.16,2.16,2.16,2.16,600,0
2015-08-06,12:00:00,2.11,2.11,2.06,2.06,4199,0
2015-08-07,09:20:00,2.06,2.16,2.06,2.16,255,0
2015-08-07,16:50:00,2.04,2.04,2.04,2.04,58,0
2015-08-10,10:30:00,2.04,2.04,2.04,2.04,942,0
2015-08-10,10:40:00,2.04,2.04,2.04,2.04,644,0
2015-08-10,10:45:00,2.04,2.04,2.04,2.04,1914,0
2015-08-11,16:00:00,2.05,2.05,2.04,2.04,2826,0
2015-08-12,09:45:00,2.04,2.04,2.04,2.04,500,0
2015-08-12,11:10:00,2.05,2.05,2.05,2.05,500,0
2015-08-12,16:40:00,2.05,2.05,2.04,2.04,9100,0
2015-08-12,16:50:00,2.14,2.14,2.14,2.14,10,0
2015-08-13,16:00:00,2.04,2.04,2.04,2.04,1000,0
2015-08-13,16:05:00,2.04,2.04,2.04,2.04,850,0
2015-08-14,10:35:00,2.13,2.14,2.13,2.14,26,0
2015-08-14,14:20:00,2.01,2.01,2,2,8710,0
2015-08-17,15:40:00,1.96,1.96,1.96,1.96,32,0
2015-08-17,16:50:00,2.05,2.05,2.05,2.05,2,0
2015-08-19,09:05:00,1.96,1.96,1.96,1.96,200,0
2015-08-19,09:30:00,2.05,2.05,2.05,2.05,1,0
2015-08-20,10:00:00,2.05,2.05,2.05,2.05,3697,0
2015-08-20,13:45:00,2.03,2.03,2,2,7700,0
2015-08-21,09:05:00,2.09,2.09,2.09,2.09,9,0
2015-08-21,10:10:00,2.09,2.09,2.09,2.09,3591,0
2015-08-21,12:45:00,2.07,2.07,2.07,2.07,3700,0
2015-08-21,14:35:00,2.01,2.01,2,2,5000,0
2015-08-21,14:40:00,2,2,2,2,3196,0
2015-08-21,16:50:00,2.09,2.09,2.09,2.09,3,0
2015-08-24,10:00:00,2,2,2,2,9,0
2015-08-24,11:05:00,2,2,1.99,1.99,5000,0
2015-08-24,11:10:00,1.99,1.99,1.99,1.99,791,0
2015-08-24,12:35:00,2.01,2.01,2.01,2.01,3800,0
2015-08-25,09:50:00,2.01,2.01,2.01,2.01,674,0
2015-08-25,10:15:00,2,2,2,2,2278,0
2015-08-25,11:15:00,2,2,2,2,1516,0
2015-08-25,11:25:00,1.96,1.96,1.95,1.95,5746,0
2015-08-25,11:30:00,1.93,1.93,1.86,1.86,20080,0
2015-08-25,11:35:00,1.86,1.86,1.86,1.86,10000,0
2015-08-25,13:30:00,1.97,1.97,1.97,1.97,50,0
2015-08-26,09:10:00,1.92,1.92,1.92,1.92,3950,0
2015-08-26,09:45:00,2.1,2.1,2.1,2.1,45,0
2015-08-26,10:55:00,2.1,2.1,2.1,2.1,200,0
2015-08-26,16:50:00,1.96,1.96,1.96,1.96,468,0
2015-08-27,09:05:00,1.98,1.98,1.98,1.98,45,0
2015-09-01,13:20:00,1.98,1.98,1.98,1.98,3800,0
2015-09-01,16:45:00,2.06,2.06,1.97,1.97,6,0
2015-09-02,15:20:00,1.97,1.97,1.97,1.97,34,0
2015-09-02,16:10:00,1.98,1.98,1.98,1.98,500,0
2015-09-02,16:30:00,1.98,1.98,1.98,1.98,784,0
2015-09-03,13:45:00,2.06,2.06,2.06,2.06,10,0
2015-09-03,13:50:00,2.06,2.06,2.06,2.06,480,0
2015-09-07,13:35:00,2,2,2,2,2500,0
2015-09-07,14:05:00,2,2,2,2,500,0
2015-09-08,16:20:00,1.97,1.97,1.96,1.96,5300,0
2015-09-08,16:50:00,1.99,1.99,1.99,1.99,30,0
2015-09-10,09:15:00,1.99,1.99,1.99,1.99,3770,0
2015-09-10,09:40:00,1.92,1.92,1.92,1.92,1,0
2015-09-10,11:30:00,2.07,2.07,2.07,2.07,20,0
2015-09-10,12:10:00,2.07,2.07,2.07,2.07,1343,0
2015-09-10,15:50:00,2.01,2.01,2,2,4800,0
2015-09-10,16:50:00,2.04,2.04,2.04,2.04,15,0
2015-09-11,11:05:00,2,2,2,2,995,0
2015-09-11,11:10:00,2.05,2.05,2.05,2.05,3700,0
2015-09-11,12:50:00,2.05,2.05,2.05,2.05,398,0
2015-09-11,13:20:00,2.05,2.05,2.05,2.05,3102,0
2015-09-11,13:35:00,2.05,2.05,2.05,2.05,529,0
2015-09-11,13:55:00,2.03,2.03,2.03,2.03,27,0
2015-09-11,15:30:00,2.03,2.03,2.03,2.03,3673,0
2015-09-11,15:45:00,2.03,2.03,2.03,2.03,247,0
2015-09-16,14:30:00,2.07,2.07,2.07,2.07,5,0
2015-09-17,12:10:00,2.07,2.07,2.07,2.07,215,0
2015-09-17,12:15:00,2.07,2.07,2.07,2.07,1825,0
2015-09-17,14:25:00,2.1,2.1,2.1,2.1,20,0
2015-09-18,14:40:00,2.09,2.09,2.09,2.09,209,0
2015-09-18,14:45:00,2.09,2.09,2.09,2.09,201,0
2015-09-18,15:45:00,2.09,2.09,2.09,2.09,96,0
2015-09-22,15:45:00,2.01,2.01,2.01,2.01,327,0
2015-09-23,13:25:00,2.01,2.01,2.01,2.01,120,0
2015-09-23,15:15:00,2.01,2.01,2,2,2093,0
2015-09-25,09:10:00,2.09,2.09,2.09,2.09,24,0
2015-09-25,10:10:00,2,2,2,2,47,0
2015-09-25,15:30:00,2,2,2,2,5,0
2015-09-28,09:25:00,2.09,2.09,2.09,2.09,26,0
2015-09-28,09:30:00,2.09,2.09,2.06,2.06,2510,0
2015-09-28,13:40:00,2.08,2.08,2.08,2.08,238,0
2015-09-29,16:30:00,2.06,2.06,2.06,2.06,2500,0
2015-09-30,16:05:00,2.08,2.08,2.08,2.08,45,0
2015-09-30,16:10:00,2.08,2.08,2.08,2.08,187,0
2015-09-30,16:50:00,2.08,2.08,2.08,2.08,31,0
2015-10-01,10:05:00,2.08,2.08,2.08,2.08,25,0
2015-10-01,10:10:00,2.08,2.08,2.08,2.08,265,0
2015-10-01,13:00:00,2,2,2,2,186,0
2015-10-06,09:35:00,2.09,2.09,2.09,2.09,71,0
2015-10-06,11:20:00,2.09,2.09,2.09,2.09,79,0
2015-10-06,15:40:00,2,2,2,2,175,0
2015-10-07,09:05:00,2,2,2,2,1000,0
2015-10-07,13:15:00,2,2,2,2,3800,0
2015-10-08,09:20:00,1.91,1.91,1.91,1.91,27,0
2015-10-09,13:35:00,2.01,2.01,2.01,2.01,2,0
2015-10-13,09:05:00,1.91,1.91,1.91,1.91,14,0
2015-10-13,16:00:00,2.01,2.01,2.01,2.01,3758,0
2015-10-13,16:20:00,2.1,2.1,2.1,2.1,6242,0
2015-10-13,16:50:00,2.14,2.14,2.14,2.14,140,0
2015-10-14,11:15:00,2.04,2.04,2.04,2.04,800,0
2015-10-14,16:20:00,2.04,2.04,2.04,2.04,3600,0
2015-10-19,15:00:00,1.97,1.97,1.97,1.97,125,0
2015-10-20,14:25:00,2.07,2.07,2.07,2.07,56,0
2015-10-21,12:35:00,2,2,2,2,9,0
2015-10-21,14:20:00,2.07,2.07,2.07,2.07,9,0
2015-10-21,16:00:00,2,2,2,2,250,0
2015-10-22,13:35:00,2,2,2,2,1250,0
2015-10-23,16:50:00,2,2,2,2,376,0
2015-10-26,11:35:00,1.97,1.97,1.97,1.97,69,0
2015-10-26,15:15:00,1.98,1.98,1.98,1.98,160,0
2015-10-29,14:40:00,2,2,2,2,2600,0
2015-10-30,09:05:00,2,2,2,2,4,0
2015-11-02,09:05:00,2,2,2,2,125,0
2015-11-02,12:10:00,2.07,2.07,2.07,2.07,275,0
2015-11-05,11:55:00,2.05,2.05,2.05,2.05,20000,0
2015-11-05,12:00:00,2.05,2.05,2.05,2.05,60070,0
2015-11-05,16:10:00,2.07,2.09,2.07,2.09,4816,0
2015-11-06,09:05:00,2.08,2.13,2.08,2.13,1000,0
2015-11-06,16:50:00,2.06,2.06,2.03,2.03,4400,0
2015-11-09,12:15:00,2.03,2.03,2.03,2.03,100,0
2015-11-10,14:55:00,2.03,2.03,2.03,2.03,7,0
