2015-07-02,09:10:00,2.64,2.64,2.64,2.64,24,0
2015-07-02,11:15:00,2.59,2.6,2.59,2.6,800,0
2015-07-02,11:35:00,2.55,2.55,2.54,2.54,600,0
2015-07-02,12:15:00,2.6,2.6,2.6,2.6,6,0
2015-07-02,12:35:00,2.6,2.65,2.6,2.65,3701,0
2015-07-02,12:45:00,2.64,2.65,2.64,2.65,5110,0
2015-07-02,12:50:00,2.65,2.65,2.65,2.65,300,0
2015-07-02,16:45:00,2.63,2.63,2.59,2.59,1000,0
2015-07-02,16:50:00,2.65,2.65,2.65,2.65,1,0
2015-07-03,09:10:00,2.65,2.65,2.65,2.65,16,0
2015-07-03,09:15:00,2.59,2.59,2.59,2.59,80,0
2015-07-03,09:35:00,2.65,2.65,2.65,2.65,5,0
2015-07-03,11:35:00,2.65,2.65,2.65,2.65,10,0
2015-07-03,13:05:00,2.63,2.63,2.63,2.63,1150,0
2015-07-03,14:55:00,2.65,2.65,2.65,2.65,45,0
2015-07-03,16:45:00,2.64,2.64,2.64,2.64,76,0
2015-07-03,16:50:00,2.65,2.65,2.65,2.65,1006,0
2015-07-06,09:30:00,2.64,2.64,2.64,2.64,5,0
2015-07-06,11:10:00,2.6,2.6,2.6,2.6,43,0
2015-07-06,13:45:00,2.6,2.6,2.6,2.6,21,0
2015-07-06,14:05:00,2.59,2.6,2.59,2.6,1500,0
2015-07-06,14:10:00,2.6,2.6,2.6,2.6,300,0
2015-07-06,16:50:00,2.6,2.6,2.6,2.6,5,0
2015-07-07,09:10:00,2.7,2.7,2.7,2.7,6,0
2015-07-07,09:55:00,2.56,2.56,2.56,2.56,820,0
2015-07-07,12:15:00,2.6,2.6,2.6,2.6,100,0
2015-07-07,13:10:00,2.58,2.6,2.58,2.6,4792,0
2015-07-07,16:50:00,2.6,2.6,2.6,2.6,58,0
2015-07-08,09:15:00,2.66,2.66,2.66,2.66,10,0
2015-07-08,09:50:00,2.6,2.6,2.59,2.59,292,0
2015-07-08,13:10:00,2.6,2.6,2.6,2.6,59,0
2015-07-08,15:00:00,2.6,2.6,2.6,2.6,66,0
2015-07-08,16:50:00,2.6,2.6,2.6,2.6,750,0
2015-07-09,09:20:00,2.6,2.6,2.6,2.6,22,0
2015-07-09,10:10:00,2.58,2.58,2.58,2.58,116,0
2015-07-09,12:25:00,2.58,2.6,2.58,2.6,1238,0
2015-07-09,13:15:00,2.6,2.6,2.6,2.6,64,0
2015-07-09,13:45:00,2.6,2.65,2.6,2.65,23403,0
2015-07-09,16:50:00,2.6,2.65,2.6,2.65,1010,0
2015-07-10,09:10:00,2.65,2.65,2.65,2.65,22,0
2015-07-10,12:15:00,2.65,2.65,2.65,2.65,136,0
2015-07-10,12:50:00,2.65,2.65,2.65,2.65,600,0
2015-07-10,15:05:00,2.65,2.65,2.65,2.65,75,0
2015-07-10,16:15:00,2.64,2.64,2.64,2.64,33,0
2015-07-10,16:30:00,2.64,2.65,2.64,2.65,150000,0
2015-07-10,16:50:00,2.65,2.65,2.65,2.65,10,0
2015-07-13,09:10:00,2.7,2.7,2.7,2.7,22,0
2015-07-13,09:45:00,2.65,2.65,2.65,2.65,911,0
2015-07-13,09:50:00,2.65,2.65,2.65,2.65,1900,0
2015-07-13,14:20:00,2.64,2.64,2.64,2.64,202,0
2015-07-13,16:45:00,2.63,2.63,2.63,2.63,22,0
2015-07-13,16:50:00,2.64,2.64,2.64,2.64,5,0
2015-07-14,09:10:00,2.64,2.65,2.64,2.65,105,0
2015-07-14,11:55:00,2.65,2.65,2.65,2.65,174,0
2015-07-14,12:55:00,2.65,2.65,2.65,2.65,33,0
2015-07-14,13:10:00,2.64,2.64,2.64,2.64,381,0
2015-07-14,15:45:00,2.65,2.65,2.65,2.65,107,0
2015-07-14,16:05:00,2.65,2.65,2.65,2.65,56925,0
2015-07-14,16:50:00,2.65,2.65,2.65,2.65,1706,0
2015-07-15,09:10:00,2.65,2.65,2.65,2.65,55,0
2015-07-15,10:05:00,2.65,2.65,2.65,2.65,21,0
2015-07-15,10:15:00,2.64,2.64,2.64,2.64,640,0
2015-07-15,10:35:00,2.65,2.65,2.65,2.65,2000,0
2015-07-15,10:40:00,2.65,2.65,2.64,2.65,21467,0
2015-07-15,10:55:00,2.65,2.65,2.64,2.64,8930,0
2015-07-15,11:00:00,2.65,2.65,2.65,2.65,786,0
2015-07-15,11:05:00,2.64,2.65,2.64,2.65,9065,0
2015-07-15,11:10:00,2.65,2.65,2.64,2.65,3803,0
2015-07-15,11:15:00,2.65,2.65,2.64,2.65,1127,0
2015-07-15,11:20:00,2.65,2.65,2.64,2.65,3995,0
2015-07-15,11:25:00,2.65,2.65,2.64,2.65,1931,0
2015-07-15,11:45:00,2.64,2.65,2.64,2.64,1786,0
2015-07-15,11:50:00,2.65,2.65,2.64,2.65,2875,0
2015-07-15,12:25:00,2.65,2.65,2.64,2.64,4048,0
2015-07-15,12:45:00,2.65,2.65,2.64,2.64,10015,0
2015-07-15,13:00:00,2.65,2.65,2.63,2.63,3704,0
2015-07-15,16:50:00,2.65,2.65,2.65,2.65,20326,0
2015-07-16,09:05:00,2.76,2.76,2.76,2.76,6,0
2015-07-16,09:20:00,2.76,2.76,2.76,2.76,14,0
2015-07-16,10:55:00,2.68,2.68,2.68,2.68,112,0
2015-07-16,11:05:00,2.69,2.69,2.69,2.69,185,0
2015-07-16,11:25:00,2.65,2.69,2.65,2.65,556,0
2015-07-16,15:10:00,2.64,2.65,2.64,2.64,2051,0
2015-07-16,15:15:00,2.65,2.65,2.64,2.65,7949,0
2015-07-16,15:25:00,2.64,2.64,2.64,2.64,2000,0
2015-07-16,16:20:00,2.65,2.65,2.65,2.65,2000,0
2015-07-16,16:50:00,2.65,2.65,2.65,2.65,3785,0
2015-07-17,09:05:00,2.74,2.74,2.74,2.74,7,0
2015-07-17,09:10:00,2.74,2.75,2.74,2.75,1000,0
2015-07-17,09:15:00,2.66,2.66,2.65,2.65,763,0
2015-07-17,09:40:00,2.65,2.65,2.64,2.64,1000,0
2015-07-17,13:30:00,2.64,2.64,2.64,2.64,114,0
2015-07-17,13:35:00,2.65,2.65,2.65,2.65,1016,0
2015-07-17,16:50:00,2.74,2.74,2.74,2.74,2,0
2015-07-20,09:05:00,2.74,2.74,2.74,2.74,7,0
2015-07-20,09:40:00,2.71,2.71,2.71,2.71,111,0
2015-07-20,10:05:00,2.7,2.7,2.7,2.7,3099,0
2015-07-20,10:40:00,2.71,2.71,2.7,2.7,139,0
2015-07-20,10:55:00,2.74,2.74,2.74,2.74,19,0
2015-07-20,11:30:00,2.74,2.74,2.74,2.74,25,0
2015-07-20,11:50:00,2.74,2.74,2.74,2.74,706,0
2015-07-20,11:55:00,2.79,2.79,2.79,2.79,50,0
2015-07-20,12:40:00,2.78,2.79,2.78,2.79,350,0
2015-07-20,14:50:00,2.79,2.79,2.79,2.79,61,0
2015-07-20,15:35:00,2.75,2.75,2.74,2.74,400,0
2015-07-20,16:10:00,2.74,2.74,2.74,2.74,111,0
2015-07-20,16:15:00,2.74,2.74,2.74,2.74,1000,0
2015-07-20,16:25:00,2.74,2.74,2.74,2.74,1110,0
2015-07-20,16:50:00,2.74,2.74,2.74,2.74,1999,0
2015-07-21,09:05:00,2.74,2.74,2.74,2.74,963,0
2015-07-21,09:50:00,2.79,2.79,2.79,2.79,10,0
2015-07-21,10:50:00,2.77,2.77,2.77,2.77,100000,0
2015-07-21,11:10:00,2.79,2.81,2.77,2.81,1287,0
2015-07-21,12:50:00,2.79,2.79,2.79,2.79,1000,0
2015-07-21,13:25:00,2.8,2.8,2.8,2.8,6,0
2015-07-21,13:55:00,2.77,2.77,2.77,2.77,616,0
2015-07-21,14:05:00,2.77,2.77,2.77,2.77,994,0
2015-07-21,14:10:00,2.78,2.78,2.76,2.76,5564,0
2015-07-21,14:20:00,2.78,2.78,2.78,2.78,79,0
2015-07-21,16:30:00,2.77,2.77,2.77,2.77,93557,0
2015-07-21,16:50:00,2.75,2.77,2.75,2.77,105631,0
2015-07-22,09:10:00,2.87,2.87,2.87,2.87,10,0
2015-07-22,09:50:00,2.87,2.87,2.82,2.82,109,0
2015-07-22,10:45:00,2.8,2.87,2.8,2.82,1789,0
2015-07-22,14:10:00,2.77,2.77,2.77,2.77,964,0
2015-07-22,14:15:00,2.77,2.77,2.77,2.77,130000,0
2015-07-22,14:25:00,2.77,2.77,2.77,2.77,1076,0
2015-07-22,14:35:00,2.77,2.8,2.77,2.8,1176,0
2015-07-22,15:40:00,2.83,2.83,2.83,2.83,360,0
2015-07-22,16:10:00,2.79,2.79,2.79,2.79,108,0
2015-07-23,09:20:00,2.87,2.87,2.87,2.87,5,0
2015-07-23,10:05:00,2.87,2.87,2.82,2.82,183,0
2015-07-23,10:35:00,2.82,2.82,2.82,2.82,50,0
2015-07-23,12:35:00,2.82,2.82,2.82,2.82,22,0
2015-07-23,13:55:00,2.8,2.8,2.8,2.8,340,0
2015-07-23,15:20:00,2.79,2.79,2.79,2.79,108,0
2015-07-23,15:35:00,2.81,2.85,2.81,2.85,1100,0
2015-07-23,15:50:00,2.82,2.82,2.82,2.82,106,0
2015-07-24,09:10:00,2.86,2.86,2.86,2.86,5,0
2015-07-24,10:30:00,2.86,2.86,2.86,2.86,21,0
2015-07-24,12:15:00,2.74,2.74,2.74,2.74,109,0
2015-07-24,12:35:00,2.8,2.8,2.8,2.8,38,0
2015-07-24,14:50:00,2.8,2.8,2.8,2.8,53,0
2015-07-24,16:50:00,2.8,2.8,2.8,2.8,5,0
2015-07-27,09:15:00,2.86,2.86,2.86,2.86,22,0
2015-07-27,10:35:00,2.79,2.79,2.79,2.79,108,0
2015-07-27,11:20:00,2.73,2.73,2.73,2.73,22,0
2015-07-27,11:45:00,2.73,2.73,2.73,2.73,252,0
2015-07-27,12:05:00,2.73,2.73,2.73,2.73,120,0
2015-07-27,13:55:00,2.86,2.86,2.86,2.86,22,0
2015-07-27,16:20:00,2.85,2.85,2.85,2.85,37,0
2015-07-27,16:40:00,2.85,2.85,2.85,2.85,48,0
2015-07-28,09:10:00,2.85,2.85,2.85,2.85,22,0
2015-07-28,09:30:00,2.85,2.85,2.85,2.85,100,0
2015-07-28,10:10:00,2.85,2.85,2.85,2.85,25,0
2015-07-28,11:10:00,2.82,2.82,2.82,2.82,40,0
2015-07-28,11:45:00,2.8,2.8,2.8,2.8,37,0
2015-07-28,14:35:00,2.8,2.8,2.8,2.8,75,0
2015-07-28,16:10:00,2.8,2.8,2.8,2.8,22,0
2015-07-28,16:20:00,2.77,2.77,2.73,2.73,2600,0
2015-07-28,16:50:00,2.74,2.84,2.74,2.84,17270,0
2015-07-29,09:10:00,2.84,2.84,2.84,2.84,74,0
2015-07-29,09:30:00,2.76,2.84,2.76,2.84,129,0
2015-07-29,11:05:00,2.83,2.83,2.83,2.83,50,0
2015-07-29,11:55:00,2.78,2.78,2.78,2.78,108,0
2015-07-29,13:15:00,2.78,2.78,2.78,2.78,100,0
2015-07-29,15:00:00,2.78,2.78,2.78,2.78,63,0
2015-07-29,16:40:00,2.78,2.78,2.78,2.78,22,0
2015-07-29,16:50:00,2.8,2.8,2.8,2.8,14207,0
2015-07-30,09:10:00,2.84,2.84,2.84,2.84,66,0
2015-07-30,09:35:00,2.82,2.84,2.82,2.82,5573,0
2015-07-30,09:45:00,2.84,2.84,2.84,2.84,1000,0
2015-07-30,09:50:00,2.83,2.83,2.82,2.82,2086,0
2015-07-30,10:40:00,2.81,2.81,2.8,2.8,1336,0
2015-07-30,13:50:00,2.81,2.81,2.8,2.8,2130,0
2015-07-30,15:30:00,2.84,2.84,2.84,2.84,67,0
2015-07-30,16:50:00,2.84,2.84,2.84,2.84,7,0
2015-07-31,09:05:00,2.82,2.82,2.82,2.82,50,0
2015-07-31,09:10:00,2.82,2.82,2.82,2.82,10,0
2015-07-31,09:35:00,2.82,2.82,2.82,2.82,30,0
2015-07-31,12:35:00,2.82,2.82,2.82,2.82,33,0
2015-07-31,14:50:00,2.82,2.82,2.82,2.82,21,0
2015-07-31,15:30:00,2.82,2.82,2.82,2.82,7,0
2015-07-31,16:10:00,2.8,2.8,2.78,2.78,500,0
2015-07-31,16:50:00,2.82,2.82,2.82,2.82,15,0
2015-08-03,09:10:00,2.83,2.83,2.83,2.83,21,0
2015-08-03,11:10:00,2.83,2.83,2.83,2.83,12,0
2015-08-03,11:25:00,2.83,2.83,2.83,2.83,55,0
2015-08-03,15:40:00,2.83,2.83,2.83,2.83,20,0
2015-08-03,16:50:00,2.83,2.83,2.83,2.83,6,0
2015-08-04,09:05:00,2.82,2.82,2.82,2.82,800,0
2015-08-04,09:50:00,2.83,2.83,2.83,2.83,10,0
2015-08-04,11:30:00,2.83,2.83,2.83,2.83,50,0
2015-08-04,12:40:00,2.83,2.83,2.83,2.83,26,0
2015-08-04,13:30:00,2.83,2.83,2.83,2.83,20,0
2015-08-04,14:35:00,2.83,2.83,2.83,2.83,100,0
2015-08-04,16:50:00,2.83,2.83,2.83,2.83,3,0
2015-08-05,09:10:00,2.83,2.83,2.83,2.83,12,0
2015-08-05,09:15:00,2.83,2.83,2.83,2.83,10,0
2015-08-05,10:05:00,2.83,2.83,2.83,2.83,33,0
2015-08-05,10:50:00,2.83,2.83,2.83,2.83,21,0
2015-08-05,11:40:00,2.83,2.83,2.83,2.83,28,0
2015-08-05,13:30:00,2.83,2.83,2.83,2.83,55,0
2015-08-05,14:00:00,2.83,2.83,2.83,2.83,28,0
2015-08-05,16:40:00,2.78,2.78,2.76,2.78,2844,0
2015-08-06,09:10:00,2.77,2.77,2.77,2.77,12,0
2015-08-06,09:40:00,2.77,2.77,2.77,2.77,22,0
2015-08-06,10:10:00,2.77,2.77,2.77,2.77,67,0
2015-08-06,11:40:00,2.77,2.77,2.77,2.77,35,0
2015-08-06,11:50:00,2.77,2.77,2.77,2.77,37,0
2015-08-06,12:45:00,2.77,2.77,2.77,2.77,33,0
2015-08-06,13:40:00,2.77,2.77,2.77,2.77,36,0
2015-08-06,14:35:00,2.74,2.74,2.7,2.7,11383,0
2015-08-06,14:55:00,2.72,2.72,2.71,2.71,1000,0
2015-08-06,16:45:00,2.75,2.8,2.75,2.8,1609,0
2015-08-06,16:50:00,2.81,2.81,2.81,2.81,52,0
2015-08-07,09:15:00,2.84,2.84,2.84,2.84,50,0
2015-08-07,09:40:00,2.81,2.81,2.8,2.8,490,0
2015-08-07,11:25:00,2.84,2.84,2.84,2.84,20,0
2015-08-07,13:45:00,2.84,2.84,2.84,2.84,15,0
2015-08-07,15:00:00,2.83,2.85,2.83,2.85,22499,0
2015-08-07,15:05:00,2.85,2.93,2.85,2.93,2562,0
2015-08-07,15:25:00,2.87,2.87,2.85,2.85,8213,0
2015-08-07,15:30:00,2.85,2.86,2.85,2.86,2150,0
2015-08-10,09:10:00,2.93,2.93,2.93,2.93,10,0
2015-08-10,10:00:00,2.93,2.93,2.93,2.93,21,0
2015-08-10,10:35:00,2.93,2.93,2.93,2.93,59,0
2015-08-10,11:20:00,2.87,2.87,2.83,2.83,3300,0
2015-08-10,11:25:00,2.75,2.75,2.75,2.75,109,0
2015-08-10,12:25:00,2.79,2.79,2.79,2.79,108,0
2015-08-10,13:00:00,2.79,2.79,2.79,2.79,783,0
2015-08-10,13:50:00,2.86,2.86,2.86,2.86,15,0
2015-08-10,15:00:00,2.76,2.76,2.76,2.76,109,0
2015-08-10,16:40:00,2.79,2.79,2.79,2.79,55,0
2015-08-11,09:10:00,2.86,2.86,2.86,2.86,10,0
2015-08-11,12:10:00,2.86,2.86,2.86,2.86,60,0
2015-08-11,12:50:00,2.84,2.84,2.84,2.84,22,0
2015-08-11,16:50:00,2.84,2.84,2.84,2.84,5,0
2015-08-12,09:10:00,2.86,2.86,2.86,2.86,22,0
2015-08-12,09:50:00,2.86,2.86,2.86,2.86,10,0
2015-08-12,10:40:00,2.83,2.83,2.83,2.83,206,0
2015-08-12,11:30:00,2.83,2.86,2.83,2.86,266,0
2015-08-12,12:55:00,2.86,2.86,2.86,2.86,172,0
2015-08-12,13:10:00,2.83,2.83,2.83,2.83,10,0
2015-08-12,15:20:00,2.83,2.83,2.83,2.83,22,0
2015-08-12,15:40:00,2.83,2.83,2.83,2.83,120,0
2015-08-12,16:20:00,2.83,2.83,2.83,2.83,40,0
2015-08-13,09:20:00,2.86,2.86,2.86,2.86,67,0
2015-08-13,09:45:00,2.86,2.89,2.86,2.89,7,0
2015-08-13,10:40:00,2.88,2.89,2.88,2.89,3954,0
2015-08-13,11:00:00,2.89,2.91,2.89,2.91,2212,0
2015-08-13,11:05:00,2.91,2.91,2.89,2.89,1649,0
2015-08-13,11:10:00,2.91,2.91,2.91,2.91,336,0
2015-08-13,11:15:00,2.89,2.91,2.89,2.91,1987,0
2015-08-13,11:20:00,2.91,2.91,2.91,2.91,425,0
2015-08-13,11:25:00,2.89,2.91,2.89,2.91,2391,0
2015-08-13,11:30:00,2.89,2.89,2.89,2.89,666,0
2015-08-13,11:35:00,2.91,2.91,2.91,2.91,1666,0
2015-08-13,11:40:00,2.89,2.91,2.89,2.91,1111,0
2015-08-13,11:50:00,2.89,2.89,2.89,2.89,666,0
2015-08-13,11:55:00,2.89,2.89,2.89,2.89,1570,0
2015-08-13,12:00:00,2.89,2.91,2.89,2.91,7580,0
2015-08-13,12:05:00,2.89,2.89,2.89,2.89,3000,0
2015-08-13,12:10:00,2.91,2.91,2.91,2.91,355,0
2015-08-13,12:25:00,2.89,2.89,2.89,2.89,2350,0
2015-08-13,12:30:00,2.91,2.91,2.91,2.91,1225,0
2015-08-13,12:35:00,2.89,2.89,2.89,2.89,1400,0
2015-08-13,13:05:00,2.91,2.91,2.89,2.89,2725,0
2015-08-13,13:10:00,2.91,2.91,2.91,2.91,2000,0
2015-08-13,13:25:00,2.89,2.89,2.89,2.89,1089,0
2015-08-13,14:40:00,2.91,2.91,2.91,2.91,28,0
2015-08-13,15:25:00,2.91,2.91,2.91,2.91,22,0
2015-08-14,09:10:00,2.91,2.91,2.91,2.91,22,0
2015-08-14,10:00:00,2.91,2.91,2.91,2.91,28,0
2015-08-14,11:05:00,2.86,2.86,2.86,2.86,690,0
2015-08-14,11:45:00,2.86,2.86,2.86,2.86,150,0
2015-08-14,14:00:00,2.84,2.86,2.84,2.86,500,0
2015-08-14,14:40:00,2.86,2.86,2.86,2.86,300,0
2015-08-17,09:05:00,2.9,2.9,2.9,2.9,400,0
2015-08-17,09:35:00,2.8,2.8,2.78,2.78,400,0
2015-08-17,10:30:00,2.9,2.9,2.9,2.9,20,0
2015-08-17,12:35:00,2.9,2.9,2.9,2.9,17,0
2015-08-17,13:55:00,2.9,2.9,2.9,2.9,44,0
2015-08-17,14:55:00,2.9,2.9,2.9,2.9,20,0
2015-08-18,09:10:00,2.89,2.89,2.89,2.89,10,0
2015-08-18,09:25:00,2.8,2.8,2.8,2.8,220,0
2015-08-18,09:40:00,2.89,2.89,2.89,2.89,50,0
2015-08-18,10:30:00,2.89,2.89,2.89,2.89,40,0
2015-08-18,11:15:00,2.89,2.89,2.89,2.89,10,0
2015-08-18,13:05:00,2.89,2.89,2.89,2.89,50,0
2015-08-18,15:20:00,2.89,2.89,2.89,2.89,63,0
2015-08-18,16:40:00,2.89,2.89,2.89,2.89,54,0
2015-08-18,16:50:00,2.89,2.89,2.89,2.89,5,0
2015-08-19,09:10:00,2.9,2.9,2.9,2.9,12,0
2015-08-19,09:55:00,2.88,2.88,2.88,2.88,27,0
2015-08-19,10:35:00,2.88,2.88,2.88,2.88,75,0
2015-08-19,11:15:00,2.86,2.86,2.86,2.86,22,0
2015-08-19,12:00:00,2.86,2.86,2.86,2.86,25,0
2015-08-19,14:15:00,2.86,2.86,2.86,2.86,100,0
2015-08-19,15:05:00,2.86,2.86,2.86,2.86,86,0
2015-08-20,09:10:00,2.86,2.86,2.86,2.86,10,0
2015-08-20,09:55:00,2.85,2.85,2.85,2.85,12,0
2015-08-20,11:15:00,2.85,2.85,2.85,2.85,42,0
2015-08-20,12:30:00,2.85,2.85,2.85,2.85,15,0
2015-08-20,13:30:00,2.82,2.82,2.82,2.82,21,0
2015-08-20,15:55:00,2.8,2.8,2.8,2.8,50,0
2015-08-20,16:50:00,2.82,2.82,2.82,2.82,31,0
2015-08-21,09:05:00,2.85,2.85,2.85,2.85,10,0
2015-08-21,09:10:00,2.82,2.82,2.82,2.82,1,0
2015-08-21,09:50:00,2.8,2.8,2.8,2.8,173,0
2015-08-21,11:00:00,2.79,2.79,2.79,2.79,27,0
2015-08-21,13:10:00,2.78,2.78,2.78,2.78,33,0
2015-08-21,14:05:00,2.78,2.78,2.78,2.78,42,0
2015-08-21,15:35:00,2.78,2.78,2.78,2.78,22,0
2015-08-21,16:25:00,2.78,2.78,2.78,2.78,22,0
2015-08-21,16:35:00,2.75,2.75,2.72,2.72,856,0
2015-08-24,09:05:00,2.7,2.7,2.7,2.7,5921,0
2015-08-24,09:10:00,2.71,2.71,2.71,2.71,194,0
2015-08-24,09:15:00,2.71,2.71,2.7,2.71,2956,0
2015-08-24,09:25:00,2.7,2.7,2.7,2.7,9209,0
2015-08-24,09:30:00,2.7,2.7,2.7,2.7,960,0
2015-08-24,09:35:00,2.7,2.7,2.7,2.7,2135,0
2015-08-24,10:00:00,2.7,2.72,2.7,2.72,1120,0
2015-08-24,11:00:00,2.7,2.7,2.7,2.7,4111,0
2015-08-24,11:05:00,2.7,2.7,2.7,2.7,4010,0
2015-08-24,11:10:00,2.72,2.72,2.72,2.72,33,0
2015-08-24,12:15:00,2.72,2.72,2.72,2.72,20,0
2015-08-24,12:20:00,2.7,2.7,2.7,2.7,16500,0
2015-08-24,12:25:00,2.7,2.7,2.7,2.7,1999,0
2015-08-24,12:30:00,2.7,2.7,2.7,2.7,488,0
2015-08-24,12:40:00,2.72,2.72,2.7,2.7,987,0
2015-08-24,13:40:00,2.7,2.7,2.7,2.7,2755,0
2015-08-24,13:45:00,2.7,2.72,2.7,2.72,3403,0
2015-08-24,13:55:00,2.71,2.71,2.71,2.71,2000,0
2015-08-24,14:10:00,2.71,2.71,2.7,2.7,44485,0
2015-08-24,14:30:00,2.63,2.63,2.62,2.62,508,0
2015-08-24,15:10:00,2.62,2.62,2.62,2.62,115,0
2015-08-24,16:50:00,2.62,2.62,2.62,2.62,5,0
2015-08-25,09:05:00,2.68,2.68,2.68,2.68,5,0
2015-08-25,10:55:00,2.7,2.7,2.7,2.7,55,0
2015-08-25,11:20:00,2.63,2.7,2.63,2.7,24026,0
2015-08-26,09:10:00,2.78,2.78,2.78,2.78,10,0
2015-08-26,10:15:00,2.66,2.7,2.66,2.7,770,0
2015-08-26,10:30:00,2.7,2.7,2.7,2.7,1552,0
2015-08-26,10:45:00,2.7,2.7,2.7,2.7,790,0
2015-08-26,10:55:00,2.69,2.7,2.69,2.7,2740,0
2015-08-26,11:10:00,2.68,2.7,2.68,2.7,780,0
2015-08-26,11:20:00,2.69,2.69,2.69,2.69,790,0
2015-08-26,11:35:00,2.69,2.69,2.69,2.69,870,0
2015-08-26,11:40:00,2.69,2.69,2.69,2.69,1210,0
2015-08-26,11:45:00,2.68,2.68,2.68,2.68,720,0
2015-08-26,12:00:00,2.69,2.69,2.69,2.69,700,0
2015-08-26,12:15:00,2.69,2.7,2.69,2.7,770,0
2015-08-26,12:25:00,2.69,2.69,2.69,2.69,790,0
2015-08-26,12:40:00,2.69,2.69,2.69,2.69,760,0
2015-08-26,12:55:00,2.69,2.69,2.69,2.69,790,0
2015-08-26,13:10:00,2.69,2.7,2.69,2.7,2300,0
2015-08-26,13:20:00,2.7,2.7,2.7,2.7,860,0
2015-08-26,13:35:00,2.7,2.7,2.7,2.7,760,0
2015-08-26,13:40:00,2.7,2.7,2.7,2.7,2100,0
2015-08-26,13:50:00,2.7,2.7,2.7,2.7,780,0
2015-08-26,14:05:00,2.7,2.7,2.7,2.7,830,0
2015-08-26,14:15:00,2.7,2.7,2.7,2.7,2770,0
2015-08-26,14:30:00,2.7,2.7,2.7,2.7,720,0
2015-08-26,14:40:00,2.7,2.7,2.7,2.7,820,0
2015-08-26,14:55:00,2.7,2.7,2.7,2.7,2627,0
2015-08-26,15:10:00,2.7,2.7,2.7,2.7,2910,0
2015-08-26,15:20:00,2.7,2.7,2.7,2.7,710,0
2015-08-26,15:25:00,2.7,2.7,2.7,2.7,6310,0
2015-08-26,15:35:00,2.7,2.7,2.7,2.7,810,0
2015-08-26,15:50:00,2.7,2.7,2.7,2.7,730,0
2015-08-26,16:00:00,2.69,2.69,2.69,2.69,920,0
2015-08-26,16:15:00,2.7,2.7,2.7,2.7,770,0
2015-08-26,16:20:00,2.7,2.7,2.7,2.7,1400,0
2015-08-26,16:30:00,2.7,2.7,2.7,2.7,890,0
2015-08-26,16:45:00,2.7,2.7,2.7,2.7,790,0
2015-08-26,16:50:00,2.69,2.7,2.68,2.7,1368,0
2015-08-27,09:05:00,2.7,2.7,2.7,2.7,10,0
2015-08-27,09:10:00,2.7,2.7,2.7,2.7,480,0
2015-08-27,09:15:00,2.7,2.7,2.7,2.7,4040,0
2015-08-27,09:20:00,2.7,2.7,2.7,2.7,240,0
2015-08-27,09:25:00,2.7,2.7,2.7,2.7,240,0
2015-08-27,09:30:00,2.7,2.7,2.7,2.7,240,0
2015-08-27,09:35:00,2.7,2.7,2.7,2.7,240,0
2015-08-27,09:40:00,2.7,2.7,2.7,2.7,240,0
2015-08-27,09:45:00,2.7,2.7,2.7,2.7,240,0
2015-08-27,09:50:00,2.7,2.7,2.7,2.7,2440,0
2015-08-27,09:55:00,2.7,2.7,2.7,2.7,240,0
2015-08-27,10:00:00,2.7,2.7,2.7,2.7,240,0
2015-08-27,10:05:00,2.7,2.7,2.7,2.7,240,0
2015-08-27,10:10:00,2.7,2.7,2.7,2.7,240,0
2015-08-27,10:15:00,2.7,2.7,2.7,2.7,240,0
2015-08-27,10:20:00,2.7,2.7,2.7,2.7,480,0
2015-08-27,10:25:00,2.7,2.7,2.7,2.7,240,0
2015-08-27,10:30:00,2.7,2.7,2.7,2.7,2440,0
2015-08-27,10:35:00,2.7,2.7,2.7,2.7,240,0
2015-08-27,10:40:00,2.7,2.7,2.7,2.7,240,0
2015-08-27,10:45:00,2.7,2.7,2.7,2.7,240,0
2015-08-27,10:50:00,2.7,2.7,2.7,2.7,240,0
2015-08-27,10:55:00,2.7,2.7,2.7,2.7,240,0
2015-08-27,11:00:00,2.7,2.7,2.7,2.7,240,0
2015-08-27,11:05:00,2.7,2.7,2.7,2.7,240,0
2015-08-27,11:10:00,2.7,2.7,2.7,2.7,240,0
2015-08-27,11:15:00,2.7,2.7,2.7,2.7,2440,0
2015-08-27,11:20:00,2.69,2.69,2.68,2.68,2015,0
2015-08-27,11:25:00,2.68,2.68,2.68,2.68,2611,0
2015-08-27,11:30:00,2.67,2.67,2.67,2.67,480,0
2015-08-27,11:55:00,2.67,2.67,2.67,2.67,1200,0
2015-08-27,13:25:00,2.69,2.69,2.69,2.69,5560,0
2015-08-27,13:30:00,2.68,2.68,2.68,2.68,240,0
2015-08-27,13:35:00,2.68,2.68,2.68,2.68,240,0
2015-08-27,13:40:00,2.68,2.68,2.68,2.68,240,0
2015-08-27,13:45:00,2.68,2.69,2.68,2.69,1440,0
2015-08-27,13:50:00,2.69,2.69,2.69,2.69,240,0
2015-08-27,13:55:00,2.69,2.69,2.69,2.69,480,0
2015-08-27,14:00:00,2.69,2.69,2.69,2.69,240,0
2015-08-27,14:05:00,2.69,2.69,2.69,2.69,240,0
2015-08-27,14:10:00,2.69,2.69,2.69,2.69,240,0
2015-08-27,14:15:00,2.69,2.69,2.69,2.69,240,0
2015-08-27,14:20:00,2.69,2.69,2.69,2.69,240,0
2015-08-27,14:25:00,2.69,2.69,2.69,2.69,709,0
2015-08-27,14:30:00,2.69,2.69,2.69,2.69,240,0
2015-08-27,14:35:00,2.69,2.69,2.69,2.69,160,0
2015-08-27,15:00:00,2.69,2.69,2.69,2.69,1280,0
2015-08-27,15:05:00,2.69,2.69,2.69,2.69,240,0
2015-08-27,15:10:00,2.69,2.69,2.69,2.69,480,0
2015-08-27,15:15:00,2.69,2.69,2.69,2.69,240,0
2015-08-27,15:20:00,2.69,2.69,2.69,2.69,240,0
2015-08-27,15:25:00,2.69,2.69,2.69,2.69,240,0
2015-08-27,15:30:00,2.69,2.69,2.69,2.69,240,0
2015-08-27,15:35:00,2.69,2.69,2.69,2.69,240,0
2015-08-27,15:40:00,2.69,2.69,2.69,2.69,240,0
2015-08-27,15:45:00,2.69,2.69,2.69,2.69,40,0
2015-08-27,16:25:00,2.7,2.7,2.7,2.7,4360,0
2015-08-27,16:30:00,2.69,2.69,2.69,2.69,240,0
2015-08-27,16:35:00,2.69,2.69,2.69,2.69,240,0
2015-08-27,16:40:00,2.69,2.69,2.69,2.69,240,0
2015-08-27,16:45:00,2.69,2.69,2.69,2.69,240,0
2015-08-27,16:50:00,2.69,2.7,2.69,2.7,6240,0
2015-08-28,09:10:00,2.7,2.7,2.7,2.7,339,0
2015-08-28,09:15:00,2.67,2.67,2.67,2.67,239,0
2015-08-28,09:20:00,2.67,2.67,2.67,2.67,239,0
2015-08-28,09:25:00,2.67,2.67,2.67,2.67,646,0
2015-08-28,10:40:00,2.67,2.67,2.67,2.67,3758,0
2015-08-28,14:20:00,2.67,2.67,2.67,2.67,471,0
2015-08-28,16:15:00,2.67,2.67,2.67,2.67,600,0
2015-08-28,16:45:00,2.69,2.7,2.69,2.7,18969,0
2015-08-28,16:50:00,2.7,2.7,2.7,2.7,6239,0
2015-08-31,09:05:00,2.7,2.7,2.7,2.7,7,0
2015-08-31,09:10:00,2.7,2.7,2.7,2.7,10,0
2015-08-31,09:30:00,2.7,2.7,2.7,2.7,2000,0
2015-09-01,09:05:00,2.7,2.7,2.7,2.7,6,0
2015-09-01,11:35:00,2.7,2.7,2.7,2.7,186,0
2015-09-01,16:50:00,2.7,2.7,2.7,2.7,3,0
2015-09-02,09:10:00,2.7,2.7,2.7,2.7,15,0
2015-09-02,09:45:00,2.7,2.7,2.7,2.7,22,0
2015-09-02,11:15:00,2.7,2.7,2.7,2.7,31,0
2015-09-02,14:05:00,2.7,2.7,2.7,2.7,15,0
2015-09-02,15:05:00,2.7,2.7,2.7,2.7,20,0
2015-09-02,15:25:00,2.7,2.7,2.7,2.7,27,0
2015-09-02,15:35:00,2.68,2.68,2.63,2.63,2048,0
2015-09-02,16:50:00,2.7,2.7,2.7,2.7,6,0
2015-09-03,09:05:00,2.7,2.7,2.7,2.7,10,0
2015-09-03,10:25:00,2.69,2.69,2.69,2.69,12,0
2015-09-03,11:15:00,2.69,2.69,2.69,2.69,52,0
2015-09-03,13:50:00,2.63,2.63,2.63,2.63,114,0
2015-09-03,14:50:00,2.63,2.63,2.63,2.63,253,0
2015-09-03,15:25:00,2.6,2.6,2.6,2.6,115,0
2015-09-04,09:10:00,2.63,2.63,2.63,2.63,10,0
2015-09-04,09:20:00,2.62,2.62,2.62,2.62,115,0
2015-09-04,09:30:00,2.63,2.69,2.63,2.69,6723,0
2015-09-04,09:35:00,2.68,2.69,2.68,2.69,2350,0
2015-09-04,10:00:00,2.67,2.69,2.67,2.69,1167,0
2015-09-04,11:45:00,2.68,2.68,2.68,2.68,350,0
2015-09-04,12:05:00,2.67,2.67,2.66,2.66,122,0
2015-09-04,12:10:00,2.63,2.63,2.63,2.63,350,0
2015-09-04,13:30:00,2.67,2.67,2.67,2.67,53,0
2015-09-04,15:25:00,2.66,2.68,2.65,2.65,675,0
2015-09-04,16:50:00,2.68,2.68,2.68,2.68,187,0
2015-09-07,09:05:00,2.68,2.68,2.68,2.68,7,0
2015-09-07,09:35:00,2.65,2.65,2.64,2.64,416,0
2015-09-07,11:10:00,2.65,2.65,2.65,2.65,15,0
2015-09-07,11:50:00,2.61,2.61,2.6,2.61,388,0
2015-09-07,13:10:00,2.61,2.61,2.61,2.61,1008,0
2015-09-07,13:15:00,2.65,2.65,2.65,2.65,12,0
2015-09-07,16:40:00,2.62,2.62,2.61,2.61,1107,0
2015-09-07,16:50:00,2.61,2.61,2.6,2.61,1340,0
2015-09-08,09:05:00,2.65,2.65,2.65,2.65,650,0
2015-09-08,09:10:00,2.65,2.65,2.65,2.65,1344,0
2015-09-08,09:15:00,2.65,2.65,2.65,2.65,6,0
2015-09-08,11:05:00,2.61,2.61,2.61,2.61,115,0
2015-09-08,11:25:00,2.69,2.69,2.69,2.69,5,0
2015-09-08,12:45:00,2.68,2.69,2.68,2.69,115,0
2015-09-08,16:00:00,2.69,2.69,2.69,2.69,47,0
2015-09-09,09:05:00,2.69,2.69,2.69,2.69,10,0
2015-09-09,10:20:00,2.69,2.69,2.69,2.69,50,0
2015-09-09,13:30:00,2.69,2.69,2.69,2.69,34,0
2015-09-09,16:00:00,2.64,2.64,2.64,2.64,114,0
2015-09-09,16:05:00,2.63,2.63,2.63,2.63,200,0
2015-09-10,09:05:00,2.61,2.61,2.61,2.61,160,0
2015-09-10,10:30:00,2.61,2.64,2.61,2.64,108,0
2015-09-10,12:40:00,2.62,2.62,2.5,2.5,6724,0
2015-09-10,13:15:00,2.6,2.6,2.6,2.6,12,0
2015-09-10,13:45:00,2.6,2.6,2.6,2.6,22,0
2015-09-10,14:05:00,2.55,2.55,2.53,2.55,3003,0
2015-09-10,14:10:00,2.54,2.54,2.54,2.54,985,0
2015-09-10,16:50:00,2.58,2.58,2.58,2.58,6,0
2015-09-11,09:05:00,2.64,2.64,2.64,2.64,10,0
2015-09-11,09:25:00,2.62,2.62,2.61,2.61,722,0
2015-09-11,11:10:00,2.58,2.58,2.58,2.58,200,0
2015-09-11,14:55:00,2.6,2.6,2.6,2.6,47,0
2015-09-11,15:15:00,2.58,2.64,2.58,2.64,8039,0
2015-09-11,16:50:00,2.64,2.64,2.64,2.64,2,0
2015-09-14,09:10:00,2.64,2.64,2.64,2.64,8,0
2015-09-14,09:20:00,2.64,2.64,2.64,2.64,31,0
2015-09-14,11:00:00,2.6,2.64,2.6,2.64,266,0
2015-09-14,15:10:00,2.64,2.64,2.64,2.64,41,0
2015-09-15,09:10:00,2.64,2.64,2.64,2.64,25,0
2015-09-15,10:10:00,2.64,2.64,2.64,2.64,36,0
2015-09-15,11:20:00,2.64,2.64,2.64,2.64,878,0
2015-09-15,12:20:00,2.64,2.64,2.64,2.64,74,0
2015-09-15,13:15:00,2.63,2.63,2.63,2.63,500,0
2015-09-15,13:35:00,2.64,2.64,2.64,2.64,22,0
2015-09-15,13:40:00,2.64,2.64,2.64,2.64,24,0
2015-09-15,14:15:00,2.64,2.64,2.64,2.64,10,0
2015-09-16,09:05:00,2.64,2.64,2.64,2.64,3,0
2015-09-16,09:50:00,2.64,2.64,2.64,2.64,67,0
2015-09-16,11:00:00,2.64,2.64,2.63,2.64,8028,0
2015-09-16,14:00:00,2.64,2.64,2.64,2.64,28,0
2015-09-16,14:50:00,2.62,2.62,2.61,2.61,2514,0
2015-09-16,16:50:00,2.64,2.64,2.64,2.64,5,0
2015-09-17,09:10:00,2.64,2.64,2.64,2.64,6,0
2015-09-17,10:50:00,2.64,2.64,2.64,2.64,22,0
2015-09-17,13:05:00,2.64,2.64,2.64,2.64,54,0
2015-09-17,13:25:00,2.64,2.64,2.64,2.64,616,0
2015-09-17,14:55:00,2.66,2.66,2.66,2.66,14,0
2015-09-17,16:30:00,2.64,2.64,2.64,2.64,322,0
2015-09-17,16:50:00,2.64,2.64,2.64,2.64,5,0
2015-09-18,09:15:00,2.64,2.64,2.64,2.64,100,0
2015-09-18,11:15:00,2.64,2.64,2.64,2.64,100,0
2015-09-18,13:15:00,2.64,2.64,2.64,2.64,25,0
2015-09-18,15:55:00,2.61,2.61,2.61,2.61,180,0
2015-09-18,16:20:00,2.61,2.61,2.6,2.6,750,0
2015-09-18,16:50:00,2.64,2.64,2.64,2.64,5,0
2015-09-21,09:15:00,2.66,2.66,2.66,2.66,10,0
2015-09-21,09:35:00,2.61,2.64,2.61,2.64,139,0
2015-09-21,10:00:00,2.61,2.61,2.61,2.61,615,0
2015-09-21,10:30:00,2.61,2.64,2.61,2.64,2395,0
2015-09-21,12:45:00,2.64,2.64,2.64,2.64,50,0
2015-09-21,15:15:00,2.64,2.64,2.61,2.61,6094,0
2015-09-21,15:20:00,2.64,2.64,2.61,2.64,12830,0
2015-09-21,16:50:00,2.64,2.64,2.64,2.64,20,0
2015-09-22,09:10:00,2.64,2.64,2.64,2.64,10,0
2015-09-22,11:00:00,2.64,2.64,2.64,2.64,120,0
2015-09-22,11:35:00,2.64,2.64,2.64,2.64,27,0
2015-09-22,12:05:00,2.64,2.64,2.64,2.64,21,0
2015-09-22,13:45:00,2.64,2.64,2.64,2.64,41,0
2015-09-22,14:35:00,2.64,2.64,2.64,2.64,34,0
2015-09-22,15:15:00,2.61,2.61,2.6,2.6,5048,0
2015-09-22,15:20:00,2.59,2.61,2.59,2.61,566,0
2015-09-22,16:20:00,2.63,2.63,2.63,2.63,100,0
2015-09-22,16:35:00,2.6,2.6,2.6,2.6,115,0
2015-09-22,16:50:00,2.63,2.63,2.63,2.63,40,0
2015-09-23,09:10:00,2.6,2.6,2.6,2.6,110,0
2015-09-23,09:45:00,2.59,2.59,2.59,2.59,116,0
2015-09-23,09:50:00,2.6,2.6,2.6,2.6,21,0
2015-09-23,10:00:00,2.59,2.59,2.59,2.59,116,0
2015-09-23,10:30:00,2.6,2.6,2.6,2.6,50,0
2015-09-23,12:45:00,2.6,2.6,2.55,2.55,584,0
2015-09-23,12:50:00,2.55,2.55,2.55,2.55,534,0
2015-09-23,14:45:00,2.55,2.55,2.55,2.55,600,0
2015-09-23,14:50:00,2.55,2.55,2.55,2.55,1246,0
2015-09-23,15:05:00,2.55,2.6,2.55,2.6,916,0
2015-09-23,15:30:00,2.56,2.56,2.55,2.55,9466,0
2015-09-23,15:35:00,2.55,2.55,2.55,2.55,9734,0
2015-09-24,09:05:00,2.6,2.6,2.6,2.6,2,0
2015-09-24,10:20:00,2.55,2.55,2.5,2.5,4457,0
2015-09-24,10:30:00,2.5,2.5,2.5,2.5,5600,0
2015-09-24,10:50:00,2.46,2.46,2.43,2.44,3133,0
2015-09-24,11:15:00,2.41,2.44,2.41,2.43,4370,0
2015-09-24,12:05:00,2.43,2.43,2.43,2.43,500,0
2015-09-24,12:20:00,2.42,2.42,2.42,2.42,590,0
2015-09-24,13:10:00,2.43,2.43,2.43,2.43,1375,0
2015-09-24,14:15:00,2.44,2.44,2.43,2.43,203,0
2015-09-24,15:25:00,2.46,2.48,2.46,2.47,12284,0
2015-09-24,15:30:00,2.48,2.48,2.48,2.48,602,0
2015-09-24,15:35:00,2.49,2.56,2.49,2.56,2331,0
2015-09-24,16:10:00,2.54,2.54,2.54,2.54,1100,0
2015-09-24,16:40:00,2.53,2.53,2.44,2.44,17490,0
2015-09-24,16:45:00,2.45,2.45,2.45,2.45,10000,0
2015-09-24,16:50:00,2.45,2.45,2.45,2.45,12000,0
2015-09-25,09:05:00,2.57,2.57,2.57,2.57,20,0
2015-09-25,10:00:00,2.5,2.5,2.5,2.5,100,0
2015-09-25,10:20:00,2.47,2.47,2.47,2.47,100,0
2015-09-25,11:50:00,2.45,2.45,2.43,2.43,16122,0
2015-09-25,12:20:00,2.42,2.43,2.42,2.43,800,0
2015-09-25,15:05:00,2.45,2.45,2.45,2.45,122,0
2015-09-25,16:50:00,2.57,2.57,2.57,2.57,100,0
2015-09-28,09:10:00,2.57,2.57,2.57,2.57,8,0
2015-09-28,09:45:00,2.57,2.57,2.57,2.57,12,0
2015-09-28,11:15:00,2.57,2.57,2.57,2.57,12,0
2015-09-28,11:30:00,2.49,2.49,2.49,2.49,120,0
2015-09-28,15:50:00,2.57,2.57,2.57,2.57,18,0
2015-09-29,09:25:00,2.57,2.57,2.57,2.57,1,0
2015-09-29,13:05:00,2.5,2.5,2.5,2.5,120,0
2015-09-29,15:15:00,2.5,2.5,2.5,2.5,880,0
2015-09-29,16:40:00,2.5,2.5,2.5,2.5,1000,0
2015-09-29,16:45:00,2.5,2.5,2.5,2.5,8120,0
2015-09-29,16:50:00,2.53,2.53,2.5,2.5,10100,0
2015-09-30,09:25:00,2.57,2.57,2.57,2.57,12,0
2015-09-30,10:45:00,2.57,2.57,2.57,2.57,10,0
2015-09-30,16:40:00,2.48,2.53,2.48,2.53,4099,0
2015-09-30,16:45:00,2.55,2.6,2.55,2.6,40000,0
2015-09-30,16:50:00,2.5,2.6,2.5,2.6,15901,0
2015-10-01,09:20:00,2.62,2.62,2.62,2.62,3,0
2015-10-01,10:10:00,2.5,2.5,2.5,2.5,120,0
2015-10-01,11:45:00,2.5,2.5,2.5,2.5,1880,0
2015-10-01,13:00:00,2.5,2.5,2.5,2.5,750,0
2015-10-01,14:10:00,2.57,2.57,2.57,2.57,720,0
2015-10-01,14:15:00,2.57,2.57,2.5,2.5,2220,0
2015-10-01,14:25:00,2.57,2.57,2.5,2.5,1220,0
2015-10-01,14:30:00,2.49,2.49,2.45,2.45,6127,0
2015-10-01,14:35:00,2.47,2.47,2.47,2.47,720,0
2015-10-01,14:45:00,2.48,2.48,2.48,2.48,720,0
2015-10-01,14:50:00,2.48,2.48,2.48,2.48,720,0
2015-10-01,14:55:00,2.48,2.48,2.48,2.48,720,0
2015-10-01,15:05:00,2.48,2.48,2.48,2.48,720,0
2015-10-01,15:10:00,2.48,2.48,2.48,2.48,720,0
2015-10-01,15:15:00,2.46,2.47,2.46,2.47,720,0
2015-10-01,15:20:00,2.48,2.48,2.47,2.48,21994,0
2015-10-01,15:25:00,2.48,2.48,2.48,2.48,720,0
2015-10-01,15:30:00,2.48,2.48,2.48,2.48,720,0
2015-10-01,15:35:00,2.48,2.48,2.48,2.48,720,0
2015-10-01,15:40:00,2.48,2.48,2.47,2.47,22520,0
2015-10-01,15:45:00,2.55,2.55,2.47,2.47,2278,0
2015-10-01,15:50:00,2.5,2.5,2.5,2.5,720,0
2015-10-01,15:55:00,2.5,2.5,2.47,2.47,1720,0
2015-10-01,16:05:00,2.5,2.5,2.5,2.5,720,0
2015-10-01,16:10:00,2.47,2.5,2.47,2.47,2420,0
2015-10-01,16:15:00,2.5,2.5,2.5,2.5,720,0
2015-10-01,16:25:00,2.5,2.5,2.47,2.47,2273,0
2015-10-01,16:30:00,2.5,2.5,2.5,2.5,720,0
2015-10-01,16:40:00,2.5,2.5,2.5,2.5,720,0
2015-10-01,16:45:00,2.5,2.5,2.5,2.5,720,0
2015-10-01,16:50:00,2.54,2.54,2.5,2.5,3120,0
2015-10-02,09:20:00,2.62,2.62,2.62,2.62,1,0
2015-10-02,09:30:00,2.61,2.61,2.61,2.61,2,0
2015-10-02,10:45:00,2.49,2.49,2.45,2.45,1914,0
2015-10-02,12:20:00,2.44,2.44,2.44,2.44,1738,0
2015-10-02,13:55:00,2.44,2.44,2.44,2.44,678,0
2015-10-02,15:55:00,2.44,2.44,2.44,2.44,1000,0
2015-10-05,09:30:00,2.61,2.61,2.61,2.61,118,0
2015-10-05,10:40:00,2.59,2.59,2.59,2.59,697,0
2015-10-05,14:30:00,2.55,2.55,2.55,2.55,20000,0
2015-10-05,14:35:00,2.55,2.55,2.55,2.55,10000,0
2015-10-05,14:45:00,2.57,2.57,2.57,2.57,12638,0
2015-10-05,14:50:00,2.57,2.57,2.57,2.57,1800,0
2015-10-05,15:00:00,2.5,2.5,2.49,2.49,3000,0
2015-10-05,15:05:00,2.55,2.55,2.55,2.55,1550,0
2015-10-05,15:10:00,2.55,2.59,2.55,2.59,1300,0
2015-10-05,15:20:00,2.45,2.45,2.43,2.43,2783,0
2015-10-05,15:30:00,2.49,2.49,2.43,2.43,1092,0
2015-10-05,15:35:00,2.41,2.41,2.4,2.4,1500,0
2015-10-05,15:40:00,2.39,2.39,2.39,2.39,500,0
2015-10-05,16:05:00,2.4,2.4,2.4,2.4,400,0
2015-10-05,16:30:00,2.47,2.47,2.47,2.47,14,0
2015-10-06,09:05:00,2.45,2.47,2.45,2.47,20924,0
2015-10-06,09:30:00,2.48,2.48,2.4,2.4,3000,0
2015-10-06,11:15:00,2.42,2.42,2.4,2.4,1253,0
2015-10-06,11:20:00,2.44,2.44,2.44,2.44,1423,0
2015-10-06,16:15:00,2.44,2.44,2.44,2.44,760,0
2015-10-06,16:50:00,2.5,2.5,2.5,2.5,1,0
2015-10-07,09:10:00,2.54,2.54,2.54,2.54,2,0
2015-10-08,09:20:00,2.52,2.52,2.52,2.52,2,0
2015-10-08,10:20:00,2.45,2.45,2.45,2.45,906,0
2015-10-08,10:55:00,2.44,2.44,2.44,2.44,390,0
2015-10-08,11:30:00,2.45,2.45,2.45,2.45,518,0
2015-10-08,14:10:00,2.47,2.47,2.47,2.47,121,0
2015-10-08,15:20:00,2.46,2.46,2.45,2.45,2098,0
2015-10-08,16:40:00,2.49,2.5,2.49,2.5,400,0
2015-10-09,09:10:00,2.5,2.52,2.5,2.52,1000,0
2015-10-09,09:30:00,2.51,2.53,2.51,2.53,764,0
2015-10-09,12:35:00,2.53,2.53,2.52,2.52,992,0
2015-10-09,13:35:00,2.53,2.53,2.53,2.53,502,0
2015-10-12,12:25:00,2.5,2.53,2.5,2.53,1600,0
2015-10-12,13:20:00,2.53,2.53,2.53,2.53,600,0
2015-10-13,09:15:00,2.48,2.48,2.48,2.48,1000,0
2015-10-13,12:00:00,2.48,2.48,2.45,2.45,3093,0
2015-10-13,14:40:00,2.45,2.45,2.45,2.45,1200,0
2015-10-13,14:50:00,2.45,2.45,2.45,2.45,650,0
2015-10-13,15:45:00,2.43,2.43,2.43,2.43,123,0
2015-10-13,16:00:00,2.45,2.49,2.45,2.49,8374,0
2015-10-13,16:05:00,2.5,2.5,2.5,2.5,650,0
2015-10-13,16:50:00,2.49,2.49,2.49,2.49,650,0
2015-10-14,09:10:00,2.43,2.43,2.43,2.43,400,0
2015-10-14,10:15:00,2.47,2.47,2.44,2.44,1124,0
2015-10-14,11:25:00,2.47,2.47,2.47,2.47,8,0
2015-10-14,11:50:00,2.47,2.47,2.47,2.47,200,0
2015-10-14,16:10:00,2.46,2.47,2.46,2.47,463,0
2015-10-14,16:40:00,2.51,2.51,2.51,2.51,10,0
2015-10-15,09:10:00,2.51,2.51,2.51,2.51,6,0
2015-10-15,10:05:00,2.52,2.52,2.52,2.52,15,0
2015-10-15,11:15:00,2.52,2.52,2.5,2.5,525,0
2015-10-15,11:35:00,2.52,2.52,2.52,2.52,228,0
2015-10-15,11:45:00,2.5,2.5,2.5,2.5,315,0
2015-10-15,11:50:00,2.52,2.52,2.52,2.52,250,0
2015-10-15,12:00:00,2.5,2.5,2.5,2.5,457,0
2015-10-15,12:05:00,2.52,2.52,2.52,2.52,1087,0
2015-10-15,12:35:00,2.52,2.52,2.52,2.52,300,0
2015-10-15,12:40:00,2.5,2.5,2.5,2.5,160,0
2015-10-15,14:00:00,2.51,2.51,2.51,2.51,20,0
2015-10-15,14:40:00,2.48,2.48,2.48,2.48,121,0
2015-10-15,16:35:00,2.48,2.48,2.48,2.48,283,0
2015-10-15,16:50:00,2.52,2.52,2.52,2.52,1287,0
2015-10-16,09:20:00,2.53,2.53,2.53,2.53,10,0
2015-10-16,10:40:00,2.53,2.53,2.53,2.53,34,0
2015-10-16,11:25:00,2.53,2.53,2.5,2.5,400,0
2015-10-16,11:30:00,2.53,2.53,2.53,2.53,423,0
2015-10-16,12:15:00,2.53,2.53,2.53,2.53,995,0
2015-10-16,12:25:00,2.5,2.5,2.5,2.5,770,0
2015-10-16,13:55:00,2.5,2.5,2.5,2.5,333,0
2015-10-16,15:20:00,2.5,2.5,2.5,2.5,200,0
2015-10-16,15:35:00,2.53,2.53,2.5,2.5,536,0
2015-10-16,16:30:00,2.53,2.53,2.53,2.53,20,0
2015-10-19,09:15:00,2.53,2.53,2.53,2.53,21,0
2015-10-19,09:20:00,2.53,2.53,2.53,2.53,354,0
2015-10-19,09:50:00,2.53,2.53,2.53,2.53,33,0
2015-10-19,11:15:00,2.53,2.53,2.53,2.53,12,0
2015-10-19,12:10:00,2.53,2.53,2.53,2.53,27,0
2015-10-19,14:00:00,2.48,2.48,2.48,2.48,31,0
2015-10-19,16:50:00,2.53,2.53,2.53,2.53,5,0
2015-10-20,09:10:00,2.53,2.53,2.53,2.53,5,0
2015-10-20,09:55:00,2.53,2.53,2.53,2.53,12,0
2015-10-20,12:15:00,2.53,2.53,2.53,2.53,37,0
2015-10-20,12:55:00,2.53,2.53,2.53,2.53,47,0
2015-10-20,14:20:00,2.53,2.53,2.53,2.53,17,0
2015-10-20,14:35:00,2.53,2.53,2.53,2.53,1711,0
2015-10-20,15:25:00,2.6,2.6,2.6,2.6,57,0
2015-10-20,16:30:00,2.6,2.6,2.6,2.6,21,0
2015-10-20,16:50:00,2.6,2.6,2.6,2.6,5,0
2015-10-21,09:10:00,2.6,2.6,2.6,2.6,10,0
2015-10-21,10:00:00,2.6,2.6,2.6,2.6,41,0
2015-10-21,11:35:00,2.6,2.6,2.6,2.6,5,0
2015-10-21,11:55:00,2.59,2.61,2.59,2.61,2799,0
2015-10-21,13:25:00,2.56,2.56,2.56,2.56,32,0
2015-10-21,14:10:00,2.61,2.61,2.61,2.61,48,0
2015-10-21,16:25:00,2.58,2.58,2.58,2.58,116,0
2015-10-22,09:10:00,2.61,2.61,2.61,2.61,15,0
2015-10-22,10:05:00,2.61,2.61,2.61,2.61,44,0
2015-10-22,11:30:00,2.61,2.61,2.61,2.61,41,0
2015-10-22,13:15:00,2.61,2.61,2.61,2.61,17,0
2015-10-22,13:45:00,2.61,2.61,2.61,2.61,34,0
2015-10-22,15:15:00,2.6,2.6,2.6,2.6,50,0
2015-10-22,16:25:00,2.6,2.6,2.6,2.6,23,0
2015-10-23,09:10:00,2.6,2.6,2.6,2.6,20,0
2015-10-23,09:45:00,2.6,2.6,2.6,2.6,74,0
2015-10-23,10:25:00,2.6,2.6,2.6,2.6,33,0
2015-10-23,11:15:00,2.6,2.6,2.6,2.6,37,0
2015-10-23,12:40:00,2.6,2.6,2.6,2.6,33,0
2015-10-23,13:30:00,2.6,2.6,2.6,2.6,74,0
2015-10-23,13:45:00,2.59,2.6,2.59,2.6,114682,0
2015-10-23,16:50:00,2.6,2.6,2.6,2.6,15,0
2015-10-26,09:10:00,2.6,2.6,2.6,2.6,13,0
2015-10-26,10:40:00,2.6,2.6,2.6,2.6,44,0
2015-10-26,11:30:00,2.6,2.6,2.6,2.6,21,0
2015-10-26,12:15:00,2.6,2.6,2.6,2.6,100,0
2015-10-26,13:20:00,2.6,2.6,2.6,2.6,67,0
2015-10-26,15:00:00,2.6,2.6,2.6,2.6,54,0
2015-10-26,16:25:00,2.6,2.6,2.6,2.6,12,0
2015-10-26,16:50:00,2.6,2.6,2.6,2.6,10,0
2015-10-27,09:05:00,2.6,2.6,2.6,2.6,5650,0
2015-10-27,10:00:00,2.6,2.6,2.6,2.6,22,0
2015-10-27,10:25:00,2.6,2.6,2.6,2.6,3,0
2015-10-27,12:15:00,2.59,2.6,2.59,2.6,1300,0
2015-10-27,16:50:00,2.6,2.6,2.6,2.6,10,0
2015-10-28,09:10:00,2.6,2.6,2.6,2.6,6,0
2015-10-28,10:25:00,2.6,2.6,2.6,2.6,3,0
2015-10-28,11:25:00,2.6,2.6,2.6,2.6,21,0
2015-10-28,12:05:00,2.6,2.6,2.6,2.6,18,0
2015-10-28,13:05:00,2.6,2.6,2.6,2.6,16,0
2015-10-28,15:45:00,2.6,2.6,2.6,2.6,40,0
2015-10-28,16:50:00,2.6,2.6,2.6,2.6,3,0
2015-10-29,09:10:00,2.6,2.6,2.6,2.6,8,0
2015-10-29,11:20:00,2.6,2.6,2.6,2.6,21,0
2015-10-29,12:20:00,2.6,2.6,2.6,2.6,3,0
2015-10-29,14:00:00,2.6,2.6,2.58,2.6,680,0
2015-10-29,14:45:00,2.6,2.6,2.6,2.6,14,0
2015-10-29,15:50:00,2.6,2.6,2.6,2.6,23,0
2015-10-29,16:50:00,2.6,2.6,2.6,2.6,8,0
2015-10-30,09:05:00,2.6,2.6,2.6,2.6,5,0
2015-10-30,10:15:00,2.6,2.6,2.6,2.6,5,0
2015-10-30,10:35:00,2.6,2.6,2.6,2.6,8,0
2015-10-30,11:05:00,2.6,2.6,2.6,2.6,15,0
2015-10-30,12:15:00,2.6,2.6,2.6,2.6,5,0
2015-10-30,13:50:00,2.6,2.6,2.6,2.6,5,0
2015-10-30,14:15:00,2.6,2.6,2.6,2.6,54,0
2015-10-30,14:50:00,2.6,2.6,2.6,2.6,28,0
2015-10-30,16:50:00,2.6,2.6,2.6,2.6,5,0
2015-11-02,09:15:00,2.6,2.6,2.6,2.6,5,0
2015-11-02,14:35:00,2.55,2.55,2.5,2.5,1700,0
2015-11-02,15:25:00,2.52,2.52,2.52,2.52,119,0
2015-11-03,09:10:00,2.6,2.6,2.6,2.6,10,0
2015-11-03,11:05:00,2.6,2.6,2.6,2.6,33,0
2015-11-03,11:40:00,2.6,2.6,2.6,2.6,23,0
2015-11-03,12:15:00,2.6,2.6,2.6,2.6,3,0
2015-11-03,14:30:00,2.59,2.59,2.59,2.59,33,0
2015-11-03,16:00:00,2.55,2.55,2.55,2.55,118,0
2015-11-03,16:10:00,2.54,2.54,2.5,2.5,1669,0
2015-11-03,16:50:00,2.58,2.58,2.58,2.58,3,0
2015-11-04,09:10:00,2.58,2.58,2.58,2.58,15,0
2015-11-04,11:00:00,2.58,2.58,2.58,2.58,12,0
2015-11-04,14:35:00,2.58,2.58,2.58,2.58,3,0
2015-11-04,15:00:00,2.58,2.58,2.58,2.58,5,0
2015-11-04,15:35:00,2.58,2.58,2.58,2.58,5,0
2015-11-04,15:55:00,2.49,2.49,2.44,2.44,7789,0
2015-11-04,16:05:00,2.42,2.42,2.4,2.4,6894,0
2015-11-04,16:15:00,2.42,2.42,2.42,2.42,124,0
2015-11-04,16:45:00,2.48,2.48,2.48,2.48,76,0
2015-11-04,16:50:00,2.58,2.58,2.58,2.58,2,0
2015-11-05,09:10:00,2.58,2.58,2.58,2.58,4,0
2015-11-05,10:50:00,2.55,2.55,2.55,2.55,118,0
2015-11-05,14:50:00,2.51,2.51,2.49,2.49,951,0
2015-11-06,09:10:00,2.55,2.55,2.55,2.55,5,0
2015-11-06,10:15:00,2.48,2.54,2.44,2.54,1462,0
2015-11-06,10:25:00,2.47,2.5,2.47,2.47,701,0
2015-11-06,10:45:00,2.47,2.47,2.42,2.47,1807,0
2015-11-06,11:10:00,2.46,2.47,2.46,2.47,1500,0
2015-11-06,12:45:00,2.46,2.46,2.46,2.46,557,0
2015-11-06,13:10:00,2.49,2.5,2.49,2.5,1000,0
2015-11-06,14:30:00,2.51,2.52,2.51,2.52,1000,0
2015-11-06,14:45:00,2.48,2.48,2.48,2.48,1000,0
2015-11-06,14:50:00,2.48,2.48,2.48,2.48,400,0
2015-11-06,16:50:00,2.5,2.5,2.5,2.5,1000,0
2015-11-09,11:40:00,2.5,2.5,2.5,2.5,17,0
2015-11-09,12:30:00,2.5,2.5,2.5,2.5,11,0
2015-11-09,13:50:00,2.5,2.5,2.5,2.5,5,0
2015-11-09,14:25:00,2.5,2.5,2.5,2.5,21,0
2015-11-09,14:30:00,2.5,2.5,2.5,2.5,146,0
2015-11-09,15:55:00,2.5,2.5,2.5,2.5,15,0
2015-11-10,09:55:00,2.5,2.5,2.5,2.5,2,0
2015-11-12,09:10:00,2.5,2.5,2.5,2.5,5,0
2015-11-12,10:40:00,2.5,2.5,2.5,2.5,3,0
2015-11-12,11:30:00,2.5,2.5,2.5,2.5,3,0
2015-11-12,13:10:00,2.5,2.5,2.5,2.5,15,0
2015-11-12,13:50:00,2.5,2.5,2.5,2.5,33,0
2015-11-12,14:00:00,2.46,2.46,2.46,2.46,122,0
2015-11-12,14:05:00,2.45,2.45,2.44,2.44,455,0
2015-11-12,15:15:00,2.46,2.46,2.46,2.46,15,0
2015-11-12,15:50:00,2.46,2.46,2.46,2.46,8,0
2015-11-12,16:50:00,2.42,2.42,2.42,2.42,455,0
2015-11-13,09:15:00,2.5,2.5,2.5,2.5,5,0
2015-11-13,09:55:00,2.42,2.42,2.42,2.42,124,0
2015-11-13,10:00:00,2.5,2.5,2.5,2.5,12,0
2015-11-13,11:35:00,2.43,2.43,2.42,2.42,600,0
2015-11-13,13:40:00,2.42,2.42,2.42,2.42,50,0
2015-11-13,16:35:00,2.43,2.43,2.42,2.42,269,0
2015-11-13,16:50:00,2.49,2.49,2.49,2.49,8,0
2015-11-16,09:25:00,2.56,2.56,2.56,2.56,5,0
2015-11-16,10:05:00,2.47,2.47,2.41,2.41,550,0
2015-11-16,11:55:00,2.4,2.4,2.4,2.4,74,0
2015-11-16,13:45:00,2.56,2.56,2.56,2.56,8,0
2015-11-17,09:20:00,2.56,2.56,2.56,2.56,8,0
2015-11-17,10:05:00,2.56,2.56,2.56,2.56,33,0
2015-11-17,11:05:00,2.43,2.43,2.43,2.43,600,0
2015-11-17,11:10:00,2.43,2.47,2.43,2.47,1200,0
2015-11-17,11:40:00,2.46,2.46,2.46,2.46,1150,0
2015-11-17,13:50:00,2.47,2.47,2.46,2.46,986,0
2015-11-17,13:55:00,2.46,2.46,2.46,2.46,817,0
2015-11-17,16:30:00,2.45,2.45,2.44,2.44,2500,0
2015-11-17,16:50:00,2.43,2.49,2.43,2.49,16,0
2015-11-18,09:20:00,2.53,2.53,2.53,2.53,6,0
2015-11-18,10:30:00,2.46,2.46,2.46,2.46,31,0
2015-11-18,13:05:00,2.47,2.47,2.47,2.47,15,0
2015-11-18,13:20:00,2.45,2.45,2.44,2.45,872,0
2015-11-18,13:30:00,2.46,2.46,2.45,2.45,1342,0
2015-11-18,16:25:00,2.46,2.5,2.46,2.5,5000,0
2015-11-19,09:10:00,2.56,2.56,2.56,2.56,10,0
2015-11-19,09:25:00,2.56,2.56,2.56,2.56,21,0
2015-11-19,09:50:00,2.47,2.47,2.47,2.47,550,0
2015-11-19,10:50:00,2.5,2.5,2.5,2.5,5,0
2015-11-19,11:40:00,2.5,2.5,2.5,2.5,15,0
2015-11-19,14:30:00,2.5,2.5,2.5,2.5,11,0
2015-11-19,15:00:00,2.49,2.5,2.49,2.5,185,0
2015-11-19,15:05:00,2.56,2.56,2.56,2.56,21,0
2015-11-19,16:00:00,2.49,2.49,2.49,2.49,670,0
2015-11-19,16:10:00,2.52,2.52,2.52,2.52,5,0
2015-11-19,16:50:00,2.5,2.5,2.5,2.5,133,0
2015-11-20,09:10:00,2.56,2.56,2.56,2.56,5,0
2015-11-20,11:15:00,2.56,2.56,2.56,2.56,12,0
2015-11-20,12:35:00,2.49,2.49,2.49,2.49,1800,0
2015-11-20,13:20:00,2.56,2.56,2.56,2.56,12,0
2015-11-20,14:55:00,2.56,2.56,2.56,2.56,5,0
2015-11-20,15:25:00,2.53,2.58,2.53,2.56,3750,0
2015-11-20,15:30:00,2.58,2.6,2.56,2.6,16239,0
2015-11-20,15:40:00,2.66,2.66,2.66,2.66,20,0
2015-11-20,16:45:00,2.64,2.65,2.64,2.65,1880,0
2015-11-23,09:10:00,2.66,2.66,2.66,2.66,10,0
2015-11-23,11:00:00,2.66,2.66,2.66,2.66,23,0
2015-11-23,13:05:00,2.66,2.66,2.66,2.66,5,0
2015-11-23,13:35:00,2.66,2.66,2.66,2.66,5,0
2015-11-23,15:55:00,2.57,2.57,2.54,2.54,1897,0
2015-11-23,16:40:00,2.51,2.51,2.5,2.5,2106,0
2015-11-23,16:45:00,2.52,2.58,2.52,2.58,4033,0
2015-11-23,16:50:00,2.55,2.66,2.51,2.66,2503,0
2015-11-24,09:10:00,2.65,2.65,2.65,2.65,1,0
2015-11-24,09:20:00,2.58,2.65,2.58,2.65,201,0
2015-11-24,11:25:00,2.63,2.63,2.63,2.63,7,0
2015-11-24,12:20:00,2.63,2.63,2.63,2.63,15,0
2015-11-24,14:10:00,2.57,2.57,2.54,2.54,616,0
2015-11-24,15:50:00,2.53,2.53,2.53,2.53,119,0
2015-11-24,15:55:00,2.53,2.53,2.52,2.52,364,0
2015-11-24,16:00:00,2.53,2.53,2.52,2.53,1161,0
2015-11-24,16:50:00,2.53,2.53,2.53,2.53,3,0
2015-11-25,09:05:00,2.5,2.5,2.5,2.5,398,0
2015-11-25,09:10:00,2.5,2.5,2.5,2.5,10,0
2015-11-25,09:25:00,2.5,2.55,2.5,2.55,604,0
2015-11-25,13:55:00,2.51,2.51,2.49,2.51,1134,0
2015-11-25,16:05:00,2.49,2.51,2.49,2.51,2673,0
2015-11-25,16:25:00,2.5,2.5,2.47,2.47,3318,0
2015-11-25,16:40:00,2.49,2.49,2.49,2.49,650,0
2015-11-25,16:50:00,2.48,2.49,2.48,2.49,1129,0
2015-11-26,09:15:00,2.49,2.49,2.49,2.49,5,0
2015-11-26,11:15:00,2.49,2.5,2.49,2.5,123,0
2015-11-26,12:10:00,2.46,2.46,2.46,2.46,34,0
2015-11-26,14:00:00,2.46,2.48,2.46,2.48,3039,0
2015-11-26,16:10:00,2.46,2.46,2.46,2.46,248,0
2015-11-26,16:50:00,2.45,2.45,2.45,2.45,1422,0
2015-11-27,09:10:00,2.45,2.45,2.45,2.45,3,0
2015-11-27,10:45:00,2.45,2.47,2.45,2.47,5,0
2015-11-27,11:25:00,2.47,2.47,2.47,2.47,13,0
2015-11-27,12:35:00,2.47,2.47,2.47,2.47,12,0
2015-11-27,13:30:00,2.45,2.45,2.45,2.45,10,0
2015-11-27,14:30:00,2.45,2.45,2.45,2.45,1364,0
2015-11-27,14:50:00,2.47,2.48,2.47,2.48,20980,0
2015-11-27,15:35:00,2.48,2.48,2.48,2.48,10000,0
2015-11-27,16:25:00,2.48,2.5,2.48,2.5,6120,0
2015-11-27,16:45:00,2.5,2.5,2.5,2.5,5571,0
2015-11-27,16:50:00,2.54,2.59,2.54,2.59,8065,0
2015-11-30,09:05:00,2.59,2.59,2.59,2.59,1,0
2015-11-30,09:15:00,2.59,2.59,2.59,2.59,10000,0
2015-11-30,09:40:00,2.54,2.54,2.54,2.54,118,0
2015-11-30,10:10:00,2.55,2.55,2.54,2.54,5000,0
2015-11-30,12:15:00,2.58,2.58,2.58,2.58,5000,0
2015-11-30,12:35:00,2.58,2.59,2.58,2.59,8853,0
2015-11-30,13:15:00,2.63,2.64,2.63,2.64,5000,0
2015-11-30,13:40:00,2.62,2.62,2.62,2.62,4185,0
2015-11-30,13:45:00,2.56,2.56,2.56,2.56,536,0
2015-11-30,14:40:00,2.57,2.57,2.55,2.55,3239,0
2015-11-30,16:35:00,2.61,2.62,2.61,2.62,5000,0
2015-11-30,16:45:00,2.62,2.63,2.62,2.63,2500,0
2015-11-30,16:50:00,2.63,2.63,2.63,2.63,7500,0
2015-12-01,09:15:00,2.64,2.64,2.64,2.64,5,0
2015-12-01,09:35:00,2.62,2.64,2.62,2.64,3609,0
2015-12-01,09:55:00,2.66,2.66,2.66,2.66,400,0
2015-12-01,10:05:00,2.68,2.79,2.68,2.79,2641,0
2015-12-01,10:20:00,2.76,2.76,2.76,2.76,109,0
2015-12-01,10:35:00,2.74,2.76,2.7,2.75,14785,0
2015-12-01,10:45:00,2.7,2.7,2.7,2.7,111,0
2015-12-01,11:25:00,2.69,2.69,2.68,2.68,5662,0
2015-12-01,11:30:00,2.61,2.61,2.6,2.6,615,0
2015-12-01,13:00:00,2.6,2.6,2.6,2.6,1945,0
2015-12-01,13:40:00,2.62,2.66,2.62,2.66,678,0
2015-12-01,14:10:00,2.67,2.69,2.67,2.69,5000,0
2015-12-01,15:05:00,2.69,2.69,2.69,2.69,2377,0
2015-12-01,15:10:00,2.69,2.69,2.69,2.69,12,0
2015-12-01,16:05:00,2.65,2.7,2.65,2.7,5000,0
2015-12-01,16:25:00,2.7,2.7,2.7,2.7,2500,0
2015-12-01,16:45:00,2.68,2.7,2.66,2.7,622,0
2015-12-01,16:50:00,2.7,2.7,2.69,2.69,7290,0
2015-12-02,09:15:00,2.7,2.7,2.7,2.7,15,0
2015-12-02,09:20:00,2.65,2.65,2.65,2.65,113,0
2015-12-02,09:25:00,2.7,2.7,2.7,2.7,4000,0
2015-12-02,10:05:00,2.7,2.7,2.68,2.7,2315,0
2015-12-02,10:15:00,2.69,2.69,2.68,2.68,4850,0
2015-12-02,11:05:00,2.68,2.68,2.68,2.68,4850,0
2015-12-02,11:55:00,2.68,2.68,2.68,2.68,4000,0
2015-12-02,12:35:00,2.68,2.68,2.68,2.68,852,0
2015-12-02,12:40:00,2.69,2.7,2.69,2.69,1858,0
2015-12-02,12:45:00,2.7,2.7,2.7,2.7,3716,0
2015-12-02,13:25:00,2.69,2.69,2.69,2.69,805,0
2015-12-02,14:10:00,2.69,2.7,2.69,2.7,9190,0
2015-12-02,14:20:00,2.68,2.68,2.6,2.6,8909,0
2015-12-02,15:25:00,2.68,2.68,2.68,2.68,4000,0
2015-12-02,15:50:00,2.65,2.65,2.65,2.65,563,0
2015-12-02,16:25:00,2.66,2.68,2.66,2.68,6000,0
2015-12-02,16:45:00,2.68,2.68,2.68,2.68,5000,0
2015-12-02,16:50:00,2.68,2.68,2.68,2.68,5000,0
2015-12-03,09:05:00,2.68,2.68,2.68,2.68,16,0
2015-12-03,09:10:00,2.68,2.68,2.68,2.68,5,0
2015-12-03,09:30:00,2.66,2.66,2.66,2.66,113,0
2015-12-03,09:40:00,2.66,2.66,2.66,2.66,4887,0
2015-12-03,09:50:00,2.68,2.68,2.68,2.68,5,0
2015-12-03,10:15:00,2.65,2.65,2.65,2.65,2613,0
2015-12-03,10:20:00,2.65,2.65,2.65,2.65,580,0
2015-12-03,11:00:00,2.65,2.66,2.65,2.66,2594,0
2015-12-03,11:15:00,2.65,2.68,2.65,2.68,3450,0
2015-12-03,11:25:00,2.68,2.68,2.68,2.68,74,0
2015-12-03,12:35:00,2.65,2.65,2.65,2.65,17,0
2015-12-04,09:15:00,2.7,2.7,2.7,2.7,8,0
2015-12-04,11:10:00,2.7,2.7,2.7,2.7,18,0
2015-12-04,16:05:00,2.69,2.69,2.69,2.69,51,0
