2015-07-30,09:05:00,7.4145,7.4145,7.4145,7.4145,2,0
2015-07-30,09:20:00,7.4145,7.453,7.4145,7.453,403,0
2015-07-30,16:15:00,7.4145,7.4145,7.4145,7.4145,125,0
2015-08-03,11:10:00,7.3952,7.3952,7.3952,7.3952,270,0
2015-08-03,12:25:00,7.4048,7.4048,7.4048,7.4048,519,0
2015-08-03,13:10:00,7.4048,7.4145,7.4048,7.4145,363,0
2015-08-03,13:15:00,7.4145,7.4145,7.4145,7.4145,1269,0
2015-08-03,14:30:00,7.3856,7.4145,7.3856,7.4145,2159,0
2015-08-03,16:50:00,7.4145,7.4145,7.4145,7.4145,130,0
2015-08-04,09:15:00,7.453,7.453,7.453,7.453,155,0
2015-08-04,10:25:00,7.453,7.453,7.453,7.453,14,0
2015-08-04,12:25:00,7.453,7.4626,7.453,7.4626,2077,0
2015-08-04,12:55:00,7.4626,7.5589,7.4626,7.5589,537,0
2015-08-04,14:00:00,7.5108,7.5589,7.5108,7.5589,409,0
2015-08-04,14:05:00,7.5589,7.5589,7.5589,7.5589,266,0
2015-08-04,14:35:00,7.5878,7.5974,7.5878,7.5974,566,0
2015-08-04,14:50:00,7.5589,7.5589,7.5589,7.5589,42,0
2015-08-04,15:10:00,7.6359,7.6359,7.6359,7.6359,90,0
2015-08-04,15:50:00,7.5589,7.5589,7.5204,7.5204,92,0
2015-08-04,16:35:00,7.607,7.6263,7.607,7.6263,831,0
2015-08-04,16:50:00,7.6359,7.6359,7.6359,7.6359,132,0
2015-08-05,09:05:00,7.6359,7.6359,7.6359,7.6359,7,0
2015-08-05,09:55:00,7.6359,7.6359,7.6359,7.6359,52,0
2015-08-05,10:05:00,7.6359,7.6359,7.6359,7.6359,21,0
2015-08-05,12:20:00,7.6359,7.6359,7.6359,7.6359,299,0
2015-08-05,13:05:00,7.5108,7.5108,7.5108,7.5108,7,0
2015-08-05,13:35:00,7.5108,7.6359,7.5108,7.6359,926,0
2015-08-05,14:50:00,7.5108,7.5108,7.5108,7.5108,571,0
2015-08-05,14:55:00,7.6359,7.6359,7.6359,7.6359,102,0
2015-08-06,09:20:00,7.5108,7.5108,7.4145,7.4145,133,0
2015-08-06,11:00:00,7.4145,7.4145,7.4145,7.4145,504,0
2015-08-06,11:15:00,7.4145,7.607,7.4145,7.607,246,0
2015-08-06,11:35:00,7.5974,7.5974,7.5974,7.5974,47,0
2015-08-06,13:50:00,7.4145,7.5974,7.4145,7.5974,1086,0
2015-08-06,14:30:00,7.607,7.607,7.607,7.607,82,0
2015-08-07,09:05:00,7.607,7.607,7.607,7.607,130,0
2015-08-07,09:45:00,7.607,7.607,7.607,7.607,83,0
2015-08-07,12:20:00,7.4626,7.4626,7.4626,7.4626,519,0
2015-08-07,12:45:00,7.4626,7.5782,7.4626,7.5782,132,0
2015-08-07,13:55:00,7.5108,7.5782,7.5108,7.5782,130,0
2015-08-07,14:05:00,7.5782,7.5782,7.5782,7.5782,197,0
2015-08-10,09:05:00,7.5782,7.5782,7.5782,7.5782,260,0
2015-08-10,14:40:00,7.5396,7.5396,7.5396,7.5396,649,0
2015-08-10,15:30:00,7.5685,7.5685,7.5685,7.5685,82,0
2015-08-11,09:05:00,7.5782,7.5782,7.5782,7.5782,686,0
2015-08-11,09:50:00,7.4145,7.4145,7.4145,7.4145,74,0
2015-08-11,10:20:00,7.5589,7.5589,7.5589,7.5589,71,0
2015-08-11,10:30:00,7.5589,7.5589,7.5589,7.5589,968,0
2015-08-11,10:35:00,7.5589,7.5589,7.5589,7.5589,31,0
2015-08-11,12:05:00,7.4241,7.4241,7.4241,7.4241,104,0
2015-08-11,13:25:00,7.5108,7.5108,7.5108,7.5108,104,0
2015-08-11,13:55:00,7.453,7.5396,7.453,7.5396,638,0
2015-08-11,14:20:00,7.4433,7.4433,7.4433,7.4433,156,0
2015-08-11,14:50:00,7.53,7.53,7.53,7.53,82,0
2015-08-12,10:55:00,7.4626,7.4626,7.4626,7.4626,156,0
2015-08-12,11:50:00,7.4626,7.5011,7.4626,7.5011,754,0
2015-08-12,16:35:00,7.4433,7.4433,7.4433,7.4433,260,0
2015-08-12,16:50:00,7.4433,7.4433,7.4433,7.4433,132,0
2015-08-13,09:05:00,7.5108,7.5108,7.5108,7.5108,10,0
2015-08-13,13:45:00,7.4915,7.4915,7.4915,7.4915,400,0
2015-08-13,14:05:00,7.4915,7.5108,7.4915,7.5108,1246,0
2015-08-13,14:10:00,7.5108,7.5108,7.5108,7.5108,57,0
2015-08-13,14:50:00,7.4433,7.4433,7.4433,7.4433,62,0
2015-08-13,15:10:00,7.5108,7.5108,7.5108,7.5108,362,0
2015-08-13,16:05:00,7.53,7.53,7.53,7.53,82,0
2015-08-14,09:05:00,7.5108,7.5108,7.5108,7.5108,10,0
2015-08-14,10:45:00,7.5108,7.5108,7.5108,7.5108,296,0
2015-08-14,12:45:00,7.53,7.53,7.53,7.53,355,0
2015-08-14,14:40:00,7.53,7.5396,7.53,7.5396,765,0
2015-08-14,15:30:00,7.5108,7.5396,7.5108,7.5396,415,0
2015-08-17,09:05:00,7.5396,7.5396,7.5396,7.5396,265,0
2015-08-17,10:40:00,7.4626,7.4626,7.4626,7.4626,156,0
2015-08-17,11:00:00,7.4626,7.4626,7.4626,7.4626,83,0
2015-08-17,13:45:00,7.5396,7.6167,7.5396,7.6167,428,0
2015-08-18,10:00:00,7.607,7.607,7.607,7.607,135,0
2015-08-18,12:45:00,7.5108,7.5108,7.5108,7.5108,55,0
2015-08-18,13:00:00,7.607,7.607,7.607,7.607,82,0
2015-08-18,16:20:00,7.607,7.6359,7.607,7.6359,1750,0
2015-08-18,16:25:00,7.7033,7.7419,7.7033,7.7419,113,0
2015-08-19,09:05:00,7.7996,7.7996,7.7996,7.7996,322,0
2015-08-19,09:25:00,7.7996,7.7996,7.7996,7.7996,93,0
2015-08-19,09:45:00,7.8093,7.8093,7.8093,7.8093,21,0
2015-08-19,09:55:00,7.8093,7.8093,7.8093,7.8093,288,0
2015-08-19,10:00:00,7.8093,7.8959,7.8093,7.8959,47,0
2015-08-19,10:20:00,7.7996,7.8959,7.7996,7.8959,1822,0
2015-08-19,10:35:00,7.7996,7.8959,7.7996,7.8959,1153,0
2015-08-19,10:50:00,7.8959,7.8959,7.8959,7.8959,1009,0
2015-08-19,11:50:00,7.8767,7.8767,7.8767,7.8767,1577,0
2015-08-19,13:00:00,7.867,7.867,7.8093,7.867,2077,0
2015-08-19,16:00:00,7.8478,7.867,7.8478,7.867,1112,0
2015-08-19,16:15:00,7.8767,7.8767,7.8767,7.8767,228,0
2015-08-19,16:20:00,7.867,7.867,7.867,7.867,104,0
2015-08-19,16:25:00,7.867,7.867,7.867,7.867,23,0
2015-08-20,11:25:00,7.8478,7.9344,7.8478,7.9344,770,0
2015-08-20,12:10:00,7.9152,7.9152,7.9152,7.9152,831,0
2015-08-20,12:20:00,7.9248,7.9248,7.9248,7.9248,483,0
2015-08-20,12:45:00,7.9248,7.9248,7.9248,7.9248,125,0
2015-08-20,12:55:00,7.9248,7.9344,7.9248,7.9344,2164,0
2015-08-20,13:25:00,7.9344,7.9344,7.9344,7.9344,600,0
2015-08-20,13:35:00,7.9344,7.9441,7.9344,7.9441,2409,0
2015-08-20,13:40:00,7.973,7.973,7.973,7.973,188,0
2015-08-20,13:45:00,7.9922,7.9922,7.9922,7.9922,82,0
2015-08-20,13:50:00,7.9248,7.9922,7.9248,7.9922,1790,0
2015-08-20,14:05:00,8.0404,8.0885,8.0404,8.0885,1189,0
2015-08-20,15:20:00,8.0789,8.0789,8.0789,8.0789,519,0
2015-08-20,15:45:00,8.0789,8.0789,8.0789,8.0789,31,0
2015-08-20,16:15:00,7.9441,8.0692,7.9441,8.0692,1419,0
2015-08-20,16:50:00,8.0789,8.0789,8.0789,8.0789,140,0
2015-08-21,09:05:00,8.0789,8.0789,8.0404,8.0404,1081,0
2015-08-21,09:35:00,8.0596,8.0596,8.0596,8.0596,140,0
2015-08-21,11:45:00,8.05,8.05,8.05,8.05,244,0
2015-08-21,11:50:00,8.0404,8.0404,8.0404,8.0404,2,0
2015-08-21,11:55:00,7.9922,7.9922,7.9922,7.9922,415,0
2015-08-21,13:05:00,7.867,7.867,7.8189,7.8189,317,0
2015-08-21,13:15:00,7.7226,7.7226,7.7226,7.7226,218,0
2015-08-21,15:00:00,7.713,7.713,7.7033,7.7033,208,0
2015-08-21,15:05:00,7.7033,7.7033,7.5204,7.5204,575,0
2015-08-21,16:10:00,7.53,7.53,7.53,7.53,426,0
2015-08-21,16:25:00,7.79,7.8767,7.79,7.8767,1207,0
2015-08-21,16:35:00,7.8863,7.8959,7.8863,7.8959,389,0
2015-08-21,16:50:00,7.8863,7.8863,7.8863,7.8863,122,0
2015-08-24,09:05:00,7.7996,7.7996,7.607,7.6841,1592,0
2015-08-24,09:10:00,7.607,7.607,7.5204,7.5204,3363,0
2015-08-24,09:30:00,7.53,7.53,7.5204,7.5204,299,0
2015-08-24,09:40:00,7.53,7.53,7.53,7.53,247,0
2015-08-24,09:50:00,7.53,7.53,7.4722,7.4722,3116,0
2015-08-24,10:10:00,7.4722,7.4722,7.4722,7.4722,135,0
2015-08-24,10:20:00,7.5204,7.5204,7.5204,7.5204,519,0
2015-08-24,10:25:00,7.5204,7.5204,7.5204,7.5204,185,0
2015-08-24,10:35:00,7.4722,7.4722,7.4722,7.4722,130,0
2015-08-24,10:55:00,7.4722,7.4722,7.4722,7.4722,63,0
2015-08-24,11:05:00,7.4722,7.4722,7.4722,7.4722,218,0
2015-08-24,11:10:00,7.453,7.453,7.3759,7.3759,444,0
2015-08-24,13:20:00,7.4337,7.4337,7.4337,7.4337,218,0
2015-08-24,13:40:00,7.4337,7.4337,7.4337,7.4337,208,0
2015-08-24,13:45:00,7.4337,7.4337,7.4337,7.4337,181,0
2015-08-24,14:30:00,7.4433,7.4433,7.4433,7.4433,403,0
2015-08-24,14:35:00,7.4337,7.4337,7.4337,7.4337,432,0
2015-08-24,14:50:00,7.3759,7.3759,7.3663,7.3663,312,0
2015-08-24,15:10:00,7.3663,7.3663,7.3663,7.3663,105,0
2015-08-24,15:25:00,7.2219,7.2219,7.2219,7.2219,415,0
2015-08-24,16:35:00,7.0293,7.0293,7.0197,7.0197,858,0
2015-08-24,16:50:00,6.8367,6.8367,6.7886,6.7886,1256,0
2015-08-25,09:05:00,6.7404,6.7404,6.7404,6.7404,1859,0
2015-08-25,09:10:00,6.7115,6.7115,6.7115,6.7115,104,0
2015-08-25,09:15:00,6.7115,6.7212,6.7115,6.7212,987,0
2015-08-25,09:25:00,6.7212,6.7308,6.7212,6.7308,109,0
2015-08-25,09:30:00,6.7212,6.7212,6.7212,6.7212,135,0
2015-08-25,09:40:00,6.7212,6.7404,6.7212,6.7404,516,0
2015-08-25,09:55:00,6.7886,6.7886,6.7886,6.7886,709,0
2015-08-25,10:20:00,7.1641,7.1641,7.1641,7.1641,114,0
2015-08-25,11:05:00,7.1641,7.1834,7.1641,7.1834,195,0
2015-08-25,11:20:00,7.1834,7.2219,7.1834,7.2219,853,0
2015-08-25,11:55:00,7.2219,7.2219,7.2219,7.2219,186,0
2015-08-25,12:20:00,7.2219,7.2219,7.2219,7.2219,1,0
2015-08-25,13:50:00,7.2989,7.4145,7.2989,7.4145,239,0
2015-08-25,14:10:00,7.3182,7.3182,7.3182,7.3182,207,0
2015-08-25,15:30:00,7.3182,7.3182,7.3182,7.3182,11,0
2015-08-25,15:40:00,7.4145,7.4145,7.4145,7.4145,132,0
2015-08-25,16:30:00,7.3182,7.3182,7.3182,7.3182,571,0
2015-08-25,16:45:00,7.3085,7.4145,7.3085,7.4145,682,0
2015-08-25,16:50:00,7.5108,7.5108,7.5108,7.5108,156,0
2015-08-26,09:05:00,7.5108,7.5108,7.5108,7.5108,944,0
2015-08-26,09:45:00,7.5108,7.5108,7.5108,7.5108,73,0
2015-08-26,10:00:00,7.5108,7.5108,7.5108,7.5108,332,0
2015-08-26,10:50:00,7.4626,7.4626,7.4626,7.4626,125,0
2015-08-26,12:40:00,7.3182,7.3182,7.3182,7.3182,136,0
2015-08-26,14:35:00,7.3085,7.3182,7.3085,7.3182,487,0
2015-08-26,15:55:00,7.3278,7.453,7.3278,7.453,780,0
2015-08-26,16:50:00,7.4145,7.4145,7.4145,7.4145,42,0
2015-08-27,14:50:00,7.4145,7.4145,7.4145,7.4145,83,0
2015-08-27,16:20:00,7.4145,7.9441,7.4145,7.9441,1360,0
2015-08-27,16:50:00,7.8959,7.8959,7.8959,7.8959,7,0
2015-08-28,12:10:00,7.6937,7.6937,7.6937,7.6937,571,0
2015-08-28,12:20:00,7.6937,7.6937,7.6937,7.6937,467,0
2015-08-28,14:00:00,7.6841,7.6841,7.6841,7.6841,208,0
2015-08-28,14:10:00,7.6648,7.6648,7.6552,7.6552,498,0
2015-08-28,14:25:00,7.6552,7.6552,7.6552,7.6552,187,0
2015-08-28,16:20:00,7.5108,7.5589,7.5108,7.5589,364,0
2015-08-28,16:25:00,7.5589,7.6456,7.5589,7.6456,156,0
2015-08-28,16:30:00,7.6937,7.79,7.6937,7.79,284,0
2015-08-28,16:50:00,7.79,7.79,7.79,7.79,348,0
2015-08-31,09:05:00,7.7033,7.7033,7.7033,7.7033,99,0
2015-08-31,09:40:00,7.7033,7.7033,7.7033,7.7033,145,0
2015-08-31,10:10:00,7.8478,7.8478,7.8478,7.8478,208,0
2015-08-31,16:40:00,7.7515,7.7515,7.7515,7.7515,746,0
2015-09-01,09:05:00,7.6552,7.6552,7.6552,7.6552,364,0
2015-09-01,10:30:00,7.6552,7.7804,7.6552,7.7804,170,0
2015-09-01,11:40:00,7.7515,7.7804,7.7515,7.7804,623,0
2015-09-01,12:55:00,7.7804,7.7804,7.7804,7.7804,22,0
2015-09-01,15:25:00,7.7996,7.7996,7.7996,7.7996,312,0
2015-09-01,15:35:00,7.7033,7.7033,7.7033,7.7033,14,0
2015-09-01,15:40:00,7.5878,7.5878,7.5878,7.5878,55,0
2015-09-01,15:45:00,7.5878,7.79,7.5878,7.79,240,0
2015-09-02,09:05:00,8.25,8.25,8.25,8.25,400,0
2015-09-02,10:05:00,8.15,8.15,8.15,8.15,153,0
2015-09-02,10:55:00,8.01,8.01,8.01,8.01,150,0
2015-09-02,11:15:00,8.12,8.12,8.12,8.12,251,0
2015-09-02,14:40:00,8.04,8.04,8.04,8.04,25,0
2015-09-02,15:00:00,8.04,8.04,8.04,8.04,43,0
2015-09-04,09:05:00,8,8,8,8,26,0
2015-09-04,11:50:00,7.7,7.7,7.7,7.7,390,0
2015-09-04,12:05:00,7.7,7.7,7.7,7.7,50,0
2015-09-04,12:55:00,7.7,7.7,7.7,7.7,200,0
2015-09-04,13:25:00,7.7,7.7,7.7,7.7,400,0
2015-09-04,13:30:00,7.7,7.7,7.7,7.7,79,0
2015-09-04,13:50:00,7.7,7.89,7.7,7.89,232,0
2015-09-04,14:40:00,7.66,7.89,7.61,7.89,1307,0
2015-09-07,09:05:00,7.8,7.8,7.8,7.8,238,0
2015-09-07,12:55:00,7.74,7.74,7.42,7.42,460,0
2015-09-07,13:05:00,7.74,7.74,7.74,7.74,76,0
2015-09-07,14:50:00,7.74,7.74,7.74,7.74,209,0
2015-09-07,16:45:00,7.46,7.73,7.43,7.73,445,0
2015-09-08,09:05:00,7.53,7.59,7.53,7.59,1554,0
2015-09-08,09:40:00,7.49,7.49,7.49,7.49,200,0
2015-09-08,10:30:00,7.38,7.38,7,7.25,3817,0
2015-09-08,10:35:00,7.06,7.06,7.06,7.06,298,0
2015-09-08,10:40:00,7.25,7.25,7.25,7.25,13,0
2015-09-08,10:45:00,7.25,7.25,7.25,7.25,150,0
2015-09-08,11:00:00,7.29,7.29,7.29,7.29,350,0
2015-09-08,11:05:00,7.29,7.29,7.29,7.29,200,0
2015-09-08,11:15:00,7.2,7.2,7.2,7.2,150,0
2015-09-08,13:55:00,7.32,7.33,7.32,7.33,192,0
2015-09-08,14:15:00,7.33,7.33,7.33,7.33,436,0
2015-09-08,14:25:00,7.33,7.33,7.33,7.33,14,0
2015-09-08,14:40:00,7.18,7.18,7.15,7.15,990,0
2015-09-08,14:45:00,7.16,7.29,7.15,7.29,926,0
2015-09-08,15:00:00,7.29,7.29,7.29,7.29,69,0
2015-09-08,16:50:00,7.21,7.21,7.21,7.21,291,0
2015-09-09,09:10:00,7.48,7.48,7.48,7.48,60,0
2015-09-09,09:15:00,7.2,7.2,7.15,7.15,427,0
2015-09-09,09:20:00,7.15,7.15,7.15,7.15,100,0
2015-09-09,09:25:00,7.15,7.15,7.15,7.15,359,0
2015-09-09,09:30:00,7.15,7.15,7.15,7.15,1437,0
2015-09-09,09:35:00,7.15,7.15,7.15,7.15,100,0
2015-09-09,09:40:00,7.15,7.28,7.15,7.28,250,0
2015-09-09,10:10:00,7.28,7.28,7.02,7.02,2509,0
2015-09-09,10:15:00,7.05,7.05,7.05,7.05,90,0
2015-09-09,10:25:00,7,7,7,7,150,0
2015-09-09,10:30:00,7.25,7.25,7.25,7.25,78,0
2015-09-09,10:35:00,7,7.24,7,7.24,197,0
2015-09-09,10:50:00,7,7,7,7,160,0
2015-09-09,11:00:00,7.08,7.08,7.08,7.08,151,0
2015-09-09,11:20:00,7.08,7.08,7.03,7.03,640,0
2015-09-09,11:35:00,7,7.03,7,7.03,207,0
2015-09-09,11:45:00,7.05,7.05,7.05,7.05,124,0
2015-09-09,12:05:00,7,7.2,7,7.2,247,0
2015-09-09,12:35:00,7.02,7.02,7.01,7.01,409,0
2015-09-09,12:50:00,7,7,7,7,300,0
2015-09-09,13:05:00,7,7,7,7,168,0
2015-09-09,14:45:00,7,7,7,7,250,0
2015-09-09,15:15:00,7,7,7,7,94,0
2015-09-09,15:25:00,7.03,7.03,7,7,915,0
2015-09-09,15:45:00,7.03,7.03,7,7,693,0
2015-09-09,16:10:00,7.05,7.05,7.05,7.05,700,0
2015-09-09,16:20:00,7,7,7,7,150,0
2015-09-10,09:10:00,7.05,7.29,7.02,7.29,779,0
2015-09-10,10:15:00,7.01,7.01,7,7,514,0
2015-09-10,10:40:00,7,7,7,7,700,0
2015-09-10,10:45:00,7.12,7.12,7.12,7.12,76,0
2015-09-10,11:05:00,7.01,7.01,7.01,7.01,1066,0
2015-09-10,11:40:00,7.06,7.06,7.06,7.06,69,0
2015-09-10,12:05:00,7.01,7.01,7.01,7.01,240,0
2015-09-10,12:20:00,7,7,7,7,100,0
2015-09-10,12:25:00,6.99,6.99,6.99,6.99,221,0
2015-09-10,12:30:00,7,7,7,7,894,0
2015-09-10,12:45:00,7.13,7.13,7.13,7.13,57,0
2015-09-10,13:25:00,6.84,6.84,6.84,6.84,242,0
2015-09-10,13:35:00,6.98,6.99,6.98,6.99,244,0
2015-09-11,10:25:00,6.84,6.84,6.83,6.83,150,0
2015-09-11,11:25:00,6.83,6.83,6.8,6.8,400,0
2015-09-11,12:00:00,6.84,6.84,6.75,6.75,1424,0
2015-09-11,12:05:00,6.78,6.78,6.78,6.78,79,0
2015-09-11,12:10:00,6.78,6.78,6.78,6.78,83,0
2015-09-11,12:20:00,6.8,6.8,6.8,6.8,67,0
2015-09-11,12:25:00,6.75,6.85,6.65,6.85,1379,0
2015-09-11,13:00:00,6.79,6.79,6.79,6.79,200,0
2015-09-11,13:05:00,6.79,6.79,6.79,6.79,200,0
2015-09-11,13:35:00,6.78,6.78,6.78,6.78,100,0
2015-09-11,13:50:00,6.78,6.78,6.78,6.78,250,0
2015-09-11,14:05:00,6.71,6.71,6.7,6.7,490,0
2015-09-11,14:45:00,6.78,6.78,6.78,6.78,76,0
2015-09-11,15:10:00,6.78,6.78,6.78,6.78,299,0
2015-09-11,15:25:00,6.78,6.78,6.65,6.65,308,0
2015-09-11,15:30:00,6.78,6.78,6.78,6.78,59,0
2015-09-11,15:40:00,6.78,6.78,6.78,6.78,227,0
2015-09-14,09:05:00,6.78,6.78,6.78,6.78,220,0
2015-09-14,09:15:00,6.53,6.53,6.53,6.53,174,0
2015-09-14,09:25:00,6.69,6.69,6.69,6.69,105,0
2015-09-14,09:30:00,6.69,6.7,6.69,6.7,179,0
2015-09-14,09:35:00,6.7,6.75,6.7,6.75,1052,0
2015-09-14,10:35:00,6.56,6.56,6.56,6.56,246,0
2015-09-14,10:45:00,6.56,6.56,6.53,6.53,657,0
2015-09-14,11:00:00,6.67,6.67,6.67,6.67,78,0
2015-09-14,11:15:00,6.53,6.53,6.5,6.5,262,0
2015-09-14,11:25:00,6.5,6.5,6.5,6.5,300,0
2015-09-14,11:30:00,6.52,6.52,6.52,6.52,150,0
2015-09-14,11:45:00,6.5,6.5,6.5,6.5,200,0
2015-09-14,11:50:00,6.5,6.5,6.5,6.5,100,0
2015-09-14,11:55:00,6.52,6.52,6.52,6.52,148,0
2015-09-14,12:20:00,6.63,6.63,6.63,6.63,22,0
2015-09-14,13:50:00,6.6,6.6,6.6,6.6,162,0
2015-09-14,15:15:00,6.58,6.58,6.58,6.58,130,0
2015-09-14,15:25:00,6.58,6.58,6.58,6.58,141,0
2015-09-14,15:50:00,6.52,6.52,6.5,6.5,218,0
2015-09-14,16:00:00,6.58,6.58,6.58,6.58,89,0
2015-09-15,09:10:00,6.55,6.56,6.55,6.56,614,0
2015-09-15,09:15:00,6.54,6.54,6.54,6.54,100,0
2015-09-15,09:20:00,6.54,6.54,6.54,6.54,300,0
2015-09-15,09:40:00,6.54,6.54,6.54,6.54,400,0
2015-09-15,09:50:00,6.54,6.54,6.54,6.54,600,0
2015-09-15,11:40:00,6.53,6.54,6.53,6.54,196,0
2015-09-15,12:45:00,6.49,6.49,6.49,6.49,150,0
2015-09-15,13:00:00,6.49,6.49,6.49,6.49,100,0
2015-09-15,13:25:00,6.49,6.49,6.45,6.45,585,0
2015-09-15,13:45:00,6.4,6.4,6.4,6.4,363,0
2015-09-15,13:55:00,6.49,6.49,6.49,6.49,100,0
2015-09-15,14:20:00,6.3,6.43,6.3,6.43,271,0
2015-09-15,15:35:00,6.23,6.23,6.22,6.22,300,0
2015-09-15,16:05:00,6.25,6.25,6.25,6.25,224,0
2015-09-15,16:10:00,6.25,6.25,6.25,6.25,48,0
2015-09-15,16:25:00,6.39,6.39,6.39,6.39,1,0
2015-09-15,16:35:00,6.21,6.21,6.2,6.2,183,0
2015-09-15,16:40:00,6.17,6.17,6.17,6.17,70,0
2015-09-15,16:50:00,6.3,6.3,6.29,6.29,500,0
2015-09-16,09:05:00,6.3,6.3,6.3,6.3,9,0
2015-09-16,09:25:00,6.39,6.39,6.39,6.39,574,0
2015-09-16,09:40:00,6.3,6.3,6.3,6.3,91,0
2015-09-16,09:45:00,6.37,6.37,6.37,6.37,200,0
2015-09-16,09:50:00,6.29,6.37,6.29,6.37,740,0
2015-09-16,10:00:00,6.38,6.38,6.37,6.38,983,0
2015-09-16,10:05:00,6.37,6.37,6.37,6.37,593,0
2015-09-16,10:15:00,6.37,6.37,6.37,6.37,94,0
2015-09-16,10:25:00,6.3,6.3,6.3,6.3,13,0
2015-09-16,10:30:00,6.36,6.36,6.36,6.36,150,0
2015-09-16,10:35:00,6.26,6.26,6.26,6.26,135,0
2015-09-16,10:40:00,6.37,6.37,6.37,6.37,480,0
2015-09-16,10:45:00,6.25,6.25,6.03,6.03,3240,0
2015-09-16,10:50:00,6,6,6,6,1299,0
2015-09-16,10:55:00,5.95,6,5.95,6,863,0
2015-09-16,11:00:00,6,6.03,5.97,5.97,575,0
2015-09-16,11:05:00,6,6,6,6,99,0
2015-09-16,11:10:00,5.99,5.99,5.96,5.98,567,0
2015-09-16,11:15:00,5.97,6,5.97,6,1205,0
2015-09-16,11:20:00,6.01,6.01,6,6,131,0
2015-09-16,11:30:00,6,6,5.95,5.99,423,0
2015-09-16,11:35:00,5.99,5.99,5.99,5.99,473,0
2015-09-16,11:40:00,5.99,5.99,5.99,5.99,462,0
2015-09-16,11:50:00,5.92,5.92,5.92,5.92,100,0
2015-09-16,11:55:00,5.91,5.91,5.91,5.91,250,0
2015-09-16,12:10:00,5.97,6,5.97,6,257,0
2015-09-16,12:30:00,6,6,6,6,332,0
2015-09-16,12:40:00,6.13,6.13,6.13,6.13,126,0
2015-09-16,12:45:00,6.1,6.1,6,6,526,0
2015-09-16,12:50:00,5.99,5.99,5.99,5.99,300,0
2015-09-16,13:05:00,6,6.12,6,6.12,300,0
2015-09-16,13:10:00,6.12,6.12,6.12,6.12,500,0
2015-09-16,13:15:00,6,6,6,6,600,0
2015-09-16,13:50:00,5.98,6,5.98,6,419,0
2015-09-16,13:55:00,5.97,5.97,5.9,5.9,600,0
2015-09-16,14:45:00,5.99,5.99,5.99,5.99,220,0
2015-09-16,15:10:00,5.99,5.99,5.99,5.99,67,0
2015-09-16,15:40:00,5.99,5.99,5.99,5.99,63,0
2015-09-16,15:50:00,6,6,6,6,50,0
2015-09-16,15:55:00,6,6,6,6,200,0
2015-09-16,16:15:00,6,6,6,6,4300,0
2015-09-16,16:40:00,5.99,6,5.99,6,1363,0
2015-09-16,16:45:00,5.99,5.99,5.99,5.99,150,0
2015-09-16,16:50:00,5.95,5.95,5.95,5.95,776,0
2015-09-17,09:15:00,6.1,6.1,6.1,6.1,891,0
2015-09-17,09:30:00,6.01,6.01,6,6,437,0
2015-09-17,09:35:00,6,6,6,6,63,0
2015-09-17,09:45:00,6.1,6.1,6.1,6.1,880,0
2015-09-17,10:00:00,6.1,6.1,6.1,6.1,100,0
2015-09-17,10:30:00,6,6,6,6,307,0
2015-09-17,10:35:00,5.98,5.98,5.95,5.95,2130,0
2015-09-17,10:45:00,5.95,6.05,5.95,6.05,808,0
2015-09-17,10:50:00,5.95,5.95,5.95,5.95,200,0
2015-09-17,10:55:00,5.95,5.96,5.95,5.96,836,0
2015-09-17,11:15:00,5.94,5.94,5.94,5.94,60,0
2015-09-17,11:20:00,5.94,5.94,5.94,5.94,83,0
2015-09-17,11:25:00,5.96,5.96,5.96,5.96,150,0
2015-09-17,12:10:00,5.96,5.96,5.96,5.96,500,0
2015-09-17,12:15:00,5.96,5.96,5.96,5.96,200,0
2015-09-17,12:25:00,5.94,6,5.94,6,256,0
2015-09-17,12:30:00,6,6,6,6,5000,0
2015-09-17,12:35:00,6.05,6.05,6.05,6.05,239,0
2015-09-17,12:40:00,6,6,6,6,450,0
2015-09-17,12:45:00,6,6,6,6,130,0
2015-09-17,12:50:00,6.05,6.05,6.05,6.05,110,0
2015-09-17,13:25:00,6,6,6,6,830,0
2015-09-17,13:30:00,6.05,6.05,6.05,6.05,183,0
2015-09-17,13:55:00,6,6,6,6,100,0
2015-09-17,14:00:00,6.01,6.01,6.01,6.01,167,0
2015-09-17,14:15:00,6,6,6,6,389,0
2015-09-17,14:30:00,6,6,6,6,1000,0
2015-09-17,15:00:00,6,6,6,6,1666,0
2015-09-17,15:10:00,5.97,5.97,5.97,5.97,200,0
2015-09-17,15:35:00,5.97,6,5.97,6,619,0
2015-09-17,15:55:00,6,6,6,6,200,0
2015-09-17,16:00:00,6,6,6,6,126,0
2015-09-17,16:05:00,6,6,6,6,241,0
2015-09-17,16:15:00,5.96,5.96,5.9,5.9,2520,0
2015-09-17,16:20:00,5.85,5.85,5.85,5.85,21,0
2015-09-17,16:30:00,5.85,6,5.85,6,94,0
2015-09-17,16:35:00,5.86,5.86,5.86,5.86,255,0
2015-09-17,16:40:00,5.86,5.86,5.86,5.86,245,0
2015-09-17,16:45:00,5.82,5.82,5.8,5.8,2055,0
2015-09-17,16:50:00,5.8,5.8,5.64,5.64,2370,0
2015-09-18,09:05:00,5.9,5.9,5.9,5.9,75,0
2015-09-18,09:15:00,5.75,5.89,5.75,5.89,1232,0
2015-09-18,09:25:00,5.88,5.9,5.88,5.9,122,0
2015-09-18,09:30:00,5.9,5.98,5.9,5.9,270,0
2015-09-18,09:50:00,5.86,5.86,5.86,5.86,30,0
2015-09-18,10:05:00,5.86,5.98,5.86,5.98,1209,0
2015-09-18,10:35:00,5.98,5.99,5.98,5.99,700,0
2015-09-18,10:40:00,5.99,5.99,5.99,5.99,4,0
2015-09-18,10:50:00,5.95,5.99,5.95,5.99,1357,0
2015-09-18,12:40:00,5.95,5.95,5.95,5.95,17,0
2015-09-18,12:50:00,5.92,5.94,5.92,5.94,311,0
2015-09-18,13:45:00,5.9,5.9,5.88,5.88,3120,0
2015-09-18,14:25:00,5.81,5.81,5.81,5.81,87,0
2015-09-18,15:10:00,5.81,5.87,5.81,5.87,133,0
2015-09-18,15:35:00,5.8,5.8,5.8,5.8,100,0
2015-09-18,16:05:00,5.85,5.88,5.85,5.88,316,0
2015-09-21,09:05:00,6,6,6,6,240,0
2015-09-21,09:15:00,6.11,6.12,6.11,6.12,372,0
2015-09-21,09:20:00,6.12,6.12,6.12,6.12,699,0
2015-09-21,09:50:00,6.13,6.13,6.12,6.12,553,0
2015-09-21,10:35:00,6.01,6.01,6,6,300,0
2015-09-21,11:30:00,6.02,6.11,6.01,6.11,738,0
2015-09-21,11:55:00,6.1,6.1,6,6,2238,0
2015-09-21,12:45:00,6.08,6.08,6.08,6.08,20,0
2015-09-21,12:55:00,6.08,6.08,6.08,6.08,16,0
2015-09-21,14:20:00,6.02,6.02,6.02,6.02,800,0
2015-09-21,14:40:00,6,6,6,6,150,0
2015-09-21,14:45:00,6,6,6,6,130,0
2015-09-21,15:20:00,6.04,6.04,6.04,6.04,130,0
2015-09-21,15:40:00,6,6,6,6,321,0
2015-09-21,16:25:00,6,6,5.97,6,334,0
2015-09-21,16:30:00,6.01,6.01,6.01,6.01,190,0
2015-09-21,16:50:00,6,6,5.96,5.96,373,0
2015-09-22,09:05:00,6.18,6.18,6.18,6.18,100,0
2015-09-22,09:50:00,6.07,6.07,6.07,6.07,100,0
2015-09-22,10:10:00,6.07,6.07,6.07,6.07,120,0
2015-09-22,10:15:00,6.1,6.1,6.1,6.1,130,0
2015-09-22,10:20:00,6.1,6.1,6.1,6.1,100,0
2015-09-22,10:45:00,6.1,6.1,6.1,6.1,450,0
2015-09-22,12:05:00,6.09,6.1,6.09,6.1,496,0
2015-09-22,13:45:00,6.12,6.19,6.1,6.19,525,0
2015-09-22,15:30:00,6.02,6.02,6.02,6.02,32,0
2015-09-22,15:45:00,6.02,6.16,6.02,6.16,464,0
2015-09-22,16:30:00,6.12,6.12,6.12,6.12,326,0
2015-09-22,16:50:00,6.1,6.1,6.1,6.1,4,0
2015-09-23,09:05:00,6.1,6.1,6.1,6.1,70,0
2015-09-23,09:45:00,6.1,6.1,6.1,6.1,325,0
2015-09-23,09:50:00,6.2,6.2,6.2,6.2,87,0
2015-09-23,10:00:00,6.1,6.1,6.1,6.1,25,0
2015-09-23,10:15:00,6.1,6.18,6.1,6.18,415,0
2015-09-23,11:00:00,6.19,6.21,6.19,6.21,531,0
2015-09-23,11:10:00,6.28,6.28,6.28,6.28,5,0
2015-09-23,12:50:00,6.18,6.18,6.12,6.12,496,0
2015-09-23,12:55:00,6.26,6.26,6.26,6.26,230,0
2015-09-23,13:45:00,6.26,6.26,6.26,6.26,20,0
2015-09-23,16:50:00,6.11,6.2,6.11,6.2,214,0
2015-09-24,10:00:00,6.28,6.28,6.28,6.28,135,0
2015-09-24,11:10:00,6.2,6.2,6.2,6.2,200,0
2015-09-24,11:55:00,6.2,6.2,6.2,6.2,500,0
2015-09-24,12:25:00,6.2,6.2,6.2,6.2,258,0
2015-09-24,14:35:00,6.18,6.18,6.18,6.18,110,0
2015-09-24,15:00:00,6.18,6.18,6.18,6.18,18,0
2015-09-24,15:15:00,6.18,6.18,6.18,6.18,7,0
2015-09-25,09:05:00,6.18,6.18,6.18,6.18,200,0
2015-09-25,13:05:00,6.18,6.18,6.18,6.18,315,0
2015-09-25,14:35:00,6.17,6.18,6.17,6.18,260,0
2015-09-25,15:05:00,6.2,6.2,6.2,6.2,538,0
2015-09-25,15:25:00,6.25,6.3,6.25,6.3,475,0
2015-09-25,15:30:00,6.49,6.49,6.49,6.49,50,0
2015-09-25,15:40:00,6.26,6.26,6.25,6.25,144,0
2015-09-25,15:50:00,6.25,6.49,6.25,6.49,182,0
2015-09-25,16:15:00,6.49,6.49,6.49,6.49,200,0
2015-09-25,16:25:00,6.49,6.78,6.49,6.78,338,0
2015-09-28,12:00:00,6.2,6.2,6.2,6.2,330,0
2015-09-28,12:20:00,6.2,6.2,6.2,6.2,170,0
2015-09-28,12:35:00,6.41,6.42,6.41,6.42,685,0
2015-09-28,12:40:00,6.45,6.45,6.45,6.45,90,0
2015-09-28,12:55:00,6.44,6.44,6.44,6.44,100,0
2015-09-28,13:00:00,6.44,6.45,6.44,6.45,178,0
2015-09-28,15:00:00,6.45,6.45,6.45,6.45,10,0
2015-09-28,16:50:00,6.45,6.45,6.45,6.45,235,0
2015-09-29,09:10:00,6.23,6.23,6.2,6.2,352,0
2015-09-29,09:20:00,6.45,6.76,6.45,6.76,285,0
2015-09-29,09:35:00,6.44,6.44,6.44,6.44,100,0
2015-09-29,09:45:00,6.44,6.44,6.44,6.44,50,0
2015-09-29,09:50:00,6.44,6.44,6.44,6.44,50,0
2015-09-29,10:00:00,6.75,6.75,6.75,6.75,79,0
2015-09-29,10:15:00,6.75,6.75,6.75,6.75,280,0
2015-09-29,11:50:00,6.5,6.5,6.5,6.5,100,0
2015-09-29,12:15:00,6.5,6.5,6.5,6.5,96,0
2015-09-29,12:20:00,6.7,6.7,6.7,6.7,40,0
2015-09-29,13:35:00,6.7,6.7,6.7,6.7,30,0
2015-09-29,15:55:00,6.35,6.35,6.1,6.1,4300,0
2015-09-29,16:25:00,6.13,6.2,6.13,6.2,1729,0
2015-09-29,16:30:00,6.29,6.29,6.15,6.29,2502,0
2015-09-29,16:35:00,6.29,6.59,6.29,6.59,177,0
2015-09-29,16:40:00,6.59,6.59,6.59,6.59,342,0
2015-09-29,16:50:00,6.55,6.55,6.55,6.55,5,0
2015-09-30,09:10:00,6.4,6.4,6.4,6.4,1640,0
2015-09-30,09:55:00,6.54,6.54,6.54,6.54,135,0
2015-09-30,10:25:00,6.55,6.55,6.55,6.55,375,0
2015-09-30,11:15:00,6.6,6.65,6.6,6.65,101,0
2015-09-30,12:30:00,6.6,6.6,6.6,6.6,190,0
2015-09-30,14:00:00,6.6,6.6,6.6,6.6,60,0
2015-09-30,15:25:00,6.55,6.55,6.55,6.55,500,0
2015-09-30,16:10:00,6.6,6.6,6.6,6.6,340,0
2015-09-30,16:50:00,6.64,6.64,6.64,6.64,293,0
2015-10-01,09:45:00,6.65,6.65,6.65,6.65,100,0
2015-10-01,10:20:00,6.65,6.65,6.65,6.65,270,0
2015-10-01,10:30:00,6.65,6.65,6.65,6.65,130,0
2015-10-01,11:45:00,6.69,6.69,6.69,6.69,110,0
2015-10-01,13:55:00,6.69,6.69,6.69,6.69,395,0
2015-10-01,14:00:00,6.7,6.7,6.7,6.7,284,0
2015-10-02,09:05:00,6.77,6.77,6.77,6.77,1,0
2015-10-02,09:45:00,6.7,6.7,6.7,6.7,100,0
2015-10-02,11:10:00,6.59,6.59,6.59,6.59,45,0
2015-10-02,13:45:00,6.6,6.7,6.6,6.7,598,0
2015-10-02,16:50:00,6.55,6.55,6.55,6.55,20,0
2015-10-05,09:05:00,6.55,6.55,6.55,6.55,20,0
2015-10-05,09:25:00,6.55,6.55,6.55,6.55,140,0
2015-10-05,09:45:00,6.55,6.55,6.55,6.55,85,0
2015-10-05,09:50:00,6.75,6.75,6.75,6.75,237,0
2015-10-05,10:05:00,6.75,6.75,6.75,6.75,10,0
2015-10-05,10:15:00,6.7,6.7,6.7,6.7,10,0
2015-10-05,16:50:00,6.53,6.53,6.53,6.53,110,0
2015-10-06,09:05:00,6.25,6.25,6.25,6.25,200,0
2015-10-06,09:25:00,6.55,6.55,6.55,6.55,196,0
2015-10-06,09:40:00,6.64,6.64,6.64,6.64,135,0
2015-10-06,13:30:00,6.4,6.4,6.4,6.4,20,0
2015-10-07,09:05:00,6.6,6.6,6.6,6.6,78,0
2015-10-07,09:15:00,6.6,6.6,6.6,6.6,122,0
2015-10-07,09:50:00,6.6,6.6,6.6,6.6,100,0
2015-10-07,09:55:00,6.6,6.6,6.6,6.6,100,0
2015-10-07,11:10:00,6.6,6.6,6.6,6.6,120,0
2015-10-07,12:05:00,6.5,6.5,6.5,6.5,140,0
2015-10-07,12:10:00,6.5,6.5,6.5,6.5,160,0
2015-10-07,12:25:00,6.35,6.35,6.35,6.35,310,0
2015-10-07,12:35:00,6.35,6.35,6.35,6.35,200,0
2015-10-07,12:45:00,6.35,6.35,6.35,6.35,270,0
2015-10-07,12:55:00,6.51,6.51,6.51,6.51,80,0
2015-10-07,13:05:00,6.51,6.51,6.51,6.51,289,0
2015-10-07,13:30:00,6.52,6.52,6.52,6.52,78,0
2015-10-07,14:30:00,6.57,6.57,6.57,6.57,163,0
2015-10-07,14:50:00,6.52,6.59,6.52,6.59,290,0
2015-10-07,14:55:00,6.64,6.64,6.64,6.64,264,0
2015-10-07,15:40:00,6.4,6.4,6.4,6.4,199,0
2015-10-07,16:00:00,6.6,6.6,6.6,6.6,184,0
2015-10-07,16:50:00,6.41,6.6,6.41,6.6,385,0
2015-10-08,09:10:00,6.64,6.64,6.64,6.64,200,0
2015-10-08,10:05:00,6.5,6.5,6.5,6.5,100,0
2015-10-08,10:55:00,6.57,6.57,6.57,6.57,137,0
2015-10-08,14:00:00,6.57,6.57,6.57,6.57,750,0
2015-10-08,14:55:00,6.41,6.41,6.41,6.41,199,0
2015-10-09,10:40:00,6.43,6.43,6.43,6.43,200,0
2015-10-09,11:35:00,6.43,6.59,6.43,6.59,1234,0
2015-10-09,13:25:00,6.5,6.5,6.43,6.43,905,0
2015-10-09,14:10:00,6.43,6.43,6.43,6.43,175,0
2015-10-09,15:05:00,6.4,6.43,6.4,6.43,420,0
2015-10-09,16:30:00,6.38,6.38,6.35,6.35,700,0
2015-10-09,16:35:00,6.43,6.43,6.43,6.43,431,0
2015-10-09,16:45:00,6.55,6.56,6.55,6.56,709,0
2015-10-09,16:50:00,6.46,6.46,6.46,6.46,135,0
2015-10-12,09:05:00,6.57,6.57,6.57,6.57,140,0
2015-10-12,09:35:00,6.55,6.57,6.55,6.57,310,0
2015-10-12,09:40:00,6.6,6.6,6.6,6.6,200,0
2015-10-12,11:15:00,6.52,6.59,6.52,6.59,930,0
2015-10-12,11:35:00,6.5,6.59,6.5,6.59,952,0
2015-10-12,15:20:00,6.57,6.57,6.57,6.57,128,0
2015-10-12,16:00:00,6.57,6.57,6.57,6.57,300,0
2015-10-12,16:45:00,6.46,6.46,6.46,6.46,50,0
2015-10-12,16:50:00,6.46,6.58,6.46,6.58,326,0
2015-10-13,09:05:00,6.64,6.64,6.5,6.5,125,0
2015-10-13,09:10:00,6.5,6.63,6.5,6.63,270,0
2015-10-13,09:20:00,6.64,6.64,6.64,6.64,100,0
2015-10-13,11:50:00,6.5,6.5,6.5,6.5,300,0
2015-10-13,12:20:00,6.45,6.45,6.42,6.42,195,0
2015-10-13,13:40:00,6.44,6.64,6.44,6.64,525,0
2015-10-13,13:50:00,6.42,6.42,6.4,6.4,759,0
2015-10-13,13:55:00,6.67,6.67,6.67,6.67,222,0
2015-10-13,14:55:00,6.63,6.75,6.63,6.72,11994,0
2015-10-13,15:00:00,6.72,6.72,6.72,6.72,11222,0
2015-10-13,15:10:00,6.72,6.72,6.72,6.72,415,0
2015-10-13,15:15:00,6.72,6.72,6.72,6.72,363,0
2015-10-13,16:05:00,6.71,6.71,6.42,6.42,85,0
2015-10-13,16:15:00,6.79,6.79,6.79,6.79,261,0
2015-10-13,16:40:00,6.79,6.79,6.79,6.79,69,0
2015-10-13,16:50:00,6.51,6.78,6.5,6.5,1341,0
2015-10-14,09:05:00,6.67,6.67,6.42,6.42,650,0
2015-10-14,09:30:00,6.42,6.42,6.42,6.42,280,0
2015-10-14,10:25:00,6.44,6.44,6.4,6.4,2438,0
2015-10-14,10:40:00,6.4,6.4,6.4,6.4,380,0
2015-10-14,10:50:00,6.45,6.45,6.45,6.45,250,0
2015-10-14,10:55:00,6.4,6.4,6.4,6.4,200,0
2015-10-14,11:10:00,6.59,6.59,6.59,6.59,79,0
2015-10-14,11:20:00,6.4,6.4,6.4,6.4,217,0
2015-10-14,11:40:00,6.56,6.56,6.56,6.56,117,0
2015-10-14,12:15:00,6.45,6.45,6.45,6.45,250,0
2015-10-14,13:00:00,6.54,6.54,6.54,6.54,115,0
2015-10-14,16:10:00,6.48,6.5,6.48,6.5,2685,0
2015-10-14,16:20:00,6.5,6.55,6.5,6.55,540,0
2015-10-14,16:35:00,6.5,6.55,6.5,6.5,470,0
2015-10-14,16:50:00,6.5,6.5,6.5,6.5,1655,0
2015-10-15,09:05:00,6.5,6.5,6.5,6.5,700,0
2015-10-15,09:30:00,6.5,6.61,6.5,6.61,587,0
2015-10-15,10:15:00,6.62,6.62,6.62,6.62,120,0
2015-10-15,11:10:00,6.62,6.62,6.62,6.62,7,0
2015-10-15,12:15:00,6.52,6.6,6.52,6.6,517,0
2015-10-15,14:20:00,6.51,6.62,6.51,6.62,229,0
2015-10-16,09:10:00,6.62,6.64,6.62,6.64,370,0
2015-10-16,11:35:00,6.5,6.5,6.5,6.5,129,0
2015-10-16,11:45:00,6.62,6.62,6.62,6.62,77,0
2015-10-16,12:40:00,6.62,6.62,6.62,6.62,120,0
2015-10-16,13:35:00,6.62,6.62,6.62,6.62,863,0
2015-10-16,14:10:00,6.64,6.64,6.64,6.64,76,0
2015-10-16,14:55:00,6.64,6.64,6.64,6.64,691,0
2015-10-16,15:15:00,6.64,6.67,6.64,6.67,2538,0
2015-10-16,15:30:00,6.69,6.69,6.69,6.69,100,0
2015-10-16,16:30:00,6.69,6.69,6.69,6.69,1280,0
2015-10-16,16:50:00,6.69,6.69,6.69,6.69,235,0
2015-10-19,09:45:00,6.69,6.8,6.69,6.8,1815,0
2015-10-19,09:50:00,6.85,6.85,6.85,6.85,76,0
2015-10-19,11:05:00,6.85,6.85,6.85,6.85,552,0
2015-10-19,13:10:00,6.85,6.9,6.85,6.9,3900,0
2015-10-19,13:40:00,6.98,6.98,6.98,6.98,530,0
2015-10-19,13:50:00,6.9,6.98,6.9,6.98,669,0
2015-10-19,14:20:00,6.98,6.98,6.98,6.98,1500,0
2015-10-19,14:50:00,6.9,6.9,6.9,6.9,306,0
2015-10-19,14:55:00,6.98,6.98,6.98,6.98,290,0
2015-10-19,15:05:00,6.98,6.98,6.98,6.98,200,0
2015-10-19,15:15:00,6.98,6.98,6.98,6.98,500,0
2015-10-19,15:20:00,6.98,6.98,6.98,6.98,361,0
2015-10-19,15:30:00,6.99,6.99,6.99,6.99,1440,0
2015-10-19,15:35:00,7.03,7.04,7.03,7.04,600,0
2015-10-19,15:40:00,7.05,7.05,7,7.05,850,0
2015-10-19,15:45:00,7.05,7.05,7.05,7.05,450,0
2015-10-19,16:10:00,7.05,7.09,7.05,7.09,599,0
2015-10-20,09:05:00,7.03,7.03,7.03,7.03,248,0
2015-10-20,09:20:00,7.04,7.04,7.04,7.04,10,0
2015-10-20,09:30:00,7,7,7,7,220,0
2015-10-20,09:35:00,7,7,7,7,140,0
2015-10-20,09:55:00,7.04,7.04,7.04,7.04,106,0
2015-10-20,10:00:00,7,7,7,7,100,0
2015-10-20,10:10:00,7.1,7.12,7.1,7.12,1350,0
2015-10-20,10:15:00,7.12,7.12,7.12,7.12,500,0
2015-10-20,10:20:00,7.17,7.17,7.17,7.17,1100,0
2015-10-20,10:25:00,7.17,7.17,7.17,7.17,27,0
2015-10-20,10:30:00,7.12,7.17,7.12,7.17,669,0
2015-10-20,10:45:00,7.15,7.17,7.12,7.17,1304,0
2015-10-20,11:00:00,7.17,7.17,7.17,7.17,782,0
2015-10-20,11:05:00,7.17,7.17,7.17,7.17,300,0
2015-10-20,11:15:00,7.17,7.17,7.17,7.17,249,0
2015-10-20,11:20:00,7.17,7.17,7.17,7.17,221,0
2015-10-20,11:35:00,7.18,7.18,7.18,7.18,494,0
2015-10-20,11:45:00,7.18,7.18,7.18,7.18,6,0
2015-10-20,11:50:00,7.2,7.25,7.2,7.25,210,0
2015-10-20,12:20:00,7.25,7.25,7.25,7.25,12,0
2015-10-20,12:45:00,7.2,7.25,7.2,7.25,600,0
2015-10-20,13:15:00,7.25,7.25,7.25,7.25,100,0
2015-10-20,14:35:00,7.18,7.23,7.18,7.23,762,0
2015-10-20,15:00:00,7.22,7.22,7.22,7.22,66,0
2015-10-20,16:00:00,7.15,7.15,7.15,7.15,180,0
2015-10-20,16:50:00,7.21,7.21,7.21,7.21,731,0
2015-10-21,09:15:00,7.25,7.25,7.25,7.25,128,0
2015-10-21,09:30:00,7.3,7.3,7.3,7.3,100,0
2015-10-21,09:35:00,7.3,7.3,7.3,7.3,10,0
2015-10-21,09:55:00,7.2,7.2,7.2,7.2,140,0
2015-10-21,10:25:00,7.2,7.2,7.2,7.2,220,0
2015-10-21,10:45:00,7.2,7.2,7.2,7.2,100,0
2015-10-21,10:50:00,7.2,7.2,7.2,7.2,180,0
2015-10-21,12:05:00,7.2,7.23,7.2,7.23,196,0
2015-10-21,12:25:00,7.19,7.19,7.18,7.18,355,0
2015-10-21,12:30:00,7.2,7.2,7.2,7.2,243,0
2015-10-21,12:35:00,7.23,7.23,7.23,7.23,514,0
2015-10-21,13:15:00,7.19,7.19,7.19,7.19,335,0
2015-10-21,13:25:00,7.28,7.3,7.28,7.3,994,0
2015-10-21,13:30:00,7.33,7.33,7.33,7.33,200,0
2015-10-21,14:15:00,7.33,7.33,7.33,7.33,160,0
2015-10-21,14:20:00,7.35,7.35,7.35,7.35,149,0
2015-10-21,14:45:00,7.3,7.3,7.3,7.3,250,0
2015-10-21,15:05:00,7.3,7.3,7.3,7.3,200,0
2015-10-21,15:10:00,7.35,7.35,7.35,7.35,200,0
2015-10-21,15:15:00,7.3,7.35,7.3,7.35,631,0
2015-10-21,15:20:00,7.39,7.39,7.39,7.39,135,0
2015-10-21,15:40:00,7.4,7.4,7.4,7.4,100,0
2015-10-21,16:50:00,7.4,7.4,7.4,7.4,135,0
2015-10-22,09:25:00,7.3,7.3,7.3,7.3,200,0
2015-10-22,10:45:00,7.3,7.37,7.3,7.37,335,0
2015-10-22,11:00:00,7.37,7.37,7.37,7.37,200,0
2015-10-22,11:05:00,7.37,7.37,7.37,7.37,430,0
2015-10-22,12:05:00,7.3,7.36,7.3,7.36,287,0
2015-10-22,12:45:00,7.35,7.36,7.35,7.36,330,0
2015-10-22,12:50:00,7.3,7.3,7.3,7.3,100,0
2015-10-22,12:55:00,7.3,7.3,7.3,7.3,200,0
2015-10-22,13:05:00,7.28,7.33,7.28,7.33,1430,0
2015-10-22,13:45:00,7.36,7.36,7.36,7.36,87,0
2015-10-22,15:45:00,7.36,7.36,7.36,7.36,2104,0
2015-10-22,15:50:00,7.36,7.36,7.36,7.36,393,0
2015-10-22,16:50:00,7.36,7.36,7.36,7.36,200,0
2015-10-23,09:05:00,7.36,7.36,7.36,7.36,200,0
2015-10-23,09:20:00,7.36,7.36,7.36,7.36,111,0
2015-10-23,09:50:00,7.36,7.45,7.36,7.45,377,0
2015-10-23,10:05:00,7.45,7.5,7.45,7.5,900,0
2015-10-23,10:10:00,7.5,7.5,7.5,7.5,129,0
2015-10-23,10:35:00,7.5,7.5,7.5,7.5,10,0
2015-10-23,10:45:00,7.45,7.45,7.45,7.45,250,0
2015-10-23,11:10:00,7.5,7.5,7.5,7.5,100,0
2015-10-23,11:15:00,7.5,7.5,7.5,7.5,363,0
2015-10-23,11:20:00,7.46,7.5,7.46,7.5,538,0
2015-10-23,11:50:00,7.52,7.52,7.52,7.52,100,0
2015-10-23,11:55:00,7.52,7.59,7.52,7.59,1000,0
2015-10-23,12:25:00,7.58,7.58,7.58,7.58,1006,0
2015-10-23,13:40:00,7.51,7.57,7.51,7.57,290,0
2015-10-23,15:45:00,7.56,7.56,7.56,7.56,11,0
2015-10-23,16:50:00,7.53,7.53,7.53,7.53,59,0
2015-10-26,09:05:00,7.53,7.58,7.53,7.58,379,0
2015-10-26,09:40:00,7.57,7.57,7.57,7.57,10,0
2015-10-26,10:50:00,7.57,7.57,7.57,7.57,135,0
2015-10-26,11:00:00,7.57,7.57,7.57,7.57,30,0
2015-10-26,11:55:00,7.57,7.57,7.57,7.57,100,0
2015-10-26,12:20:00,7.57,7.57,7.57,7.57,1086,0
2015-10-26,12:25:00,7.58,7.58,7.58,7.58,180,0
2015-10-26,13:10:00,7.57,7.57,7.57,7.57,1,0
2015-10-26,13:25:00,7.48,7.48,7.48,7.48,195,0
2015-10-26,13:30:00,7.58,7.58,7.58,7.58,79,0
2015-10-26,14:20:00,7.57,7.57,7.57,7.57,121,0
2015-10-26,14:25:00,7.58,7.58,7.58,7.58,413,0
2015-10-26,15:00:00,7.55,7.58,7.55,7.58,300,0
2015-10-26,15:05:00,7.58,7.58,7.58,7.58,17,0
2015-10-26,15:30:00,7.36,7.36,7.36,7.36,110,0
2015-10-26,15:40:00,7.55,7.55,7.55,7.55,250,0
2015-10-26,16:00:00,7.36,7.58,7.36,7.36,1379,0
2015-10-26,16:05:00,7.36,7.36,7.36,7.36,200,0
2015-10-26,16:10:00,7.5,7.5,7.5,7.5,200,0
2015-10-26,16:20:00,7.36,7.36,7.36,7.36,100,0
2015-10-26,16:25:00,7.58,7.58,7.58,7.58,76,0
2015-10-27,09:05:00,7.36,7.36,7.36,7.36,6,0
2015-10-27,10:30:00,7.45,7.45,7.45,7.45,10,0
2015-10-27,10:55:00,7.58,7.58,7.58,7.58,79,0
2015-10-27,11:20:00,7.36,7.36,7.36,7.36,120,0
2015-10-27,12:00:00,7.48,7.58,7.48,7.58,298,0
2015-10-27,14:30:00,7.48,7.58,7.48,7.58,1213,0
2015-10-27,15:25:00,7.58,7.58,7.58,7.58,200,0
2015-10-28,09:50:00,7.5,7.5,7.5,7.5,140,0
2015-10-28,10:05:00,7.5,7.59,7.5,7.59,1000,0
2015-10-28,10:15:00,7.5,7.5,7.5,7.5,143,0
2015-10-28,10:55:00,7.59,7.59,7.59,7.59,40,0
2015-10-28,11:00:00,7.59,7.59,7.59,7.59,1000,0
2015-10-28,11:30:00,7.55,7.58,7.5,7.58,691,0
2015-10-28,11:40:00,7.58,7.58,7.52,7.58,550,0
2015-10-28,12:55:00,7.58,7.58,7.58,7.58,579,0
2015-10-28,13:00:00,7.58,7.58,7.58,7.58,372,0
2015-10-28,13:20:00,7.58,7.58,7.58,7.58,191,0
2015-10-28,13:25:00,7.58,7.58,7.58,7.58,100,0
2015-10-28,14:10:00,7.58,7.58,7.58,7.58,341,0
2015-10-28,14:15:00,7.58,7.58,7.58,7.58,150,0
2015-10-28,15:05:00,7.58,7.59,7.58,7.59,900,0
2015-10-28,15:10:00,7.59,7.63,7.59,7.63,247,0
2015-10-28,15:15:00,7.63,7.65,7.63,7.65,50,0
2015-10-28,15:30:00,7.62,7.62,7.62,7.62,248,0
2015-10-28,16:00:00,7.65,7.65,7.65,7.65,89,0
2015-10-29,09:05:00,7.65,7.65,7.65,7.65,100,0
2015-10-29,09:15:00,7.65,7.65,7.65,7.65,100,0
2015-10-29,09:20:00,7.6,7.65,7.55,7.65,999,0
2015-10-29,09:25:00,7.65,7.65,7.65,7.65,100,0
2015-10-29,09:30:00,7.65,7.65,7.65,7.65,38,0
2015-10-29,10:15:00,7.61,7.61,7.6,7.6,464,0
2015-10-29,10:35:00,7.6,7.6,7.6,7.6,100,0
2015-10-29,10:55:00,7.61,7.65,7.6,7.65,596,0
2015-10-29,11:55:00,7.59,7.65,7.55,7.65,549,0
2015-10-29,12:55:00,7.66,7.66,7.66,7.66,196,0
2015-10-29,15:15:00,7.58,7.69,7.58,7.69,398,0
2015-10-29,16:00:00,7.58,7.69,7.58,7.69,437,0
2015-10-30,10:10:00,7.69,7.69,7.69,7.69,200,0
2015-10-30,10:20:00,7.69,7.69,7.69,7.69,529,0
2015-10-30,11:35:00,7.69,7.69,7.69,7.69,100,0
2015-10-30,12:10:00,7.69,7.71,7.69,7.71,250,0
2015-10-30,14:55:00,7.69,7.69,7.69,7.69,153,0
2015-10-30,15:55:00,7.62,7.62,7.58,7.58,394,0
2015-11-02,10:05:00,7.58,7.58,7.58,7.58,715,0
2015-11-02,10:55:00,7.68,7.69,7.68,7.69,328,0
2015-11-02,11:00:00,7.69,7.69,7.69,7.69,186,0
2015-11-02,11:40:00,7.68,7.68,7.68,7.68,45,0
2015-11-02,11:45:00,7.69,7.69,7.69,7.69,32,0
2015-11-02,12:50:00,7.58,7.58,7.58,7.58,135,0
2015-11-02,12:55:00,7.69,7.69,7.69,7.69,100,0
2015-11-02,13:45:00,7.68,7.68,7.68,7.68,158,0
2015-11-02,14:25:00,7.6,7.6,7.6,7.6,113,0
2015-11-02,16:25:00,7.6,7.65,7.6,7.65,1037,0
2015-11-02,16:30:00,7.68,7.68,7.68,7.68,20,0
2015-11-03,09:25:00,7.68,7.68,7.68,7.68,79,0
2015-11-03,10:55:00,7.65,7.65,7.65,7.65,313,0
2015-11-03,11:10:00,7.68,7.68,7.68,7.68,5,0
2015-11-03,11:20:00,7.65,7.65,7.65,7.65,867,0
2015-11-03,14:30:00,7.65,7.65,7.65,7.65,13,0
2015-11-03,14:35:00,7.66,7.66,7.66,7.66,152,0
2015-11-03,14:40:00,7.66,7.66,7.66,7.66,257,0
2015-11-03,15:25:00,7.66,7.66,7.66,7.66,8,0
2015-11-03,16:50:00,7.53,7.66,7.52,7.66,1266,0
2015-11-04,09:05:00,7.64,7.64,7.5,7.5,253,0
2015-11-04,10:00:00,7.45,7.45,7.45,7.45,140,0
2015-11-04,10:25:00,7.37,7.37,7.37,7.37,100,0
2015-11-04,10:30:00,7.37,7.37,7.36,7.36,616,0
2015-11-04,10:35:00,7.36,7.36,7.36,7.36,207,0
2015-11-04,11:15:00,7.36,7.44,7.36,7.44,691,0
2015-11-04,11:40:00,7.45,7.6,7.45,7.6,433,0
2015-11-04,12:35:00,7.36,7.36,7.36,7.36,75,0
2015-11-04,13:05:00,7.37,7.59,7.37,7.59,86,0
2015-11-04,16:15:00,7.37,7.37,7.37,7.37,190,0
2015-11-04,16:20:00,7.36,7.49,7.36,7.49,315,0
2015-11-04,16:50:00,7.5,7.5,7.5,7.5,200,0
2015-11-05,10:00:00,7.5,7.5,7.5,7.5,80,0
2015-11-05,11:05:00,7.36,7.36,7.36,7.36,30,0
2015-11-05,14:35:00,7.36,7.36,7.36,7.36,236,0
2015-11-05,14:40:00,7.36,7.36,7.36,7.36,300,0
2015-11-05,15:10:00,7.36,7.36,7.36,7.36,500,0
2015-11-06,09:35:00,7.36,7.4,7.36,7.4,501,0
2015-11-06,09:45:00,7.36,7.36,7.36,7.36,400,0
2015-11-06,10:10:00,7.36,7.36,7.1,7.1,650,0
2015-11-06,11:10:00,7.4,7.4,7.4,7.4,76,0
2015-11-06,11:20:00,7.12,7.12,7.12,7.12,120,0
2015-11-06,12:35:00,7.4,7.4,7.4,7.4,79,0
2015-11-06,12:45:00,7.4,7.4,7.4,7.4,100,0
2015-11-06,16:50:00,7.39,7.39,7.39,7.39,77,0
2015-11-09,09:30:00,7.37,7.37,7.37,7.37,76,0
2015-11-09,11:50:00,7.16,7.16,7.16,7.16,500,0
2015-11-09,14:40:00,7.2,7.2,7.2,7.2,1000,0
2015-11-09,15:10:00,7.2,7.2,7.2,7.2,120,0
2015-11-09,15:25:00,7.16,7.16,7.16,7.16,1500,0
2015-11-09,15:30:00,7.16,7.16,7.16,7.16,2000,0
2015-11-09,16:35:00,7.1,7.16,7.1,7.16,400,0
2015-11-09,16:40:00,7.16,7.16,7.16,7.16,150,0
2015-11-09,16:50:00,7.1,7.16,7.08,7.16,620,0
2015-11-10,09:15:00,7.4,7.4,7.4,7.4,77,0
2015-11-10,15:55:00,7.05,7.05,7,7,840,0
2015-11-10,16:45:00,6.98,6.98,6.98,6.98,112,0
2015-11-10,16:50:00,7.39,7.39,7.39,7.39,150,0
2015-11-12,09:05:00,7.38,7.38,7.38,7.38,200,0
2015-11-12,09:20:00,7.38,7.38,7.38,7.38,42,0
2015-11-12,09:25:00,7.4,7.4,7.4,7.4,76,0
2015-11-12,10:40:00,7.01,7.01,7,7,4000,0
2015-11-12,11:35:00,7,7,7,7,383,0
2015-11-12,11:40:00,7,7,7,7,1500,0
2015-11-12,11:55:00,7,7,7,7,150,0
2015-11-12,12:05:00,7,7,7,7,1506,0
2015-11-12,12:10:00,7,7,7,7,500,0
2015-11-12,12:20:00,7,7,7,7,850,0
2015-11-12,12:25:00,7.35,7.35,7.35,7.35,79,0
2015-11-13,09:05:00,7.3,7.3,7.3,7.3,50,0
2015-11-13,09:25:00,7.11,7.4,7.11,7.4,741,0
2015-11-13,10:10:00,7.11,7.11,7.11,7.11,1500,0
2015-11-13,10:15:00,7.19,7.19,7.19,7.19,79,0
2015-11-13,10:30:00,7.19,7.19,7.19,7.19,41,0
2015-11-13,10:45:00,7.11,7.16,7.11,7.11,1576,0
2015-11-13,11:10:00,7.11,7.11,7.11,7.11,500,0
2015-11-13,11:40:00,7.11,7.11,7.11,7.11,410,0
2015-11-13,11:45:00,7.11,7.11,7.11,7.11,590,0
2015-11-13,12:40:00,7.11,7.11,7.11,7.11,410,0
2015-11-13,13:05:00,7.06,7.06,7.06,7.06,100,0
2015-11-13,13:35:00,7.1,7.1,7.1,7.1,100,0
2015-11-13,14:40:00,7.05,7.05,7.04,7.04,300,0
2015-11-13,15:20:00,7.08,7.08,7.08,7.08,304,0
2015-11-13,15:50:00,7.04,7.04,7,7,683,0
2015-11-13,16:05:00,7,7,7,7,317,0
2015-11-13,16:40:00,6.99,7,6.99,7,340,0
2015-11-13,16:50:00,7.35,7.35,7.35,7.35,240,0
2015-11-16,13:00:00,6.85,6.85,6.85,6.85,200,0
2015-11-16,13:05:00,6.77,6.84,6.5,6.84,2409,0
2015-11-16,13:10:00,6.82,6.82,6.82,6.82,70,0
2015-11-16,13:45:00,6.52,6.52,6.5,6.5,1523,0
2015-11-16,14:30:00,6.77,6.77,6.77,6.77,71,0
2015-11-16,14:45:00,6.45,6.45,6.45,6.45,48,0
2015-11-16,14:50:00,6.45,6.77,6.45,6.77,1120,0
2015-11-16,14:55:00,6.76,6.76,6.76,6.76,38,0
2015-11-16,16:50:00,6.37,6.37,6.3,6.3,2313,0
2015-11-17,09:15:00,6.31,6.45,6.31,6.45,1664,0
2015-11-17,09:20:00,6.54,6.54,6.3,6.3,1989,0
2015-11-17,09:25:00,6.92,6.92,6.92,6.92,76,0
2015-11-17,09:50:00,6.43,6.43,6.43,6.43,243,0
2015-11-17,10:10:00,6.92,6.92,6.92,6.92,79,0
2015-11-17,10:20:00,6.42,6.42,6.42,6.42,243,0
2015-11-17,10:40:00,6.89,6.89,6.89,6.89,62,0
2015-11-17,11:15:00,6.7,6.7,6.7,6.7,11,0
2015-11-17,11:20:00,6.69,6.69,6.69,6.69,112,0
2015-11-17,11:30:00,6.69,6.69,6.69,6.69,93,0
2015-11-17,11:45:00,6.69,6.69,6.5,6.5,746,0
2015-11-17,12:05:00,6.5,6.5,6.5,6.5,1000,0
2015-11-17,12:10:00,6.5,6.93,6.5,6.93,1483,0
2015-11-17,13:20:00,6.5,6.5,6.5,6.5,136,0
2015-11-17,13:30:00,6.5,6.5,6.5,6.5,700,0
2015-11-17,13:55:00,6.51,6.51,6.43,6.43,864,0
2015-11-17,14:40:00,6.43,6.43,6.43,6.43,300,0
2015-11-17,15:00:00,6.69,6.9,6.69,6.9,133,0
2015-11-18,09:05:00,6.87,6.87,6.87,6.87,100,0
2015-11-18,16:30:00,6.6,6.6,6.6,6.6,188,0
2015-11-19,09:15:00,6.85,6.85,6.85,6.85,100,0
2015-11-19,09:20:00,6.6,6.7,6.6,6.7,442,0
2015-11-19,09:50:00,6.7,6.7,6.7,6.7,500,0
2015-11-19,11:50:00,6.6,6.6,6.6,6.6,472,0
2015-11-19,12:20:00,6.6,6.6,6.6,6.6,1000,0
2015-11-19,12:35:00,6.49,6.49,6.3,6.3,2530,0
2015-11-19,13:00:00,6.3,6.3,6.3,6.3,109,0
2015-11-19,13:25:00,6.41,6.59,6.41,6.59,254,0
2015-11-19,15:00:00,6.6,6.6,6.6,6.6,76,0
2015-11-19,16:50:00,6.6,6.6,6.6,6.6,8,0
2015-11-20,09:35:00,6.6,6.6,6.6,6.6,1808,0
2015-11-20,09:40:00,6.6,6.6,6.6,6.6,402,0
2015-11-20,11:50:00,6.19,6.19,6.18,6.18,200,0
2015-11-20,12:00:00,6.2,6.2,6.2,6.2,120,0
2015-11-20,12:40:00,6.55,6.55,6.55,6.55,160,0
2015-11-20,15:55:00,6.23,6.23,6.2,6.2,1421,0
2015-11-20,16:50:00,6.47,6.47,6.47,6.47,5,0
2015-11-23,09:05:00,6.59,6.59,6.59,6.59,100,0
2015-11-23,14:45:00,6.25,6.25,6.18,6.18,600,0
2015-11-23,14:55:00,6.56,6.56,6.56,6.56,79,0
2015-11-23,16:10:00,6.39,6.39,6.39,6.39,1,0
2015-11-23,16:40:00,6.39,6.39,6.39,6.39,119,0
2015-11-23,16:50:00,6.54,6.54,6.54,6.54,5,0
2015-11-24,09:05:00,6.49,6.49,6.49,6.49,50,0
2015-11-24,11:45:00,6.29,6.29,6.29,6.29,97,0
2015-11-24,12:00:00,6.2,6.2,6.15,6.15,500,0
2015-11-24,12:20:00,6.15,6.29,6.15,6.29,965,0
2015-11-24,12:25:00,6.48,6.48,6.48,6.48,99,0
2015-11-24,13:45:00,6.17,6.17,6.06,6.06,500,0
2015-11-24,14:10:00,6.2,6.2,6.2,6.2,100,0
2015-11-24,15:40:00,6.25,6.25,6.25,6.25,128,0
2015-11-25,09:10:00,6.59,6.59,6.59,6.59,78,0
2015-11-25,10:55:00,6.45,6.45,6.45,6.45,26,0
2015-11-25,11:00:00,6.45,6.45,6.45,6.45,74,0
2015-11-25,15:20:00,6.49,6.49,6.49,6.49,98,0
2015-11-26,09:05:00,6.49,6.49,6.49,6.49,98,0
2015-11-26,09:10:00,6.49,6.49,6.49,6.49,272,0
2015-11-26,09:20:00,6.49,6.58,6.49,6.58,130,0
2015-11-26,14:50:00,6.12,6.3,6.12,6.3,219,0
2015-11-26,15:25:00,6.35,6.35,6.35,6.35,20,0
2015-11-26,16:45:00,6.3,6.3,6.3,6.3,475,0
2015-11-26,16:50:00,6.16,6.3,6.16,6.3,564,0
2015-11-27,09:40:00,6.2,6.2,6.2,6.2,480,0
2015-11-27,10:15:00,6.44,6.44,6.44,6.44,31,0
2015-11-27,14:10:00,6.14,6.14,6.14,6.14,30,0
2015-11-27,14:40:00,6.15,6.15,6.13,6.13,490,0
2015-11-27,16:45:00,6.24,6.24,6.24,6.24,250,0
2015-11-27,16:50:00,6.14,6.14,6.14,6.14,909,0
2015-11-30,09:05:00,6.45,6.45,6.45,6.45,110,0
2015-11-30,12:20:00,6.17,6.17,6.17,6.17,500,0
2015-11-30,12:35:00,6.36,6.36,6.36,6.36,79,0
2015-11-30,14:35:00,6.3,6.3,6.3,6.3,50,0
2015-11-30,14:45:00,6.3,6.3,6.3,6.3,350,0
2015-11-30,15:20:00,6.36,6.36,6.36,6.36,521,0
2015-11-30,15:30:00,6.4,6.4,6.4,6.4,950,0
2015-11-30,15:35:00,6.4,6.41,6.4,6.41,660,0
2015-11-30,15:55:00,6.4,6.4,6.4,6.4,250,0
2015-11-30,16:00:00,6.4,6.4,6.4,6.4,1279,0
2015-11-30,16:35:00,6.35,6.35,6.17,6.17,315,0
2015-11-30,16:40:00,6.4,6.4,6.4,6.4,89,0
2015-12-01,09:15:00,6.45,6.45,6.45,6.45,351,0
2015-12-01,13:35:00,6.42,6.42,6.42,6.42,200,0
2015-12-01,13:55:00,6.25,6.25,6.25,6.25,230,0
2015-12-01,14:35:00,6.17,6.17,6.17,6.17,225,0
2015-12-01,14:40:00,6.15,6.15,6.12,6.12,276,0
2015-12-01,15:15:00,6.35,6.35,6.35,6.35,165,0
2015-12-01,15:25:00,6.37,6.37,6.37,6.37,87,0
2015-12-01,16:25:00,6.3,6.37,6.3,6.37,1323,0
2015-12-01,16:30:00,6.41,6.41,6.41,6.41,76,0
2015-12-02,10:00:00,6.44,6.44,6.44,6.44,79,0
2015-12-02,13:10:00,6.2,6.2,6.2,6.2,323,0
2015-12-02,13:15:00,6.2,6.2,6.2,6.2,177,0
2015-12-02,13:55:00,6.2,6.2,6.2,6.2,1000,0
2015-12-02,14:10:00,6.29,6.29,6.29,6.29,76,0
2015-12-02,14:15:00,6.2,6.2,6.15,6.15,1020,0
2015-12-02,14:25:00,6.1,6.1,6.1,6.1,250,0
2015-12-02,14:30:00,6.1,6.1,6.1,6.1,150,0
2015-12-02,14:40:00,6.1,6.1,6.1,6.1,200,0
2015-12-02,15:45:00,6.2,6.2,6.2,6.2,150,0
2015-12-02,15:50:00,6.1,6.1,6.1,6.1,600,0
2015-12-02,16:00:00,6.2,6.43,6.2,6.43,178,0
2015-12-02,16:25:00,6.4,6.42,6.4,6.42,200,0
2015-12-03,09:20:00,6.4,6.4,6.4,6.4,200,0
2015-12-03,11:35:00,6.17,6.17,6.16,6.16,350,0
2015-12-03,12:00:00,6.28,6.28,6.28,6.28,150,0
2015-12-03,12:25:00,6.13,6.13,6.12,6.12,243,0
2015-12-03,12:30:00,6.16,6.3,6.16,6.3,240,0
2015-12-03,14:15:00,6.29,6.3,6.29,6.3,1137,0
2015-12-03,14:25:00,6.4,6.4,6.4,6.4,12,0
2015-12-04,11:00:00,6.09,6.09,6.06,6.06,1000,0
2015-12-04,11:05:00,6.2,6.2,6.2,6.2,78,0
2015-12-04,12:50:00,6.19,6.19,6.19,6.19,240,0
2015-12-04,13:05:00,6.2,6.2,6.2,6.2,272,0
2015-12-04,13:30:00,6.35,6.35,6.35,6.35,87,0
2015-12-04,15:10:00,6.33,6.33,6.33,6.33,113,0
2015-12-04,15:15:00,6.34,6.34,6.34,6.34,127,0
2015-12-04,16:50:00,6.38,6.39,6.38,6.39,302,0
