2016-03-07,11:05:00,1.01,1.01,1.01,1.01,4,0
2016-03-07,15:05:00,1.03,1.03,1.03,1.03,2481,0
2016-03-08,11:05:00,1.04,1.04,1.04,1.04,586,0
2016-03-08,15:05:00,1.04,1.04,1.04,1.04,65,0
2016-03-09,11:05:00,1.01,1.01,1.01,1.01,10,0
2016-03-09,15:05:00,1.11,1.11,1.11,1.11,172,0
2016-03-10,11:05:00,1.03,1.03,1.03,1.03,12,0
2016-03-10,15:05:00,1.02,1.02,1.02,1.02,78,0
2016-03-11,11:05:00,1.02,1.02,1.02,1.02,34,0
2016-03-11,15:05:00,1.02,1.02,1.02,1.02,8,0
2016-03-14,15:05:00,1.04,1.04,1.04,1.04,1000,0
2016-03-15,11:05:00,1.03,1.03,1.03,1.03,6,0
2016-03-15,15:05:00,1.03,1.03,1.03,1.03,1527,0
2016-03-16,11:05:00,1.02,1.02,1.02,1.02,27,0
2016-03-16,15:05:00,1.02,1.02,1.02,1.02,30,0
2016-03-17,15:05:00,1.02,1.02,1.02,1.02,45,0
2016-03-18,11:05:00,1.03,1.03,1.03,1.03,25,0
2016-03-18,15:05:00,1.03,1.03,1.03,1.03,8,0
