2016-03-07,10:50:00,1.5,1.5,1.5,1.5,700,0
2016-03-08,10:20:00,1.45,1.45,1.45,1.45,1240,0
2016-03-08,13:05:00,1.45,1.45,1.45,1.45,750,0
2016-03-08,13:35:00,1.5,1.5,1.5,1.5,1000,0
2016-03-08,13:40:00,1.55,1.55,1.55,1.55,500,0
2016-03-08,13:55:00,1.55,1.55,1.55,1.55,5787,0
2016-03-08,14:10:00,1.55,1.55,1.55,1.55,7683,0
2016-03-08,14:55:00,1.55,1.55,1.55,1.55,3000,0
2016-03-09,16:30:00,1.5,1.5,1.5,1.5,4605,0
2016-03-10,16:30:00,1.5,1.5,1.5,1.5,80,0
2016-03-15,09:05:00,1.5,1.5,1.5,1.5,315,0
2016-03-15,11:55:00,1.5,1.5,1.5,1.5,385,0
2016-03-16,15:10:00,1.55,1.55,1.55,1.55,6235,0
2016-03-17,09:30:00,1.55,1.55,1.55,1.55,7044,0
