2016-03-07,09:05:00,0.9,0.9,0.9,0.9,11000,0
2016-03-07,09:35:00,0.9,0.9,0.9,0.9,6500,0
2016-03-07,09:55:00,0.89,0.89,0.89,0.89,1,0
2016-03-07,10:00:00,0.89,0.89,0.89,0.89,3,0
2016-03-07,10:05:00,0.89,0.89,0.89,0.89,3485,0
2016-03-07,10:55:00,0.89,0.89,0.89,0.89,6311,0
2016-03-07,11:00:00,0.89,0.89,0.88,0.89,14700,0
2016-03-07,11:15:00,0.89,0.9,0.89,0.9,1089,0
2016-03-07,11:45:00,0.9,0.9,0.89,0.9,15584,0
2016-03-07,12:00:00,0.89,0.9,0.89,0.9,1001,0
2016-03-07,12:05:00,0.89,0.89,0.89,0.89,1,0
2016-03-07,12:10:00,0.9,0.9,0.9,0.9,1000,0
2016-03-07,12:20:00,0.9,0.9,0.9,0.9,1600,0
2016-03-07,12:25:00,0.9,0.9,0.9,0.9,18600,0
2016-03-07,12:30:00,0.9,0.9,0.9,0.9,1000,0
2016-03-07,12:45:00,0.9,0.9,0.9,0.9,1,0
2016-03-07,12:50:00,0.9,0.9,0.9,0.9,2000,0
2016-03-07,13:25:00,0.9,0.9,0.9,0.9,1000,0
2016-03-07,13:30:00,0.9,0.9,0.9,0.9,1000,0
2016-03-07,14:15:00,0.89,0.89,0.89,0.89,4000,0
2016-03-07,14:45:00,0.89,0.89,0.89,0.89,4600,0
2016-03-07,16:50:00,0.9,0.9,0.9,0.9,2500,0
2016-03-08,11:05:00,0.89,0.89,0.89,0.89,2492,0
2016-03-08,11:15:00,0.9,0.91,0.9,0.91,46200,0
2016-03-08,11:20:00,0.92,0.92,0.91,0.92,37500,0
2016-03-08,11:30:00,0.91,0.92,0.91,0.92,7660,0
2016-03-08,11:35:00,0.92,0.94,0.92,0.93,51333,0
2016-03-08,11:45:00,0.93,0.93,0.93,0.93,1000,0
2016-03-08,11:50:00,0.93,0.94,0.93,0.94,11800,0
2016-03-08,12:00:00,0.93,0.94,0.93,0.94,5500,0
2016-03-08,12:05:00,0.93,0.94,0.93,0.94,1100,0
2016-03-08,12:10:00,0.93,0.94,0.93,0.94,3870,0
2016-03-08,12:20:00,0.93,0.94,0.93,0.94,2480,0
2016-03-08,12:30:00,0.92,0.93,0.92,0.93,11006,0
2016-03-08,12:50:00,0.92,0.92,0.92,0.92,4000,0
2016-03-08,13:30:00,0.93,0.93,0.93,0.93,9200,0
2016-03-08,14:00:00,0.92,0.92,0.92,0.92,8,0
2016-03-08,14:05:00,0.93,0.93,0.93,0.93,3400,0
2016-03-08,14:10:00,0.92,0.92,0.92,0.92,3,0
2016-03-08,14:25:00,0.92,0.92,0.92,0.92,5001,0
2016-03-08,14:30:00,0.92,0.92,0.92,0.92,1,0
2016-03-08,14:45:00,0.92,0.92,0.92,0.92,2,0
2016-03-08,14:50:00,0.93,0.93,0.93,0.93,600,0
2016-03-08,15:05:00,0.93,0.93,0.93,0.93,10000,0
2016-03-08,15:25:00,0.92,0.92,0.92,0.92,200,0
2016-03-08,16:20:00,0.92,0.92,0.92,0.92,2150,0
2016-03-08,16:45:00,0.92,0.92,0.92,0.92,5000,0
2016-03-08,16:50:00,0.93,0.93,0.93,0.93,200,0
2016-03-09,09:05:00,0.92,0.92,0.92,0.92,1231,0
2016-03-09,10:00:00,0.92,0.92,0.92,0.92,1000,0
2016-03-09,10:20:00,0.91,0.91,0.91,0.91,2,0
2016-03-09,10:45:00,0.91,0.91,0.91,0.91,750,0
2016-03-09,11:40:00,0.91,0.91,0.91,0.91,34,0
2016-03-09,11:45:00,0.92,0.92,0.92,0.92,1,0
2016-03-09,12:05:00,0.92,0.92,0.92,0.92,1150,0
2016-03-09,12:35:00,0.92,0.93,0.92,0.93,1920,0
2016-03-09,13:10:00,0.92,0.92,0.92,0.92,1,0
2016-03-09,14:10:00,0.92,0.92,0.92,0.92,2,0
2016-03-09,14:50:00,0.92,0.92,0.91,0.91,13900,0
2016-03-09,14:55:00,0.91,0.92,0.91,0.92,1180,0
2016-03-10,09:05:00,0.9,0.9,0.9,0.9,2,0
2016-03-10,09:20:00,0.92,0.92,0.92,0.92,17000,0
2016-03-10,09:25:00,0.92,0.92,0.92,0.92,15000,0
2016-03-10,09:35:00,0.93,0.93,0.93,0.93,120,0
2016-03-10,10:05:00,0.93,0.93,0.93,0.93,9227,0
2016-03-10,10:10:00,0.93,0.94,0.93,0.94,7195,0
2016-03-10,10:15:00,0.94,0.94,0.94,0.94,200,0
2016-03-10,10:20:00,0.93,0.93,0.93,0.93,3632,0
2016-03-10,10:25:00,0.94,0.94,0.94,0.94,100,0
2016-03-10,10:30:00,0.92,0.94,0.92,0.94,101,0
2016-03-10,10:50:00,0.93,0.93,0.93,0.93,1000,0
2016-03-10,10:55:00,0.93,0.93,0.93,0.93,383,0
2016-03-10,11:10:00,0.93,0.93,0.93,0.93,796,0
2016-03-10,12:35:00,0.93,0.93,0.93,0.93,850,0
2016-03-10,12:40:00,0.92,0.92,0.92,0.92,3,0
2016-03-10,12:50:00,0.92,0.92,0.92,0.92,13,0
2016-03-10,13:30:00,0.93,0.93,0.93,0.93,2000,0
2016-03-10,13:55:00,0.93,0.93,0.93,0.93,4571,0
2016-03-10,14:15:00,0.93,0.94,0.93,0.94,3500,0
2016-03-10,14:20:00,0.93,0.94,0.93,0.94,6700,0
2016-03-10,14:30:00,0.93,0.93,0.93,0.93,8339,0
2016-03-10,14:40:00,0.93,0.93,0.93,0.93,2661,0
2016-03-10,14:50:00,0.94,0.94,0.94,0.94,1,0
2016-03-10,15:15:00,0.93,0.93,0.93,0.93,4983,0
2016-03-10,15:20:00,0.93,0.94,0.93,0.94,149,0
2016-03-10,15:55:00,0.92,0.92,0.92,0.92,1,0
2016-03-10,16:10:00,0.93,0.93,0.93,0.93,2,0
2016-03-10,16:30:00,0.92,0.93,0.92,0.93,23050,0
2016-03-10,16:35:00,0.93,0.94,0.93,0.94,4626,0
2016-03-10,16:50:00,0.94,0.94,0.94,0.94,782,0
2016-03-11,09:05:00,0.93,0.94,0.93,0.94,10101,0
2016-03-11,09:20:00,0.94,0.94,0.93,0.93,5750,0
2016-03-11,09:30:00,0.93,0.93,0.93,0.93,11,0
2016-03-11,09:45:00,0.94,0.94,0.94,0.94,56190,0
2016-03-11,09:55:00,0.92,0.92,0.92,0.92,1,0
2016-03-11,11:15:00,0.94,0.95,0.94,0.95,112122,0
2016-03-11,11:30:00,0.95,0.95,0.95,0.95,9415,0
2016-03-11,11:40:00,0.93,0.93,0.93,0.93,1,0
2016-03-11,12:10:00,0.95,0.95,0.95,0.95,364,0
2016-03-11,12:35:00,0.95,0.95,0.95,0.95,32000,0
2016-03-11,13:30:00,0.94,0.94,0.94,0.94,10000,0
2016-03-11,13:40:00,0.94,0.94,0.94,0.94,2500,0
2016-03-11,13:45:00,0.94,0.95,0.94,0.95,30000,0
2016-03-11,13:55:00,0.93,0.93,0.93,0.93,1,0
2016-03-11,14:20:00,0.95,0.95,0.95,0.95,1,0
2016-03-11,14:55:00,0.94,0.94,0.93,0.93,550,0
2016-03-11,15:00:00,0.95,0.95,0.95,0.95,100,0
2016-03-11,15:15:00,0.95,0.95,0.95,0.95,200,0
2016-03-11,15:20:00,0.94,0.95,0.94,0.95,1100,0
2016-03-11,16:25:00,0.95,0.96,0.95,0.96,161094,0
2016-03-11,16:40:00,0.95,0.96,0.95,0.96,20300,0
2016-03-11,16:45:00,0.95,0.96,0.95,0.96,10100,0
2016-03-11,16:50:00,0.96,0.97,0.96,0.97,96086,0
2016-03-14,09:05:00,0.97,0.98,0.97,0.98,20300,0
2016-03-14,09:10:00,0.98,0.99,0.98,0.99,35400,0
2016-03-14,09:15:00,0.99,1.01,0.99,1.01,262822,0
2016-03-14,09:20:00,1.01,1.03,1.01,1.03,207639,0
2016-03-14,09:25:00,1.03,1.03,1.03,1.03,49926,0
2016-03-14,09:30:00,1.03,1.03,1.02,1.02,24733,0
2016-03-14,09:35:00,1.02,1.02,1.02,1.02,300,0
2016-03-14,09:40:00,1.03,1.03,1.01,1.01,3100,0
2016-03-14,09:50:00,1.01,1.01,1.01,1.01,69953,0
2016-03-14,09:55:00,1,1,1,1,9,0
2016-03-14,10:10:00,1.01,1.02,1.01,1.02,3621,0
2016-03-14,10:25:00,1.02,1.02,1.02,1.02,250,0
2016-03-14,10:40:00,1.02,1.02,1.02,1.02,600,0
2016-03-14,10:45:00,1.01,1.01,1.01,1.01,600,0
2016-03-14,10:55:00,1.01,1.01,1.01,1.01,13300,0
2016-03-14,11:00:00,1.01,1.01,1.01,1.01,700,0
2016-03-14,11:05:00,1.01,1.01,1.01,1.01,2000,0
2016-03-14,11:25:00,1,1,1,1,2000,0
2016-03-14,11:30:00,1,1,1,1,500,0
2016-03-14,11:50:00,1,1,1,1,2,0
2016-03-14,12:00:00,1,1,1,1,15852,0
2016-03-14,12:10:00,1,1.01,1,1.01,300001,0
2016-03-14,12:50:00,1,1,1,1,1,0
2016-03-14,13:00:00,1,1,1,1,1,0
2016-03-14,13:15:00,1.01,1.01,1.01,1.01,106000,0
2016-03-14,13:20:00,1.02,1.02,1.02,1.02,29949,0
2016-03-14,13:35:00,1.02,1.02,1.01,1.01,65743,0
2016-03-14,13:40:00,1.01,1.01,1.01,1.01,5000,0
2016-03-14,14:20:00,1,1,1,1,86,0
2016-03-14,14:45:00,1.01,1.01,1.01,1.01,297,0
2016-03-14,15:05:00,1.01,1.01,1.01,1.01,3000,0
2016-03-14,15:10:00,1,1,1,1,106,0
2016-03-14,15:15:00,1.01,1.01,1.01,1.01,1500,0
2016-03-14,15:20:00,1,1,1,1,3,0
2016-03-14,15:25:00,1.01,1.01,1.01,1.01,4000,0
2016-03-14,15:30:00,1.01,1.01,1.01,1.01,400,0
2016-03-14,15:35:00,1,1,1,1,6000,0
2016-03-14,15:50:00,1,1,1,1,2,0
2016-03-14,16:25:00,1.01,1.01,1.01,1.01,20060,0
2016-03-14,16:30:00,1.02,1.02,1.02,1.02,1,0
2016-03-14,16:45:00,1.01,1.03,1.01,1.03,35000,0
2016-03-14,16:50:00,1.02,1.02,1.02,1.02,11416,0
2016-03-15,09:05:00,1.01,1.04,1.01,1.04,28500,0
2016-03-15,09:10:00,1.04,1.04,1.04,1.04,32000,0
2016-03-15,09:15:00,1.03,1.03,1.03,1.03,7658,0
2016-03-15,09:20:00,1.04,1.04,1.04,1.04,2000,0
2016-03-15,09:25:00,1.04,1.04,1.04,1.04,8000,0
2016-03-15,09:30:00,1.04,1.04,1.04,1.04,17587,0
2016-03-15,09:35:00,1.04,1.04,1.04,1.04,6100,0
2016-03-15,09:50:00,1.04,1.04,1.03,1.03,2500,0
2016-03-15,11:15:00,1.03,1.03,1.03,1.03,10000,0
2016-03-15,11:50:00,1.03,1.03,1.03,1.03,1300,0
2016-03-15,11:55:00,1.03,1.03,1.03,1.03,2,0
2016-03-15,12:00:00,1.03,1.03,1.01,1.01,100000,0
2016-03-15,12:30:00,1.03,1.03,1.03,1.03,6000,0
2016-03-15,13:20:00,1,1,1,1,3,0
2016-03-15,14:20:00,1.01,1.01,1.01,1.01,8,0
2016-03-15,14:30:00,1.01,1.01,1.01,1.01,2400,0
2016-03-15,14:50:00,1.01,1.03,1.01,1.03,101934,0
2016-03-15,15:30:00,1.01,1.01,1.01,1.01,819,0
2016-03-15,16:25:00,1.02,1.02,1.02,1.02,600,0
2016-03-15,16:45:00,1.02,1.02,1.02,1.02,4,0
2016-03-15,16:50:00,1.02,1.02,1.02,1.02,7500,0
2016-03-16,09:05:00,1.02,1.02,1.02,1.02,282,0
2016-03-16,09:25:00,1.02,1.02,1.02,1.02,2,0
2016-03-16,09:30:00,1.02,1.03,1,1.03,38000,0
2016-03-16,11:00:00,1.02,1.02,1.02,1.02,5000,0
2016-03-16,11:05:00,1.02,1.02,1.02,1.02,954,0
2016-03-16,11:10:00,1.02,1.02,1.02,1.02,8400,0
2016-03-16,12:15:00,1.02,1.02,1.02,1.02,1600,0
2016-03-16,12:35:00,1.01,1.01,1.01,1.01,2,0
2016-03-16,12:50:00,1.01,1.01,1.01,1.01,3,0
2016-03-16,13:25:00,1.02,1.02,1.02,1.02,6683,0
2016-03-16,14:20:00,1.02,1.02,1.02,1.02,5000,0
2016-03-16,14:50:00,1.02,1.02,1.02,1.02,2498,0
2016-03-16,15:25:00,1.02,1.02,1.02,1.02,1400,0
2016-03-16,16:05:00,1.02,1.02,1.02,1.02,2000,0
2016-03-16,16:10:00,1.03,1.03,1.03,1.03,2900,0
2016-03-17,09:05:00,1.03,1.03,1.03,1.03,400,0
2016-03-17,09:10:00,1.01,1.01,1.01,1.01,900,0
2016-03-17,09:45:00,1.03,1.03,1.03,1.03,7155,0
2016-03-17,10:05:00,1.03,1.03,1.03,1.03,3600,0
2016-03-17,10:10:00,1.03,1.03,1.03,1.03,41978,0
2016-03-17,10:45:00,1.02,1.02,1.02,1.02,25000,0
2016-03-17,11:05:00,1.02,1.02,1.02,1.02,1341,0
2016-03-17,11:35:00,1.01,1.01,1.01,1.01,1,0
2016-03-17,11:50:00,1.02,1.03,1.02,1.03,19681,0
2016-03-17,11:55:00,1.03,1.03,1,1,166818,0
2016-03-17,12:00:00,1,1,1,1,13000,0
2016-03-17,12:15:00,0.99,0.99,0.99,0.99,1,0
2016-03-17,12:20:00,1,1,1,1,5000,0
2016-03-17,12:35:00,0.99,0.99,0.99,0.99,745,0
2016-03-17,12:45:00,1,1,1,1,2000,0
2016-03-17,12:50:00,0.99,1,0.99,1,1501,0
2016-03-17,13:00:00,1,1,1,1,3432,0
2016-03-17,13:30:00,0.99,0.99,0.99,0.99,19000,0
2016-03-17,13:40:00,0.99,0.99,0.99,0.99,1509,0
2016-03-17,13:45:00,0.99,0.99,0.99,0.99,32,0
2016-03-17,13:50:00,0.99,0.99,0.99,0.99,7000,0
2016-03-17,14:00:00,0.99,0.99,0.99,0.99,10000,0
2016-03-17,14:20:00,1,1,1,1,40000,0
2016-03-17,14:25:00,0.99,0.99,0.99,0.99,10000,0
2016-03-17,14:35:00,0.99,1,0.99,1,651,0
2016-03-17,15:25:00,0.99,0.99,0.99,0.99,13612,0
2016-03-17,15:40:00,0.99,0.99,0.99,0.99,1019,0
2016-03-17,15:45:00,1,1,1,1,1,0
2016-03-17,16:10:00,0.99,0.99,0.99,0.99,1600,0
2016-03-17,16:30:00,1,1,1,1,13539,0
2016-03-17,16:45:00,1,1,1,1,1184,0
2016-03-17,16:50:00,1,1,1,1,1300,0
2016-03-18,09:05:00,1,1,1,1,3000,0
2016-03-18,09:10:00,1,1,1,1,6000,0
2016-03-18,09:15:00,1,1,0.99,0.99,44000,0
2016-03-18,09:25:00,0.99,0.99,0.99,0.99,1,0
2016-03-18,09:30:00,1,1,1,1,10000,0
2016-03-18,09:40:00,1.01,1.01,1.01,1.01,5000,0
2016-03-18,11:40:00,1,1,1,1,100,0
2016-03-18,12:25:00,0.99,0.99,0.99,0.99,1346,0
2016-03-18,13:00:00,1,1,1,1,500,0
2016-03-18,13:15:00,1,1,1,1,222,0
2016-03-18,13:25:00,0.99,1,0.99,1,13001,0
2016-03-18,13:50:00,1,1,1,1,1000,0
2016-03-18,14:10:00,1.01,1.01,1,1,1001,0
2016-03-18,14:20:00,0.99,0.99,0.99,0.99,1,0
2016-03-18,15:00:00,1.01,1.01,1.01,1.01,1,0
2016-03-18,15:15:00,0.99,0.99,0.99,0.99,2,0
2016-03-18,15:30:00,1.01,1.01,1.01,1.01,1,0
2016-03-18,15:55:00,0.99,0.99,0.99,0.99,29782,0
2016-03-18,16:50:00,1,1,1,1,9001,0
