2015-04-30,09:05:00,31.406,31.406,31.406,31.406,7,0
2015-04-30,09:35:00,31.307,31.307,31.307,31.307,29,0
2015-04-30,11:15:00,31.307,31.406,31.307,31.406,1199,0
2015-04-30,11:20:00,31.307,31.798,31.307,31.798,33,0
2015-04-30,11:35:00,31.602,31.602,31.602,31.602,34,0
2015-04-30,11:45:00,31.111,31.111,31.111,31.111,7,0
2015-04-30,13:10:00,31.406,31.406,31.406,31.406,36,0
2015-04-30,13:20:00,31.111,31.111,31.111,31.111,141,0
2015-04-30,16:00:00,31.111,31.406,31.111,31.406,122,0
2015-04-30,16:50:00,31.7,31.7,31.7,31.7,611,0
2015-05-04,09:05:00,31.7,31.7,31.7,31.7,306,0
2015-05-04,11:30:00,30.689,30.689,30.67,30.67,174,0
2015-05-04,11:55:00,31.69,31.7,31.69,31.7,509,0
2015-05-04,13:05:00,31.7,31.7,31.7,31.7,417,0
2015-05-04,13:10:00,31.7,31.7,31.7,31.7,1594,0
2015-05-04,14:05:00,31.651,31.651,31.651,31.651,61,0
2015-05-04,16:50:00,31.7,31.7,31.7,31.7,510,0
2015-05-05,09:40:00,31.7,31.7,31.7,31.7,5,0
2015-05-05,11:00:00,31.54,31.54,31.54,31.54,102,0
2015-05-05,11:20:00,31.7,31.7,31.7,31.7,102,0
2015-05-05,11:55:00,31.16,31.16,31,31,605,0
2015-05-05,13:25:00,31,31,31,31,300,0
2015-05-05,14:35:00,31.01,31.01,31,31,240,0
2015-05-05,16:50:00,30.72,31.1,30.72,31.1,600,0
2015-05-06,09:20:00,31.44,31.44,31.44,31.44,5,0
2015-05-06,14:10:00,31.4,31.4,31.4,31.4,46,0
2015-05-06,14:45:00,31.4,31.4,31.4,31.4,35,0
2015-05-06,16:50:00,30.75,30.75,30.75,30.75,80,0
2015-05-07,09:20:00,30.9,30.9,30.9,30.9,5,0
2015-05-07,11:15:00,30.77,30.77,30.77,30.77,50,0
2015-05-07,11:45:00,30.77,30.77,30.77,30.77,40,0
2015-05-07,12:05:00,30.75,30.75,30.75,30.75,33,0
2015-05-07,12:10:00,30.75,30.75,30.75,30.75,21,0
2015-05-07,12:30:00,30.32,30.32,30.3,30.3,391,0
2015-05-07,13:10:00,30.3,30.3,30.3,30.3,25,0
2015-05-07,14:55:00,30.3,30.77,30.3,30.77,500,0
2015-05-07,16:50:00,30.77,30.77,30.77,30.77,800,0
2015-05-08,10:10:00,31,31,31,31,50,0
2015-05-08,10:55:00,31,31,31,31,40000,0
2015-05-08,11:05:00,31,31.4,31,31.4,11050,0
2015-05-08,11:10:00,31,31,31,31,100,0
2015-05-08,12:25:00,30.77,30.77,30.5,30.5,44,0
2015-05-08,12:40:00,31,31,31,31,100,0
2015-05-08,14:25:00,31,31,31,31,320,0
2015-05-08,14:30:00,31,31,31,31,70,0
2015-05-08,14:35:00,31,31,31,31,1000,0
2015-05-08,16:35:00,31,31,31,31,140,0
2015-05-08,16:50:00,30.6,30.6,30.6,30.6,150,0
2015-05-11,09:10:00,31.4,31.4,31.4,31.4,5,0
2015-05-11,09:30:00,31.38,31.38,31.38,31.38,35,0
2015-05-11,11:15:00,31.38,31.38,31.38,31.38,42,0
2015-05-11,11:40:00,31.38,31.38,31.38,31.38,80,0
2015-05-11,16:40:00,31.3,31.3,31.3,31.3,80,0
2015-05-11,16:45:00,31.3,31.3,31.3,31.3,20,0
2015-05-12,09:35:00,31,31,31,31,70,0
2015-05-12,13:40:00,30.69,30.69,30.69,30.69,180,0
2015-05-12,16:30:00,30.49,30.49,30.49,30.49,71,0
2015-05-12,16:45:00,30.69,31.4,30.69,31.4,1000,0
2015-05-12,16:50:00,31,31,31,31,10,0
2015-05-13,10:40:00,31.39,31.39,31.39,31.39,5,0
2015-05-13,10:50:00,31.37,31.37,31.37,31.37,15,0
2015-05-13,15:10:00,31,31,31,31,33,0
2015-05-14,09:45:00,31,31,31,31,5,0
2015-05-14,11:50:00,31,31,31,31,300,0
2015-05-14,14:00:00,31,31,31,31,43,0
2015-05-14,16:25:00,31,31,31,31,213,0
2015-05-15,09:05:00,31.01,33.8,31.01,33.8,2935,0
2015-05-15,09:10:00,32.2,32.2,32.2,32.2,210,0
2015-05-15,09:35:00,32.5,32.5,32.5,32.5,70,0
2015-05-15,10:35:00,32.5,32.5,32.5,32.5,69,0
2015-05-15,11:35:00,32.5,32.5,32.5,32.5,34,0
2015-05-15,13:20:00,32.21,32.21,32.21,32.21,50,0
2015-05-15,13:45:00,32.21,32.21,32.21,32.21,100,0
2015-05-15,13:50:00,32.21,32.21,32.2,32.2,2040,0
2015-05-15,16:20:00,31.8,31.8,31.3,31.4,270,0
2015-05-15,16:25:00,32.45,32.45,32.45,32.45,70,0
2015-05-15,16:50:00,32.48,32.48,32.48,32.48,2490,0
2015-05-18,09:05:00,32.5,32.5,32.5,32.5,61,0
2015-05-18,09:25:00,32.5,32.5,32.5,32.5,50,0
2015-05-18,09:35:00,32.11,32.11,32.11,32.11,65,0
2015-05-18,10:45:00,32.5,32.5,32.5,32.5,176,0
2015-05-18,10:55:00,32,32,32,32,300,0
2015-05-18,12:30:00,32,32,32,32,1,0
2015-05-18,13:15:00,32,32,32,32,99,0
2015-05-18,16:10:00,31.61,31.61,31.61,31.61,67,0
2015-05-18,16:45:00,31.9,32.49,31.9,32.49,250,0
2015-05-18,16:50:00,32.49,32.49,32.49,32.49,50,0
2015-05-19,09:20:00,32.5,32.5,32.5,32.5,5,0
2015-05-19,15:05:00,32.49,32.49,32.49,32.49,100,0
2015-05-19,15:45:00,32.5,32.5,32.5,32.5,310,0
2015-05-20,09:05:00,32.01,32.94,31.15,32.89,2041,0
2015-05-20,09:15:00,31.26,31.26,31.25,31.25,350,0
2015-05-20,09:30:00,31,31,31,31,300,0
2015-05-20,09:40:00,31.05,31.05,31,31,298,0
2015-05-20,09:45:00,31,31,31,31,460,0
2015-05-20,12:40:00,31.76,31.76,31.76,31.76,1,0
2015-05-20,15:05:00,31.74,31.74,31.74,31.74,50,0
2015-05-20,15:55:00,31.27,31.27,31.27,31.27,40,0
2015-05-20,16:15:00,31.26,31.26,31.26,31.26,50,0
2015-05-20,16:40:00,31.49,31.5,31.49,31.5,288,0
2015-05-20,16:50:00,31.76,31.77,31.76,31.77,5500,0
2015-05-21,09:05:00,31.69,31.69,31.69,31.69,100,0
2015-05-21,10:35:00,31.09,31.09,31.09,31.09,120,0
2015-05-21,16:45:00,31.76,31.76,31.76,31.76,200,0
2015-05-21,16:50:00,31.76,31.76,31.76,31.76,500,0
2015-05-22,09:50:00,31.78,31.78,31.78,31.78,5,0
2015-05-22,15:55:00,31.75,31.75,31.75,31.75,50,0
2015-05-22,16:00:00,31.5,31.5,31.5,31.5,126,0
2015-05-22,16:15:00,31.4,31.4,31.3,31.3,27,0
2015-05-22,16:35:00,31.3,31.3,31.15,31.15,160,0
2015-05-22,16:40:00,31.16,31.16,31.1,31.1,160,0
2015-05-22,16:50:00,31.5,31.5,31.5,31.5,500,0
2015-05-25,09:05:00,31.13,31.13,31.13,31.13,100,0
2015-05-25,09:15:00,31.14,31.14,31.12,31.12,170,0
2015-05-25,15:50:00,31.2,31.2,31.2,31.2,170,0
2015-05-25,16:20:00,31.2,31.2,31.2,31.2,20,0
2015-05-25,16:50:00,31.5,31.73,31.5,31.69,700,0
2015-05-26,09:15:00,31.65,31.65,31.65,31.65,25,0
2015-05-26,16:30:00,31.65,31.8,31.65,31.8,520,0
2015-05-26,16:35:00,31.8,31.8,31.8,31.8,90,0
2015-05-26,16:40:00,31.8,31.8,31.8,31.8,75,0
2015-05-26,16:50:00,31.8,32.77,31.8,32.77,90,0
2015-05-27,09:50:00,32.49,32.49,32.49,32.49,5,0
2015-05-27,13:50:00,31.9,31.9,31.81,31.81,11,0
2015-05-27,14:25:00,32.48,32.5,32.48,32.5,40000,0
2015-05-27,14:35:00,32.73,32.73,32.73,32.73,11,0
2015-05-27,15:55:00,32.73,32.73,32.73,32.73,29,0
2015-05-27,16:50:00,31.83,31.83,31.83,31.83,15,0
2015-05-28,09:05:00,32.5,32.5,32.5,32.5,10,0
2015-05-29,09:35:00,32.69,32.69,32.69,32.69,5,0
2015-05-29,14:35:00,32.2,32.2,32.2,32.2,150,0
2015-05-29,15:25:00,32.2,32.55,32.2,32.5,1049,0
2015-05-29,16:10:00,32.5,32.5,32.5,32.5,116,0
2015-05-29,16:45:00,32.55,32.55,32.1,32.1,64,0
2015-05-29,16:50:00,32.1,32.6,32.1,32.6,1303,0
2015-06-01,11:45:00,32.6,32.6,32.6,32.6,101,0
2015-06-01,14:05:00,32.6,32.6,32.6,32.6,65,0
2015-06-02,09:10:00,32.95,32.95,32.95,32.95,5,0
2015-06-02,10:00:00,32.75,32.75,32.75,32.75,25,0
2015-06-02,10:10:00,32.75,32.75,32.75,32.75,40,0
2015-06-02,11:20:00,32.2,32.2,32.2,32.2,73,0
2015-06-02,12:25:00,32.23,32.23,32.22,32.22,192,0
2015-06-02,12:30:00,32.22,32.22,32.22,32.22,59,0
2015-06-02,15:30:00,32.25,32.25,32.25,32.25,35,0
2015-06-02,16:50:00,32.1,32.1,32.1,32.1,180,0
2015-06-03,09:35:00,32.98,32.98,32.98,32.98,5,0
2015-06-03,10:30:00,32.98,32.98,32.98,32.98,40,0
2015-06-03,11:50:00,32.98,32.98,32.98,32.98,61,0
2015-06-03,16:50:00,32.88,32.88,32.88,32.88,25,0
2015-06-05,09:05:00,32.88,32.88,32.88,32.88,9,0
2015-06-05,10:55:00,32.5,32.5,32.12,32.12,45,0
2015-06-05,13:00:00,32.88,32.88,32.88,32.88,34,0
2015-06-05,16:50:00,32.11,32.11,32.11,32.11,35,0
2015-06-08,09:20:00,32.94,32.94,32.94,32.94,10,0
2015-06-08,10:00:00,32.5,32.5,32.5,32.5,60,0
2015-06-08,10:05:00,32.5,32.5,32.5,32.5,100,0
2015-06-08,11:20:00,32.5,32.5,32.5,32.5,9,0
2015-06-08,16:40:00,32.12,32.12,32.1,32.1,163,0
2015-06-08,16:50:00,32.5,32.5,32.5,32.5,100,0
2015-06-09,09:05:00,32.1,32.1,32.1,32.1,190,0
2015-06-09,09:35:00,32.1,32.1,32.1,32.1,252,0
2015-06-09,10:15:00,32,32,32,32,40,0
2015-06-09,10:20:00,31.85,31.85,31.85,31.85,50,0
2015-06-09,10:35:00,31.6,31.85,31.6,31.85,72,0
2015-06-09,11:00:00,31.6,31.6,31.6,31.6,148,0
2015-06-09,12:00:00,31.6,31.6,31.6,31.6,10,0
2015-06-09,12:05:00,31.85,31.85,31.85,31.85,50,0
2015-06-09,14:25:00,31.6,31.6,31.6,31.6,200,0
2015-06-09,15:05:00,31.35,31.35,31.35,31.35,200,0
2015-06-09,16:30:00,31.8,32.1,31.8,32.1,300,0
2015-06-09,16:50:00,32.1,32.1,32.1,32.1,300,0
2015-06-10,09:05:00,31.41,31.41,31.41,31.41,300,0
2015-06-10,09:25:00,31.42,31.42,31,31,745,0
2015-06-10,09:35:00,31.02,31.02,31.02,31.02,95,0
2015-06-10,13:50:00,32.09,32.09,32.09,32.09,1,0
2015-06-10,16:50:00,32.27,32.27,32.27,32.27,659,0
2015-06-11,09:05:00,32.48,32.48,32.48,32.48,15,0
2015-06-11,09:50:00,31.51,31.51,31.51,31.51,35,0
2015-06-11,10:35:00,32.47,32.5,32.47,32.5,75,0
2015-06-11,10:40:00,32.5,32.5,32.5,32.5,44,0
2015-06-11,10:55:00,32.5,32.5,31.51,31.51,20,0
2015-06-11,11:05:00,32.48,32.48,32.48,32.48,2,0
2015-06-11,12:20:00,32.48,32.48,32.48,32.48,6,0
2015-06-11,14:45:00,32.54,32.55,32.54,32.55,340,0
2015-06-11,15:15:00,32.55,32.55,32.55,32.55,217,0
2015-06-11,16:10:00,32.48,32.48,32.48,32.48,21,0
2015-06-11,16:50:00,32.4,32.4,32.4,32.4,10,0
2015-06-12,09:05:00,32.4,32.4,32.4,32.4,230,0
2015-06-12,11:20:00,32.4,32.4,32.4,32.4,75,0
2015-06-12,12:05:00,32.4,32.4,32.4,32.4,94,0
2015-06-15,09:05:00,31.53,31.53,31.53,31.53,4,0
2015-06-15,15:40:00,32.59,32.59,32.59,32.59,50,0
2015-06-16,09:05:00,32.59,32.59,32.59,32.59,5,0
2015-06-16,12:15:00,31.53,31.53,31.53,31.53,46,0
2015-06-16,13:55:00,32.57,32.58,32.57,32.58,50,0
2015-06-17,09:05:00,32.59,32.59,32.59,32.59,15,0
2015-06-17,09:50:00,31.57,31.57,31.48,31.48,100,0
2015-06-17,10:10:00,32,32,31.5,31.5,100,0
2015-06-17,10:15:00,32.13,32.13,32.13,32.13,1,0
2015-06-17,10:35:00,32,32,32,32,1,0
2015-06-17,15:15:00,31.45,31.45,31.44,31.44,100,0
2015-06-17,16:05:00,31.99,32,31.99,32,280,0
2015-06-17,16:35:00,31.53,31.56,31.53,31.55,200,0
2015-06-17,16:50:00,31.53,31.53,31.53,31.53,365,0
2015-06-18,09:10:00,32.47,32.47,32.47,32.47,5,0
2015-06-18,14:30:00,32.44,32.45,32.44,32.45,307,0
2015-06-19,09:25:00,32.5,32.5,32.5,32.5,5,0
2015-06-19,09:30:00,31.32,31.32,31.32,31.32,1,0
2015-06-19,11:40:00,31.34,31.34,31.33,31.33,200,0
2015-06-19,16:35:00,32.49,32.5,32.49,32.5,200,0
2015-06-19,16:50:00,32.5,32.5,32.5,32.5,428,0
2015-06-22,09:10:00,32,32,32,32,11,0
2015-06-22,10:50:00,31.54,31.54,31.54,31.54,79,0
2015-06-22,15:50:00,31.69,31.69,31.54,31.54,337,0
2015-06-22,16:50:00,31.6,31.6,31.25,31.25,485,0
2015-06-23,09:15:00,32.3,32.3,32.3,32.3,5,0
2015-06-23,10:35:00,31.28,31.28,31.28,31.28,1,0
2015-06-23,16:50:00,31.29,31.29,31.29,31.29,100,0
2015-06-24,09:05:00,31.29,31.29,31.29,31.29,180,0
2015-06-24,12:00:00,31.28,31.28,31.02,31.02,80,0
2015-06-24,13:25:00,31.02,31.02,31.02,31.02,61,0
2015-06-24,14:30:00,31.02,31.02,31.02,31.02,65,0
2015-06-24,14:45:00,30.91,30.91,30.5,30.5,275,0
2015-06-24,16:45:00,31.68,31.68,31.68,31.68,1,0
2015-06-24,16:50:00,31,31,31,31,500,0
2015-06-25,09:05:00,30.42,30.42,30.42,30.42,500,0
2015-06-25,11:15:00,30.56,30.56,30.51,30.51,396,0
2015-06-25,13:30:00,30.51,30.51,30.51,30.51,50,0
2015-06-25,13:40:00,30.45,30.45,30.45,30.45,1,0
2015-06-25,13:50:00,30.79,30.79,30.79,30.79,35,0
2015-06-25,16:10:00,30.45,30.45,30.42,30.42,108,0
2015-06-25,16:50:00,30.3,30.3,30.3,30.3,416,0
2015-06-26,09:05:00,30.21,30.21,30.21,30.21,55,0
2015-06-26,09:25:00,30,30,29.25,29.25,202,0
2015-06-26,10:20:00,29.27,29.27,29.27,29.27,61,0
2015-06-26,10:55:00,29.5,29.97,29.5,29.97,80200,0
2015-06-26,11:00:00,29.97,29.97,29.97,29.97,1000,0
2015-06-26,11:05:00,29.5,29.5,29.5,29.5,893,0
2015-06-26,11:30:00,29.54,29.54,29.5,29.5,1284,0
2015-06-26,11:45:00,29.5,29.5,29.5,29.5,65,0
2015-06-26,13:30:00,29.52,29.52,29.5,29.5,40152,0
2015-06-26,13:45:00,29.52,29.52,29.52,29.52,300,0
2015-06-26,13:50:00,29.51,29.51,29.5,29.5,19700,0
2015-06-26,14:05:00,29.51,29.51,29.5,29.5,40367,0
2015-06-26,14:10:00,29.64,29.64,29.64,29.64,2,0
2015-06-26,14:15:00,29.27,29.27,29.27,29.27,1,0
2015-06-26,15:00:00,29.49,29.5,29.49,29.5,10000,0
2015-06-26,16:45:00,29.89,29.89,29.89,29.89,37,0
2015-06-26,16:50:00,29.3,29.3,28.99,28.99,645,0
2015-06-29,09:05:00,28.5,28.5,28.5,28.5,1339,0
2015-06-29,09:10:00,28.5,28.5,28.5,28.5,200,0
2015-06-29,09:15:00,28.5,28.5,28.5,28.5,100,0
2015-06-29,09:25:00,28.56,28.56,28.56,28.56,29,0
2015-06-29,10:00:00,29.1,29.49,29.1,29.49,1173,0
2015-06-29,11:00:00,29.2,29.2,29.2,29.2,81,0
2015-06-29,11:05:00,29.15,29.15,29.15,29.15,549,0
2015-06-29,11:15:00,29.45,29.5,29.45,29.49,40276,0
2015-06-29,12:40:00,29.59,29.59,29.59,29.59,52,0
2015-06-29,16:25:00,29.6,29.6,29.6,29.6,35,0
2015-06-29,16:50:00,29.59,29.98,29.59,29.98,1511,0
2015-06-30,09:10:00,30,30,30,30,5,0
2015-06-30,10:30:00,30,30,30,30,600,0
2015-06-30,10:35:00,30,30,30,30,2000,0
2015-06-30,12:45:00,30,30,30,30,200,0
2015-06-30,12:55:00,30,30,30,30,500,0
2015-06-30,13:20:00,30,30,30,30,70,0
2015-06-30,16:05:00,29.99,30.45,29.99,30.45,2872,0
2015-06-30,16:20:00,30.28,30.28,30.28,30.28,45,0
2015-06-30,16:30:00,30.3,30.3,30.3,30.3,79,0
2015-06-30,16:50:00,30.28,32.3,30.28,32.3,1863,0
2015-07-01,09:10:00,32.2,32.2,32.2,32.2,5,0
2015-07-01,16:50:00,32,32,32,32,5,0
2015-07-02,09:45:00,31.35,31.35,31.3,31.3,281,0
2015-07-02,16:50:00,31.3,31.3,31.3,31.3,56,0
2015-07-03,09:10:00,30.95,30.95,30.95,30.95,250,0
2015-07-03,13:50:00,30.12,30.12,30.12,30.12,150,0
2015-07-03,13:55:00,30.12,30.12,30.12,30.12,50,0
2015-07-03,16:45:00,30.94,30.95,30.94,30.95,500,0
2015-07-06,09:05:00,31.5,31.5,31.5,31.5,15,0
2015-07-06,09:15:00,30.99,30.99,30.99,30.99,3,0
2015-07-06,09:45:00,30.5,30.5,30.5,30.5,3,0
2015-07-06,11:35:00,30.5,30.5,30.5,30.5,22,0
2015-07-06,16:40:00,30.5,31,30.5,31,200,0
2015-07-07,09:20:00,31,31,31,31,5,0
2015-07-07,12:25:00,30.5,30.5,30.5,30.5,80,0
2015-07-07,15:45:00,30.2,30.2,30.2,30.2,5,0
2015-07-07,16:15:00,30.21,30.21,30.2,30.2,272,0
2015-07-07,16:35:00,30.17,30.17,30.17,30.17,350,0
2015-07-07,16:50:00,30.4,30.4,30.4,30.4,656,0
2015-07-08,09:10:00,31.42,31.42,31.42,31.42,5,0
2015-07-08,09:40:00,30.12,30.12,30.1,30.1,270,0
2015-07-08,15:10:00,30,30,29.11,29.11,20,0
2015-07-08,16:45:00,30,30.1,30,30.1,200,0
2015-07-08,16:50:00,30.1,30.1,30.1,30.1,300,0
2015-07-09,09:10:00,30,30,30,30,5,0
2015-07-09,09:30:00,30,30,30,30,1200,0
2015-07-09,09:35:00,30,30,30,30,400,0
2015-07-09,09:40:00,30,30.3,30,30.3,840,0
2015-07-09,09:55:00,30.3,30.3,30.3,30.3,100,0
2015-07-09,10:00:00,30.3,30.3,30.3,30.3,98,0
2015-07-09,10:05:00,31.39,31.96,31.39,31.96,150,0
2015-07-09,11:25:00,31.55,31.55,31.55,31.55,1,0
2015-07-09,13:40:00,30.47,30.47,30.47,30.47,90,0
2015-07-09,13:45:00,30.3,30.3,30.3,30.3,70,0
2015-07-09,16:50:00,30.15,30.15,30.15,30.15,265,0
2015-07-10,09:40:00,31.5,31.5,31.5,31.5,5,0
2015-07-10,16:50:00,31.33,31.33,31.33,31.33,1,0
2015-07-13,09:55:00,31.48,31.48,31.48,31.48,5,0
2015-07-13,11:20:00,31.29,31.29,31.29,31.29,79,0
2015-07-13,11:25:00,31.29,31.29,31.29,31.29,16,0
2015-07-13,13:15:00,31.29,31.29,31.29,31.29,96,0
2015-07-13,13:20:00,31.29,31.29,31.29,31.29,35,0
2015-07-13,14:15:00,31.1,31.1,31.1,31.1,109,0
2015-07-14,09:05:00,31.3,31.3,31.3,31.3,5,0
2015-07-14,10:00:00,30.05,30.05,30.05,30.05,100,0
2015-07-14,10:25:00,30.7,30.7,30.7,30.7,55,0
2015-07-14,10:30:00,30.04,30.04,30.04,30.04,1,0
2015-07-14,11:30:00,30.7,31,30.7,31,900,0
2015-07-14,16:30:00,31.29,31.29,31,31,300,0
2015-07-15,09:05:00,30.12,30.12,30.02,30.02,291,0
2015-07-15,09:30:00,30.02,30.02,30,30.02,416,0
2015-07-15,09:50:00,30.02,30.77,30.02,30.77,40,0
2015-07-15,15:35:00,30.75,30.75,29.97,29.97,2,0
2015-07-15,16:50:00,30.41,30.42,29.9,29.9,1160,0
2015-07-16,09:15:00,30.3,30.3,30.01,30.01,300,0
2015-07-16,09:35:00,29.73,30,29.73,30,60,0
2015-07-16,09:55:00,30,30,30,30,35,0
2015-07-16,11:00:00,30,30,30,30,45,0
2015-07-16,13:10:00,30.4,30.4,30.4,30.4,250,0
2015-07-16,15:35:00,30,30,30,30,100,0
2015-07-17,09:25:00,30.45,30.45,30.45,30.45,5,0
2015-07-17,09:40:00,29.73,29.73,29.73,29.73,10,0
2015-07-17,11:00:00,29.75,29.75,29.75,29.75,53,0
2015-07-17,15:50:00,29.82,29.82,29.82,29.82,35,0
2015-07-17,16:50:00,30.39,30.39,30.39,30.39,500,0
2015-07-20,09:40:00,30.42,30.42,30.42,30.42,5,0
2015-07-20,09:55:00,30,30,30,30,100,0
2015-07-20,12:30:00,30,30,30,30,387,0
2015-07-20,15:30:00,30,30,30,30,50,0
2015-07-20,16:50:00,30,30,30,30,300,0
2015-07-21,09:05:00,30,30,30,30,50,0
2015-07-21,11:25:00,30,30,30,30,165,0
2015-07-21,12:15:00,30,30,30,30,76,0
2015-07-21,12:40:00,30,30,29.23,29.23,55,0
2015-07-21,13:45:00,30,30,30,30,33,0
2015-07-21,15:10:00,29.26,29.26,29.26,29.26,3,0
2015-07-21,15:30:00,29.31,29.31,29.3,29.3,150,0
2015-07-21,15:35:00,29.36,29.36,29.36,29.36,1,0
2015-07-21,16:50:00,29.54,29.54,29.54,29.54,129,0
2015-07-22,09:10:00,29.45,29.45,29.45,29.45,22,0
2015-07-22,09:30:00,29.21,29.21,29.21,29.21,149,0
2015-07-22,12:25:00,29.2,29.2,29.2,29.2,8,0
2015-07-22,16:10:00,29.92,30,29.92,30,100,0
2015-07-23,09:25:00,29.33,29.33,29.33,29.33,14,0
2015-07-23,11:05:00,29.33,29.33,29.33,29.33,100,0
2015-07-23,15:15:00,29.72,29.72,29.72,29.72,1,0
2015-07-23,16:15:00,29.7,29.7,29.7,29.7,35,0
2015-07-23,16:50:00,29.5,30,29.5,30,1035,0
2015-07-24,09:20:00,30.36,30.36,30.36,30.36,5,0
2015-07-24,12:35:00,30,30,30,30,100,0
2015-07-24,14:00:00,30,30,30,30,500,0
2015-07-24,16:50:00,30,30,30,30,20000,0
2015-07-27,09:05:00,30,30,30,30,26,0
2015-07-27,09:30:00,30,30,30,30,90,0
2015-07-27,12:20:00,29.71,29.71,29.71,29.71,45,0
2015-07-27,16:50:00,29.76,29.76,29.76,29.76,45,0
2015-07-28,09:10:00,29.68,29.68,29.68,29.68,5,0
2015-07-28,09:30:00,30.45,30.45,30,30,300,0
2015-07-28,13:00:00,30.39,30.4,30.39,30.4,7583,0
2015-07-28,14:35:00,30.4,30.73,30.4,30.73,90,0
2015-07-28,16:50:00,31.05,31.05,31.05,31.05,40,0
2015-07-29,09:25:00,31.05,31.05,31.05,31.05,130,0
2015-07-29,09:35:00,31.05,31.05,31.05,31.05,169,0
2015-07-29,09:40:00,31.99,31.99,31.99,31.99,5,0
2015-07-29,09:45:00,31.5,31.5,31.5,31.5,80,0
2015-07-29,10:05:00,31.5,31.5,31.5,31.5,150,0
2015-07-29,13:35:00,31.99,31.99,31.99,31.99,323,0
2015-07-29,13:45:00,32,32,32,32,120,0
2015-07-29,13:50:00,32.3,32.3,32.3,32.3,265,0
2015-07-29,13:55:00,32.55,32.55,32.55,32.55,7,0
2015-07-29,14:00:00,32.3,32.3,32.3,32.3,500,0
2015-07-29,14:15:00,32.3,32.3,32.3,32.3,15,0
2015-07-29,14:35:00,32.3,32.3,32.3,32.3,245,0
2015-07-29,15:50:00,32.51,32.51,32.51,32.51,44,0
2015-07-29,16:50:00,31.7,31.7,31.7,31.7,5,0
2015-07-30,09:05:00,32.55,32.55,32.55,32.55,10,0
2015-07-30,09:55:00,32.54,32.55,32.54,32.55,155,0
2015-07-30,10:35:00,32.55,32.55,32.55,32.55,500,0
2015-07-30,10:40:00,32.55,32.55,32.55,32.55,456,0
2015-07-30,12:25:00,32.55,32.55,32.55,32.55,100,0
2015-07-30,12:45:00,32.8,33,32.8,33,434,0
2015-07-30,13:05:00,32.8,32.8,32.8,32.8,10000,0
2015-07-30,13:15:00,32.8,32.95,32.8,32.95,5035,0
2015-07-30,13:20:00,33.05,33.05,33.05,33.05,230,0
2015-07-30,13:55:00,33.5,33.5,33.5,33.5,90,0
2015-07-30,14:00:00,33.5,33.5,33.5,33.5,32,0
2015-07-30,14:05:00,33.5,33.5,33.5,33.5,40,0
2015-07-30,14:10:00,33.06,33.06,33.06,33.06,415,0
2015-07-30,16:15:00,32.99,32.99,32.99,32.99,35,0
2015-07-31,11:40:00,32.98,32.98,32.98,32.98,315,0
2015-08-03,09:05:00,32.99,32.99,32.98,32.98,546,0
2015-08-04,09:10:00,33.2,33.2,33.2,33.2,5,0
2015-08-05,09:25:00,33.19,33.19,33.19,33.19,5,0
2015-08-05,11:15:00,33,33,33,33,16,0
2015-08-05,13:00:00,33.1,33.1,33.1,33.1,30000,0
2015-08-05,15:25:00,33,33,33,33,16,0
2015-08-05,16:35:00,33.05,33.05,33.05,33.05,80,0
2015-08-06,09:15:00,33.19,33.19,33.19,33.19,2,0
2015-08-06,15:10:00,32.6,32.6,32.6,32.6,240,0
2015-08-06,16:50:00,32.8,32.8,32.8,32.8,30,0
2015-08-07,09:20:00,32.8,32.8,32.8,32.8,2,0
2015-08-07,10:30:00,32.8,32.8,32.8,32.8,36,0
2015-08-07,11:15:00,32.79,32.79,32.79,32.79,37,0
2015-08-07,12:15:00,32.79,32.8,32.79,32.8,835,0
2015-08-07,16:50:00,33.19,33.19,33.19,33.19,30,0
2015-08-10,09:20:00,33.18,33.18,33.18,33.18,5,0
2015-08-10,09:30:00,33.18,33.19,33.18,33.19,150,0
2015-08-10,16:50:00,33.19,33.19,33.19,33.19,121,0
2015-08-11,10:35:00,33.2,33.2,33.2,33.2,7,0
2015-08-12,09:05:00,33.1,33.1,33.1,33.1,8,0
2015-08-13,09:15:00,33.1,33.1,33.1,33.1,5,0
2015-08-13,10:30:00,32.8,32.8,32.8,32.8,14838,0
2015-08-14,10:10:00,32.8,32.8,32.8,32.8,5,0
2015-08-17,09:25:00,32.8,32.8,32.8,32.8,5,0
2015-08-17,10:20:00,32.16,32.16,32.16,32.16,48,0
2015-08-17,12:15:00,31.95,31.95,31.95,31.95,10,0
2015-08-17,12:35:00,32,32.16,32,32.16,370,0
2015-08-17,16:50:00,32.2,32.2,32.2,32.2,757,0
2015-08-18,09:20:00,32.8,32.8,32.8,32.8,5,0
2015-08-18,16:50:00,32.8,32.8,32.8,32.8,280,0
2015-08-19,09:15:00,33,33,33,33,5,0
2015-08-20,09:10:00,33,33,33,33,5,0
2015-08-21,09:15:00,33,33,33,33,6,0
2015-08-21,14:00:00,31.95,31.95,31.95,31.95,95,0
2015-08-21,15:05:00,31.95,31.95,31.95,31.95,16,0
2015-08-21,15:30:00,31.95,31.95,31.95,31.95,224,0
2015-08-21,15:55:00,31.55,31.55,31.4,31.4,600,0
2015-08-21,16:10:00,31.95,31.95,31.95,31.95,35,0
2015-08-21,16:15:00,32,32.3,31.95,31.95,666,0
2015-08-21,16:20:00,32,32,32,32,200,0
2015-08-21,16:45:00,32,32,32,32,200,0
2015-08-21,16:50:00,32.3,32.3,32.3,32.3,1000,0
2015-08-24,09:05:00,30.87,30.87,30.87,30.87,319,0
2015-08-24,09:40:00,31.11,31.11,31.11,31.11,90,0
2015-08-24,10:05:00,31.88,31.88,31.88,31.88,1,0
2015-08-24,10:20:00,30.87,30.87,30.87,30.87,1,0
2015-08-24,11:20:00,30.8,30.8,30.8,30.8,250,0
2015-08-24,11:25:00,30.68,30.68,29.2,30,356,0
2015-08-24,11:50:00,30.05,30.05,30.05,30.05,22,0
2015-08-24,12:15:00,30.9,30.9,30.9,30.9,83,0
2015-08-24,12:20:00,31.11,31.49,31.11,31.49,82,0
2015-08-24,12:25:00,31.49,31.49,31.49,31.49,43,0
2015-08-24,12:30:00,31.49,31.49,31.49,31.49,35,0
2015-08-24,12:35:00,31.49,31.49,31.49,31.49,76,0
2015-08-24,12:40:00,31.49,31.49,31.49,31.49,34,0
2015-08-24,12:45:00,31.49,31.49,31.46,31.46,97,0
2015-08-24,12:55:00,31.48,31.48,31.48,31.48,107,0
2015-08-24,13:00:00,31.48,31.48,31.48,31.48,76,0
2015-08-24,13:10:00,31.48,31.5,31.48,31.5,119,0
2015-08-24,13:15:00,31.5,31.5,31.5,31.5,34,0
2015-08-24,13:25:00,31.5,31.5,31.5,31.5,124,0
2015-08-24,13:30:00,31.5,31.5,31.5,31.5,14,0
2015-08-24,13:35:00,32.24,32.24,32.2,32.2,75,0
2015-08-24,13:40:00,32.2,32.2,32.2,32.2,54,0
2015-08-24,13:45:00,32.2,32.2,32.2,32.2,38,0
2015-08-24,13:50:00,32,32,32,32,38,0
2015-08-24,13:55:00,32,32,32,32,123,0
2015-08-24,14:00:00,32,32,32,32,45,0
2015-08-24,14:05:00,31.97,31.97,31.97,31.97,35,0
2015-08-24,14:10:00,31.97,32,31.97,32,57,0
2015-08-24,14:15:00,32,32,32,32,78,0
2015-08-24,14:20:00,32,32,32,32,36,0
2015-08-24,14:25:00,32,32,32,32,100,0
2015-08-24,14:30:00,32,32,32,32,51,0
2015-08-24,14:35:00,32,32,32,32,94,0
2015-08-24,14:40:00,31.97,32,31.97,32,107,0
2015-08-24,14:45:00,32,32,32,32,35,0
2015-08-24,14:50:00,32,32,32,32,143,0
2015-08-24,14:55:00,32,32,32,32,87,0
2015-08-24,15:00:00,32,32,32,32,71,0
2015-08-24,15:05:00,32,32,31.97,31.97,92,0
2015-08-24,15:10:00,32,32,32,32,80,0
2015-08-24,15:15:00,32,32,32,32,86,0
2015-08-24,15:20:00,32,32,32,32,108,0
2015-08-24,15:25:00,30.31,30.31,30.31,30.31,104,0
2015-08-24,15:30:00,30.31,30.31,30.31,30.31,5,0
2015-08-24,15:35:00,31,31.99,31,31.99,242,0
2015-08-24,15:40:00,31.99,31.99,31.89,31.89,106,0
2015-08-24,15:45:00,31.89,31.89,31.89,31.89,51,0
2015-08-24,15:50:00,31.9,31.9,31.9,31.9,156,0
2015-08-24,15:55:00,31.9,31.9,31.9,31.9,145,0
2015-08-24,16:00:00,31.9,31.9,30.31,30.45,427,0
2015-08-24,16:05:00,30.45,30.45,30.45,30.45,114,0
2015-08-24,16:10:00,30.45,30.45,30.45,30.45,130,0
2015-08-24,16:20:00,31.4,31.4,31.4,31.4,327,0
2015-08-24,16:25:00,31.4,31.4,31.39,31.39,87,0
2015-08-24,16:30:00,31.4,31.4,31.4,31.4,110,0
2015-08-24,16:35:00,31.4,31.4,31.4,31.4,147,0
2015-08-24,16:40:00,31.4,31.4,31.4,31.4,129,0
2015-08-24,16:45:00,31.4,32.47,31.4,32.47,122,0
2015-08-24,16:50:00,32.5,32.98,32.5,32.98,167,0
2015-08-25,09:05:00,30.3,31.6,30.3,31.6,334,0
2015-08-25,10:20:00,31.97,32,31.97,32,349,0
2015-08-25,10:40:00,32.55,32.55,32.55,32.55,39,0
2015-08-25,10:45:00,32.55,32.55,32.55,32.55,36,0
2015-08-25,10:50:00,32.55,32.55,32.55,32.55,36,0
2015-08-25,10:55:00,32.55,32.55,32.55,32.55,56,0
2015-08-25,11:00:00,32.55,32.55,32.55,32.55,35,0
2015-08-25,11:05:00,32.55,32.55,32.55,32.55,36,0
2015-08-25,11:10:00,32.5,32.5,32.5,32.5,37,0
2015-08-25,11:15:00,32.5,32.5,32.5,32.5,47,0
2015-08-25,11:20:00,32,32,32,32,200,0
2015-08-25,11:25:00,32,32.55,32,32.55,428,0
2015-08-25,11:30:00,32.5,32.5,32.5,32.5,36,0
2015-08-25,11:40:00,32.5,32.5,32.5,32.5,56,0
2015-08-25,11:45:00,32.5,32.5,32.5,32.5,35,0
2015-08-25,11:50:00,32.5,32.5,32.5,32.5,36,0
2015-08-25,12:05:00,32.5,32.5,32.5,32.5,85,0
2015-08-25,12:15:00,32.5,32.5,32.5,32.5,52,0
2015-08-25,12:20:00,32.55,32.55,32.55,32.55,2,0
2015-08-25,12:35:00,32.07,32.07,32.04,32.04,387,0
2015-08-25,16:45:00,32.05,32.05,32.05,32.05,79,0
2015-08-25,16:50:00,32.87,32.9,32.87,32.9,1410,0
2015-08-26,09:05:00,32.55,32.55,32.55,32.55,72,0
2015-08-26,12:00:00,32.01,32.01,32.01,32.01,3,0
2015-08-26,16:05:00,32.55,32.55,32.55,32.55,886,0
2015-08-26,16:15:00,32.55,32.55,32.55,32.55,114,0
2015-08-26,16:35:00,32.55,32.55,32.55,32.55,1068,0
2015-08-26,16:50:00,32.9,32.9,32.9,32.9,132,0
2015-08-27,09:05:00,32.9,32.9,32.9,32.9,5,0
2015-08-27,14:35:00,32.7,32.7,32.7,32.7,3,0
2015-08-27,16:05:00,32.7,32.75,32.7,32.75,15067,0
2015-08-27,16:30:00,32.75,32.75,32.75,32.75,5000,0
2015-08-27,16:50:00,32.85,32.85,32.85,32.85,65,0
2015-08-28,09:05:00,32.9,32.9,32.9,32.9,3420,0
2015-08-28,09:15:00,32.9,32.9,32.9,32.9,608,0
2015-08-28,09:35:00,32.85,32.85,32,32,101,0
2015-08-28,10:05:00,32.7,32.89,32.7,32.89,55,0
2015-08-28,12:30:00,32.32,32.32,32.32,32.32,22,0
2015-08-28,16:50:00,32.85,32.85,32.5,32.5,297,0
2015-08-31,09:05:00,32.11,32.11,32.11,32.11,445,0
2015-08-31,09:40:00,32.8,32.8,32.8,32.8,25,0
2015-08-31,10:35:00,32.8,32.89,32.8,32.89,21,0
2015-08-31,10:45:00,32.5,32.5,32.5,32.5,340,0
2015-08-31,14:05:00,32.76,32.9,32.76,32.9,1242,0
2015-08-31,14:10:00,32.9,32.9,32.9,32.9,54,0
2015-08-31,14:15:00,32.9,32.9,32.9,32.9,54,0
2015-08-31,14:25:00,32.9,32.9,32.9,32.9,54,0
2015-08-31,14:30:00,32.9,32.9,32.9,32.9,54,0
2015-08-31,14:35:00,32.9,32.9,32.9,32.9,54,0
2015-08-31,14:40:00,32.9,32.9,32.9,32.9,54,0
2015-08-31,14:45:00,32.9,32.9,32.9,32.9,54,0
2015-08-31,14:55:00,32.9,32.9,32.9,32.9,54,0
2015-08-31,15:00:00,32.89,32.89,32.89,32.89,54,0
2015-08-31,15:05:00,32.89,32.89,32.89,32.89,54,0
2015-08-31,15:10:00,32.89,32.89,32.89,32.89,54,0
2015-08-31,15:20:00,32.89,32.89,32.89,32.89,54,0
2015-08-31,15:25:00,32.89,32.89,32.89,32.89,54,0
2015-08-31,15:30:00,32.88,32.89,32.88,32.89,54,0
2015-08-31,15:35:00,32.89,32.89,32.89,32.89,54,0
2015-08-31,15:45:00,32.89,32.89,32.89,32.89,54,0
2015-08-31,15:50:00,32.89,32.89,32.89,32.89,54,0
2015-08-31,15:55:00,32.89,32.89,32.89,32.89,5,0
2015-08-31,16:50:00,32.9,32.9,32.9,32.9,1003,0
2015-09-01,09:05:00,32.97,32.97,32.97,32.97,344,0
2015-09-01,09:10:00,32.97,32.97,32.97,32.97,27,0
2015-09-01,09:15:00,32.97,32.97,32.97,32.97,27,0
2015-09-01,09:20:00,32.97,32.97,32.97,32.97,27,0
2015-09-01,09:25:00,32.97,32.97,32.97,32.97,27,0
2015-09-01,09:30:00,32.97,32.97,32.97,32.97,27,0
2015-09-01,09:35:00,32.97,32.97,32.92,32.92,54,0
2015-09-01,09:40:00,32.89,32.89,32.89,32.89,27,0
2015-09-01,09:45:00,32.89,32.89,32.89,32.89,27,0
2015-09-01,09:50:00,32.89,32.89,32.89,32.89,27,0
2015-09-01,09:55:00,32.89,32.89,32.89,32.89,27,0
2015-09-01,10:00:00,32.89,32.89,32.89,32.89,77,0
2015-09-01,10:05:00,32.89,32.89,32.89,32.89,27,0
2015-09-01,10:10:00,32.89,32.89,32.89,32.89,27,0
2015-09-01,10:15:00,32.89,32.89,32.89,32.89,27,0
2015-09-01,10:20:00,32.89,32.89,32.89,32.89,27,0
2015-09-01,10:25:00,32.89,32.89,32.89,32.89,27,0
2015-09-01,10:30:00,32.89,32.89,32.89,32.89,27,0
2015-09-01,10:35:00,32.89,32.89,32.89,32.89,27,0
2015-09-01,10:40:00,32.89,32.89,32.89,32.89,27,0
2015-09-01,10:45:00,32.89,32.89,32.89,32.89,54,0
2015-09-01,10:50:00,32.89,32.89,32.89,32.89,27,0
2015-09-01,10:55:00,32.89,32.89,32.89,32.89,27,0
2015-09-01,11:00:00,32.89,32.89,32.89,32.89,27,0
2015-09-01,11:05:00,32.89,32.89,32.89,32.89,27,0
2015-09-01,11:10:00,32.89,32.89,32.89,32.89,27,0
2015-09-01,11:15:00,32.89,32.89,32.89,32.89,27,0
2015-09-01,11:20:00,32.89,32.89,32.89,32.89,27,0
2015-09-01,11:25:00,32.89,32.89,32.89,32.89,27,0
2015-09-01,11:30:00,32.89,32.89,32.89,32.89,27,0
2015-09-01,11:35:00,32.89,32.89,32.89,32.89,27,0
2015-09-01,11:40:00,32.89,32.89,32.89,32.89,27,0
2015-09-01,11:45:00,32.89,32.89,32.89,32.89,27,0
2015-09-01,11:50:00,32.89,32.89,32.89,32.89,27,0
2015-09-01,11:55:00,32.89,32.89,32.89,32.89,54,0
2015-09-01,12:00:00,32.89,32.89,32.89,32.89,27,0
2015-09-01,12:05:00,32.89,32.89,32.41,32.41,29,0
2015-09-01,12:30:00,32.89,32.89,32.89,32.89,152,0
2015-09-01,12:35:00,32.89,32.89,32.89,32.89,127,0
2015-09-01,12:40:00,32.89,32.89,32.89,32.89,27,0
2015-09-01,12:45:00,32.89,32.89,32.89,32.89,27,0
2015-09-01,12:50:00,32.89,32.89,32.89,32.89,27,0
2015-09-01,12:55:00,32.89,32.89,32.89,32.89,363,0
2015-09-01,13:00:00,32.89,32.89,32.89,32.89,27,0
2015-09-01,13:05:00,32.89,32.89,32.89,32.89,54,0
2015-09-01,13:10:00,32.89,32.89,32.89,32.89,27,0
2015-09-01,13:15:00,32.89,32.89,32.89,32.89,27,0
2015-09-01,13:20:00,32.89,32.89,32.89,32.89,27,0
2015-09-01,13:25:00,32.89,32.89,32.89,32.89,27,0
2015-09-01,13:30:00,32.89,32.89,32.89,32.89,27,0
2015-09-01,13:35:00,32.89,32.89,32.89,32.89,27,0
2015-09-01,13:40:00,32.89,32.89,32.89,32.89,27,0
2015-09-01,13:45:00,32.89,32.89,32.89,32.89,27,0
2015-09-01,13:50:00,32.89,32.89,32.89,32.89,27,0
2015-09-01,13:55:00,32.89,32.89,32.89,32.89,27,0
2015-09-01,14:00:00,32.89,32.89,32.89,32.89,27,0
2015-09-01,14:05:00,32.89,32.89,32.89,32.89,27,0
2015-09-01,14:10:00,32.89,32.89,32.89,32.89,27,0
2015-09-01,14:15:00,32.89,32.89,32.89,32.89,54,0
2015-09-01,14:20:00,32.89,32.89,32.89,32.89,27,0
2015-09-01,14:25:00,32.89,32.89,32.89,32.89,27,0
2015-09-01,14:30:00,32.89,32.89,32.89,32.89,27,0
2015-09-01,14:35:00,32.89,32.89,32.89,32.89,27,0
2015-09-01,14:40:00,32.89,32.89,32.89,32.89,27,0
2015-09-01,14:45:00,32.89,32.89,32.89,32.89,27,0
2015-09-01,14:50:00,32.89,32.89,32.89,32.89,27,0
2015-09-01,14:55:00,32.89,32.89,32.89,32.89,27,0
2015-09-01,15:00:00,32.89,32.89,32.89,32.89,27,0
2015-09-01,15:05:00,32.89,32.89,32.89,32.89,27,0
2015-09-01,15:10:00,32.89,32.89,32.89,32.89,27,0
2015-09-01,15:15:00,32.89,32.89,32.89,32.89,37,0
2015-09-01,15:20:00,32.89,32.89,32.89,32.89,64,0
2015-09-01,15:25:00,32.89,32.89,32.89,32.89,27,0
2015-09-01,15:30:00,32.89,32.89,32.89,32.89,27,0
2015-09-01,15:35:00,32.89,32.89,32.89,32.89,27,0
2015-09-01,15:40:00,32.89,32.89,32.89,32.89,27,0
2015-09-01,15:45:00,32.89,32.89,32.89,32.89,27,0
2015-09-01,15:50:00,32.89,32.89,32.89,32.89,27,0
2015-09-01,15:55:00,32.89,32.89,32.89,32.89,27,0
2015-09-01,16:00:00,32.89,32.89,32.89,32.89,27,0
2015-09-01,16:05:00,32.89,32.89,32.89,32.89,27,0
2015-09-01,16:10:00,32.89,32.89,32.89,32.89,27,0
2015-09-01,16:15:00,32.89,32.89,32.89,32.89,27,0
2015-09-01,16:20:00,32.89,32.89,32.89,32.89,25,0
2015-09-01,16:50:00,32.89,32.9,32.89,32.9,491,0
2015-09-02,09:10:00,32.9,32.9,32.9,32.9,54,0
2015-09-02,09:15:00,32.89,32.89,32.89,32.89,27,0
2015-09-02,09:20:00,32.89,32.89,32.89,32.89,27,0
2015-09-02,09:25:00,32.89,32.89,32.89,32.89,27,0
2015-09-02,09:30:00,32.89,32.89,32.89,32.89,27,0
2015-09-02,09:35:00,32.89,32.89,32.89,32.89,100,0
2015-09-02,10:15:00,32.89,32.89,32.89,32.89,5,0
2015-09-02,10:30:00,32.89,32.89,32.89,32.89,207,0
2015-09-02,12:05:00,32.89,32.89,32.89,32.89,625,0
2015-09-02,13:05:00,32.89,32.89,32.89,32.89,350,0
2015-09-02,13:15:00,32.89,32.89,32.89,32.89,75,0
2015-09-02,13:40:00,32.89,32.89,32.89,32.89,75,0
2015-09-02,14:15:00,32.9,32.9,32.9,32.9,404,0
2015-09-02,14:20:00,32.9,32.9,32.9,32.9,27,0
2015-09-02,14:25:00,32.9,32.9,32.9,32.9,27,0
2015-09-02,14:30:00,32.9,32.9,32.9,32.9,27,0
2015-09-02,14:35:00,32.9,32.9,32.9,32.9,27,0
2015-09-02,14:40:00,32.9,32.9,32.9,32.9,27,0
2015-09-02,14:45:00,32.9,32.9,32.9,32.9,27,0
2015-09-02,14:50:00,32.9,32.9,32.9,32.9,27,0
2015-09-02,14:55:00,32.9,32.9,32.9,32.9,27,0
2015-09-02,15:00:00,32.9,32.9,32.9,32.9,27,0
2015-09-02,15:05:00,32.9,32.9,32.9,32.9,27,0
2015-09-02,15:10:00,32.9,32.9,32.9,32.9,27,0
2015-09-02,15:15:00,32.9,32.9,32.9,32.9,54,0
2015-09-02,15:20:00,32.9,32.9,32.9,32.9,27,0
2015-09-02,15:25:00,32.9,32.9,32.9,32.9,27,0
2015-09-02,15:30:00,32.89,32.89,32.89,32.89,27,0
2015-09-02,15:35:00,32.89,32.89,32.89,32.89,27,0
2015-09-02,15:40:00,32.89,32.89,32.89,32.89,27,0
2015-09-02,15:45:00,32.89,32.89,32.89,32.89,27,0
2015-09-02,15:50:00,32.89,32.89,32.89,32.89,27,0
2015-09-02,15:55:00,32.89,32.89,32.89,32.89,27,0
2015-09-02,16:00:00,32.89,32.89,32.89,32.89,27,0
2015-09-02,16:05:00,32.89,32.89,32.89,32.89,27,0
2015-09-02,16:10:00,32.89,32.89,32.89,32.89,57,0
2015-09-02,16:15:00,32.89,32.89,32.89,32.89,27,0
2015-09-02,16:20:00,32.89,32.89,32.89,32.89,27,0
2015-09-02,16:25:00,32.89,32.89,32.89,32.89,27,0
2015-09-02,16:30:00,32.89,32.89,32.89,32.89,54,0
2015-09-02,16:35:00,32.89,32.89,32.89,32.89,27,0
2015-09-02,16:40:00,32.89,32.89,32.89,32.89,27,0
2015-09-02,16:45:00,32.89,32.89,32.89,32.89,27,0
2015-09-02,16:50:00,32.89,32.89,32.89,32.89,327,0
2015-09-03,09:05:00,32.9,32.9,32.9,32.9,191,0
2015-09-03,09:30:00,32.9,32.9,32.9,32.9,15,0
2015-09-03,11:35:00,32.9,32.9,32.9,32.9,3595,0
2015-09-03,13:20:00,32.9,32.9,32.9,32.9,53,0
2015-09-03,14:45:00,32.9,32.9,32.9,32.9,60,0
2015-09-03,15:30:00,32.9,32.9,32.9,32.9,6,0
2015-09-03,15:35:00,32.21,32.21,32.21,32.21,12,0
2015-09-03,16:50:00,32.8,32.8,32.8,32.8,30,0
2015-09-04,10:15:00,32.88,32.88,32.88,32.88,2,0
2015-09-04,10:55:00,32.88,32.88,32.88,32.88,3,0
2015-09-04,11:55:00,32.82,32.82,32.82,32.82,12192,0
2015-09-04,13:15:00,32.8,32.8,32.8,32.8,62,0
2015-09-04,13:45:00,32.8,32.8,32.8,32.8,160,0
2015-09-04,14:35:00,32.2,32.2,32.2,32.2,90,0
2015-09-04,16:50:00,32.8,32.8,32.8,32.8,131,0
2015-09-07,09:05:00,32.8,32.8,32.8,32.8,60,0
2015-09-07,12:05:00,32.8,32.8,32.8,32.8,100,0
2015-09-07,14:40:00,32.8,32.8,32.8,32.8,76,0
2015-09-07,14:50:00,32.8,32.8,32.8,32.8,8,0
2015-09-08,09:05:00,32.79,32.79,32.79,32.79,61,0
2015-09-08,10:50:00,32.7,32.7,32.7,32.7,30,0
2015-09-08,11:30:00,32.6,32.6,32.6,32.6,200,0
2015-09-08,12:55:00,32.7,32.7,32.7,32.7,1150,0
2015-09-08,14:15:00,32.7,32.7,32.7,32.7,90,0
2015-09-09,09:05:00,32.7,32.7,32.7,32.7,5,0
2015-09-09,11:00:00,32.7,32.7,32.7,32.7,30,0
2015-09-09,11:50:00,32.5,32.5,32.5,32.5,277,0
2015-09-10,10:10:00,32.3,32.3,32.3,32.3,33,0
2015-09-10,13:30:00,32.69,32.7,32.69,32.7,137,0
2015-09-11,09:10:00,32.7,32.7,32.7,32.7,5,0
2015-09-11,12:40:00,32.7,32.7,32.7,32.7,200,0
2015-09-11,13:05:00,32.46,32.46,32.46,32.46,36,0
2015-09-11,16:15:00,32.3,32.3,32.3,32.3,5,0
2015-09-14,10:05:00,32.8,32.8,32.8,32.8,5,0
2015-09-14,15:55:00,32.12,32.12,32.12,32.12,200,0
2015-09-15,09:50:00,32.8,32.8,32.8,32.8,5,0
2015-09-15,11:20:00,32.02,32.02,32.02,32.02,42,0
2015-09-16,09:25:00,32.69,32.69,32.69,32.69,7,0
2015-09-16,09:45:00,32.04,32.04,32.04,32.04,55,0
2015-09-16,16:50:00,32.06,32.06,32.06,32.06,2,0
2015-09-17,09:10:00,32.76,32.76,32.76,32.76,5,0
2015-09-18,14:15:00,32.55,32.69,32.55,32.69,30,0
2015-09-18,14:20:00,32.11,32.11,32.11,32.11,57,0
2015-09-18,15:25:00,32.15,32.15,32.15,32.15,100,0
2015-09-18,16:30:00,32.15,32.15,32.13,32.13,60,0
2015-09-18,16:50:00,32.63,32.63,32.63,32.63,217,0
2015-09-21,09:50:00,32.74,32.74,32.74,32.74,2,0
2015-09-22,10:05:00,32.7,32.7,32.7,32.7,2,0
2015-09-22,16:50:00,32.04,32.04,32.04,32.04,8,0
2015-09-23,10:05:00,32.7,32.7,32.7,32.7,2,0
2015-09-23,13:00:00,32.03,32.03,32.03,32.03,35,0
2015-09-23,15:35:00,32.7,32.7,32.7,32.7,200,0
2015-09-24,10:40:00,32.65,32.65,32.65,32.65,2,0
2015-09-24,13:20:00,32.5,32.5,32.5,32.5,100,0
2015-09-25,09:55:00,32.5,32.5,32.5,32.5,2,0
2015-09-25,14:50:00,32.2,32.2,32.2,32.2,605,0
2015-09-28,09:20:00,32.5,32.5,32.5,32.5,5,0
2015-09-28,12:10:00,32.02,32.02,32.02,32.02,59,0
2015-09-28,12:25:00,32.01,32.01,32,32,150,0
2015-09-28,12:30:00,32,32,32,32,94,0
2015-09-28,12:45:00,32,32,30.51,30.51,139,0
2015-09-28,13:00:00,31.62,32,31.62,32,142,0
2015-09-28,15:25:00,31.06,31.06,31,31,1000,0
2015-09-28,15:45:00,30.95,31,30.95,31,20,0
2015-09-28,15:50:00,31,31.99,31,31.99,265,0
2015-09-28,16:50:00,32.38,32.38,32.38,32.38,817,0
2015-09-29,09:05:00,31.29,31.29,31.29,31.29,1,0
2015-09-29,16:35:00,32.38,32.38,32.38,32.38,500,0
2015-09-30,10:40:00,32.4,32.4,32.4,32.4,133,0
2015-10-01,10:15:00,32.4,32.4,32.4,32.4,5,0
2015-10-01,10:25:00,32.4,32.4,32.4,32.4,300,0
2015-10-01,10:50:00,32.4,32.4,32.4,32.4,300,0
2015-10-01,10:55:00,32.4,32.4,32.4,32.4,1000,0
2015-10-01,14:40:00,32.4,32.4,32.4,32.4,300,0
2015-10-01,16:20:00,32.4,32.4,32.4,32.4,300,0
2015-10-02,09:15:00,32.4,32.4,32.4,32.4,5,0
2015-10-02,10:40:00,32.4,32.4,32.4,32.4,200,0
2015-10-02,11:15:00,32.4,32.4,32.4,32.4,200,0
2015-10-02,11:55:00,32.4,32.4,32.4,32.4,400,0
2015-10-02,13:05:00,32.35,32.4,32.35,32.4,200,0
2015-10-05,09:10:00,32.39,32.39,32.39,32.39,5,0
2015-10-05,11:40:00,32.39,32.39,32.39,32.39,35,0
2015-10-05,15:30:00,32.5,32.5,32.5,32.5,731,0
2015-10-05,15:40:00,32.8,34.98,32.8,34.98,66,0
2015-10-05,16:15:00,34,34,34,34,1,0
2015-10-05,16:40:00,33.6,33.6,33.6,33.6,30,0
2015-10-05,16:50:00,32.68,32.68,32.68,32.68,296,0
2015-10-06,16:50:00,33.6,33.6,33.6,33.6,231,0
2015-10-07,16:45:00,33.6,33.6,33.6,33.6,187,0
2015-10-07,16:50:00,33.6,34.65,33.6,34.65,540,0
2015-10-08,09:35:00,34.64,34.64,34.64,34.64,10,0
2015-10-08,15:50:00,34.2,34.2,34.2,34.2,220,0
2015-10-09,09:35:00,34.2,34.2,34.2,34.2,5,0
2015-10-09,11:00:00,33.42,33.42,33.42,33.42,1,0
2015-10-09,16:35:00,34.2,34.5,34.2,34.5,382,0
2015-10-09,16:50:00,34.64,34.64,34.64,34.64,118,0
2015-10-12,09:05:00,34.75,34.75,34.75,34.75,5,0
2015-10-13,09:05:00,34.75,34.75,34.75,34.75,5,0
2015-10-14,09:05:00,34.5,34.5,34.5,34.5,5,0
2015-10-14,15:25:00,34.3,34.3,34.3,34.3,14,0
2015-10-14,15:50:00,34.5,34.75,34.5,34.75,1000,0
2015-10-15,09:15:00,34.79,34.79,34.79,34.79,5,0
2015-10-15,11:20:00,34.75,34.75,34.75,34.75,86,0
2015-10-15,11:30:00,33.45,33.45,33.45,33.45,88,0
2015-10-15,16:50:00,34.75,34.75,34.75,34.75,200,0
2015-10-16,09:30:00,34.78,34.78,34.78,34.78,2,0
2015-10-19,09:55:00,34.78,34.78,34.78,34.78,31,0
2015-10-19,14:30:00,34.52,34.53,34.52,34.53,502,0
2015-10-19,15:55:00,34.5,34.5,34.5,34.5,270,0
2015-10-20,09:10:00,34.75,34.75,34.75,34.75,86,0
2015-10-20,13:35:00,33.54,33.54,33.54,33.54,50,0
2015-10-20,16:15:00,34.67,34.7,34.67,34.7,90,0
2015-10-21,09:05:00,33.97,33.97,33.93,33.93,177,0
2015-10-21,11:40:00,34,34,34,34,200,0
2015-10-21,12:30:00,34,34,34,34,100,0
2015-10-21,12:55:00,34,34,34,34,250,0
2015-10-21,15:55:00,34,34,34,34,4741,0
2015-10-21,16:00:00,34,34,34,34,60,0
2015-10-21,16:10:00,33.6,33.6,33.6,33.6,10,0
2015-10-21,16:40:00,34,34,34,34,1500,0
2015-10-21,16:50:00,34,34,34,34,1000,0
2015-10-22,09:40:00,34.67,34.67,34.67,34.67,10,0
2015-10-22,11:15:00,34.2,34.2,34.2,34.2,20,0
2015-10-23,09:10:00,34.7,34.7,34.7,34.7,5,0
2015-10-23,12:30:00,34,34,34,34,1,0
2015-10-23,12:35:00,34,34,34,34,200,0
2015-10-23,16:15:00,34,34.65,34,34.65,699,0
2015-10-23,16:40:00,34.7,34.7,34.7,34.7,5,0
2015-10-23,16:50:00,34.7,34.7,34.7,34.7,195,0
2015-10-26,10:05:00,34.7,34.7,34.7,34.7,30,0
2015-10-26,10:30:00,34,34,34,34,40,0
2015-10-26,10:50:00,34,34,34,34,6,0
2015-10-26,12:05:00,34.5,34.5,34.5,34.5,500,0
2015-10-26,14:40:00,34,34,34,34,654,0
2015-10-26,16:35:00,34,34.5,34,34.5,5250,0
2015-10-26,16:50:00,34,34.7,34,34.7,2348,0
2015-10-27,09:05:00,34.1,34.1,34.1,34.1,70,0
2015-10-27,11:20:00,34.2,34.2,34.2,34.2,40,0
2015-10-27,14:40:00,34.24,34.24,34.24,34.24,150,0
2015-10-27,14:50:00,34.24,34.24,34.24,34.24,10,0
2015-10-27,14:55:00,34.24,34.24,34.24,34.24,75,0
2015-10-27,15:25:00,34.24,34.24,34.24,34.24,3,0
2015-10-27,16:25:00,34.24,34.24,34.24,34.24,10,0
2015-10-27,16:30:00,34.24,34.24,34.24,34.24,20,0
2015-10-27,16:40:00,34.78,35.49,34.78,35.49,500,0
2015-10-27,16:45:00,34.71,34.71,34.71,34.71,1,0
2015-10-27,16:50:00,35.88,35.88,35.88,35.88,441,0
2015-10-28,09:05:00,35.88,35.88,34.18,34.18,10,0
2015-10-28,10:10:00,35.21,35.21,35.21,35.21,30,0
2015-10-28,10:45:00,35.87,35.88,35.87,35.88,200,0
2015-10-28,11:20:00,35.88,35.88,35.88,35.88,130,0
2015-10-28,12:10:00,34.87,34.87,34.87,34.87,24,0
2015-10-28,12:35:00,35.86,35.87,35.86,35.87,500,0
2015-10-28,15:05:00,35.85,35.85,35.85,35.85,52,0
2015-10-28,15:10:00,35.27,35.27,35,35,392,0
2015-10-28,15:35:00,35.02,35.02,35,35,50,0
2015-10-28,16:25:00,35.02,35.02,35,35,200,0
2015-10-28,16:35:00,35.01,35.01,35,35,114,0
2015-10-28,16:50:00,34.9,35.4,34.9,35.4,4582,0
2015-10-29,09:20:00,35.4,35.4,35.4,35.4,10,0
2015-10-29,11:05:00,35.05,35.05,35.05,35.05,1,0
2015-10-29,11:15:00,35.07,35.07,35.02,35.02,459,0
2015-10-29,13:55:00,34.91,34.91,34.61,34.61,546,0
2015-10-29,14:50:00,34.8,34.8,34.71,34.71,279,0
2015-10-29,15:15:00,35.03,35.4,35.03,35.4,1088,0
2015-10-29,15:20:00,35.11,35.11,34.81,34.81,101,0
2015-10-29,15:55:00,35.33,35.45,35.33,35.45,321,0
2015-10-29,16:00:00,35.6,35.6,35.15,35.15,222,0
2015-10-29,16:15:00,35.39,35.39,35.39,35.39,1,0
2015-10-29,16:50:00,35.5,35.5,35.5,35.5,2449,0
2015-10-30,09:05:00,35.99,35.99,35.05,35.05,3,0
2015-10-30,09:10:00,35.16,35.16,35.16,35.16,1,0
2015-10-30,09:50:00,35.16,35.16,35.16,35.16,50,0
2015-10-30,10:00:00,35.87,35.9,35.87,35.9,200,0
2015-10-30,10:15:00,35.9,35.9,35.9,35.9,102,0
2015-10-30,10:20:00,35.75,35.9,35.75,35.9,102,0
2015-10-30,11:00:00,35.99,35.99,35.15,35.15,711,0
2015-10-30,12:00:00,35.9,35.9,35.9,35.9,714,0
2015-10-30,12:10:00,35.9,35.9,35.9,35.9,102,0
2015-10-30,12:20:00,35.9,35.9,35.9,35.9,102,0
2015-10-30,12:25:00,35.9,35.9,35.9,35.9,102,0
2015-10-30,12:30:00,35.57,35.57,35.57,35.57,257,0
2015-10-30,15:10:00,35.9,35.9,35.9,35.9,1801,0
2015-10-30,15:20:00,35.9,35.9,35.57,35.57,113,0
2015-10-30,15:30:00,35.8,35.9,35.8,35.9,102,0
2015-10-30,15:40:00,35.9,35.9,35.9,35.9,207,0
2015-10-30,15:50:00,35.9,35.9,35.9,35.9,102,0
2015-10-30,16:00:00,35.89,35.89,35.89,35.89,102,0
2015-10-30,16:10:00,35.88,35.89,35.88,35.89,102,0
2015-10-30,16:20:00,35.89,35.89,35.89,35.89,102,0
2015-10-30,16:30:00,35.89,35.89,35.89,35.89,102,0
2015-10-30,16:40:00,35.89,35.89,35.89,35.89,102,0
2015-10-30,16:50:00,35.89,35.89,35.89,35.89,618,0
2015-11-02,09:05:00,35.57,35.57,35.57,35.57,75,0
2015-11-02,09:15:00,35.57,35.57,35.57,35.57,10,0
2015-11-02,09:30:00,35.57,35.57,35.57,35.57,51,0
2015-11-02,11:45:00,35.7,35.7,35.7,35.7,6,0
2015-11-02,12:50:00,35.7,35.8,35.7,35.8,210,0
2015-11-02,13:15:00,35.8,35.8,35.8,35.8,200,0
2015-11-02,16:05:00,35.8,35.8,35.8,35.8,560,0
2015-11-03,09:05:00,35.62,36,35.62,36,71,0
2015-11-03,09:30:00,35.8,35.8,35.8,35.8,3,0
2015-11-03,13:30:00,35.62,35.62,35.6,35.6,90,0
2015-11-03,16:50:00,36,36,36,36,5,0
2015-11-04,09:10:00,36.19,36.19,36.19,36.19,10,0
2015-11-04,09:20:00,36.1,36.19,35.65,35.65,27,0
2015-11-04,09:35:00,36.19,36.19,36.19,36.19,3,0
2015-11-04,09:45:00,36.19,36.19,36.19,36.19,50,0
2015-11-04,15:55:00,36,36,36,36,50,0
2015-11-05,09:05:00,35.7,36.15,35.7,36.15,12,0
2015-11-05,09:20:00,35.99,35.99,35.99,35.99,10,0
2015-11-05,09:55:00,35.65,35.99,35.65,35.99,42,0
2015-11-05,16:50:00,35.85,35.85,35.85,35.85,5,0
2015-11-06,09:45:00,35.79,35.79,35.4,35.4,330,0
2015-11-06,10:35:00,35,35,35,35,100,0
2015-11-06,10:50:00,35,35,35,35,100,0
2015-11-06,11:25:00,35,35,35,35,100,0
2015-11-06,12:00:00,35,35,35,35,100,0
2015-11-06,12:35:00,35,35,35,35,100,0
2015-11-06,13:10:00,34.99,35,34.99,35,100,0
2015-11-06,13:50:00,35,35,35,35,100,0
2015-11-06,14:15:00,35,35,35,35,450,0
2015-11-06,14:25:00,35,35,35,35,100,0
2015-11-06,14:30:00,35,35,35,35,50,0
2015-11-06,15:00:00,35,35,35,35,100,0
2015-11-06,15:35:00,34.99,35,34.99,35,100,0
2015-11-06,16:10:00,35,35,35,35,100,0
2015-11-06,16:15:00,34.99,35,34.99,35,50,0
2015-11-06,16:50:00,35,35,34.95,34.95,300,0
2015-11-09,09:50:00,34.99,34.99,34.99,34.99,10,0
2015-11-09,16:20:00,34.5,34.5,34.5,34.5,50,0
2015-11-09,16:50:00,34.99,34.99,34.99,34.99,10,0
2015-11-10,09:05:00,35,35,35,35,5,0
2015-11-10,10:05:00,34.5,35,34.5,35,840,0
2015-11-10,12:15:00,35,35,35,35,57,0
2015-11-10,12:35:00,34.14,34.14,34.14,34.14,15,0
2015-11-10,16:50:00,35,35,35,35,85,0
2015-11-12,09:55:00,35.75,35.75,35.75,35.75,10,0
2015-11-12,16:00:00,35.2,35.2,35,35,77,0
2015-11-13,09:20:00,35.5,35.5,35.5,35.5,33,0
2015-11-13,16:50:00,35.35,35.35,35.35,35.35,33,0
2015-11-16,09:45:00,35.35,35.35,35.35,35.35,300,0
2015-11-16,10:15:00,35,35,35,35,20,0
2015-11-16,12:15:00,34.75,34.75,34.75,34.75,801,0
2015-11-16,12:40:00,34.75,34.75,34.75,34.75,978,0
2015-11-16,13:40:00,35.3,35.3,35.3,35.3,1000,0
2015-11-16,14:00:00,35.3,35.3,35.3,35.3,9307,0
2015-11-16,14:50:00,35.8,35.8,35.05,35.8,20094,0
2015-11-16,15:20:00,35.8,37.89,35.8,37.89,307,0
2015-11-16,16:20:00,37.88,37.89,37.88,37.89,300,0
2015-11-16,16:30:00,36.55,36.55,36.55,36.55,110,0
2015-11-16,16:50:00,37.7,37.7,37.7,37.7,200,0
2015-11-17,09:05:00,38,38,38,38,880,0
2015-11-17,10:15:00,37.3,37.3,37.3,37.3,220,0
2015-11-17,14:55:00,37.3,37.3,37.3,37.3,440,0
2015-11-17,15:00:00,37.3,37.3,37.3,37.3,10,0
2015-11-17,15:10:00,37.99,37.99,37.99,37.99,670,0
2015-11-17,15:30:00,38,38,38,38,131,0
2015-11-18,09:05:00,38,38,38,38,10,0
2015-11-18,12:05:00,36.91,36.91,36.27,36.27,20,0
2015-11-18,14:40:00,37,37,37,37,150,0
2015-11-18,15:45:00,37.97,37.99,37.97,37.99,10,0
2015-11-18,16:50:00,38,38,38,38,150,0
2015-11-19,09:55:00,38,38,38,38,7,0
2015-11-19,10:10:00,38,38,38,38,15,0
2015-11-19,13:45:00,37.9,38,37.9,38,1388,0
2015-11-19,14:30:00,38,38,38,38,3197,0
2015-11-19,14:35:00,37.6,37.6,37.6,37.6,1,0
2015-11-19,15:00:00,38.05,38.05,38,38,17143,0
2015-11-19,15:20:00,38.1,38.1,38.1,38.1,53,0
2015-11-19,15:25:00,38.1,38.1,38.1,38.1,52,0
2015-11-19,15:35:00,38.1,38.1,38.1,38.1,2895,0
2015-11-19,16:35:00,38.7,38.9,38.7,38.9,1272,0
2015-11-19,16:40:00,38.3,38.3,38.3,38.3,30,0
2015-11-20,09:05:00,38.2,38.2,38.2,38.2,28,0
2015-11-20,16:10:00,38,38,38,38,26,0
2015-11-23,09:10:00,38.97,38.97,38.97,38.97,5,0
2015-11-23,14:40:00,37.63,37.63,37.63,37.63,57,0
2015-11-24,09:15:00,37.9,38,37.6,38,75,0
2015-11-24,13:40:00,37.6,37.6,37.6,37.6,6,0
2015-11-24,14:10:00,37.6,37.6,37.6,37.6,45,0
2015-11-24,15:15:00,37.6,37.6,37.6,37.6,100,0
2015-11-24,15:25:00,37.6,37.6,37.6,37.6,30,0
2015-11-24,15:55:00,37.89,38,37.89,38,11,0
2015-11-24,16:50:00,38,38,38,38,505,0
2015-11-25,09:05:00,38.4,38.4,38.4,38.4,5,0
2015-11-25,09:50:00,38.37,38.37,38.37,38.37,104,0
2015-11-25,13:25:00,37.7,37.7,37.7,37.7,50,0
2015-11-26,10:30:00,37.8,37.8,37.8,37.8,10,0
2015-11-26,14:20:00,37.8,37.8,37.8,37.8,30,0
2015-11-26,14:30:00,37.8,38,37.8,38,61,0
2015-11-26,15:20:00,38,38,38,38,37,0
2015-11-27,09:40:00,37.7,38.29,37,38.29,361,0
2015-11-27,12:25:00,37.97,37.97,37.97,37.97,1,0
2015-11-27,15:55:00,37.7,37.7,37.7,37.7,35,0
2015-11-30,10:10:00,37.5,37.5,37.5,37.5,5,0
2015-11-30,11:15:00,37.5,37.5,37.5,37.5,27,0
2015-12-01,09:10:00,37.5,37.5,37.5,37.5,182,0
2015-12-01,13:50:00,37.5,37.5,37.5,37.5,2,0
2015-12-01,13:55:00,37.5,37.5,37.5,37.5,103,0
2015-12-01,16:50:00,37.5,37.5,37.5,37.5,104,0
2015-12-02,09:05:00,37.5,37.5,35.9,36,372,0
2015-12-02,10:15:00,36.35,36.35,36.35,36.35,4,0
2015-12-02,16:50:00,36.7,36.7,36.7,36.7,1,0
2015-12-03,09:05:00,36,36,36,36,10,0
2015-12-04,11:10:00,37,37,37,37,10,0
2015-12-04,12:40:00,37,37,37,37,10,0
2015-12-04,13:05:00,36,36,36,36,90,0
2015-12-04,16:50:00,36.95,36.95,36.95,36.95,2,0
