2016-03-07,11:05:00,0.65,0.65,0.65,0.65,3000,0
2016-03-07,15:05:00,0.65,0.65,0.65,0.65,200,0
2016-03-08,11:05:00,0.65,0.65,0.65,0.65,100,0
2016-03-08,15:05:00,0.64,0.64,0.64,0.64,3650,0
2016-03-09,15:05:00,0.65,0.65,0.65,0.65,400,0
2016-03-10,11:05:00,0.64,0.64,0.64,0.64,700,0
2016-03-10,15:05:00,0.65,0.65,0.65,0.65,2754,0
2016-03-10,15:10:00,0.65,0.65,0.65,0.65,50,0
2016-03-11,15:05:00,0.65,0.65,0.65,0.65,175,0
2016-03-14,11:05:00,0.65,0.65,0.65,0.65,350,0
2016-03-14,15:05:00,0.65,0.65,0.65,0.65,70,0
2016-03-15,11:05:00,0.64,0.64,0.64,0.64,1150,0
2016-03-15,15:05:00,0.62,0.62,0.62,0.62,2000,0
2016-03-15,15:25:00,0.62,0.62,0.62,0.62,1012,0
2016-03-16,11:05:00,0.63,0.63,0.63,0.63,800,0
2016-03-16,15:05:00,0.6,0.6,0.6,0.6,3900,0
2016-03-17,11:05:00,0.6,0.6,0.6,0.6,6936,0
2016-03-17,15:05:00,0.61,0.61,0.61,0.61,1000,0
2016-03-17,15:25:00,0.61,0.61,0.61,0.61,10,0
2016-03-18,11:05:00,0.6,0.6,0.6,0.6,2210,0
