2016-03-07,09:05:00,128,128,128,128,2,0
2016-03-07,09:20:00,128,128,128,128,20,0
2016-03-07,09:25:00,128,128,128,128,51,0
2016-03-07,09:30:00,128,128,128,128,3,0
2016-03-07,09:55:00,128.1,128.1,128.1,128.1,20,0
2016-03-07,10:05:00,128.4,128.4,128.4,128.4,20,0
2016-03-07,10:10:00,128.4,128.4,128.4,128.4,7,0
2016-03-07,10:15:00,128.4,129,128.4,129,500,0
2016-03-07,10:25:00,128.2,128.2,128.1,128.1,20,0
2016-03-07,11:00:00,128.95,129,128.95,129,106,0
2016-03-07,11:05:00,129.5,129.5,129.5,129.5,83,0
2016-03-07,11:15:00,129.5,129.5,129.5,129.5,21,0
2016-03-07,11:35:00,129.55,129.55,129.55,129.55,90,0
2016-03-07,11:55:00,129.6,129.6,129.6,129.6,5,0
2016-03-07,12:00:00,129.55,129.55,129.55,129.55,27,0
2016-03-07,12:15:00,129.4,129.4,129.4,129.4,20,0
2016-03-07,12:20:00,129.4,129.4,129.4,129.4,37,0
2016-03-07,12:30:00,129.55,129.55,129.55,129.55,130,0
2016-03-07,12:40:00,129.6,129.6,129.6,129.6,30,0
2016-03-07,12:45:00,129.55,129.55,129.4,129.4,66,0
2016-03-07,13:05:00,129.4,130,129.4,130,272,0
2016-03-07,13:25:00,130,130,130,130,111,0
2016-03-07,13:30:00,130,130,130,130,50,0
2016-03-07,13:45:00,130,130,130,130,194,0
2016-03-07,13:55:00,130,130,130,130,50,0
2016-03-07,14:00:00,130,130,130,130,86,0
2016-03-07,14:20:00,130.2,130.2,130.2,130.2,30,0
2016-03-07,14:50:00,130.2,130.2,130.2,130.2,100,0
2016-03-07,15:20:00,130.5,130.5,130.5,130.5,7000,0
2016-03-07,15:40:00,130.5,130.5,130.5,130.5,44,0
2016-03-07,16:05:00,130.2,130.2,130.2,130.2,50,0
2016-03-07,16:40:00,130.5,130.5,130.5,130.5,20,0
2016-03-07,16:50:00,130.2,130.5,130.2,130.5,312,0
2016-03-08,09:05:00,130.9,131,130.9,131,88,0
2016-03-08,09:10:00,131,131,131,131,9,0
2016-03-08,10:05:00,130.95,131,130.95,131,17,0
2016-03-08,10:15:00,131,131,131,131,5,0
2016-03-08,10:30:00,130.7,130.7,130.7,130.7,16,0
2016-03-08,10:40:00,131,131,131,131,2,0
2016-03-08,10:45:00,130.7,130.7,130,130,20,0
2016-03-08,11:45:00,130,130,130,130,2,0
2016-03-08,13:05:00,129,129,129,129,40,0
2016-03-08,13:55:00,129,129,129,129,7,0
2016-03-08,15:00:00,129.1,129.1,129,129,30,0
2016-03-08,15:10:00,129,130,129,130,245,0
2016-03-08,15:25:00,130.75,131,130.75,131,295,0
2016-03-08,16:05:00,130,130,128.55,128.55,38,0
2016-03-08,16:50:00,130.7,130.7,128.55,128.55,23,0
2016-03-09,09:05:00,128.55,128.55,128.55,128.55,25,0
2016-03-09,09:35:00,129,129,129,129,9,0
2016-03-09,09:40:00,129,129,129,129,29,0
2016-03-09,09:50:00,129,129,129,129,10,0
2016-03-09,10:00:00,129.5,129.5,129.5,129.5,20,0
2016-03-09,10:10:00,129.5,129.5,129.5,129.5,165,0
2016-03-09,11:10:00,129.8,129.8,129.8,129.8,10,0
2016-03-09,11:30:00,129.5,129.5,129.5,129.5,9,0
2016-03-09,11:45:00,129.5,129.5,129.5,129.5,10,0
2016-03-09,11:55:00,129.8,130,129.8,130,15,0
2016-03-09,12:05:00,129.5,129.5,129.5,129.5,18,0
2016-03-09,12:10:00,129.5,129.5,129.5,129.5,138,0
2016-03-09,12:15:00,128.8,128.8,128.7,128.7,225,0
2016-03-09,12:45:00,128.55,128.55,128.55,128.55,35,0
2016-03-09,13:40:00,128,128,128,128,3,0
2016-03-09,13:50:00,128,128,128,128,24,0
2016-03-09,14:00:00,128,128,128,128,22,0
2016-03-09,14:05:00,127.5,127.5,127,127,58,0
2016-03-09,15:00:00,127.5,127.5,127,127,64,0
2016-03-09,15:05:00,127,127,127,127,20,0
2016-03-09,16:50:00,127,127,127,127,56,0
2016-03-10,09:05:00,126.95,127,126.95,127,131,0
2016-03-10,10:35:00,129,129,129,129,5,0
2016-03-10,13:05:00,128.9,128.9,128.9,128.9,38,0
2016-03-10,13:15:00,128.9,128.9,128.9,128.9,27,0
2016-03-10,13:50:00,127.25,127.25,127.2,127.2,64,0
2016-03-10,15:10:00,127.4,127.4,127.4,127.4,1,0
2016-03-10,16:20:00,128.9,128.9,128.9,128.9,20,0
2016-03-10,16:50:00,127.4,127.4,127.4,127.4,60,0
2016-03-11,09:15:00,128.8,128.8,128.8,128.8,9,0
2016-03-11,09:20:00,128.8,128.8,128.8,128.8,21,0
2016-03-11,09:25:00,128.95,129,128.95,129,28,0
2016-03-11,09:30:00,129,129,129,129,72,0
2016-03-11,09:35:00,129.8,131.35,129.8,131.35,962,0
2016-03-11,09:40:00,131.35,133.2,131.35,133.2,338,0
2016-03-11,09:45:00,132.95,133,132.95,133,145,0
2016-03-11,09:50:00,133,133,133,133,142,0
2016-03-11,09:55:00,132,132,131.9,131.9,154,0
2016-03-11,10:00:00,131.9,131.9,131.9,131.9,2,0
2016-03-11,10:05:00,131.9,131.9,131.9,131.9,200,0
2016-03-11,10:10:00,131.9,132,131.9,132,200,0
2016-03-11,10:15:00,131.5,132,131.5,132,31,0
2016-03-11,10:25:00,132.6,133.4,132.6,133,241,0
2016-03-11,10:30:00,133,133,133,133,9,0
2016-03-11,10:35:00,132,133.5,132,133.5,69,0
2016-03-11,10:45:00,133.5,134,133.5,134,350,0
2016-03-11,11:25:00,133.55,135,133.55,135,800,0
2016-03-11,12:25:00,133.75,133.75,133.75,133.75,4,0
2016-03-11,12:30:00,133.75,133.75,133.75,133.75,20,0
2016-03-11,12:40:00,132.4,132.4,132.4,132.4,3,0
2016-03-11,13:35:00,132.4,132.4,132.4,132.4,17,0
2016-03-11,13:45:00,132,132,132,132,58,0
2016-03-11,13:55:00,132,132,132,132,75,0
2016-03-11,14:05:00,132,132,132,132,4,0
2016-03-11,14:40:00,132,132,132,132,75,0
2016-03-11,14:50:00,132,132,132,132,15,0
2016-03-11,15:05:00,132,132,132,132,56,0
2016-03-11,15:40:00,132,132,132,132,25,0
2016-03-11,15:50:00,132,132,132,132,10,0
2016-03-11,16:20:00,132,132,132,132,8,0
2016-03-11,16:30:00,131.1,131.1,131.1,131.1,10,0
2016-03-11,16:40:00,132,132,132,132,13,0
2016-03-11,16:45:00,131.2,132,131.2,132,275,0
2016-03-11,16:50:00,132,134,132,134,911,0
2016-03-14,09:05:00,134,134,134,134,162,0
2016-03-14,09:15:00,134,134.9,134,134.9,228,0
2016-03-14,09:30:00,134.1,134.1,134,134,135,0
2016-03-14,09:40:00,134,134,134,134,200,0
2016-03-14,09:45:00,134,134,134,134,280,0
2016-03-14,09:55:00,134.8,134.8,134.8,134.8,63,0
2016-03-14,10:00:00,134.8,134.8,134.8,134.8,20,0
2016-03-14,10:05:00,134,134,134,134,227,0
2016-03-14,10:10:00,134,134,134,134,449,0
2016-03-14,10:20:00,134,134,134,134,50,0
2016-03-14,10:25:00,134,134,134,134,152,0
2016-03-14,10:30:00,134,134,134,134,40,0
2016-03-14,10:35:00,134,134,134,134,200,0
2016-03-14,10:40:00,134.6,134.6,134,134,529,0
2016-03-14,10:55:00,133.9,134,133.9,134,203,0
2016-03-14,11:05:00,133.9,133.9,133.9,133.9,138,0
2016-03-14,11:30:00,134,134,134,134,728,0
2016-03-14,11:35:00,134,134,134,134,35,0
2016-03-14,12:00:00,134,134,134,134,258,0
2016-03-14,12:05:00,134,134,134,134,100,0
2016-03-14,12:15:00,134,134,134,134,400,0
2016-03-14,12:30:00,134,134,134,134,39,0
2016-03-14,12:45:00,134,134,134,134,93,0
2016-03-14,13:25:00,134,134,133.9,133.9,483,0
2016-03-14,13:40:00,133.9,133.9,133.8,133.8,35,0
2016-03-14,13:45:00,133.8,133.8,133.8,133.8,270,0
2016-03-14,14:10:00,134,134,134,134,238,0
2016-03-14,14:40:00,134,134,134,134,400,0
2016-03-14,14:45:00,134,134,134,134,857,0
2016-03-14,14:55:00,134.7,134.95,134.7,134.95,288,0
2016-03-14,15:40:00,134.1,134.1,134.1,134.1,100,0
2016-03-14,15:50:00,134.1,134.1,134.1,134.1,86,0
2016-03-14,15:55:00,134.85,135,134.85,135,398,0
2016-03-14,16:05:00,135.7,137.95,135.7,137.95,445,0
2016-03-14,16:10:00,138,138,138,138,304,0
2016-03-14,16:15:00,137.55,138,137.55,138,73,0
2016-03-14,16:20:00,138.1,138.1,138,138,200,0
2016-03-14,16:25:00,138,138.5,138,138.5,29,0
2016-03-14,16:30:00,138.5,139,138.5,139,1675,0
2016-03-14,16:35:00,139,139,139,139,25,0
2016-03-14,16:40:00,138,138,138,138,10,0
2016-03-14,16:45:00,139,139,139,139,10,0
2016-03-14,16:50:00,139,141,137.35,137.35,515,0
2016-03-15,09:05:00,134.5,134.5,134.5,134.5,25,0
2016-03-15,09:40:00,135.7,135.7,134.5,134.5,35,0
2016-03-15,09:45:00,136.9,136.9,136.9,136.9,1,0
2016-03-15,10:30:00,135,135,135,135,7,0
2016-03-15,10:35:00,135,135,135,135,15,0
2016-03-15,12:10:00,135,135,135,135,10,0
2016-03-15,12:15:00,135,135,135,135,17,0
2016-03-15,13:10:00,135,135,135,135,25,0
2016-03-15,13:20:00,135,135,135,135,10,0
2016-03-15,13:25:00,135,135,135,135,16,0
2016-03-15,13:40:00,135,135,135,135,14,0
2016-03-15,14:35:00,135,135,135,135,15,0
2016-03-15,14:50:00,135.5,135.5,135.5,135.5,15,0
2016-03-15,16:35:00,135,135,135,135,10,0
2016-03-15,16:45:00,135.9,136,135.9,135.9,31,0
2016-03-15,16:50:00,136,136,136,136,71,0
2016-03-16,09:05:00,134.5,134.5,134.5,134.5,51,0
2016-03-16,09:15:00,134.5,134.5,134.5,134.5,13,0
2016-03-16,09:20:00,134.5,134.5,134.5,134.5,25,0
2016-03-16,09:25:00,134.5,134.5,134.5,134.5,11,0
2016-03-16,09:35:00,135,135,135,135,14,0
2016-03-16,09:40:00,134.2,134.2,133,133,157,0
2016-03-16,09:45:00,133,133,132.1,132.1,65,0
2016-03-16,09:50:00,131,131,131,131,67,0
2016-03-16,10:30:00,133.35,133.4,133.35,133.4,20,0
2016-03-16,11:00:00,133.4,133.4,133.4,133.4,1,0
2016-03-16,11:10:00,133.5,133.5,133.5,133.5,10,0
2016-03-16,11:55:00,133.5,133.5,133.5,133.5,9,0
2016-03-16,12:00:00,133.5,133.5,133.5,133.5,15,0
2016-03-16,12:10:00,133.5,133.5,133.5,133.5,2,0
2016-03-16,12:55:00,133.5,133.5,133.5,133.5,7,0
2016-03-16,15:00:00,133.5,133.5,133.5,133.5,22,0
2016-03-16,15:15:00,134,134,134,134,8,0
2016-03-16,16:50:00,132.55,132.55,132.55,132.55,52,0
2016-03-17,09:05:00,134.95,134.95,134.95,134.95,32,0
2016-03-17,09:20:00,134.45,135,134.45,135,185,0
2016-03-17,09:25:00,133.1,133.1,133.1,133.1,70,0
2016-03-17,09:55:00,134.8,134.85,134.8,134.85,8,0
2016-03-17,10:05:00,134.85,134.85,134.85,134.85,39,0
2016-03-17,10:30:00,133.1,133.1,133.1,133.1,35,0
2016-03-17,10:35:00,133.1,133.1,133.05,133.05,47,0
2016-03-17,11:05:00,134.95,134.95,134.95,134.95,1,0
2016-03-17,12:50:00,134.05,134.05,134.05,134.05,10,0
2016-03-17,14:20:00,134,134,133.5,133.5,75,0
2016-03-17,14:40:00,133.5,133.5,133.1,133.1,200,0
2016-03-17,16:15:00,134,134,134,134,20,0
2016-03-17,16:20:00,134.9,135,134.9,135,352,0
2016-03-17,16:35:00,135,135,135,135,39,0
2016-03-17,16:40:00,135,135,135,135,50,0
2016-03-17,16:45:00,135,135,135,135,59,0
2016-03-18,10:15:00,135.5,135.5,135.5,135.5,2,0
2016-03-18,10:25:00,135.5,135.5,135.5,135.5,5,0
2016-03-18,10:50:00,135.2,135.2,135.2,135.2,10,0
2016-03-18,11:05:00,135.2,135.2,135.2,135.2,7,0
2016-03-18,11:30:00,135.9,135.9,135.9,135.9,9,0
2016-03-18,11:45:00,135.2,135.2,135.2,135.2,13,0
2016-03-18,12:20:00,135.2,135.2,135.2,135.2,9,0
2016-03-18,13:05:00,135.2,135.2,135.2,135.2,9,0
2016-03-18,13:10:00,135.2,135.2,135.2,135.2,6,0
2016-03-18,13:25:00,135.2,135.2,135.2,135.2,3,0
2016-03-18,13:45:00,135.2,135.2,135.2,135.2,9,0
2016-03-18,14:35:00,135.2,135.2,135.2,135.2,15,0
2016-03-18,14:40:00,135.2,135.2,135.2,135.2,9,0
2016-03-18,14:45:00,135.2,135.8,135.2,135.8,39,0
2016-03-18,14:50:00,135.8,135.8,135.8,135.8,9,0
2016-03-18,15:10:00,135.8,135.8,135.8,135.8,12,0
2016-03-18,15:50:00,133.4,133.4,132.6,132.6,11,0
2016-03-18,15:55:00,132.6,132.6,132.6,132.6,12,0
2016-03-18,16:00:00,132.6,132.6,132.6,132.6,15,0
2016-03-18,16:05:00,132.55,132.55,132.55,132.55,15,0
2016-03-18,16:10:00,132.55,132.6,132.15,132.6,15,0
2016-03-18,16:15:00,132.6,132.65,132.6,132.65,15,0
2016-03-18,16:20:00,132.65,132.65,132.65,132.65,9,0
2016-03-18,16:25:00,132.65,132.8,132.65,132.65,45,0
2016-03-18,16:30:00,132.65,132.7,132.65,132.7,27,0
2016-03-18,16:35:00,132.7,132.75,132.7,132.75,15,0
2016-03-18,16:40:00,132.75,132.75,132.6,132.6,18,0
2016-03-18,16:45:00,132.6,132.6,132.6,132.6,15,0
2016-03-18,16:50:00,132.6,132.7,132.6,132.65,159,0
2016-03-21,09:05:00,132,132,132,132,32,0
2016-03-21,09:10:00,132.65,135.35,132.65,135.35,15,0
2016-03-21,09:20:00,135.35,135.35,135.35,135.35,10,0
2016-03-21,09:35:00,135.3,135.3,135.3,135.3,12,0
2016-03-21,09:50:00,134.1,134.1,133.1,133.1,186,0
2016-03-21,09:55:00,133,133.75,133,133.75,80,0
2016-03-21,10:35:00,133.5,133.5,133.5,133.5,20,0
2016-03-21,10:50:00,133.45,133.45,133.4,133.4,60,0
2016-03-21,10:55:00,132.65,132.65,132.65,132.65,5,0
2016-03-21,11:00:00,133.4,133.4,133.4,133.4,18,0
2016-03-21,11:15:00,133.4,133.4,133.4,133.4,30,0
2016-03-21,11:30:00,133.4,133.4,133.4,133.4,7000,0
2016-03-21,11:55:00,132.65,132.65,132,132,12,0
2016-03-21,12:00:00,133.5,133.6,133.5,133.6,280,0
2016-03-21,13:15:00,135,135,135,135,87,0
2016-03-21,13:40:00,132.25,132.25,132.25,132.25,12,0
2016-03-21,14:30:00,133,133,133,133,13,0
2016-03-21,15:25:00,134,134,133,133,11,0
2016-03-21,15:45:00,133,133,133,133,30,0
2016-03-21,16:15:00,132.5,132.5,132.5,132.5,7,0
2016-03-21,16:30:00,132.3,132.3,132.2,132.2,22,0
2016-03-21,16:50:00,131.5,131.5,131.5,131.5,189,0
2016-03-22,09:45:00,131.55,131.55,131.55,131.55,15,0
2016-03-22,09:50:00,131.5,131.5,131.5,131.5,10,0
2016-03-22,10:55:00,131.5,131.5,131,131,47,0
2016-03-22,11:05:00,131,131,131,131,20,0
2016-03-22,11:30:00,131,131,131,131,10,0
2016-03-22,12:00:00,130.05,130.05,130.05,130.05,100,0
2016-03-22,12:35:00,130.05,130.05,130.05,130.05,11,0
2016-03-22,12:55:00,131.5,131.5,131.5,131.5,7,0
2016-03-22,15:00:00,130.5,130.5,130.5,130.5,10,0
2016-03-22,15:30:00,130.3,130.3,130.3,130.3,4,0
2016-03-22,15:35:00,130.3,130.3,130.3,130.3,4,0
2016-03-22,15:40:00,130.05,130.05,130.05,130.05,24,0
2016-03-22,15:45:00,130.05,130.05,129.8,130,292,0
2016-03-22,15:50:00,129.9,129.9,129.9,129.9,5,0
2016-03-22,15:55:00,129.9,129.9,129.9,129.9,84,0
2016-03-22,16:00:00,129.8,129.8,129.8,129.8,6,0
2016-03-22,16:05:00,129.8,129.8,129.8,129.8,94,0
2016-03-22,16:10:00,129.5,129.5,129.5,129.5,7,0
2016-03-22,16:15:00,128.85,128.85,127.4,127.4,100,0
2016-03-22,16:20:00,127.4,127.4,127.4,127.4,60,0
2016-03-22,16:25:00,126.4,126.4,126.4,126.4,30,0
2016-03-22,16:30:00,126.3,126.3,126.3,126.3,60,0
2016-03-22,16:35:00,126.2,126.3,125.25,126.3,212,0
2016-03-22,16:40:00,127.55,127.55,127.55,127.55,15,0
2016-03-22,16:45:00,126.5,126.5,126.5,126.5,400,0
2016-03-22,16:50:00,126.3,126.3,126.3,126.3,230,0
2016-03-23,10:20:00,127.5,127.5,127.5,127.5,5,0
2016-03-23,10:35:00,128.7,128.7,128.7,128.7,2,0
2016-03-23,10:40:00,128.6,128.6,128.6,128.6,4,0
2016-03-23,11:05:00,128.55,128.6,128.55,128.6,39,0
2016-03-23,11:20:00,128.6,128.6,128.6,128.6,16,0
2016-03-23,11:30:00,128.6,128.6,128.6,128.6,40,0
2016-03-23,11:40:00,128.7,128.7,128.7,128.7,20,0
2016-03-23,11:45:00,128.7,128.7,128.7,128.7,15,0
2016-03-23,12:00:00,128.7,128.7,128.7,128.7,3,0
2016-03-23,12:20:00,128.7,128.7,128.6,128.6,83,0
2016-03-23,13:35:00,128.65,128.65,128.65,128.65,20,0
2016-03-23,13:40:00,128.65,129.95,128.65,129.95,367,0
2016-03-23,13:45:00,129.95,129.95,129.95,129.95,40,0
2016-03-23,13:55:00,129.95,129.95,129.95,129.95,10,0
2016-03-23,14:15:00,130.4,130.4,130.4,130.4,13,0
2016-03-23,15:15:00,129.95,129.95,129.95,129.95,30,0
2016-03-23,15:40:00,129.95,129.95,129,129,75,0
2016-03-23,16:00:00,129.05,129.05,128.7,128.7,16,0
2016-03-23,16:50:00,128.75,128.75,128.75,128.75,12,0
2016-03-24,09:05:00,128.95,128.95,128.95,128.95,43,0
2016-03-24,09:35:00,129,129,129,129,8,0
2016-03-24,09:40:00,129,129,129,129,7,0
2016-03-24,09:45:00,128.95,128.95,128.75,128.75,7,0
2016-03-24,10:40:00,129,129,129,129,135,0
2016-03-24,11:20:00,130,130,130,130,128,0
2016-03-24,12:05:00,130.1,130.1,130.1,130.1,9,0
2016-03-24,12:25:00,131,131,131,131,10,0
2016-03-24,12:50:00,131,131,131,131,10,0
2016-03-24,14:35:00,131.1,131.1,131.1,131.1,15,0
2016-03-24,14:45:00,131.1,131.1,131,131,100,0
2016-03-24,14:50:00,131,131,131,131,13,0
2016-03-24,16:10:00,131,131,131,131,9,0
2016-03-29,09:05:00,131.7,131.7,130,130,27,0
2016-03-29,09:10:00,130,130,130,130,30,0
2016-03-29,09:25:00,131.75,131.75,131.75,131.75,25,0
2016-03-29,10:45:00,131,131,130,130,51,0
2016-03-29,11:35:00,130.2,130.2,130.2,130.2,12,0
2016-03-29,14:20:00,130,130,130,130,17,0
2016-03-30,09:35:00,128.9,128.9,128.5,128.5,18,0
2016-03-30,09:40:00,128,128,128,128,5,0
2016-03-30,09:45:00,128,128,128,128,20,0
2016-03-30,09:55:00,128.4,128.4,128.4,128.4,15,0
2016-03-30,14:35:00,130,130,130,130,20,0
2016-03-30,15:05:00,130,130,130,130,216,0
2016-03-30,15:50:00,130.4,130.4,130.4,130.4,9,0
2016-03-30,16:25:00,128.75,128.75,128.75,128.75,10,0
2016-03-30,16:40:00,128.75,128.75,128.75,128.75,500,0
2016-03-30,16:50:00,129,129,128.75,128.75,2500,0
2016-03-31,09:05:00,126.1,126.2,126.1,126.2,15535,0
2016-03-31,09:15:00,127,127,127,127,15,0
2016-03-31,09:30:00,127,127,127,127,5,0
2016-03-31,09:45:00,128.1,128.1,128.1,128.1,20,0
2016-03-31,09:50:00,128.1,128.1,128.1,128.1,4500,0
2016-03-31,10:20:00,128.95,129.75,128.95,129.75,120,0
2016-03-31,10:40:00,128.15,128.15,128,128,590,0
2016-03-31,10:50:00,128,128,128,128,8,0
2016-03-31,11:00:00,128,128,128,128,500,0
2016-03-31,11:05:00,128,128,128,128,210,0
2016-03-31,14:00:00,128.25,129,128.25,129,1217,0
2016-03-31,14:25:00,129.75,129.75,129.75,129.75,15,0
2016-03-31,15:50:00,129,129,129,129,8,0
2016-03-31,16:10:00,129.25,129.25,129.25,129.25,13,0
2016-03-31,16:20:00,129.25,129.25,129.25,129.25,13,0
2016-03-31,16:35:00,129.25,129.25,129.25,129.25,13,0
2016-03-31,16:45:00,129.25,129.25,129.25,129.25,10,0
2016-03-31,16:50:00,128,128,128,128,851,0
2016-04-01,09:05:00,128,128,128,128,8,0
2016-04-01,12:25:00,129,129,129,129,12,0
2016-04-01,13:15:00,129,129,129,129,88,0
2016-04-01,13:25:00,129,129,129,129,20,0
2016-04-01,13:30:00,129,129,129,129,10,0
2016-04-01,13:35:00,129,129,129,129,3,0
2016-04-01,13:40:00,129.1,129.1,129.1,129.1,6,0
2016-04-01,14:15:00,129.55,129.75,129.55,129.75,25,0
2016-04-01,15:40:00,129.55,129.55,129.55,129.55,8,0
2016-04-01,15:45:00,129.55,129.55,129.55,129.55,250,0
2016-04-01,16:50:00,130.5,131,130.5,131,290,0
2016-04-04,09:05:00,131.5,131.5,131.5,131.5,50,0
2016-04-04,09:15:00,131.5,131.55,131.5,131.55,251,0
2016-04-04,09:20:00,131.55,131.55,131.5,131.5,49,0
2016-04-04,09:25:00,131.5,131.5,131,131,112,0
2016-04-04,09:35:00,131,131,131,131,2,0
2016-04-04,09:40:00,130.1,131.55,130.1,131.55,28,0
2016-04-04,11:20:00,131.45,131.45,131.45,131.45,15,0
2016-04-04,12:30:00,131.6,131.6,131.6,131.6,44,0
2016-04-04,13:10:00,131.45,131.45,131,131,100,0
2016-04-04,13:20:00,131,131,131,131,80,0
2016-04-04,13:25:00,131,131,131,131,50,0
2016-04-04,13:35:00,131,131,131,131,6,0
2016-04-04,14:10:00,131.4,131.4,131.4,131.4,10,0
2016-04-04,14:45:00,131.4,131.4,131.4,131.4,9,0
2016-04-04,15:00:00,131.6,132,131.6,132,244,0
2016-04-04,15:05:00,131.5,131.5,131.5,131.5,16,0
2016-04-04,15:15:00,132.55,132.75,132.55,132.75,150,0
2016-04-04,15:25:00,132.3,132.3,132.3,132.3,2000,0
2016-04-04,15:50:00,131.55,131.55,131.55,131.55,20,0
2016-04-04,16:10:00,132.2,132.8,132.2,132.8,37,0
2016-04-04,16:20:00,132.3,132.3,132.3,132.3,11185,0
2016-04-04,16:35:00,132.3,132.3,132.25,132.25,20250,0
2016-04-04,16:40:00,132.3,132.8,132.3,132.8,15564,0
2016-04-04,16:45:00,132.95,132.95,132.95,132.95,15,0
2016-04-04,16:50:00,132.3,132.3,132.3,132.3,280,0
2016-04-05,09:05:00,133,133,132.9,133,115,0
2016-04-05,09:25:00,133,133,133,133,1000,0
2016-04-05,09:40:00,133.05,133.4,133.05,133.4,311,0
2016-04-05,09:55:00,133,133,133,133,50,0
2016-04-05,10:05:00,133,133,133,133,17,0
2016-04-05,10:15:00,133,133,133,133,11,0
2016-04-05,10:20:00,133,133,133,133,25,0
2016-04-05,10:25:00,133,133,133,133,2,0
2016-04-05,10:45:00,133,133,133,133,24,0
2016-04-05,10:55:00,133,133,133,133,50,0
2016-04-05,11:10:00,133,133,133,133,50,0
2016-04-05,11:45:00,133,133,133,133,500,0
2016-04-05,11:55:00,132.9,132.9,132.9,132.9,15,0
2016-04-05,12:55:00,132.9,132.9,132.9,132.9,50,0
2016-04-05,14:10:00,132.9,132.9,132.9,132.9,35,0
2016-04-05,14:20:00,132.55,132.55,132.55,132.55,15,0
2016-04-05,14:25:00,133,133.1,133,133.1,1113,0
2016-04-05,14:50:00,132.6,132.6,132.6,132.6,9,0
2016-04-05,14:55:00,132.6,132.6,132.55,132.55,109,0
2016-04-05,15:00:00,133.25,133.3,133.25,133.3,110,0
2016-04-05,15:10:00,133,133,133,133,32,0
2016-04-05,15:30:00,132.6,132.6,132.6,132.6,9,0
2016-04-05,15:40:00,132.6,132.6,132.6,132.6,6,0
2016-04-05,15:45:00,133.1,133.1,133.1,133.1,500,0
2016-04-05,16:20:00,132.55,132.55,132.55,132.55,110,0
2016-04-05,16:30:00,132.55,132.55,132.55,132.55,6,0
2016-04-05,16:40:00,133.1,133.1,133.1,133.1,123,0
2016-04-05,16:50:00,133,133,133,133,25,0
2016-04-06,09:05:00,133.55,133.55,133.55,133.55,11,0
2016-04-06,10:30:00,133,133,133,133,3000,0
2016-04-06,10:55:00,133,133,133,133,12,0
2016-04-06,12:15:00,133,133,133,133,12,0
2016-04-06,12:40:00,133.1,133.45,133.1,133.45,61,0
2016-04-06,13:35:00,133.45,133.45,133.45,133.45,50,0
2016-04-06,13:50:00,133.45,133.45,133.45,133.45,13,0
2016-04-06,13:55:00,133.55,133.55,133.55,133.55,37,0
2016-04-06,14:40:00,133.55,133.55,133.55,133.55,27,0
2016-04-06,14:45:00,133.9,134.9,133.9,134.9,296,0
2016-04-06,14:50:00,134.9,134.9,134.9,134.9,100,0
2016-04-06,15:00:00,134.9,134.9,134.9,134.9,31,0
2016-04-06,15:05:00,135,135,135,135,2,0
2016-04-06,15:10:00,135,135,135,135,10,0
2016-04-06,16:20:00,134.5,134.5,134.5,134.5,7,0
2016-04-06,16:40:00,135,135,135,135,46,0
2016-04-06,16:50:00,132.55,132.55,132.55,132.55,481,0
2016-04-07,09:05:00,135,135,135,135,10,0
2016-04-07,10:10:00,134.9,134.9,134.9,134.9,10,0
2016-04-07,10:15:00,134.9,134.9,134.9,134.9,30,0
2016-04-07,11:45:00,134.7,134.7,134.7,134.7,1,0
2016-04-07,12:35:00,134.6,134.7,134.6,134.7,150,0
2016-04-07,12:50:00,132.9,132.9,132.9,132.9,7,0
2016-04-07,15:25:00,132.9,132.9,132.9,132.9,26,0
2016-04-08,09:05:00,133,133,133,133,85,0
2016-04-08,10:00:00,132.1,132.1,132.1,132.1,3,0
2016-04-08,11:20:00,133,133,133,133,13,0
2016-04-08,12:00:00,133,133,133,133,34,0
2016-04-08,12:20:00,132.65,132.65,132.65,132.65,1360,0
2016-04-08,12:40:00,133,133,133,133,7,0
2016-04-08,16:45:00,132.8,132.8,132.8,132.8,3,0
2016-04-08,16:50:00,134,134,134,134,30,0
2016-04-11,09:05:00,135,135,135,135,62,0
2016-04-11,10:00:00,134,134,134,134,7,0
2016-04-11,11:10:00,133,133,133,133,10,0
2016-04-11,12:25:00,133,135,133,135,822,0
2016-04-11,12:30:00,135.8,136,135.8,136,68,0
2016-04-11,12:35:00,136,136,136,136,11950,0
2016-04-11,13:20:00,135.9,136,135.9,136,100,0
2016-04-11,13:45:00,135.45,135.45,135.45,135.45,3,0
2016-04-11,14:00:00,136,136,136,136,14,0
2016-04-11,14:20:00,136,136,136,136,9,0
2016-04-11,14:55:00,136,136,136,136,6,0
2016-04-11,15:00:00,136,136.3,136,136.3,10,0
2016-04-11,15:20:00,136,136,136,136,4,0
2016-04-11,15:25:00,136.3,136.3,136.3,136.3,1,0
2016-04-11,16:50:00,136.2,136.2,136.2,136.2,4,0
2016-04-12,09:05:00,136.2,136.2,136.2,136.2,37,0
2016-04-12,09:40:00,136.2,136.3,136.2,136.3,13,0
2016-04-12,09:45:00,136,136.3,136,136.3,594,0
2016-04-12,09:55:00,136.5,136.5,136.5,136.5,3,0
2016-04-12,10:00:00,136.3,136.3,136,136,48,0
2016-04-12,12:10:00,135.9,135.9,135.9,135.9,55,0
2016-04-12,12:50:00,135.5,135.5,135.5,135.5,193,0
2016-04-12,15:15:00,135.5,135.5,135.5,135.5,6,0
2016-04-12,16:30:00,135.5,135.5,134,134,120,0
2016-04-12,16:50:00,136,136,136,136,40,0
2016-04-13,09:05:00,136,137,136,137,143,0
2016-04-13,09:30:00,137,138.9,137,138.9,304,0
2016-04-13,09:40:00,137,137,137,137,14,0
2016-04-13,09:45:00,138.5,140,137.3,140,293,0
2016-04-13,09:50:00,140,140,140,140,23,0
2016-04-13,09:55:00,140,140,140,140,9,0
2016-04-13,10:05:00,137.45,137.45,137.45,137.45,30,0
2016-04-13,10:10:00,139.8,140,139.8,140,308,0
2016-04-13,10:25:00,140,140.5,140,140.5,15289,0
2016-04-13,10:45:00,140.1,140.1,140.1,140.1,30,0
2016-04-13,10:50:00,140.1,140.5,140.1,140.5,80,0
2016-04-13,10:55:00,140.5,140.5,140.5,140.5,47,0
2016-04-13,11:00:00,140.5,140.5,140.5,140.5,29,0
2016-04-13,11:10:00,140.5,140.5,140.5,140.5,8,0
2016-04-13,11:15:00,140.8,141,140.8,141,10,0
2016-04-13,11:25:00,141,141,141,141,27,0
2016-04-13,11:30:00,140.8,140.8,140.8,140.8,17,0
2016-04-13,11:45:00,141,141,141,141,100,0
2016-04-13,12:00:00,140.8,140.8,140.8,140.8,9,0
2016-04-13,12:05:00,141,141,141,141,20,0
2016-04-13,12:20:00,141,141,141,141,11,0
2016-04-13,12:25:00,140.8,140.8,140.8,140.8,37,0
2016-04-13,12:35:00,140.8,140.8,140.8,140.8,32,0
2016-04-13,12:45:00,140.8,140.8,140.8,140.8,72,0
2016-04-13,12:55:00,140.8,140.8,140.8,140.8,3,0
2016-04-13,13:00:00,140.8,140.9,140.8,140.9,6,0
2016-04-13,13:25:00,140.6,140.6,140.6,140.6,120,0
2016-04-13,13:40:00,140.55,140.55,140.55,140.55,97,0
2016-04-13,13:45:00,140.5,140.5,140.5,140.5,15,0
2016-04-13,14:00:00,140.5,140.5,140.5,140.5,72,0
2016-04-13,14:10:00,140.5,140.5,140.5,140.5,500,0
2016-04-13,14:15:00,140.5,140.5,140.5,140.5,10,0
2016-04-13,14:35:00,140.55,140.55,140.55,140.55,3,0
2016-04-13,14:40:00,140.6,140.6,140.6,140.6,10,0
2016-04-13,15:00:00,140.55,140.55,140.55,140.55,21,0
2016-04-13,15:05:00,140.55,140.55,140.55,140.55,16,0
2016-04-13,15:20:00,140.8,140.8,140.8,140.8,143,0
2016-04-13,15:25:00,140.9,140.9,140.9,140.9,22,0
2016-04-13,15:30:00,141,141,141,141,3,0
2016-04-13,15:45:00,140.8,140.8,140.7,140.7,42,0
2016-04-13,15:50:00,140.7,141,140.7,141,19,0
2016-04-13,15:55:00,141,141,140.7,140.7,200,0
2016-04-13,16:30:00,140.95,141,140.95,141,213,0
2016-04-13,16:50:00,141.15,141.15,141.15,141.15,100,0
2016-04-14,09:15:00,140.7,141.5,140.7,141.5,17,0
2016-04-14,09:20:00,142,142,142,142,15,0
2016-04-14,09:35:00,142,142,142,142,33,0
2016-04-14,10:00:00,142,142,142,142,30,0
2016-04-14,10:15:00,142,142.3,141.6,141.6,370,0
2016-04-14,11:10:00,141.7,141.7,141.65,141.65,89,0
2016-04-14,12:25:00,142,142,142,142,35,0
2016-04-14,12:35:00,141.65,141.65,141.65,141.65,280,0
2016-04-14,13:10:00,141.9,141.9,141.9,141.9,15,0
2016-04-14,13:30:00,142,142,142,142,5,0
2016-04-14,13:50:00,141.7,141.7,141.7,141.7,53,0
2016-04-14,14:20:00,141.7,141.7,141.7,141.7,6,0
2016-04-14,14:35:00,141.7,141.7,141.7,141.7,61,0
2016-04-14,15:20:00,142,142,142,142,72,0
2016-04-14,15:25:00,142.2,142.2,142.2,142.2,30,0
2016-04-14,15:45:00,142.5,142.5,142.5,142.5,4000,0
2016-04-14,15:50:00,141.7,141.7,141.65,141.65,63,0
2016-04-14,16:20:00,142.5,142.5,142.5,142.5,2511,0
2016-04-15,09:05:00,142.5,142.5,142.5,142.5,130,0
2016-04-15,09:10:00,142.7,142.7,142.7,142.7,24,0
2016-04-15,09:20:00,142.6,142.6,142.6,142.6,440,0
2016-04-15,09:40:00,142.6,142.6,142.6,142.6,20,0
2016-04-15,09:45:00,142.2,142.2,142.2,142.2,258,0
2016-04-15,10:35:00,142.5,142.5,142.5,142.5,8,0
2016-04-15,11:20:00,142.2,142.2,142.2,142.2,42,0
2016-04-15,11:45:00,142.5,142.5,142.5,142.5,8,0
2016-04-15,11:55:00,142.35,142.35,142.3,142.3,70,0
2016-04-15,12:10:00,142.5,142.85,142.3,142.3,35,0
2016-04-15,12:45:00,142.3,142.3,142.3,142.3,96,0
2016-04-15,13:15:00,142.2,142.2,142.2,142.2,3,0
2016-04-15,14:05:00,142.2,142.3,142.2,142.3,11,0
2016-04-15,14:10:00,142.3,142.3,142.3,142.3,9,0
2016-04-15,14:40:00,141.9,141.9,141.65,141.65,100,0
2016-04-15,14:55:00,141.65,141.65,141.65,141.65,15,0
2016-04-15,16:35:00,141.5,141.5,141.5,141.5,7,0
2016-04-15,16:40:00,141.5,141.5,141.5,141.5,13,0
2016-04-15,16:50:00,142.3,142.3,142.3,142.3,244,0
2016-04-18,09:05:00,142.35,142.35,142.35,142.35,44,0
2016-04-18,09:10:00,142.35,142.35,142.35,142.35,16,0
2016-04-18,09:15:00,142.35,142.35,142.35,142.35,25,0
2016-04-18,10:05:00,142.35,142.35,142.3,142.3,26,0
2016-04-18,11:05:00,141.8,142.3,141.8,142.3,37,0
2016-04-18,11:15:00,142.3,142.3,142.3,142.3,60,0
2016-04-18,11:40:00,140,140,140,140,5,0
2016-04-18,12:15:00,142.3,142.3,142.3,142.3,12,0
2016-04-18,13:35:00,142.3,142.3,142.3,142.3,40,0
2016-04-18,15:30:00,141.85,141.85,141.85,141.85,55,0
2016-04-18,15:35:00,141.1,141.1,141.1,141.1,6,0
2016-04-18,16:10:00,141.2,141.2,141.2,141.2,10,0
2016-04-18,16:15:00,140.1,140.1,140.05,140.05,18,0
2016-04-18,16:30:00,140,140,140,140,15,0
2016-04-18,16:45:00,139.7,139.7,139.7,139.7,25,0
2016-04-19,09:05:00,139.95,142,139.95,142,500,0
2016-04-19,09:20:00,141.8,141.8,141.8,141.8,30,0
2016-04-19,09:25:00,141.8,141.8,141.8,141.8,9,0
2016-04-19,09:30:00,141.8,141.8,141.8,141.8,30,0
2016-04-19,09:35:00,141.8,141.8,141.8,141.8,1000,0
2016-04-19,09:40:00,141.7,141.7,141.7,141.7,13,0
2016-04-19,09:55:00,141.25,141.25,140.75,140.75,115,0
2016-04-19,10:50:00,140,140.75,140,140.75,149,0
2016-04-19,13:30:00,140.75,140.75,140.75,140.75,75,0
2016-04-19,14:05:00,140.95,140.95,140.95,140.95,20,0
2016-04-19,14:10:00,140.95,142,140.95,142,5000,0
2016-04-19,14:15:00,142,142,142,142,185,0
2016-04-19,14:25:00,142,142,142,142,1000,0
2016-04-19,14:30:00,142.4,142.4,142.4,142.4,30,0
2016-04-19,15:20:00,142,142,142,142,2000,0
2016-04-19,16:30:00,142,142,142,142,1815,0
2016-04-19,16:50:00,142,142.35,142,142.35,209,0
2016-04-20,09:05:00,142.4,142.4,142.4,142.4,16,0
2016-04-20,09:20:00,142.4,142.4,142.4,142.4,9,0
2016-04-20,09:35:00,142,142,142,142,1,0
2016-04-20,10:15:00,141.5,142,141.5,142,10,0
2016-04-20,10:25:00,142,142,142,142,17,0
2016-04-20,11:10:00,142.2,142.5,142.2,142.5,226,0
2016-04-20,11:30:00,142.5,142.5,142.5,142.5,100,0
2016-04-20,12:15:00,142.5,142.5,142.5,142.5,190,0
2016-04-20,12:25:00,142.5,142.5,142.5,142.5,140,0
2016-04-20,13:05:00,142.5,143,142.5,143,1273,0
2016-04-20,13:15:00,143,144,143,144,45,0
2016-04-20,13:25:00,144,144,144,144,9,0
2016-04-20,13:35:00,144,144,144,144,6,0
2016-04-20,13:50:00,144,144,144,144,3,0
2016-04-20,14:00:00,143.05,143.05,143,143,33,0
2016-04-20,14:25:00,143,143,143,143,15,0
2016-04-20,14:35:00,143,143,143,143,110,0
2016-04-20,15:45:00,143.2,143.2,143.2,143.2,7,0
2016-04-20,15:50:00,144,144,144,144,114,0
2016-04-20,16:20:00,144,144,144,144,6,0
2016-04-20,16:30:00,144,144,144,144,7,0
2016-04-20,16:50:00,144.5,145,144.5,145,231,0
2016-04-21,09:05:00,146.75,146.75,146.75,146.75,87,0
2016-04-21,10:10:00,146.5,146.5,146.5,146.5,10,0
2016-04-21,10:20:00,146.5,146.5,146.5,146.5,10,0
2016-04-21,10:30:00,146.5,146.5,146.5,146.5,5,0
2016-04-21,10:35:00,146.5,146.5,146.5,146.5,15,0
2016-04-21,11:20:00,146.5,146.5,146.5,146.5,10,0
2016-04-21,11:45:00,146.7,146.7,146.7,146.7,8,0
2016-04-21,13:00:00,146.5,146.5,146.5,146.5,40,0
2016-04-21,13:25:00,145.95,145.95,145.95,145.95,15,0
2016-04-21,13:40:00,145.95,145.95,145.95,145.95,1,0
2016-04-21,15:15:00,145.95,145.95,145.8,145.8,23,0
2016-04-21,16:05:00,143.5,143.5,143.5,143.5,3,0
2016-04-21,16:20:00,143.5,143.5,143.2,143.2,6,0
2016-04-21,16:30:00,145.5,145.7,145.5,145.7,20,0
2016-04-21,16:50:00,143.25,143.25,143.25,143.25,9,0
2016-04-22,09:05:00,143.25,143.25,143.25,143.25,20,0
2016-04-22,09:40:00,143.55,143.55,143.55,143.55,9,0
2016-04-22,10:15:00,145.75,145.75,145.75,145.75,130,0
2016-04-22,10:20:00,145.75,145.75,145.75,145.75,7,0
2016-04-22,10:50:00,143.65,143.65,143.65,143.65,9,0
2016-04-22,11:10:00,143.65,143.65,143.6,143.6,132,0
2016-04-22,11:15:00,143.6,143.6,143.55,143.55,100,0
2016-04-22,11:45:00,144,144,144,144,38,0
2016-04-22,12:10:00,144,144,144,144,64,0
2016-04-22,13:15:00,144.25,144.25,144.25,144.25,70,0
2016-04-22,14:10:00,144,144,144,144,10000,0
2016-04-22,14:15:00,144,144,144,144,7751,0
2016-04-22,14:30:00,144.05,144.05,144.05,144.05,3,0
2016-04-22,14:35:00,144.05,144.05,144.05,144.05,2,0
2016-04-22,15:15:00,144.15,144.15,144.15,144.15,68,0
2016-04-22,15:20:00,144.5,144.5,144.5,144.5,2,0
2016-04-22,16:30:00,144,144,144,144,9,0
2016-04-22,16:35:00,144.2,144.2,144.2,144.2,6,0
2016-04-22,16:40:00,144.05,144.5,144.05,144.5,85,0
2016-04-22,16:45:00,144.5,144.5,144.5,144.5,10,0
2016-04-22,16:50:00,144.9,144.9,144.9,144.9,10,0
2016-04-25,09:05:00,145.95,145.95,145.95,145.95,30,0
2016-04-25,09:10:00,145.95,146,145.95,146,160,0
2016-04-25,11:10:00,146,146,146,146,27,0
2016-04-25,11:25:00,146.5,146.5,146.5,146.5,126,0
2016-04-25,11:50:00,146,146,146,146,29,0
2016-04-25,12:05:00,146.5,146.75,146.5,146.75,195,0
2016-04-25,12:15:00,146.5,146.75,146.5,146.75,286,0
2016-04-25,12:40:00,146.75,146.75,146.75,146.75,10,0
2016-04-25,13:30:00,145.2,145.2,145.2,145.2,36,0
2016-04-25,15:10:00,146.75,146.75,146.75,146.75,82,0
2016-04-25,15:35:00,146.75,146.75,146.75,146.75,77,0
2016-04-25,15:55:00,146.75,147,146.75,147,162,0
2016-04-25,16:10:00,147,147,147,147,110,0
2016-04-25,16:20:00,147,147,147,147,141,0
2016-04-25,16:25:00,147,147,147,147,18,0
2016-04-26,09:05:00,146,146,146,146,86,0
2016-04-26,09:10:00,146,146,146,146,268,0
2016-04-26,09:25:00,146,146,146,146,53,0
2016-04-26,09:40:00,146,146,146,146,150,0
2016-04-26,09:45:00,145.6,145.6,145.6,145.6,46,0
2016-04-26,09:50:00,145.6,146,145.6,146,160,0
2016-04-26,09:55:00,145.6,145.9,145.6,145.9,91,0
2016-04-26,10:00:00,144.9,144.9,144.9,144.9,390,0
2016-04-26,10:15:00,145,145.9,145,145.9,5,0
2016-04-26,10:20:00,145.9,145.9,145.9,145.9,82,0
2016-04-26,11:35:00,144.8,144.8,142.4,143,666,0
2016-04-26,11:45:00,142.95,142.95,142.9,142.9,30,0
2016-04-26,11:50:00,142.95,142.95,142.95,142.95,103,0
2016-04-26,11:55:00,143,143,143,143,15,0
2016-04-26,12:50:00,143,143,143,143,90,0
2016-04-26,13:10:00,143,143,143,143,53,0
2016-04-26,13:30:00,143,143,143,143,53,0
2016-04-26,13:40:00,143,143,143,143,5,0
2016-04-26,13:50:00,143,143,143,143,54,0
2016-04-26,13:55:00,143,143,143,143,250,0
2016-04-26,14:10:00,143,143,143,143,53,0
2016-04-26,14:40:00,143,143,143,143,85,0
2016-04-26,15:00:00,143,143,143,143,115,0
2016-04-26,15:05:00,143,143,143,143,30,0
2016-04-26,15:35:00,143,143,143,143,54,0
2016-04-26,15:50:00,143,143,143,143,54,0
2016-04-26,16:05:00,143,143,143,143,115,0
2016-04-26,16:40:00,143,143,143,143,189,0
2016-04-26,16:50:00,143,143,142,142,118,0
2016-04-27,09:05:00,141.55,142,141.55,142,26,0
2016-04-27,10:10:00,141.5,141.5,141.5,141.5,5,0
2016-04-27,10:20:00,141.5,141.5,141.5,141.5,5,0
2016-04-27,10:35:00,141.4,141.4,141.2,141.2,19,0
2016-04-27,11:10:00,141.2,141.2,141.15,141.15,25,0
2016-04-27,11:15:00,141.15,141.15,141.15,141.15,50,0
2016-04-27,11:20:00,142,143.25,142,143.25,20,0
2016-04-27,11:45:00,142.85,142.85,142.85,142.85,84,0
2016-04-27,12:05:00,143.2,143.2,143.2,143.2,10,0
2016-04-27,12:35:00,142.95,142.95,142.95,142.95,10,0
2016-04-27,13:30:00,142.95,142.95,142.95,142.95,683,0
2016-04-27,13:40:00,142.95,142.95,142.95,142.95,500,0
2016-04-27,15:30:00,142.8,142.8,142.8,142.8,10,0
2016-04-27,16:30:00,141.15,141.15,141.1,141.1,53,0
2016-04-27,16:35:00,141.1,141.1,141,141,6,0
2016-04-27,16:50:00,140.2,140.2,140.2,140.2,8,0
2016-04-28,09:05:00,140.2,140.2,140.1,140.1,10,0
2016-04-28,09:15:00,140.1,140.1,139.1,139.1,22,0
2016-04-28,13:50:00,139.1,139.1,139.1,139.1,2,0
2016-04-28,14:00:00,138.9,138.9,138.9,138.9,8,0
2016-04-28,14:40:00,138.85,138.85,138,138,4184,0
2016-04-28,14:45:00,139.1,139.1,139.1,139.1,9,0
2016-04-28,15:05:00,139.1,139.1,139.1,139.1,6,0
2016-04-28,15:15:00,139.1,139.1,139.1,139.1,51,0
2016-04-28,15:30:00,138.05,138.05,138.05,138.05,47,0
2016-04-28,16:15:00,139.55,140,139.55,139.6,500,0
2016-04-29,09:05:00,142.8,142.9,142.8,142.9,19,0
2016-04-29,10:45:00,142,142.2,142,142.2,545,0
2016-04-29,11:45:00,140.9,140.9,140.9,140.9,12,0
2016-04-29,12:30:00,140,140,140,140,37,0
2016-04-29,15:45:00,140,140,140,140,14,0
2016-04-29,16:00:00,140,140,140,140,127,0
2016-04-29,16:05:00,140,140,140,140,17,0
2016-04-29,16:25:00,140,140,140,140,30,0
