2016-04-27,09:05:00,24.68,24.85,24.68,24.85,8380,0
2016-04-27,09:10:00,24.86,24.9,24.86,24.9,4133,0
2016-04-27,09:15:00,24.94,24.94,24.86,24.86,1007,0
2016-04-27,09:20:00,24.86,24.86,24.86,24.86,500,0
2016-04-27,09:25:00,24.88,24.88,24.86,24.86,1091,0
2016-04-27,09:30:00,24.89,24.9,24.86,24.86,20842,0
2016-04-27,09:35:00,24.88,24.95,24.86,24.87,11404,0
2016-04-27,09:40:00,24.9,24.94,24.9,24.9,19138,0
2016-04-27,09:45:00,24.93,25.03,24.9,25,16742,0
2016-04-27,09:50:00,25,25,24.93,25,2226,0
2016-04-27,09:55:00,24.93,25.08,24.92,25.08,7494,0
2016-04-27,10:00:00,25.01,25.04,24.94,24.94,2764,0
2016-04-27,10:05:00,24.94,24.97,24.94,24.97,725,0
2016-04-27,10:10:00,24.99,25.04,24.94,25,9235,0
2016-04-27,10:15:00,25,25,24.95,25,733,0
2016-04-27,10:20:00,24.97,25,24.91,24.91,93997,0
2016-04-27,10:25:00,24.84,24.86,24.51,24.83,12594,0
2016-04-27,10:30:00,24.78,24.78,24.78,24.78,1509,0
2016-04-27,10:35:00,24.77,24.83,24.77,24.8,1796,0
2016-04-27,10:40:00,24.79,24.79,24.73,24.78,793,0
2016-04-27,10:45:00,24.79,24.79,24.79,24.79,400,0
2016-04-27,10:50:00,24.74,24.74,24.53,24.54,2653,0
2016-04-27,10:55:00,24.54,24.63,24.28,24.48,6814,0
2016-04-27,11:00:00,24.57,24.73,24.49,24.51,4976,0
2016-04-27,11:05:00,24.54,24.58,24.51,24.51,1283,0
2016-04-27,11:10:00,24.55,24.58,24.54,24.54,504,0
2016-04-27,11:15:00,24.55,24.56,24.55,24.56,438,0
2016-04-27,11:25:00,24.57,24.57,24.56,24.56,950,0
2016-04-27,11:35:00,24.55,24.55,24.52,24.53,614,0
2016-04-27,11:40:00,24.52,24.52,24.4,24.4,5687,0
2016-04-27,11:45:00,24.42,24.61,24.42,24.53,1867,0
2016-04-27,11:50:00,24.51,24.51,24.51,24.51,160,0
2016-04-27,12:00:00,24.51,24.52,24.5,24.5,1045,0
2016-04-27,12:05:00,24.45,24.45,24.42,24.45,935,0
2016-04-27,12:20:00,24.43,24.43,24.43,24.43,559,0
2016-04-27,12:25:00,24.43,24.48,24.43,24.48,1071,0
2016-04-27,12:30:00,24.46,24.5,24.4,24.5,2912,0
2016-04-27,12:40:00,24.47,24.47,24.4,24.41,3968,0
2016-04-27,12:45:00,24.46,24.46,24.46,24.46,1277,0
2016-04-27,12:50:00,24.43,24.43,24.42,24.43,758,0
2016-04-27,12:55:00,24.41,24.41,24.4,24.4,538,0
2016-04-27,13:00:00,24.41,24.41,24.39,24.39,10228,0
2016-04-27,13:05:00,24.39,24.39,24.39,24.39,550,0
2016-04-27,13:10:00,24.4,24.46,24.4,24.46,1497,0
2016-04-27,13:15:00,24.49,24.51,24.46,24.46,3695,0
2016-04-27,13:20:00,24.47,24.6,24.47,24.6,6111,0
2016-04-27,13:25:00,24.55,24.59,24.55,24.56,292,0
2016-04-27,13:30:00,24.55,24.55,24.53,24.55,1049,0
2016-04-27,13:35:00,24.54,24.6,24.54,24.6,2156,0
2016-04-27,13:45:00,24.59,24.61,24.58,24.6,1772,0
2016-04-27,13:50:00,24.6,24.6,24.57,24.6,777,0
2016-04-27,14:00:00,24.58,24.58,24.57,24.58,742,0
2016-04-27,14:05:00,24.6,24.6,24.59,24.59,189,0
2016-04-27,14:10:00,24.6,24.67,24.6,24.67,2381,0
2016-04-27,14:15:00,24.67,24.67,24.67,24.67,200,0
2016-04-27,14:20:00,24.63,24.72,24.63,24.72,1371,0
2016-04-27,14:25:00,24.72,24.72,24.67,24.69,1628,0
2016-04-27,14:30:00,24.69,24.69,24.69,24.69,50,0
2016-04-27,14:35:00,24.69,24.69,24.67,24.68,1416,0
2016-04-27,14:40:00,24.68,24.68,24.68,24.68,1000,0
2016-04-27,14:45:00,24.68,24.68,24.62,24.62,2532,0
2016-04-27,14:50:00,24.59,24.59,24.53,24.53,588,0
2016-04-27,14:55:00,24.54,24.58,24.54,24.58,361,0
2016-04-27,15:00:00,24.58,24.58,24.5,24.5,5069,0
2016-04-27,15:05:00,24.5,24.53,24.5,24.5,9103,0
2016-04-27,15:10:00,24.5,24.5,24.5,24.5,2543,0
2016-04-27,15:15:00,24.51,24.56,24.51,24.56,5050,0
2016-04-27,15:25:00,24.57,24.57,24.51,24.51,1965,0
2016-04-27,15:30:00,24.43,24.45,24.39,24.45,1739,0
2016-04-27,15:35:00,24.45,24.5,24.45,24.5,6817,0
2016-04-27,15:40:00,24.5,24.5,24.5,24.5,50,0
2016-04-27,15:45:00,24.45,24.46,24.43,24.46,827,0
2016-04-27,15:50:00,24.46,24.46,24.46,24.46,37,0
2016-04-27,15:55:00,24.44,24.49,24.4,24.4,706,0
2016-04-27,16:00:00,24.49,24.49,24.4,24.41,2758,0
2016-04-27,16:05:00,24.39,24.42,24.39,24.42,7728,0
2016-04-27,16:10:00,24.42,24.43,24.36,24.41,8369,0
2016-04-27,16:15:00,24.37,24.37,24.31,24.34,5846,0
2016-04-27,16:20:00,24.34,24.35,24.24,24.35,17294,0
2016-04-27,16:25:00,24.36,24.36,24.25,24.35,1444,0
2016-04-27,16:30:00,24.36,24.36,24.27,24.27,5862,0
2016-04-27,16:35:00,24.3,24.42,24.2,24.24,15982,0
2016-04-27,16:40:00,24.32,24.32,24.3,24.3,572,0
2016-04-27,16:45:00,24.3,24.44,24.3,24.44,4214,0
2016-04-27,16:50:00,24.44,24.5,24.34,24.5,44972,0
2016-04-28,09:05:00,24.24,24.31,24.24,24.3,420,0
2016-04-28,09:15:00,24.34,24.34,24.33,24.33,488,0
2016-04-28,09:20:00,24.5,24.5,24.35,24.35,498,0
2016-04-28,09:25:00,24.42,24.42,24.36,24.36,1577,0
2016-04-28,09:30:00,24.35,24.35,24.28,24.3,3236,0
2016-04-28,09:40:00,24.33,24.38,24.3,24.33,4690,0
2016-04-28,09:45:00,24.33,24.33,24.18,24.18,6269,0
2016-04-28,09:50:00,24.18,24.18,24.15,24.15,943,0
2016-04-28,09:55:00,24.15,24.15,24.05,24.05,6535,0
2016-04-28,10:00:00,24.05,24.07,24.03,24.03,2357,0
2016-04-28,10:05:00,24.02,24.18,24.02,24.18,4124,0
2016-04-28,10:10:00,24.18,24.18,24.18,24.18,1068,0
2016-04-28,10:15:00,24.09,24.09,24.09,24.09,56,0
2016-04-28,10:25:00,24.11,24.11,24.11,24.11,111,0
2016-04-28,10:30:00,24.11,24.11,24.06,24.06,3933,0
2016-04-28,10:35:00,24.06,24.06,23.9,23.91,7459,0
2016-04-28,10:40:00,23.91,23.92,23.86,23.92,2205,0
2016-04-28,10:45:00,23.87,23.87,23.8,23.82,6194,0
2016-04-28,10:50:00,23.81,23.82,23.8,23.8,10917,0
2016-04-28,10:55:00,23.78,23.78,23.72,23.76,6085,0
2016-04-28,11:00:00,23.77,24.07,23.77,24.05,12297,0
2016-04-28,11:05:00,24.07,24.1,23.93,23.93,10919,0
2016-04-28,11:10:00,24.04,24.04,23.88,23.94,4110,0
2016-04-28,11:15:00,23.9,23.9,23.8,23.83,4858,0
2016-04-28,11:20:00,23.85,23.86,23.85,23.86,4395,0
2016-04-28,11:25:00,23.89,23.89,23.87,23.87,885,0
2016-04-28,11:30:00,23.83,23.83,23.83,23.83,196,0
2016-04-28,11:35:00,23.88,23.9,23.88,23.9,2761,0
2016-04-28,11:40:00,23.9,23.9,23.8,23.8,4849,0
2016-04-28,11:45:00,23.85,23.85,23.8,23.8,1457,0
2016-04-28,11:50:00,23.81,23.82,23.81,23.81,1903,0
2016-04-28,11:55:00,23.8,23.8,23.66,23.7,5333,0
2016-04-28,12:00:00,23.75,23.75,23.72,23.72,7597,0
2016-04-28,12:05:00,23.75,23.75,23.75,23.75,1014,0
2016-04-28,12:10:00,23.76,23.8,23.76,23.8,682,0
2016-04-28,12:20:00,23.8,23.8,23.8,23.8,174,0
2016-04-28,12:25:00,23.77,23.8,23.77,23.8,638,0
2016-04-28,12:30:00,23.8,23.8,23.78,23.79,3106,0
2016-04-28,12:35:00,23.79,23.79,23.74,23.74,1695,0
2016-04-28,12:40:00,23.73,23.74,23.73,23.74,1200,0
2016-04-28,12:45:00,23.72,23.72,23.72,23.72,1436,0
2016-04-28,12:50:00,23.71,23.71,23.71,23.71,210,0
2016-04-28,12:55:00,23.73,23.73,23.68,23.68,2229,0
2016-04-28,13:00:00,23.66,23.72,23.66,23.7,4402,0
2016-04-28,13:05:00,23.72,23.75,23.72,23.75,5670,0
2016-04-28,13:10:00,23.75,23.79,23.75,23.79,7630,0
2016-04-28,13:15:00,23.79,23.79,23.79,23.79,13,0
2016-04-28,13:20:00,23.74,23.8,23.74,23.8,5162,0
2016-04-28,13:25:00,23.8,23.8,23.8,23.8,209,0
2016-04-28,13:30:00,23.8,23.8,23.8,23.8,478,0
2016-04-28,13:35:00,23.8,23.8,23.76,23.8,1276,0
2016-04-28,13:40:00,23.8,23.84,23.8,23.84,4680,0
2016-04-28,13:45:00,23.82,23.82,23.82,23.82,3386,0
2016-04-28,13:50:00,23.82,23.82,23.82,23.82,247,0
2016-04-28,13:55:00,23.82,23.84,23.82,23.84,4851,0
2016-04-28,14:00:00,23.86,23.94,23.86,23.94,3936,0
2016-04-28,14:05:00,23.88,23.97,23.88,23.97,2717,0
2016-04-28,14:10:00,23.99,24.05,23.99,24.03,7121,0
2016-04-28,14:15:00,24.04,24.08,24.04,24.08,472,0
2016-04-28,14:20:00,24.06,24.07,24.03,24.06,6037,0
2016-04-28,14:25:00,24.06,24.06,24.03,24.03,759,0
2016-04-28,14:30:00,24.06,24.07,23.82,23.83,14509,0
2016-04-28,14:35:00,23.82,24.06,23.82,24.06,4967,0
2016-04-28,14:40:00,24.05,24.07,24.05,24.07,2152,0
2016-04-28,14:45:00,24.07,24.07,24,24.03,1921,0
2016-04-28,14:50:00,24.03,24.05,24,24.05,1319,0
2016-04-28,14:55:00,24.05,24.1,24.05,24.1,9742,0
2016-04-28,15:00:00,24.12,24.12,24.12,24.12,1170,0
2016-04-28,15:05:00,24.04,24.12,24.04,24.12,1948,0
2016-04-28,15:10:00,24.13,24.13,24.06,24.13,1726,0
2016-04-28,15:15:00,24.13,24.18,24.13,24.18,2819,0
2016-04-28,15:20:00,24.19,24.21,24.19,24.21,2538,0
2016-04-28,15:25:00,24.22,24.23,24.22,24.23,1530,0
2016-04-28,15:30:00,24.23,24.23,23.85,24.11,13099,0
2016-04-28,15:35:00,24.16,24.18,24.05,24.1,8306,0
2016-04-28,15:40:00,24.1,24.2,24.1,24.15,7404,0
2016-04-28,15:45:00,24.19,24.19,24.19,24.19,2100,0
2016-04-28,15:50:00,24.14,24.2,24.14,24.18,10141,0
2016-04-28,15:55:00,24.2,24.2,24.16,24.2,8484,0
2016-04-28,16:00:00,24.2,24.2,24.17,24.2,5571,0
2016-04-28,16:05:00,24.23,24.23,24.23,24.23,404,0
2016-04-28,16:10:00,24.23,24.35,24.23,24.35,5070,0
2016-04-28,16:15:00,24.34,24.34,24.34,24.34,260,0
2016-04-28,16:20:00,24.34,24.42,24.34,24.39,9980,0
2016-04-28,16:25:00,24.39,24.45,24.35,24.37,8752,0
2016-04-28,16:30:00,24.45,24.45,24.38,24.38,7663,0
2016-04-28,16:35:00,24.38,24.39,24.34,24.39,8127,0
2016-04-28,16:40:00,24.4,24.45,24.4,24.42,3139,0
2016-04-28,16:45:00,24.42,24.42,24.37,24.37,2632,0
2016-04-28,16:50:00,24.41,24.49,24.39,24.46,60190,0
2016-04-29,09:05:00,24.08,24.08,24,24.01,1766,0
2016-04-29,09:15:00,24.2,24.2,24.19,24.19,539,0
2016-04-29,09:20:00,24.19,24.19,24.12,24.12,3054,0
2016-04-29,09:30:00,24.14,24.14,24.13,24.13,926,0
2016-04-29,09:45:00,24.17,24.25,24.17,24.25,2128,0
2016-04-29,09:50:00,24.27,24.27,24.1,24.1,4692,0
2016-04-29,09:55:00,24.05,24.18,24.05,24.18,586,0
2016-04-29,10:00:00,24.15,24.16,24.15,24.16,610,0
2016-04-29,10:05:00,24.18,24.21,24.16,24.21,1926,0
2016-04-29,10:10:00,24.21,24.28,24.21,24.25,1761,0
2016-04-29,10:15:00,24.28,24.39,24.28,24.39,3265,0
2016-04-29,10:20:00,24.42,24.44,24.29,24.29,2555,0
2016-04-29,10:25:00,24.3,24.35,24.3,24.34,2473,0
2016-04-29,10:30:00,24.34,24.39,24.34,24.39,1437,0
2016-04-29,10:35:00,24.4,24.44,24.4,24.44,3507,0
2016-04-29,10:40:00,24.41,24.45,24.39,24.39,3742,0
2016-04-29,10:50:00,24.37,24.37,24.37,24.37,1251,0
2016-04-29,10:55:00,24.38,24.39,24.37,24.37,3261,0
2016-04-29,11:00:00,24.32,24.32,24.27,24.27,2947,0
2016-04-29,11:10:00,24.29,24.39,24.28,24.39,2348,0
2016-04-29,11:15:00,24.4,24.45,24.4,24.4,2047,0
2016-04-29,11:20:00,24.45,24.45,24.44,24.44,787,0
2016-04-29,11:25:00,24.42,24.45,24.42,24.43,1772,0
2016-04-29,11:30:00,24.45,24.45,24.44,24.44,1337,0
2016-04-29,11:35:00,24.44,24.44,24.43,24.44,1319,0
2016-04-29,11:40:00,24.43,24.45,24.43,24.44,1219,0
2016-04-29,11:45:00,24.45,24.46,24.44,24.46,1911,0
2016-04-29,11:50:00,24.46,24.49,24.46,24.49,3208,0
2016-04-29,12:00:00,24.49,24.49,24.47,24.47,4079,0
2016-04-29,12:05:00,24.48,24.48,24.48,24.48,346,0
2016-04-29,12:10:00,24.46,24.46,24.36,24.36,3086,0
2016-04-29,12:15:00,24.35,24.35,24.25,24.29,3791,0
2016-04-29,12:25:00,24.26,24.26,24.26,24.26,476,0
2016-04-29,12:30:00,24.3,24.39,24.3,24.39,2956,0
2016-04-29,12:35:00,24.42,24.43,24.42,24.42,1913,0
2016-04-29,12:40:00,24.43,24.43,24.43,24.43,608,0
2016-04-29,12:45:00,24.43,24.47,24.43,24.47,689,0
2016-04-29,12:50:00,24.47,24.47,24.44,24.44,2419,0
2016-04-29,12:55:00,24.41,24.41,24.41,24.41,105,0
2016-04-29,13:00:00,24.44,24.44,24.44,24.44,430,0
2016-04-29,13:10:00,24.43,24.43,24.43,24.43,875,0
2016-04-29,13:15:00,24.42,24.42,24.39,24.42,4224,0
2016-04-29,13:20:00,24.37,24.38,24.35,24.35,1760,0
2016-04-29,13:25:00,24.34,24.34,24.34,24.34,1,0
2016-04-29,13:30:00,24.33,24.37,24.33,24.37,1267,0
2016-04-29,13:35:00,24.35,24.37,24.34,24.37,7483,0
2016-04-29,13:40:00,24.34,24.37,24.31,24.31,4685,0
2016-04-29,13:45:00,24.36,24.36,24.3,24.34,1523,0
2016-04-29,13:50:00,24.33,24.37,24.3,24.35,5574,0
2016-04-29,13:55:00,24.3,24.34,24.27,24.28,5589,0
2016-04-29,14:00:00,24.27,24.27,24.13,24.22,7120,0
2016-04-29,14:05:00,24.22,24.22,24.22,24.22,3961,0
2016-04-29,14:10:00,24.22,24.34,24.22,24.34,2393,0
2016-04-29,14:15:00,24.33,24.33,24.22,24.22,10600,0
2016-04-29,14:20:00,24.21,24.21,24.2,24.2,2000,0
2016-04-29,14:25:00,24.22,24.27,24.22,24.25,1718,0
2016-04-29,14:30:00,24.31,24.31,24.31,24.31,266,0
2016-04-29,14:35:00,24.35,24.35,24.27,24.27,5050,0
2016-04-29,14:45:00,24.3,24.32,24.29,24.29,7559,0
2016-04-29,14:50:00,24.28,24.28,24.27,24.27,2740,0
2016-04-29,14:55:00,24.25,24.25,24.21,24.23,2715,0
2016-04-29,15:00:00,24.25,24.28,24.24,24.28,1325,0
2016-04-29,15:05:00,24.28,24.31,24.28,24.3,3590,0
2016-04-29,15:10:00,24.29,24.29,24.26,24.29,828,0
2016-04-29,15:15:00,24.26,24.26,24.2,24.2,3241,0
2016-04-29,15:20:00,24.2,24.21,24.19,24.21,3242,0
2016-04-29,15:25:00,24.24,24.27,24.24,24.27,2107,0
2016-04-29,15:30:00,24.29,24.3,24.29,24.29,2362,0
2016-04-29,15:35:00,24.28,24.3,24.28,24.3,5525,0
2016-04-29,15:40:00,24.3,24.3,24.3,24.3,921,0
2016-04-29,15:45:00,24.3,24.3,24.25,24.25,7835,0
2016-04-29,15:50:00,24.19,24.19,24.18,24.18,992,0
2016-04-29,15:55:00,24.21,24.23,24.18,24.23,3896,0
2016-04-29,16:00:00,24.28,24.29,24.26,24.27,4749,0
2016-04-29,16:05:00,24.19,24.19,24.19,24.19,146,0
2016-04-29,16:10:00,24.2,24.28,24.2,24.28,1309,0
2016-04-29,16:15:00,24.25,24.28,24.25,24.27,2607,0
2016-04-29,16:20:00,24.29,24.3,24.27,24.27,1670,0
2016-04-29,16:25:00,24.28,24.3,24.25,24.29,4823,0
2016-04-29,16:30:00,24.3,24.3,24.29,24.3,15055,0
2016-04-29,16:35:00,24.29,24.3,24.28,24.3,7431,0
2016-04-29,16:40:00,24.3,24.3,24.29,24.3,2879,0
2016-04-29,16:45:00,24.3,24.3,24.29,24.29,8605,0
2016-04-29,16:50:00,24.29,24.3,24.26,24.28,67672,0
2016-05-02,09:05:00,24.24,24.3,24.24,24.3,649,0
2016-05-02,09:20:00,24.29,24.29,24.27,24.27,509,0
2016-05-02,09:35:00,24.27,24.3,24.27,24.3,3772,0
2016-05-02,09:40:00,24.34,24.34,24.34,24.34,459,0
2016-05-02,09:45:00,24.39,24.39,24.39,24.39,789,0
2016-05-02,09:50:00,24.36,24.5,24.36,24.5,1883,0
2016-05-02,10:05:00,24.49,24.6,24.49,24.6,2019,0
2016-05-02,10:10:00,24.6,24.6,24.59,24.59,2041,0
2016-05-02,10:15:00,24.55,24.55,24.45,24.45,1908,0
2016-05-02,10:25:00,24.52,24.53,24.52,24.53,1695,0
2016-05-02,10:30:00,24.53,24.56,24.53,24.53,2119,0
2016-05-02,10:40:00,24.5,24.5,24.5,24.5,234,0
2016-05-02,10:45:00,24.53,24.54,24.53,24.54,595,0
2016-05-02,10:50:00,24.54,24.54,24.45,24.5,7957,0
2016-05-02,11:05:00,24.51,24.56,24.51,24.56,950,0
2016-05-02,11:10:00,24.55,24.56,24.55,24.56,488,0
2016-05-02,11:15:00,24.55,24.56,24.46,24.46,3323,0
2016-05-02,11:20:00,24.5,24.51,24.5,24.51,798,0
2016-05-02,11:25:00,24.54,24.54,24.45,24.45,5591,0
2016-05-02,11:35:00,24.46,24.46,24.46,24.46,476,0
2016-05-02,12:05:00,24.47,24.47,24.47,24.47,488,0
2016-05-02,12:10:00,24.45,24.45,24.45,24.45,111,0
2016-05-02,12:20:00,24.47,24.47,24.47,24.47,976,0
2016-05-02,12:25:00,24.47,24.47,24.47,24.47,871,0
2016-05-02,12:35:00,24.49,24.55,24.49,24.55,8029,0
2016-05-02,12:40:00,24.55,24.55,24.5,24.5,6730,0
2016-05-02,12:45:00,24.49,24.5,24.49,24.5,2383,0
2016-05-02,12:50:00,24.47,24.47,24.47,24.47,400,0
2016-05-02,12:55:00,24.47,24.47,24.47,24.47,163,0
2016-05-02,13:05:00,24.47,24.47,24.45,24.45,2260,0
2016-05-02,13:10:00,24.49,24.49,24.49,24.49,488,0
2016-05-02,13:20:00,24.48,24.48,24.48,24.48,488,0
2016-05-02,13:25:00,24.48,24.5,24.48,24.5,776,0
2016-05-02,13:30:00,24.49,24.5,24.43,24.43,3350,0
2016-05-02,13:35:00,24.49,24.5,24.49,24.5,488,0
2016-05-02,13:40:00,24.49,24.49,24.49,24.49,488,0
2016-05-02,13:45:00,24.44,24.44,24.44,24.44,52,0
2016-05-02,14:00:00,24.48,24.49,24.48,24.49,488,0
2016-05-02,14:05:00,24.49,24.5,24.49,24.5,976,0
2016-05-02,14:10:00,24.5,24.5,24.45,24.47,4915,0
2016-05-02,14:20:00,24.45,24.45,24.45,24.45,1460,0
2016-05-02,14:25:00,24.49,24.5,24.49,24.5,976,0
2016-05-02,14:30:00,24.49,24.5,24.49,24.5,976,0
2016-05-02,14:35:00,24.5,24.5,24.5,24.5,488,0
2016-05-02,14:45:00,24.5,24.5,24.5,24.5,6056,0
2016-05-02,14:50:00,24.5,24.5,24.49,24.5,3895,0
2016-05-02,14:55:00,24.48,24.48,24.48,24.48,20,0
2016-05-02,15:00:00,24.49,24.5,24.49,24.5,308,0
2016-05-02,15:05:00,24.5,24.5,24.4,24.4,15378,0
2016-05-02,15:10:00,24.46,24.5,24.46,24.5,3602,0
2016-05-02,15:15:00,24.49,24.49,24.49,24.49,46,0
2016-05-02,15:25:00,24.41,24.49,24.41,24.49,202,0
2016-05-02,15:50:00,24.44,24.44,24.44,24.44,111,0
2016-05-02,16:00:00,24.49,24.5,24.49,24.5,1593,0
2016-05-02,16:05:00,24.5,24.5,24.5,24.5,476,0
2016-05-02,16:10:00,24.5,24.5,24.48,24.5,1933,0
2016-05-02,16:15:00,24.5,24.5,24.49,24.49,588,0
2016-05-02,16:20:00,24.49,24.5,24.44,24.44,3218,0
2016-05-02,16:30:00,24.49,24.5,24.39,24.49,3561,0
2016-05-02,16:35:00,24.49,24.5,24.39,24.39,3286,0
2016-05-02,16:45:00,24.49,24.5,24.47,24.5,1804,0
2016-05-02,16:50:00,24.5,24.5,24.42,24.49,16943,0
2016-05-04,09:05:00,24.45,24.45,24.36,24.44,4724,0
2016-05-04,09:15:00,24.34,24.34,24.34,24.34,200,0
2016-05-04,09:25:00,24.33,24.41,24.33,24.41,3192,0
2016-05-04,09:30:00,24.39,24.39,24.27,24.27,1665,0
2016-05-04,09:35:00,24.34,24.34,24.27,24.27,1072,0
2016-05-04,09:40:00,24.28,24.28,24.25,24.25,759,0
2016-05-04,09:45:00,24.24,24.24,24.24,24.24,648,0
2016-05-04,09:50:00,24.25,24.28,24.1,24.14,7432,0
2016-05-04,09:55:00,24.2,24.26,24.2,24.22,3810,0
2016-05-04,10:00:00,24.24,24.24,24.18,24.18,1113,0
2016-05-04,10:05:00,24.15,24.15,24.12,24.12,890,0
2016-05-04,10:10:00,24.1,24.1,23.85,23.85,13703,0
2016-05-04,10:15:00,23.88,23.95,23.88,23.95,6193,0
2016-05-04,10:20:00,23.91,23.91,23.84,23.85,6908,0
2016-05-04,10:25:00,23.85,23.98,23.85,23.98,10564,0
2016-05-04,10:30:00,23.98,24.18,23.96,23.96,9993,0
2016-05-04,10:35:00,23.96,23.96,23.96,23.96,275,0
2016-05-04,10:40:00,23.96,23.96,23.95,23.95,4640,0
2016-05-04,10:45:00,23.95,23.95,23.9,23.9,2917,0
2016-05-04,10:50:00,23.95,24,23.95,24,5447,0
2016-05-04,10:55:00,24.01,24.04,24,24,6135,0
2016-05-04,11:00:00,23.95,23.97,23.95,23.95,2384,0
2016-05-04,11:05:00,23.95,23.97,23.95,23.97,3252,0
2016-05-04,11:10:00,23.93,23.93,23.93,23.93,176,0
2016-05-04,11:15:00,23.92,23.95,23.81,23.86,8371,0
2016-05-04,11:20:00,23.83,23.83,23.8,23.8,4525,0
2016-05-04,11:25:00,23.82,23.93,23.82,23.93,7905,0
2016-05-04,11:30:00,23.92,23.93,23.92,23.92,2114,0
2016-05-04,11:35:00,23.93,23.93,23.93,23.93,3701,0
2016-05-04,11:45:00,23.9,23.91,23.82,23.82,3241,0
2016-05-04,11:50:00,23.82,23.91,23.8,23.87,8917,0
2016-05-04,11:55:00,23.87,23.87,23.81,23.87,3110,0
2016-05-04,12:00:00,23.81,23.81,23.75,23.75,6042,0
2016-05-04,12:05:00,23.76,23.76,23.75,23.75,1050,0
2016-05-04,12:10:00,23.76,23.76,23.76,23.76,690,0
2016-05-04,12:15:00,23.77,23.81,23.77,23.77,2679,0
2016-05-04,12:20:00,23.81,23.81,23.77,23.77,921,0
2016-05-04,12:25:00,23.77,23.77,23.75,23.75,546,0
2016-05-04,12:30:00,23.75,23.75,23.7,23.7,2427,0
2016-05-04,12:35:00,23.7,23.81,23.67,23.81,6379,0
2016-05-04,12:40:00,23.81,23.81,23.81,23.81,931,0
2016-05-04,12:45:00,23.8,23.81,23.75,23.78,3383,0
2016-05-04,12:50:00,23.78,23.79,23.78,23.79,1883,0
2016-05-04,12:55:00,23.74,23.74,23.72,23.72,1961,0
2016-05-04,13:00:00,23.68,23.7,23.67,23.7,1554,0
2016-05-04,13:05:00,23.7,23.72,23.69,23.72,1601,0
2016-05-04,13:10:00,23.69,23.72,23.69,23.72,516,0
2016-05-04,13:15:00,23.68,23.71,23.66,23.66,1803,0
2016-05-04,13:20:00,23.7,23.99,23.7,23.83,14316,0
2016-05-04,13:25:00,23.83,23.86,23.75,23.85,2281,0
2016-05-04,13:30:00,23.85,23.94,23.84,23.84,8916,0
2016-05-04,13:35:00,23.9,23.9,23.86,23.87,1952,0
2016-05-04,13:40:00,23.84,23.84,23.84,23.84,943,0
2016-05-04,13:45:00,23.84,23.84,23.84,23.84,1941,0
2016-05-04,13:50:00,23.83,23.83,23.82,23.82,1834,0
2016-05-04,13:55:00,23.82,23.82,23.82,23.82,313,0
2016-05-04,14:00:00,23.84,23.85,23.83,23.83,4206,0
2016-05-04,14:05:00,23.84,23.84,23.82,23.83,4233,0
2016-05-04,14:10:00,23.82,23.82,23.82,23.82,872,0
2016-05-04,14:15:00,23.82,23.82,23.82,23.82,485,0
2016-05-04,14:20:00,23.82,23.87,23.81,23.82,1965,0
2016-05-04,14:25:00,23.81,23.82,23.81,23.81,2611,0
2016-05-04,14:30:00,23.82,23.82,23.8,23.8,4984,0
2016-05-04,14:35:00,23.8,23.81,23.79,23.79,1196,0
2016-05-04,14:40:00,23.79,23.8,23.79,23.8,888,0
2016-05-04,14:45:00,23.81,23.99,23.81,23.82,11697,0
2016-05-04,14:50:00,23.81,23.81,23.8,23.8,1400,0
2016-05-04,14:55:00,23.82,23.84,23.81,23.82,4860,0
2016-05-04,15:00:00,23.83,23.83,23.83,23.83,470,0
2016-05-04,15:05:00,23.82,23.86,23.82,23.83,4435,0
2016-05-04,15:10:00,23.84,23.84,23.83,23.83,3652,0
2016-05-04,15:15:00,23.83,23.83,23.83,23.83,2839,0
2016-05-04,15:20:00,23.83,23.86,23.83,23.83,6967,0
2016-05-04,15:25:00,23.83,23.83,23.83,23.83,300,0
2016-05-04,15:30:00,23.83,23.83,23.83,23.83,150,0
2016-05-04,15:35:00,23.84,23.87,23.84,23.84,4584,0
2016-05-04,15:40:00,23.84,23.85,23.84,23.85,5862,0
2016-05-04,15:45:00,23.84,23.84,23.84,23.84,1568,0
2016-05-04,15:50:00,23.88,23.9,23.85,23.9,3090,0
2016-05-04,15:55:00,23.9,23.9,23.84,23.84,3345,0
2016-05-04,16:00:00,23.84,23.85,23.83,23.83,4672,0
2016-05-04,16:05:00,23.83,23.83,23.83,23.83,2284,0
2016-05-04,16:10:00,23.83,23.83,23.82,23.82,2242,0
2016-05-04,16:15:00,23.82,23.84,23.76,23.76,2577,0
2016-05-04,16:20:00,23.76,23.77,23.69,23.74,10504,0
2016-05-04,16:25:00,23.73,23.8,23.73,23.76,3495,0
2016-05-04,16:30:00,23.76,23.9,23.75,23.76,12407,0
2016-05-04,16:35:00,23.76,23.82,23.76,23.8,6677,0
2016-05-04,16:40:00,23.8,23.8,23.69,23.69,8622,0
2016-05-04,16:45:00,23.7,23.8,23.69,23.69,8103,0
2016-05-04,16:50:00,23.69,23.92,23.66,23.92,51120,0
2016-05-05,09:05:00,23.9,23.9,23.81,23.81,1040,0
2016-05-05,09:15:00,23.81,23.81,23.81,23.81,315,0
2016-05-05,09:20:00,23.81,23.81,23.81,23.81,596,0
2016-05-05,09:25:00,23.81,23.9,23.8,23.8,2984,0
2016-05-05,09:30:00,23.8,23.8,23.8,23.8,1066,0
2016-05-05,09:35:00,23.8,23.8,23.8,23.8,197,0
2016-05-05,09:40:00,23.78,23.78,23.6,23.78,5355,0
2016-05-05,09:45:00,23.63,23.63,23.6,23.6,2092,0
2016-05-05,09:50:00,23.6,23.6,23.6,23.6,1037,0
2016-05-05,09:55:00,23.6,23.6,23.57,23.6,3308,0
2016-05-05,10:00:00,23.6,23.6,23.6,23.6,300,0
2016-05-05,10:05:00,23.6,23.6,23.45,23.52,4977,0
2016-05-05,10:10:00,23.52,23.52,23.45,23.45,2266,0
2016-05-05,10:15:00,23.45,23.45,23.32,23.32,5340,0
2016-05-05,10:20:00,23.33,23.38,23.33,23.38,988,0
2016-05-05,10:25:00,23.33,23.33,23.32,23.32,1107,0
2016-05-05,10:30:00,23.32,23.32,23.32,23.32,646,0
2016-05-05,10:35:00,23.33,23.38,23.33,23.38,1562,0
2016-05-05,10:50:00,23.38,23.38,23.38,23.38,125,0
2016-05-05,10:55:00,23.38,23.45,23.35,23.45,2497,0
2016-05-05,11:05:00,23.4,23.4,23.4,23.4,527,0
2016-05-05,11:15:00,23.41,23.49,23.4,23.46,3444,0
2016-05-05,11:20:00,23.4,23.4,23.4,23.4,1461,0
2016-05-05,11:25:00,23.41,23.41,23.4,23.4,307,0
2016-05-05,11:30:00,23.46,23.46,23.46,23.46,42,0
2016-05-05,11:35:00,23.4,23.4,23.4,23.4,938,0
2016-05-05,11:40:00,23.41,23.41,23.4,23.4,85,0
2016-05-05,11:45:00,23.41,23.42,23.41,23.42,607,0
2016-05-05,11:50:00,23.41,23.45,23.41,23.41,1385,0
2016-05-05,11:55:00,23.41,23.45,23.41,23.45,1090,0
2016-05-05,12:00:00,23.5,23.5,23.5,23.5,313,0
2016-05-05,12:15:00,23.45,23.45,23.45,23.45,1089,0
2016-05-05,12:20:00,23.45,23.45,23.45,23.45,439,0
2016-05-05,12:25:00,23.45,23.45,23.45,23.45,307,0
2016-05-05,12:30:00,23.45,23.45,23.38,23.38,1360,0
2016-05-05,12:35:00,23.39,23.39,23.39,23.39,1441,0
2016-05-05,12:45:00,23.39,23.4,23.39,23.39,1157,0
2016-05-05,12:55:00,23.43,23.47,23.43,23.47,1690,0
2016-05-05,13:05:00,23.48,23.52,23.47,23.52,3132,0
2016-05-05,13:15:00,23.42,23.5,23.35,23.46,2329,0
2016-05-05,13:20:00,23.37,23.44,23.34,23.44,3048,0
2016-05-05,13:25:00,23.35,23.44,23.34,23.43,652,0
2016-05-05,13:30:00,23.35,23.42,23.34,23.42,1438,0
2016-05-05,13:35:00,23.44,23.44,23.36,23.42,1305,0
2016-05-05,13:45:00,23.36,23.4,23.36,23.4,1974,0
2016-05-05,13:50:00,23.4,23.4,23.4,23.4,7,0
2016-05-05,13:55:00,23.37,23.37,23.36,23.36,423,0
2016-05-05,14:00:00,23.35,23.4,23.34,23.38,3576,0
2016-05-05,14:05:00,23.36,23.36,23.36,23.36,12,0
2016-05-05,14:10:00,23.38,23.38,23.34,23.34,3294,0
2016-05-05,14:15:00,23.34,23.38,23.34,23.38,512,0
2016-05-05,14:20:00,23.38,23.42,23.36,23.42,2273,0
2016-05-05,14:25:00,23.41,23.42,23.41,23.42,144,0
2016-05-05,14:30:00,23.41,23.41,23.36,23.41,1398,0
2016-05-05,14:40:00,23.36,23.4,23.36,23.4,1522,0
2016-05-05,14:50:00,23.4,23.4,23.35,23.4,532,0
2016-05-05,14:55:00,23.34,23.4,23.32,23.37,4499,0
2016-05-05,15:00:00,23.38,23.38,23.32,23.37,622,0
2016-05-05,15:05:00,23.37,23.38,23.36,23.36,5,0
2016-05-05,15:10:00,23.35,23.37,23.33,23.37,1003,0
2016-05-05,15:15:00,23.37,23.37,23.35,23.37,156,0
2016-05-05,15:20:00,23.32,23.37,23.32,23.37,1453,0
2016-05-05,15:25:00,23.32,23.4,23.32,23.4,2312,0
2016-05-05,15:30:00,23.4,23.4,23.37,23.37,833,0
2016-05-05,15:35:00,23.36,23.36,23.27,23.27,7536,0
2016-05-05,15:40:00,23.35,23.35,23.27,23.27,2291,0
2016-05-05,15:45:00,23.32,23.32,23.32,23.32,401,0
2016-05-05,15:50:00,23.26,23.26,23.23,23.26,18833,0
2016-05-05,15:55:00,23.23,23.4,23.22,23.4,5199,0
2016-05-05,16:00:00,23.33,23.37,23.22,23.22,5445,0
2016-05-05,16:05:00,23.24,23.29,23.22,23.29,2655,0
2016-05-05,16:10:00,23.29,23.29,23.29,23.29,54,0
2016-05-05,16:15:00,23.28,23.3,23.24,23.3,3782,0
2016-05-05,16:20:00,23.26,23.26,23.21,23.21,6457,0
2016-05-05,16:25:00,23.21,23.21,23.21,23.21,1047,0
2016-05-05,16:30:00,23.21,23.22,23.11,23.13,14878,0
2016-05-05,16:35:00,23.19,23.19,23.14,23.18,6654,0
2016-05-05,16:40:00,23.14,23.2,23.14,23.2,11203,0
2016-05-05,16:45:00,23.25,23.44,23.14,23.16,15965,0
2016-05-05,16:50:00,23.2,23.39,23.19,23.23,25402,0
2016-05-06,09:05:00,23.4,23.4,23.13,23.13,6938,0
2016-05-06,09:10:00,23.13,23.15,23.13,23.14,1970,0
2016-05-06,09:15:00,23.14,23.19,23.14,23.19,2493,0
2016-05-06,09:20:00,23.18,23.22,23.18,23.2,2263,0
2016-05-06,09:25:00,23.32,23.32,23.23,23.23,446,0
2016-05-06,09:30:00,23.35,23.35,23.25,23.25,1319,0
2016-05-06,09:35:00,23.27,23.37,23.26,23.37,1255,0
2016-05-06,09:40:00,23.27,23.27,23.2,23.24,2844,0
2016-05-06,09:45:00,23.23,23.23,23.2,23.2,3307,0
2016-05-06,09:50:00,23.2,23.24,23.2,23.2,5492,0
2016-05-06,09:55:00,23.24,23.24,23.24,23.24,1546,0
2016-05-06,10:00:00,23.21,23.21,23.2,23.2,3376,0
2016-05-06,10:10:00,23.2,23.33,23.19,23.33,5468,0
2016-05-06,10:15:00,23.32,23.32,23.32,23.32,34,0
2016-05-06,10:20:00,23.23,23.23,23.23,23.23,471,0
2016-05-06,10:25:00,23.24,23.24,23.23,23.23,5053,0
2016-05-06,10:35:00,23.23,23.23,23.23,23.23,412,0
2016-05-06,10:40:00,23.23,23.25,23.23,23.25,8151,0
2016-05-06,10:50:00,23.3,23.35,23.3,23.31,4549,0
2016-05-06,11:00:00,23.36,23.37,23.34,23.34,1043,0
2016-05-06,11:05:00,23.35,23.37,23.35,23.37,658,0
2016-05-06,11:10:00,23.36,23.36,23.34,23.34,635,0
2016-05-06,11:15:00,23.38,23.38,23.38,23.38,100,0
2016-05-06,11:20:00,23.34,23.34,23.34,23.34,462,0
2016-05-06,11:25:00,23.33,23.33,23.32,23.33,849,0
2016-05-06,11:30:00,23.33,23.34,23.33,23.33,1691,0
2016-05-06,11:35:00,23.32,23.39,23.32,23.39,5167,0
2016-05-06,11:40:00,23.4,23.49,23.37,23.37,3459,0
2016-05-06,11:45:00,23.39,23.39,23.39,23.39,729,0
2016-05-06,11:50:00,23.39,23.44,23.38,23.44,1089,0
2016-05-06,11:55:00,23.39,23.42,23.39,23.39,1359,0
2016-05-06,12:00:00,23.42,23.44,23.42,23.44,845,0
2016-05-06,12:05:00,23.42,23.42,23.4,23.41,1499,0
2016-05-06,12:10:00,23.45,23.45,23.4,23.45,2173,0
2016-05-06,12:15:00,23.45,23.5,23.4,23.4,7060,0
2016-05-06,12:20:00,23.45,23.51,23.45,23.51,2430,0
2016-05-06,12:30:00,23.5,23.5,23.46,23.46,2647,0
2016-05-06,12:40:00,23.46,23.49,23.43,23.49,1689,0
2016-05-06,12:45:00,23.49,23.49,23.46,23.46,1915,0
2016-05-06,12:50:00,23.49,23.52,23.49,23.52,2549,0
2016-05-06,12:55:00,23.52,23.55,23.5,23.55,2087,0
2016-05-06,13:00:00,23.57,23.59,23.57,23.57,2142,0
2016-05-06,13:05:00,23.59,23.64,23.59,23.62,1981,0
2016-05-06,13:10:00,23.64,23.64,23.62,23.62,1887,0
2016-05-06,13:15:00,23.59,23.59,23.58,23.58,2308,0
2016-05-06,13:20:00,23.57,23.57,23.54,23.57,3170,0
2016-05-06,13:30:00,23.5,23.54,23.48,23.54,3114,0
2016-05-06,13:40:00,23.5,23.53,23.48,23.52,2469,0
2016-05-06,13:45:00,23.53,23.53,23.47,23.52,3197,0
2016-05-06,13:50:00,23.47,23.52,23.47,23.52,219,0
2016-05-06,14:00:00,23.48,23.5,23.45,23.45,1812,0
2016-05-06,14:05:00,23.45,23.5,23.43,23.43,4631,0
2016-05-06,14:10:00,23.43,23.43,23.42,23.42,1917,0
2016-05-06,14:15:00,23.41,23.41,23.35,23.35,7799,0
2016-05-06,14:20:00,23.39,23.39,23.39,23.39,200,0
2016-05-06,14:25:00,23.36,23.36,23.31,23.31,7150,0
2016-05-06,14:30:00,23.3,23.3,23.24,23.24,9085,0
2016-05-06,14:35:00,23.24,23.35,23.22,23.35,3842,0
2016-05-06,14:40:00,23.35,23.35,23.35,23.35,83,0
2016-05-06,14:45:00,23.36,23.36,23.36,23.36,738,0
2016-05-06,15:00:00,23.32,23.32,23.32,23.32,539,0
2016-05-06,15:10:00,23.32,23.32,23.32,23.32,115,0
2016-05-06,15:15:00,23.35,23.44,23.32,23.44,5916,0
2016-05-06,15:25:00,23.5,23.5,23.49,23.49,1352,0
2016-05-06,15:30:00,23.42,23.48,23.4,23.48,4511,0
2016-05-06,15:35:00,23.46,23.48,23.46,23.48,1045,0
2016-05-06,15:40:00,23.47,23.6,23.47,23.6,2506,0
2016-05-06,15:50:00,23.5,23.55,23.49,23.54,2663,0
2016-05-06,15:55:00,23.52,23.52,23.5,23.5,508,0
2016-05-06,16:00:00,23.5,23.5,23.49,23.49,1314,0
2016-05-06,16:05:00,23.45,23.47,23.41,23.41,2103,0
2016-05-06,16:10:00,23.45,23.45,23.34,23.38,3136,0
2016-05-06,16:15:00,23.41,23.51,23.41,23.51,2618,0
2016-05-06,16:20:00,23.42,23.42,23.39,23.39,1725,0
2016-05-06,16:25:00,23.43,23.43,23.43,23.43,220,0
2016-05-06,16:30:00,23.36,23.42,23.36,23.42,520,0
2016-05-06,16:35:00,23.37,23.47,23.37,23.47,2406,0
2016-05-06,16:40:00,23.48,23.59,23.48,23.59,1852,0
2016-05-06,16:45:00,23.58,23.6,23.57,23.6,976,0
2016-05-06,16:50:00,23.56,23.63,23.47,23.52,10370,0
2016-05-09,09:05:00,23.79,23.79,23.64,23.64,699,0
2016-05-09,09:10:00,23.67,23.67,23.62,23.62,1373,0
2016-05-09,09:15:00,23.56,23.56,23.5,23.5,1907,0
2016-05-09,09:20:00,23.46,23.52,23.37,23.52,4080,0
2016-05-09,09:25:00,23.42,23.42,23.32,23.32,3414,0
2016-05-09,09:30:00,23.41,23.41,23.34,23.4,495,0
2016-05-09,09:35:00,23.37,23.39,23.3,23.38,3619,0
2016-05-09,09:40:00,23.37,23.52,23.28,23.52,7987,0
2016-05-09,09:45:00,23.44,23.44,23.44,23.44,259,0
2016-05-09,09:50:00,23.5,23.55,23.46,23.52,3205,0
2016-05-09,09:55:00,23.52,23.52,23.52,23.52,60,0
2016-05-09,10:00:00,23.52,23.52,23.41,23.41,1682,0
2016-05-09,10:05:00,23.39,23.4,23.31,23.31,1153,0
2016-05-09,10:10:00,23.26,23.43,23.26,23.36,6236,0
2016-05-09,10:15:00,23.37,23.37,23.37,23.37,259,0
2016-05-09,10:20:00,23.42,23.42,23.38,23.4,1153,0
2016-05-09,10:25:00,23.37,23.37,23.37,23.37,723,0
2016-05-09,10:30:00,23.38,23.42,23.38,23.41,1328,0
2016-05-09,10:35:00,23.41,23.41,23.37,23.37,2994,0
2016-05-09,10:40:00,23.37,23.42,23.28,23.42,5909,0
2016-05-09,10:45:00,23.4,23.4,23.4,23.4,377,0
2016-05-09,10:50:00,23.39,23.41,23.39,23.4,1022,0
2016-05-09,10:55:00,23.43,23.43,23.38,23.38,1272,0
2016-05-09,11:00:00,23.37,23.43,23.37,23.37,500,0
2016-05-09,11:05:00,23.36,23.36,23.36,23.36,1217,0
2016-05-09,11:10:00,23.37,23.37,23.37,23.37,212,0
2016-05-09,11:15:00,23.39,23.41,23.39,23.41,515,0
2016-05-09,11:20:00,23.42,23.42,23.38,23.38,1685,0
2016-05-09,11:25:00,23.39,23.39,23.32,23.32,5196,0
2016-05-09,11:30:00,23.33,23.35,23.32,23.33,4590,0
2016-05-09,11:35:00,23.3,23.41,23.3,23.37,5262,0
2016-05-09,11:40:00,23.37,23.37,23.37,23.37,274,0
2016-05-09,11:45:00,23.37,23.37,23.37,23.37,1235,0
2016-05-09,11:50:00,23.37,23.37,23.37,23.37,277,0
2016-05-09,11:55:00,23.36,23.41,23.36,23.41,772,0
2016-05-09,12:00:00,23.36,23.37,23.36,23.37,554,0
2016-05-09,12:05:00,23.37,23.37,23.37,23.37,166,0
2016-05-09,12:10:00,23.38,23.38,23.37,23.37,1341,0
2016-05-09,12:15:00,23.39,23.4,23.36,23.4,3838,0
2016-05-09,12:20:00,23.38,23.45,23.38,23.45,5667,0
2016-05-09,12:25:00,23.46,23.68,23.4,23.5,5880,0
2016-05-09,12:30:00,23.49,23.55,23.48,23.55,1251,0
2016-05-09,12:35:00,23.52,23.54,23.44,23.44,3235,0
2016-05-09,12:40:00,23.44,23.44,23.38,23.38,1379,0
2016-05-09,12:45:00,23.37,23.37,23.37,23.37,286,0
2016-05-09,12:50:00,23.37,23.47,23.35,23.47,9635,0
2016-05-09,12:55:00,23.46,23.46,23.35,23.43,2699,0
2016-05-09,13:00:00,23.43,23.44,23.41,23.43,730,0
2016-05-09,13:05:00,23.42,23.43,23.39,23.43,1060,0
2016-05-09,13:10:00,23.42,23.42,23.39,23.39,464,0
2016-05-09,13:15:00,23.39,23.39,23.38,23.38,1264,0
2016-05-09,13:20:00,23.38,23.38,23.38,23.38,289,0
2016-05-09,13:25:00,23.39,23.39,23.39,23.39,289,0
2016-05-09,13:30:00,23.4,23.45,23.38,23.43,4506,0
2016-05-09,13:35:00,23.39,23.39,23.35,23.35,2880,0
2016-05-09,13:40:00,23.35,23.35,23.29,23.29,9694,0
2016-05-09,13:45:00,23.29,23.41,23.23,23.26,13536,0
2016-05-09,13:50:00,23.3,23.34,23.23,23.28,3516,0
2016-05-09,13:55:00,23.28,23.29,23.23,23.24,1265,0
2016-05-09,14:00:00,23.24,23.29,23.24,23.29,852,0
2016-05-09,14:05:00,23.23,23.29,23.22,23.24,885,0
2016-05-09,14:10:00,23.23,23.23,23.23,23.23,292,0
2016-05-09,14:15:00,23.28,23.28,23.24,23.24,536,0
2016-05-09,14:20:00,23.24,23.24,23.24,23.24,584,0
2016-05-09,14:25:00,23.24,23.25,23.24,23.25,1703,0
2016-05-09,14:30:00,23.24,23.24,23.24,23.24,648,0
2016-05-09,14:35:00,23.25,23.25,23.24,23.24,1256,0
2016-05-09,14:40:00,23.24,23.24,23.03,23.12,29197,0
2016-05-09,14:45:00,23.13,23.14,23.13,23.14,786,0
2016-05-09,14:50:00,23.14,23.22,23.14,23.22,3314,0
2016-05-09,14:55:00,23.22,23.26,23.21,23.26,2592,0
2016-05-09,15:00:00,23.26,23.3,23.26,23.3,2005,0
2016-05-09,15:05:00,23.31,23.31,23.17,23.17,4819,0
2016-05-09,15:10:00,23.17,23.25,23.17,23.25,1591,0
2016-05-09,15:15:00,23.29,23.29,23.21,23.21,1231,0
2016-05-09,15:20:00,23.21,23.24,23.2,23.21,3909,0
2016-05-09,15:25:00,23.22,23.28,23.22,23.26,1286,0
2016-05-09,15:30:00,23.22,23.23,23.2,23.23,3007,0
2016-05-09,15:35:00,23.21,23.21,23.2,23.2,590,0
2016-05-09,15:40:00,23.2,23.22,23.2,23.22,783,0
2016-05-09,15:45:00,23.2,23.38,23.2,23.3,10482,0
2016-05-09,15:50:00,23.3,23.34,23.23,23.29,2905,0
2016-05-09,15:55:00,23.23,23.26,23.22,23.25,2275,0
2016-05-09,16:00:00,23.2,23.3,23.2,23.3,6556,0
2016-05-09,16:05:00,23.3,23.3,23.21,23.3,2222,0
2016-05-09,16:10:00,23.3,23.3,23.22,23.23,1110,0
2016-05-09,16:15:00,23.25,23.25,23.2,23.25,3739,0
2016-05-09,16:20:00,23.2,23.25,23.2,23.21,485,0
2016-05-09,16:25:00,23.21,23.25,23.2,23.2,11177,0
2016-05-09,16:30:00,23.21,23.38,23.2,23.21,9391,0
2016-05-09,16:35:00,23.22,23.26,23.22,23.26,773,0
2016-05-09,16:40:00,23.29,23.29,23.28,23.28,1292,0
2016-05-09,16:45:00,23.26,23.26,23.2,23.2,3670,0
2016-05-09,16:50:00,23.2,23.36,23.2,23.26,32432,0
2016-05-10,09:05:00,23.26,23.28,23.26,23.28,830,0
2016-05-10,09:10:00,23.28,23.39,23.27,23.39,4725,0
2016-05-10,09:15:00,23.38,23.39,23.38,23.38,3030,0
2016-05-10,09:20:00,23.36,23.36,23.36,23.36,174,0
2016-05-10,09:25:00,23.34,23.38,23.31,23.38,4248,0
2016-05-10,09:35:00,23.36,23.36,23.32,23.32,2989,0
2016-05-10,09:40:00,23.35,23.35,23.35,23.35,488,0
2016-05-10,09:45:00,23.31,23.34,23.26,23.26,4559,0
2016-05-10,09:50:00,23.26,23.29,23.24,23.29,6526,0
2016-05-10,09:55:00,23.24,23.28,23.24,23.28,602,0
2016-05-10,10:00:00,23.26,23.36,23.25,23.33,6656,0
2016-05-10,10:05:00,23.32,23.36,23.26,23.26,2052,0
2016-05-10,10:10:00,23.28,23.28,23.26,23.26,1799,0
2016-05-10,10:15:00,23.29,23.34,23.27,23.34,5759,0
2016-05-10,10:20:00,23.35,23.35,23.35,23.35,975,0
2016-05-10,10:25:00,23.33,23.33,23.33,23.33,784,0
2016-05-10,10:30:00,23.29,23.29,23.29,23.29,157,0
2016-05-10,10:35:00,23.29,23.29,23.23,23.23,6872,0
2016-05-10,10:40:00,23.23,23.26,23.23,23.26,9147,0
2016-05-10,10:45:00,23.24,23.24,23.24,23.24,1000,0
2016-05-10,10:50:00,23.25,23.25,23.18,23.18,26880,0
2016-05-10,10:55:00,23.18,23.18,23.18,23.18,704,0
2016-05-10,11:00:00,23.18,23.19,23.15,23.18,20498,0
2016-05-10,11:05:00,23.16,23.17,23.16,23.17,802,0
2016-05-10,11:10:00,23.19,23.21,23.19,23.21,4406,0
2016-05-10,11:15:00,23.21,23.21,23.21,23.21,567,0
2016-05-10,11:20:00,23.2,23.21,23.14,23.14,24901,0
2016-05-10,11:25:00,23.21,23.21,23.21,23.21,538,0
2016-05-10,11:35:00,23.16,23.2,23.16,23.2,760,0
2016-05-10,11:40:00,23.16,23.2,23.16,23.2,1723,0
2016-05-10,11:45:00,23.19,23.19,23.16,23.17,8500,0
2016-05-10,11:50:00,23.15,23.15,23.14,23.15,7255,0
2016-05-10,12:00:00,23.15,23.15,23.15,23.15,242,0
2016-05-10,12:05:00,23.17,23.17,23.14,23.14,7526,0
2016-05-10,12:10:00,23.15,23.19,23.14,23.15,5075,0
2016-05-10,12:20:00,23.15,23.16,23.15,23.16,2383,0
2016-05-10,12:25:00,23.19,23.19,23.18,23.19,6065,0
2016-05-10,12:30:00,23.19,23.19,23.19,23.19,3081,0
2016-05-10,12:35:00,23.19,23.2,23.19,23.2,6318,0
2016-05-10,12:40:00,23.2,23.2,23.19,23.2,4927,0
2016-05-10,12:45:00,23.19,23.19,23.19,23.19,2741,0
2016-05-10,12:50:00,23.17,23.23,23.17,23.23,5910,0
2016-05-10,12:55:00,23.18,23.2,23.16,23.2,5749,0
2016-05-10,13:00:00,23.16,23.16,23.16,23.16,61,0
2016-05-10,13:05:00,23.18,23.18,23.17,23.17,1387,0
2016-05-10,13:10:00,23.18,23.18,23.16,23.18,2117,0
2016-05-10,13:15:00,23.16,23.18,23.16,23.18,1947,0
2016-05-10,13:20:00,23.15,23.18,23.12,23.12,12055,0
2016-05-10,13:25:00,23.13,23.18,23.13,23.18,5120,0
2016-05-10,13:35:00,23.12,23.17,23.12,23.17,4945,0
2016-05-10,13:40:00,23.13,23.17,23.13,23.17,270,0
2016-05-10,13:45:00,23.15,23.16,23.15,23.16,1043,0
2016-05-10,13:50:00,23.16,23.33,23.14,23.3,12874,0
2016-05-10,13:55:00,23.3,23.3,23.23,23.29,960,0
2016-05-10,14:00:00,23.23,23.29,23.21,23.28,4816,0
2016-05-10,14:05:00,23.23,23.28,23.23,23.28,642,0
2016-05-10,14:10:00,23.23,23.28,23.22,23.27,1178,0
2016-05-10,14:15:00,23.15,23.27,23.14,23.26,1285,0
2016-05-10,14:20:00,23.18,23.22,23.18,23.22,932,0
2016-05-10,14:25:00,23.14,23.22,23.14,23.22,230,0
2016-05-10,14:30:00,23.18,23.22,23.18,23.18,1409,0
2016-05-10,14:35:00,23.14,23.17,23.13,23.17,2157,0
2016-05-10,14:40:00,23.12,23.17,23.12,23.16,2690,0
2016-05-10,14:45:00,23.15,23.29,23.15,23.28,6883,0
2016-05-10,14:50:00,23.25,23.25,23.25,23.25,141,0
2016-05-10,14:55:00,23.29,23.29,23.29,23.29,863,0
2016-05-10,15:00:00,23.28,23.28,23.26,23.26,12,0
2016-05-10,15:05:00,23.25,23.25,23.12,23.18,14360,0
2016-05-10,15:10:00,23.18,23.28,23.18,23.28,2095,0
2016-05-10,15:20:00,23.2,23.22,23.15,23.22,1443,0
2016-05-10,15:25:00,23.17,23.23,23.15,23.15,2504,0
2016-05-10,15:30:00,23.17,23.21,23.17,23.21,2118,0
2016-05-10,15:35:00,23.21,23.21,23.17,23.17,215,0
2016-05-10,15:40:00,23.2,23.2,23.17,23.19,249,0
2016-05-10,15:45:00,23.15,23.15,23.15,23.15,111,0
2016-05-10,15:55:00,23.17,23.17,23.14,23.16,4073,0
2016-05-10,16:00:00,23.14,23.17,23.13,23.17,1262,0
2016-05-10,16:05:00,23.17,23.17,23.13,23.15,3797,0
2016-05-10,16:10:00,23.15,23.15,23.14,23.15,1510,0
2016-05-10,16:15:00,23.15,23.15,23.12,23.12,4778,0
2016-05-10,16:20:00,23.13,23.16,23.12,23.12,10241,0
2016-05-10,16:25:00,23.12,23.13,23.12,23.13,5151,0
2016-05-10,16:30:00,23.15,23.15,23.15,23.15,1213,0
2016-05-10,16:35:00,23.15,23.16,23.15,23.16,2275,0
2016-05-10,16:40:00,23.17,23.17,23.17,23.17,201,0
2016-05-10,16:45:00,23.16,23.16,23.13,23.13,5271,0
2016-05-10,16:50:00,23.12,23.29,23.12,23.29,66346,0
2016-05-11,09:05:00,23.23,23.23,23.08,23.08,2046,0
2016-05-11,09:10:00,23.08,23.08,23.06,23.06,1464,0
2016-05-11,09:15:00,23.06,23.13,23.06,23.09,4794,0
2016-05-11,09:20:00,23.09,23.09,23.09,23.09,579,0
2016-05-11,09:25:00,23.07,23.07,22.96,22.96,5858,0
2016-05-11,09:30:00,22.98,23.03,22.97,22.99,8845,0
2016-05-11,09:35:00,22.97,23.02,22.97,23.02,214,0
2016-05-11,09:40:00,23.01,23.22,23.01,23.06,18764,0
2016-05-11,09:45:00,23.09,23.09,23.09,23.09,2550,0
2016-05-11,09:50:00,23.15,23.16,23.15,23.15,1506,0
2016-05-11,09:55:00,23.13,23.13,23.12,23.12,589,0
2016-05-11,10:00:00,23.16,23.16,23.16,23.16,408,0
2016-05-11,10:05:00,23.15,23.15,23.02,23.02,5430,0
2016-05-11,10:10:00,23.01,23.01,22.86,22.86,5946,0
2016-05-11,10:15:00,22.89,23.47,22.89,23.14,7281,0
2016-05-11,10:20:00,23.11,23.11,22.95,22.95,8791,0
2016-05-11,10:25:00,22.91,23.11,22.91,23.11,3631,0
2016-05-11,10:30:00,23.11,23.11,23.01,23.01,1019,0
2016-05-11,10:35:00,22.98,23.15,22.95,23.14,8278,0
2016-05-11,10:40:00,23.08,23.14,23.05,23.13,2852,0
2016-05-11,10:45:00,23.06,23.13,22.91,23.13,5708,0
2016-05-11,10:50:00,23.11,23.13,23.01,23.09,5468,0
2016-05-11,10:55:00,23.06,23.15,22.98,23.15,4892,0
2016-05-11,11:00:00,23.15,23.22,22.98,23.02,9920,0
2016-05-11,11:05:00,22.98,23.1,22.98,23.09,7012,0
2016-05-11,11:10:00,23.09,23.2,23.09,23.17,2840,0
2016-05-11,11:15:00,23.16,23.17,23.05,23.08,3850,0
2016-05-11,11:20:00,23.07,23.08,22.97,22.98,195,0
2016-05-11,11:25:00,22.97,22.97,22.89,22.89,3791,0
2016-05-11,11:30:00,22.89,22.96,22.89,22.9,5129,0
2016-05-11,11:35:00,22.91,22.96,22.9,22.91,4013,0
2016-05-11,11:40:00,22.93,23,22.93,23,3782,0
2016-05-11,11:45:00,23.14,23.19,22.92,22.95,10122,0
2016-05-11,11:50:00,22.96,23.07,22.96,22.97,3219,0
2016-05-11,11:55:00,22.92,23.06,22.92,23.05,3803,0
2016-05-11,12:00:00,23.04,23.2,22.92,22.98,9679,0
2016-05-11,12:05:00,22.98,22.98,22.92,22.96,195,0
2016-05-11,12:10:00,22.93,22.96,22.93,22.96,1664,0
2016-05-11,12:15:00,22.94,22.95,22.94,22.95,170,0
2016-05-11,12:20:00,22.95,22.96,22.95,22.95,1004,0
2016-05-11,12:25:00,22.95,22.97,22.93,22.93,2819,0
2016-05-11,12:30:00,22.93,22.96,22.93,22.95,1345,0
2016-05-11,12:35:00,22.96,23,22.92,22.99,2377,0
2016-05-11,12:40:00,23,23.19,22.99,23.1,9807,0
2016-05-11,12:45:00,23.06,23.11,23,23.11,1852,0
2016-05-11,12:50:00,23.1,23.1,23.04,23.1,1890,0
2016-05-11,12:55:00,23.1,23.1,23.1,23.1,190,0
2016-05-11,13:00:00,23.1,23.1,23.03,23.1,3923,0
2016-05-11,13:05:00,23.1,23.1,23.07,23.1,681,0
2016-05-11,13:10:00,23.07,23.1,23.06,23.07,3341,0
2016-05-11,13:15:00,23.1,23.1,23.1,23.1,552,0
2016-05-11,13:20:00,23.1,23.1,23.1,23.1,422,0
2016-05-11,13:25:00,23.1,23.18,23.08,23.18,9061,0
2016-05-11,13:30:00,23.15,23.18,23.07,23.07,7717,0
2016-05-11,13:35:00,23.1,23.1,23.1,23.1,190,0
2016-05-11,13:40:00,23.1,23.1,23.07,23.1,3954,0
2016-05-11,13:45:00,23.07,23.1,23.06,23.1,3953,0
2016-05-11,13:50:00,23.1,23.1,23.1,23.1,487,0
2016-05-11,13:55:00,23.1,23.1,23.1,23.1,445,0
2016-05-11,14:00:00,23.1,23.1,23.1,23.1,190,0
2016-05-11,14:05:00,23.1,23.1,23.06,23.06,5641,0
2016-05-11,14:10:00,23.06,23.07,23.06,23.06,2756,0
2016-05-11,14:15:00,23.07,23.18,23.06,23.09,22517,0
2016-05-11,14:20:00,23.09,23.1,23.07,23.1,1514,0
2016-05-11,14:25:00,23.09,23.1,23.07,23.07,2274,0
2016-05-11,14:30:00,23.06,23.06,23.06,23.06,4767,0
2016-05-11,14:35:00,23.06,23.17,23.06,23.08,4348,0
2016-05-11,14:40:00,23.08,23.08,23.06,23.06,1308,0
2016-05-11,14:45:00,23.06,23.16,23.06,23.1,3430,0
2016-05-11,14:50:00,23.08,23.12,23.03,23.07,15091,0
2016-05-11,14:55:00,23.05,23.07,23.05,23.06,3535,0
2016-05-11,15:00:00,23.06,23.06,23.05,23.05,429,0
2016-05-11,15:05:00,23.05,23.06,23.04,23.05,11813,0
2016-05-11,15:10:00,23.05,23.05,23.04,23.05,3138,0
2016-05-11,15:15:00,23.05,23.05,23.05,23.05,2430,0
2016-05-11,15:20:00,23.05,23.06,23.05,23.05,1334,0
2016-05-11,15:25:00,23.05,23.05,22.95,22.98,40924,0
2016-05-11,15:30:00,22.97,22.98,22.96,22.97,1008,0
2016-05-11,15:35:00,22.97,22.99,22.95,22.99,3693,0
2016-05-11,15:40:00,22.99,22.99,22.95,22.97,5752,0
2016-05-11,15:45:00,22.97,22.99,22.97,22.98,1368,0
2016-05-11,15:50:00,22.98,22.99,22.96,22.96,1911,0
2016-05-11,15:55:00,22.95,22.95,22.94,22.95,10536,0
2016-05-11,16:00:00,22.96,22.96,22.95,22.96,3380,0
2016-05-11,16:05:00,22.95,22.95,22.94,22.94,12144,0
2016-05-11,16:10:00,22.94,22.94,22.9,22.91,45148,0
2016-05-11,16:15:00,22.89,22.93,22.85,22.93,12370,0
2016-05-11,16:20:00,22.88,22.93,22.87,22.93,3186,0
2016-05-11,16:25:00,22.93,22.93,22.88,22.9,4124,0
2016-05-11,16:30:00,22.88,22.94,22.88,22.88,5198,0
2016-05-11,16:35:00,22.92,22.93,22.8,22.86,40282,0
2016-05-11,16:40:00,22.86,22.92,22.86,22.86,4009,0
2016-05-11,16:45:00,22.86,22.89,22.86,22.87,1731,0
2016-05-11,16:50:00,22.87,22.92,22.71,22.71,64108,0
2016-05-12,09:05:00,22.94,22.94,22.84,22.84,1010,0
2016-05-12,09:10:00,22.87,22.87,22.87,22.87,923,0
2016-05-12,09:15:00,22.86,22.86,22.86,22.86,200,0
2016-05-12,09:20:00,22.86,22.87,22.81,22.81,1844,0
2016-05-12,09:25:00,22.81,22.81,22.8,22.8,414,0
2016-05-12,09:30:00,22.79,22.79,22.77,22.77,1523,0
2016-05-12,09:35:00,22.74,22.74,22.67,22.67,3019,0
2016-05-12,09:40:00,22.66,22.66,22.61,22.62,1562,0
2016-05-12,09:45:00,22.63,22.63,22.52,22.6,8082,0
2016-05-12,09:50:00,22.63,22.7,22.63,22.7,553,0
2016-05-12,09:55:00,22.7,22.86,22.64,22.64,6718,0
2016-05-12,10:00:00,22.66,22.66,22.65,22.65,698,0
2016-05-12,10:05:00,22.65,22.67,22.53,22.67,3079,0
2016-05-12,10:10:00,22.62,22.66,22.6,22.6,2012,0
2016-05-12,10:15:00,22.57,22.6,22.56,22.57,2021,0
2016-05-12,10:20:00,22.57,22.72,22.52,22.67,6892,0
2016-05-12,10:25:00,22.71,22.8,22.65,22.8,3540,0
2016-05-12,10:30:00,22.8,22.85,22.6,22.7,6129,0
2016-05-12,10:35:00,22.7,22.8,22.64,22.64,6048,0
2016-05-12,10:40:00,22.65,22.73,22.64,22.7,2480,0
2016-05-12,10:45:00,22.7,22.72,22.7,22.7,1626,0
2016-05-12,10:55:00,22.64,22.67,22.61,22.67,2003,0
2016-05-12,11:00:00,22.67,22.84,22.6,22.6,2751,0
2016-05-12,11:05:00,22.73,22.73,22.73,22.73,488,0
2016-05-12,11:15:00,22.66,22.72,22.66,22.7,2922,0
2016-05-12,11:20:00,22.71,22.71,22.6,22.69,4301,0
2016-05-12,11:30:00,22.74,22.76,22.74,22.76,2280,0
2016-05-12,11:35:00,22.8,22.82,22.8,22.82,2249,0
2016-05-12,11:40:00,22.81,22.81,22.8,22.8,3307,0
2016-05-12,11:50:00,22.79,22.8,22.79,22.8,1221,0
2016-05-12,11:55:00,22.78,22.78,22.74,22.74,2377,0
2016-05-12,12:00:00,22.73,22.74,22.73,22.74,982,0
2016-05-12,12:05:00,22.75,22.78,22.74,22.78,3193,0
2016-05-12,12:15:00,22.76,22.76,22.74,22.76,2411,0
2016-05-12,12:20:00,22.74,22.74,22.74,22.74,332,0
2016-05-12,12:25:00,22.75,22.75,22.75,22.75,505,0
2016-05-12,12:30:00,22.75,22.82,22.75,22.8,4866,0
2016-05-12,12:35:00,22.8,22.8,22.8,22.8,2022,0
2016-05-12,12:45:00,22.76,22.79,22.75,22.77,3832,0
2016-05-12,12:50:00,22.77,22.84,22.77,22.84,1554,0
2016-05-12,12:55:00,22.83,22.83,22.79,22.81,4478,0
2016-05-12,13:00:00,22.8,22.81,22.8,22.81,800,0
2016-05-12,13:05:00,22.79,22.79,22.79,22.79,588,0
2016-05-12,13:10:00,22.78,22.78,22.75,22.75,903,0
2016-05-12,13:15:00,22.73,22.76,22.73,22.76,1026,0
2016-05-12,13:20:00,22.74,22.75,22.74,22.75,3783,0
2016-05-12,13:25:00,22.73,22.74,22.7,22.7,2101,0
2016-05-12,13:30:00,22.7,22.7,22.7,22.7,111,0
2016-05-12,13:35:00,22.7,22.7,22.7,22.7,588,0
2016-05-12,13:40:00,22.73,22.85,22.73,22.77,7423,0
2016-05-12,13:45:00,22.76,22.76,22.76,22.76,538,0
2016-05-12,13:50:00,22.77,22.77,22.77,22.77,632,0
2016-05-12,13:55:00,22.77,22.77,22.77,22.77,488,0
2016-05-12,14:00:00,22.81,22.82,22.79,22.79,1076,0
2016-05-12,14:05:00,22.78,22.78,22.78,22.78,232,0
2016-05-12,14:10:00,22.78,22.78,22.78,22.78,925,0
2016-05-12,14:15:00,22.78,22.78,22.76,22.76,1816,0
2016-05-12,14:20:00,22.76,22.79,22.76,22.79,2190,0
2016-05-12,14:25:00,22.76,22.76,22.76,22.76,56,0
2016-05-12,14:30:00,22.79,22.8,22.79,22.8,2126,0
2016-05-12,14:35:00,22.83,22.83,22.77,22.77,1538,0
2016-05-12,14:40:00,22.78,22.78,22.78,22.78,1133,0
2016-05-12,14:45:00,22.77,22.77,22.77,22.77,468,0
2016-05-12,14:50:00,22.75,22.76,22.75,22.75,1947,0
2016-05-12,14:55:00,22.71,22.71,22.71,22.71,530,0
2016-05-12,15:00:00,22.72,22.82,22.71,22.82,5200,0
2016-05-12,15:05:00,22.78,22.78,22.75,22.75,3546,0
2016-05-12,15:15:00,22.72,22.72,22.72,22.72,462,0
2016-05-12,15:20:00,22.72,22.72,22.72,22.72,1625,0
2016-05-12,15:25:00,22.72,22.72,22.69,22.69,5237,0
2016-05-12,15:30:00,22.66,22.84,22.66,22.84,7854,0
2016-05-12,15:35:00,22.89,22.92,22.89,22.92,976,0
2016-05-12,15:40:00,22.88,22.88,22.81,22.81,2959,0
2016-05-12,15:45:00,22.8,22.8,22.76,22.76,1269,0
2016-05-12,15:50:00,22.76,22.8,22.76,22.8,900,0
2016-05-12,15:55:00,22.76,22.76,22.67,22.67,7912,0
2016-05-12,16:00:00,22.67,22.75,22.67,22.75,6395,0
2016-05-12,16:05:00,22.7,22.7,22.67,22.67,1304,0
2016-05-12,16:10:00,22.68,22.68,22.68,22.68,421,0
2016-05-12,16:15:00,22.68,22.68,22.68,22.68,2065,0
2016-05-12,16:20:00,22.68,22.68,22.67,22.67,3460,0
2016-05-12,16:25:00,22.67,22.68,22.6,22.6,13226,0
2016-05-12,16:30:00,22.6,22.65,22.53,22.62,6142,0
2016-05-12,16:35:00,22.62,22.63,22.55,22.63,9074,0
2016-05-12,16:40:00,22.55,22.62,22.53,22.54,13035,0
2016-05-12,16:45:00,22.54,22.59,22.53,22.55,3977,0
2016-05-12,16:50:00,22.55,22.6,22.52,22.56,93500,0
2016-05-13,09:05:00,22.73,22.73,22.6,22.6,1422,0
2016-05-13,09:10:00,22.56,22.58,22.52,22.52,1970,0
2016-05-13,09:15:00,22.53,22.53,22.35,22.41,7330,0
2016-05-13,09:20:00,22.43,22.5,22.43,22.46,1474,0
2016-05-13,09:25:00,22.47,22.47,22.46,22.46,748,0
2016-05-13,09:30:00,22.47,22.47,22.31,22.31,2658,0
2016-05-13,09:35:00,22.31,22.31,22.31,22.31,4,0
2016-05-13,09:40:00,22.31,22.31,22.24,22.25,4537,0
2016-05-13,09:45:00,22.25,22.31,22.25,22.28,8694,0
2016-05-13,09:50:00,22.3,22.3,22.3,22.3,1000,0
2016-05-13,09:55:00,22.29,22.54,22.29,22.5,7224,0
2016-05-13,10:00:00,22.5,22.62,22.46,22.62,10132,0
2016-05-13,10:05:00,22.62,22.62,22.55,22.55,943,0
2016-05-13,10:10:00,22.55,22.55,22.29,22.41,10300,0
2016-05-13,10:15:00,22.33,22.43,22.33,22.43,496,0
2016-05-13,10:20:00,22.41,22.54,22.37,22.53,6031,0
2016-05-13,10:25:00,22.54,22.54,22.45,22.45,155,0
2016-05-13,10:30:00,22.5,22.5,22.46,22.5,2157,0
2016-05-13,10:35:00,22.5,22.5,22.5,22.5,2167,0
2016-05-13,10:40:00,22.5,22.5,22.5,22.5,1014,0
2016-05-13,10:45:00,22.5,22.56,22.5,22.56,6924,0
2016-05-13,10:50:00,22.51,22.51,22.51,22.51,107,0
2016-05-13,10:55:00,22.51,22.51,22.5,22.5,2221,0
2016-05-13,11:00:00,22.5,22.55,22.5,22.55,806,0
2016-05-13,11:05:00,22.55,22.55,22.55,22.55,956,0
2016-05-13,11:10:00,22.52,22.52,22.5,22.5,5226,0
2016-05-13,11:15:00,22.51,22.55,22.51,22.55,2624,0
2016-05-13,11:20:00,22.55,22.55,22.55,22.55,35,0
2016-05-13,11:25:00,22.55,22.55,22.5,22.5,1483,0
2016-05-13,11:30:00,22.5,22.5,22.5,22.5,473,0
2016-05-13,11:35:00,22.5,22.5,22.48,22.48,341,0
2016-05-13,11:40:00,22.48,22.48,22.39,22.4,758,0
2016-05-13,11:45:00,22.4,22.41,22.4,22.41,401,0
2016-05-13,11:50:00,22.54,22.54,22.41,22.41,3020,0
2016-05-13,11:55:00,22.41,22.41,22.41,22.41,586,0
2016-05-13,12:00:00,22.41,22.51,22.41,22.51,657,0
2016-05-13,12:05:00,22.51,22.57,22.51,22.57,7237,0
2016-05-13,12:10:00,22.5,22.53,22.5,22.53,552,0
2016-05-13,12:15:00,22.44,22.6,22.44,22.6,2568,0
2016-05-13,12:25:00,22.51,22.58,22.51,22.58,598,0
2016-05-13,12:30:00,22.58,22.59,22.53,22.59,3800,0
2016-05-13,12:35:00,22.61,22.61,22.57,22.57,616,0
2016-05-13,12:40:00,22.57,22.57,22.57,22.57,72,0
2016-05-13,12:45:00,22.6,22.78,22.6,22.76,8762,0
2016-05-13,12:55:00,22.68,22.68,22.68,22.68,675,0
2016-05-13,13:00:00,22.75,22.86,22.54,22.74,14805,0
2016-05-13,13:05:00,22.72,22.82,22.72,22.75,7485,0
2016-05-13,13:10:00,22.71,22.71,22.71,22.71,506,0
2016-05-13,13:15:00,22.71,22.75,22.71,22.75,2541,0
2016-05-13,13:20:00,22.75,22.75,22.75,22.75,100,0
2016-05-13,13:25:00,22.76,22.79,22.71,22.79,8030,0
2016-05-13,13:30:00,22.79,22.79,22.79,22.79,371,0
2016-05-13,13:35:00,22.8,22.8,22.74,22.74,1329,0
2016-05-13,13:40:00,22.72,22.72,22.72,22.72,1603,0
2016-05-13,13:45:00,22.72,22.72,22.71,22.71,1114,0
2016-05-13,13:50:00,22.71,22.72,22.71,22.72,945,0
2016-05-13,13:55:00,22.72,22.78,22.72,22.78,4519,0
2016-05-13,14:00:00,22.72,22.72,22.72,22.72,641,0
2016-05-13,14:05:00,22.72,22.72,22.72,22.72,19,0
2016-05-13,14:10:00,22.72,22.72,22.7,22.7,2140,0
2016-05-13,14:15:00,22.68,22.68,22.55,22.65,5020,0
2016-05-13,14:20:00,22.6,22.66,22.56,22.66,2416,0
2016-05-13,14:25:00,22.64,22.64,22.58,22.58,3682,0
2016-05-13,14:30:00,22.59,22.64,22.57,22.64,4939,0
2016-05-13,14:35:00,22.65,22.65,22.65,22.65,60,0
2016-05-13,14:40:00,22.6,22.6,22.6,22.6,475,0
2016-05-13,14:45:00,22.66,22.66,22.6,22.6,744,0
2016-05-13,14:50:00,22.6,22.6,22.6,22.6,553,0
2016-05-13,14:55:00,22.6,22.66,22.6,22.64,1734,0
2016-05-13,15:00:00,22.6,22.61,22.57,22.57,2193,0
2016-05-13,15:05:00,22.57,22.6,22.56,22.56,896,0
2016-05-13,15:10:00,22.56,22.61,22.56,22.57,1438,0
2016-05-13,15:15:00,22.57,22.6,22.56,22.6,1418,0
2016-05-13,15:20:00,22.57,22.7,22.57,22.7,6316,0
2016-05-13,15:25:00,22.65,22.74,22.65,22.74,1047,0
2016-05-13,15:30:00,22.74,22.8,22.73,22.8,3122,0
2016-05-13,15:35:00,22.84,22.84,22.75,22.75,4050,0
2016-05-13,15:40:00,22.79,22.79,22.72,22.72,625,0
2016-05-13,15:45:00,22.79,22.8,22.75,22.8,15293,0
2016-05-13,15:50:00,22.79,22.79,22.79,22.79,300,0
2016-05-13,15:55:00,22.74,22.77,22.71,22.77,3609,0
2016-05-13,16:00:00,22.71,22.74,22.7,22.7,2499,0
2016-05-13,16:05:00,22.7,22.72,22.7,22.7,9858,0
2016-05-13,16:10:00,22.72,22.79,22.72,22.79,6419,0
2016-05-13,16:15:00,22.75,22.75,22.75,22.75,868,0
2016-05-13,16:20:00,22.75,22.81,22.75,22.81,4763,0
2016-05-13,16:25:00,22.81,22.81,22.75,22.75,15129,0
2016-05-13,16:30:00,22.76,22.76,22.7,22.7,3432,0
2016-05-13,16:35:00,22.7,22.7,22.65,22.65,7898,0
2016-05-13,16:40:00,22.65,22.7,22.56,22.63,2496,0
2016-05-13,16:45:00,22.56,22.64,22.56,22.6,4532,0
2016-05-13,16:50:00,22.61,22.68,22.56,22.56,42761,0
