2016-03-07,09:05:00,0.91,0.91,0.91,0.91,121,0
2016-03-07,13:15:00,0.9,0.9,0.9,0.9,130,0
2016-03-07,16:15:00,0.89,0.89,0.89,0.89,1648,0
2016-03-07,16:20:00,0.87,0.9,0.87,0.9,12,0
2016-03-07,16:50:00,0.87,0.9,0.86,0.9,10031,0
2016-03-08,09:05:00,0.9,0.9,0.9,0.9,211,0
2016-03-08,10:00:00,0.9,0.9,0.9,0.9,1098,0
2016-03-08,10:30:00,0.85,0.85,0.85,0.85,4198,0
2016-03-08,10:35:00,0.9,0.9,0.9,0.9,211,0
2016-03-08,11:20:00,0.86,0.86,0.86,0.86,1,0
2016-03-08,11:45:00,0.9,0.9,0.9,0.9,111,0
2016-03-08,15:55:00,0.9,0.9,0.9,0.9,1121,0
2016-03-09,09:05:00,0.9,0.9,0.9,0.9,11,0
2016-03-09,09:55:00,0.86,0.86,0.85,0.85,1000,0
2016-03-09,10:00:00,0.85,0.85,0.85,0.85,2000,0
2016-03-09,10:35:00,0.86,0.86,0.84,0.84,1867,0
2016-03-09,12:20:00,0.89,0.89,0.89,0.89,11,0
2016-03-09,14:15:00,0.85,0.85,0.85,0.85,1,0
2016-03-09,14:25:00,0.85,0.85,0.85,0.85,1776,0
2016-03-09,15:55:00,0.89,0.89,0.89,0.89,21,0
2016-03-09,16:00:00,0.85,0.85,0.85,0.85,50,0
2016-03-09,16:15:00,0.85,0.85,0.85,0.85,600,0
2016-03-09,16:50:00,0.89,0.9,0.89,0.9,8672,0
2016-03-10,09:05:00,0.89,0.89,0.89,0.89,111,0
2016-03-10,09:55:00,0.85,0.85,0.84,0.84,3500,0
2016-03-10,10:10:00,0.89,0.89,0.89,0.89,11,0
2016-03-10,10:55:00,0.85,0.85,0.85,0.85,1000,0
2016-03-10,11:05:00,0.86,0.86,0.86,0.86,200,0
2016-03-10,12:35:00,0.86,0.86,0.86,0.86,300,0
2016-03-10,16:50:00,0.89,0.89,0.89,0.89,21,0
2016-03-11,09:05:00,0.9,0.9,0.9,0.9,121,0
2016-03-11,09:25:00,0.86,0.86,0.86,0.86,1799,0
2016-03-11,09:30:00,0.85,0.85,0.85,0.85,101,0
2016-03-11,09:45:00,0.86,0.86,0.86,0.86,1000,0
2016-03-11,10:50:00,0.86,0.86,0.86,0.86,1000,0
2016-03-11,11:30:00,0.86,0.86,0.85,0.85,1330,0
2016-03-11,12:00:00,0.85,0.85,0.85,0.85,914,0
2016-03-11,12:15:00,0.85,0.85,0.85,0.85,1000,0
2016-03-11,14:25:00,0.86,0.86,0.86,0.86,600,0
2016-03-11,14:55:00,0.84,0.84,0.84,0.84,5000,0
2016-03-11,15:25:00,0.86,0.86,0.86,0.86,1000,0
2016-03-11,15:30:00,0.87,0.88,0.87,0.88,3121,0
2016-03-11,16:10:00,0.86,0.86,0.86,0.86,1600,0
2016-03-11,16:35:00,0.86,0.86,0.86,0.86,7300,0
2016-03-11,16:50:00,0.88,0.88,0.88,0.88,55,0
2016-03-14,09:05:00,0.88,0.88,0.88,0.88,1200,0
2016-03-14,11:25:00,0.85,0.85,0.85,0.85,1500,0
2016-03-14,12:05:00,0.85,0.85,0.85,0.85,1100,0
2016-03-14,14:05:00,0.85,0.85,0.85,0.85,1000,0
2016-03-14,14:15:00,0.87,0.87,0.87,0.87,1000,0
2016-03-14,15:25:00,0.85,0.85,0.85,0.85,2000,0
2016-03-14,16:25:00,0.87,0.87,0.87,0.87,111,0
2016-03-14,16:50:00,0.87,0.87,0.87,0.87,1111,0
2016-03-15,09:05:00,0.87,0.87,0.87,0.87,121,0
2016-03-15,10:35:00,0.85,0.85,0.85,0.85,459,0
2016-03-15,12:45:00,0.85,0.85,0.85,0.85,201,0
2016-03-15,14:20:00,0.85,0.85,0.84,0.84,16229,0
2016-03-15,14:40:00,0.86,0.86,0.86,0.86,55,0
2016-03-15,14:55:00,0.84,0.84,0.84,0.84,1034,0
2016-03-15,16:40:00,0.86,0.86,0.86,0.86,55,0
2016-03-15,16:45:00,0.84,0.84,0.84,0.84,1200,0
2016-03-15,16:50:00,0.86,0.87,0.86,0.87,1333,0
2016-03-16,09:05:00,0.86,0.86,0.86,0.86,121,0
2016-03-16,09:35:00,0.84,0.84,0.84,0.84,1300,0
2016-03-16,11:20:00,0.84,0.84,0.84,0.84,1100,0
2016-03-16,11:25:00,0.84,0.84,0.84,0.84,2500,0
2016-03-16,12:15:00,0.84,0.84,0.84,0.84,1927,0
2016-03-16,12:40:00,0.83,0.83,0.83,0.83,190,0
2016-03-16,16:25:00,0.83,0.83,0.83,0.83,2100,0
2016-03-16,16:50:00,0.86,0.86,0.86,0.86,11,0
2016-03-17,09:05:00,0.86,0.86,0.86,0.86,132,0
2016-03-17,09:45:00,0.86,0.87,0.86,0.87,10000,0
2016-03-17,10:30:00,0.84,0.84,0.84,0.84,155,0
2016-03-17,10:35:00,0.87,0.87,0.87,0.87,1845,0
2016-03-17,16:50:00,0.86,0.86,0.86,0.86,1111,0
2016-03-18,09:05:00,0.87,0.87,0.87,0.87,111,0
2016-03-18,10:20:00,0.84,0.87,0.84,0.87,3817,0
2016-03-18,10:45:00,0.87,0.9,0.87,0.9,17720,0
2016-03-18,10:50:00,0.9,0.92,0.9,0.92,2000,0
2016-03-18,10:55:00,0.9,0.9,0.9,0.9,2000,0
2016-03-18,12:10:00,0.9,0.9,0.9,0.9,4800,0
2016-03-18,12:15:00,0.9,0.9,0.9,0.9,200,0
2016-03-18,12:20:00,0.9,0.91,0.9,0.91,2821,0
2016-03-18,12:50:00,0.87,0.91,0.87,0.91,72,0
2016-03-18,13:05:00,0.87,0.91,0.87,0.91,72,0
2016-03-18,16:50:00,0.9,0.9,0.9,0.9,1111,0
