2016-03-07,09:05:00,8.55,8.55,8.55,8.55,20,0
2016-03-07,11:45:00,8.22,8.22,8.22,8.22,40,0
2016-03-07,12:10:00,8.29,8.29,8.29,8.29,918,0
2016-03-07,12:45:00,8.3,8.3,8.3,8.3,1729,0
2016-03-07,16:50:00,8.39,8.39,8.39,8.39,156,0
2016-03-08,09:05:00,8.21,8.21,8.21,8.21,10,0
2016-03-09,09:05:00,8.21,8.21,8.21,8.21,5,0
2016-03-09,09:55:00,8.23,8.23,8.23,8.23,4,0
2016-03-09,12:35:00,8.24,8.24,8.24,8.24,882,0
2016-03-09,13:00:00,8.24,8.24,8.24,8.24,200,0
2016-03-09,13:30:00,8.3,8.3,8.3,8.3,500,0
2016-03-09,13:50:00,8.31,8.31,8.31,8.31,200,0
2016-03-09,13:55:00,8.31,8.31,8.31,8.31,50,0
2016-03-09,14:30:00,8.3,8.3,8.3,8.3,41,0
2016-03-09,14:40:00,8.29,8.3,8.29,8.3,1550,0
2016-03-10,09:05:00,8.23,8.23,8.23,8.23,4,0
2016-03-10,09:15:00,8.38,8.39,8.38,8.39,1122,0
2016-03-10,09:30:00,8.44,8.5,8.44,8.5,21490,0
2016-03-10,10:50:00,8.23,8.23,8.23,8.23,100,0
2016-03-10,11:05:00,8.45,8.45,8.45,8.45,515,0
2016-03-10,13:35:00,8.23,8.23,8.23,8.23,35,0
2016-03-10,16:20:00,8.25,8.38,8.25,8.38,250,0
2016-03-10,16:25:00,8.38,8.38,8.38,8.38,36,0
2016-03-10,16:50:00,8.26,8.26,8.26,8.26,675,0
2016-03-11,09:05:00,8.43,8.43,8.43,8.43,98,0
2016-03-11,09:10:00,8.43,8.43,8.43,8.43,20,0
2016-03-14,09:05:00,8.49,8.49,8.49,8.49,2,0
2016-03-14,10:25:00,8.4,8.4,8.4,8.4,195,0
2016-03-14,10:45:00,8.4,8.4,8.4,8.4,8,0
2016-03-14,13:05:00,8.4,8.44,8.4,8.44,348,0
2016-03-14,13:25:00,8.44,8.44,8.44,8.44,181,0
2016-03-14,16:35:00,8.44,8.44,8.44,8.44,180,0
2016-03-15,09:05:00,8.54,8.54,8.54,8.54,1,0
2016-03-15,13:10:00,8.54,8.54,8.16,8.16,401,0
2016-03-15,13:20:00,8.16,8.16,8.16,8.16,200,0
2016-03-16,09:05:00,8.16,8.16,8.16,8.16,2,0
2016-03-17,09:05:00,8.15,8.15,8.15,8.15,110,0
2016-03-17,10:00:00,8.39,8.4,8.39,8.4,552,0
2016-03-17,11:00:00,8.4,8.4,8.4,8.4,515,0
2016-03-17,12:55:00,8.5,8.5,8.5,8.5,3933,0
2016-03-18,09:10:00,8.6,9.02,8.6,9.02,6789,0
2016-03-18,11:20:00,8.81,8.81,8.81,8.81,1658,0
2016-03-18,13:45:00,9,9.03,9,9.03,62000,0
2016-03-18,13:50:00,9.16,9.16,9.16,9.16,600,0
2016-03-18,13:55:00,9.16,9.2,9.16,9.2,41230,0
2016-03-18,14:00:00,9.2,9.2,8.91,9.2,17601,0
2016-03-18,15:15:00,9.28,9.28,9.28,9.28,521,0
2016-03-18,15:20:00,9.02,9.02,9,9,25296,0
2016-03-18,15:50:00,9.2,9.2,9.2,9.2,100,0
2016-03-18,15:55:00,9,9,9,9,4183,0
2016-03-18,16:50:00,9,9,9,9,18150,0
2016-03-21,09:10:00,9,9,9,9,2,0
2016-03-21,09:45:00,9.01,9.01,9.01,9.01,1,0
2016-03-21,14:10:00,9.1,9.1,9.1,9.1,23,0
2016-03-21,15:35:00,9.38,9.5,9.38,9.5,2743,0
2016-03-22,09:05:00,9.5,9.5,9.5,9.5,700,0
2016-03-22,11:10:00,9.4,9.4,9.4,9.4,1159,0
2016-03-22,11:40:00,9.45,9.45,9.45,9.45,500,0
2016-03-22,14:50:00,9.5,9.5,9.5,9.5,1200,0
2016-03-22,16:50:00,9.68,9.68,9.68,9.68,72,0
2016-03-23,09:05:00,9.68,10,9.68,10,2391,0
2016-03-23,09:15:00,10,10,10,10,800,0
2016-03-23,09:20:00,10,10,10,10,250,0
2016-03-23,09:30:00,10.18,10.18,10.18,10.18,110,0
2016-03-23,10:20:00,9.85,9.85,9.85,9.85,34,0
2016-03-23,13:25:00,10.05,10.18,10.05,10.18,30200,0
2016-03-23,13:30:00,10.18,10.2,10.18,10.2,7844,0
2016-03-23,13:35:00,10,10,10,10,985,0
2016-03-23,13:40:00,10,10,10,10,5515,0
2016-03-23,15:20:00,10,10,10,10,1000,0
2016-03-23,16:45:00,10.19,10.19,10.19,10.19,1000,0
2016-03-24,09:05:00,10.2,10.38,10.2,10.38,776,0
2016-03-24,09:10:00,10.25,10.4,10.25,10.4,1232,0
2016-03-24,09:15:00,10.21,10.21,10.21,10.21,2000,0
2016-03-24,09:20:00,10.22,10.22,10.2,10.2,10312,0
2016-03-24,09:25:00,10.34,10.34,10.34,10.34,2500,0
2016-03-24,09:30:00,10.33,10.33,10.33,10.33,2500,0
2016-03-24,09:35:00,10.3,10.34,10.3,10.34,2500,0
2016-03-24,09:40:00,10.34,10.34,10.34,10.34,246,0
2016-03-24,10:00:00,10.34,10.34,10.34,10.34,2500,0
2016-03-24,10:05:00,10.34,10.35,10.34,10.35,3255,0
2016-03-24,10:10:00,10.35,10.35,10.35,10.35,7,0
2016-03-24,10:40:00,10.21,10.21,10.2,10.2,12125,0
2016-03-24,10:45:00,10.15,10.15,10.15,10.15,150,0
2016-03-24,11:40:00,10.2,10.2,10.2,10.2,50,0
2016-03-24,11:45:00,10.2,10.2,10.2,10.2,11450,0
2016-03-24,12:30:00,10.2,10.2,10.2,10.2,2500,0
2016-03-24,12:50:00,10.2,10.2,10.2,10.2,200,0
2016-03-24,12:55:00,10.2,10.2,10.2,10.2,43,0
2016-03-24,14:10:00,10.3,10.4,10.3,10.4,11245,0
2016-03-24,14:15:00,10.4,10.8,10.4,10.8,731,0
2016-03-24,15:55:00,10.6,10.6,10.6,10.6,50,0
2016-03-24,16:00:00,10.4,10.4,10.4,10.4,2500,0
2016-03-24,16:10:00,10.4,10.4,10.4,10.4,2500,0
2016-03-24,16:25:00,10.4,10.4,10.4,10.4,1000,0
2016-03-24,16:30:00,10.4,10.4,10.4,10.4,21000,0
2016-03-24,16:35:00,10.4,10.58,10.4,10.58,21720,0
2016-03-24,16:50:00,10.4,10.4,10.4,10.4,2054,0
2016-03-29,09:05:00,10.7,10.7,10.7,10.7,2000,0
2016-03-29,09:10:00,10.7,10.7,10.7,10.7,1300,0
2016-03-29,09:20:00,10.7,10.7,10.7,10.7,780,0
2016-03-29,09:35:00,10.74,10.74,10.74,10.74,18,0
2016-03-29,10:00:00,10.69,10.69,10.69,10.69,75,0
2016-03-29,10:05:00,10.5,10.5,10.5,10.5,350,0
2016-03-29,10:25:00,10.5,10.5,10.5,10.5,350,0
2016-03-29,10:45:00,10.5,10.5,10.5,10.5,100,0
2016-03-29,10:50:00,10.5,10.5,10.5,10.5,250,0
2016-03-29,11:05:00,10.5,10.5,10.5,10.5,350,0
2016-03-29,11:20:00,10.68,10.68,10.5,10.5,207,0
2016-03-29,11:30:00,10.51,10.51,10.5,10.5,350,0
2016-03-29,11:50:00,10.5,10.5,10.45,10.45,9370,0
2016-03-29,11:55:00,10.45,10.45,10.45,10.45,650,0
2016-03-29,12:15:00,10.49,10.5,10.49,10.5,10946,0
2016-03-29,12:25:00,10.5,10.5,10.5,10.5,500,0
2016-03-29,12:30:00,10.5,10.5,10.5,10.5,850,0
2016-03-29,12:35:00,10.5,10.5,10.5,10.5,100,0
2016-03-29,12:50:00,10.5,10.5,10.5,10.5,900,0
2016-03-29,12:55:00,10.5,10.5,10.5,10.5,1000,0
2016-03-29,13:00:00,10.5,10.5,10.5,10.5,800,0
2016-03-29,13:25:00,10.5,10.5,10.5,10.5,1440,0
2016-03-29,13:35:00,10.5,10.5,10.5,10.5,25000,0
2016-03-29,13:40:00,10.5,10.5,10.5,10.5,4245,0
2016-03-29,14:05:00,10.59,10.6,10.59,10.6,2160,0
2016-03-29,14:25:00,10.6,10.6,10.6,10.6,500,0
2016-03-29,14:40:00,10.65,10.65,10.65,10.65,283,0
2016-03-29,15:25:00,10.65,10.65,10.65,10.65,500,0
2016-03-29,16:10:00,10.55,10.55,10.42,10.42,50000,0
2016-03-29,16:15:00,10.62,10.63,10.62,10.63,1000,0
2016-03-29,16:25:00,10.63,10.63,10.63,10.63,3649,0
2016-03-29,16:30:00,10.45,10.45,10.45,10.45,300,0
2016-03-29,16:45:00,10.59,10.6,10.59,10.6,780,0
2016-03-29,16:50:00,10.5,10.5,10.5,10.5,9385,0
2016-03-30,09:05:00,10.5,10.5,10.5,10.5,1,0
2016-03-30,09:10:00,10.74,10.74,10.74,10.74,165,0
2016-03-30,10:15:00,10.5,10.5,10.5,10.5,200,0
2016-03-30,10:20:00,10.6,10.68,10.6,10.68,641,0
2016-03-30,11:00:00,10.5,10.5,10.5,10.5,290,0
2016-03-30,11:45:00,10.72,10.72,10.72,10.72,10,0
2016-03-30,11:50:00,10.5,10.72,10.5,10.72,20010,0
2016-03-30,12:35:00,10.51,10.51,10.5,10.5,22158,0
2016-03-30,13:20:00,10.5,10.5,10.5,10.5,25,0
2016-03-30,13:55:00,10.5,10.5,10.5,10.5,20000,0
2016-03-30,14:05:00,10.66,10.66,10.66,10.66,1000,0
2016-03-30,14:10:00,10.51,10.51,10.5,10.5,20000,0
2016-03-30,14:15:00,10.5,10.5,10.5,10.5,100,0
2016-03-30,14:50:00,10.5,10.5,10.5,10.5,1540,0
2016-03-30,15:05:00,10.5,10.5,10.5,10.5,1057,0
2016-03-30,16:10:00,10.4,10.4,10.4,10.4,561,0
2016-03-30,16:15:00,10.4,10.4,10.4,10.4,899,0
2016-03-30,16:50:00,10.5,10.5,10.5,10.5,21,0
2016-03-31,09:05:00,10.59,10.59,10.59,10.59,1,0
2016-03-31,09:25:00,10.59,10.59,10.59,10.59,684,0
2016-03-31,10:50:00,10.6,10.6,10.6,10.6,156,0
2016-03-31,10:55:00,10.7,10.7,10.7,10.7,300,0
2016-03-31,11:25:00,10.6,10.6,10.6,10.6,200,0
2016-03-31,12:00:00,10.61,10.61,10.61,10.61,127,0
2016-03-31,12:35:00,10.51,10.51,10.51,10.51,110,0
2016-03-31,13:15:00,10.51,10.51,10.51,10.51,623,0
2016-03-31,13:35:00,10.5,10.5,10.5,10.5,544,0
2016-03-31,14:35:00,10.5,10.5,10.5,10.5,39956,0
2016-03-31,14:55:00,10.4,10.4,10.4,10.4,92,0
2016-03-31,15:10:00,10.4,10.4,10.4,10.4,2225,0
2016-03-31,15:25:00,10.5,10.5,10.5,10.5,60000,0
2016-03-31,15:30:00,10.5,10.5,10.5,10.5,108298,0
2016-03-31,15:45:00,10.5,10.5,10.5,10.5,300,0
2016-03-31,15:55:00,10.64,10.86,10.64,10.86,11441,0
2016-03-31,16:00:00,10.86,11.2,10.86,10.99,21187,0
2016-03-31,16:05:00,10.9,10.9,10.9,10.9,10,0
2016-03-31,16:10:00,10.72,11,10.72,11,27391,0
2016-03-31,16:15:00,11,11.44,11,11.27,64374,0
2016-03-31,16:20:00,11.27,11.39,11.2,11.25,13831,0
2016-03-31,16:25:00,11.25,11.3,11.25,11.3,10200,0
2016-03-31,16:30:00,11.29,11.45,11.29,11.45,4705,0
2016-03-31,16:35:00,11.44,11.45,11.38,11.38,1441,0
2016-03-31,16:40:00,11.38,11.45,11.3,11.39,2990,0
2016-03-31,16:45:00,11.3,11.36,11.3,11.36,1275,0
2016-03-31,16:50:00,11.3,11.33,11.05,11.05,17569,0
2016-04-01,09:05:00,11.45,11.45,11.26,11.37,38273,0
2016-04-01,09:10:00,11.3,11.37,11.29,11.35,11727,0
2016-04-01,09:15:00,11.34,11.34,11.2,11.3,6459,0
2016-04-01,09:20:00,11.29,11.29,11.2,11.25,1343,0
2016-04-01,09:25:00,11.25,11.35,11.25,11.33,3006,0
2016-04-01,09:30:00,11.33,11.33,11.31,11.31,1130,0
2016-04-01,09:35:00,11.32,11.43,11.31,11.43,7990,0
2016-04-01,09:40:00,11.43,11.49,11.43,11.49,25365,0
2016-04-01,09:45:00,11.49,11.5,11.45,11.47,7366,0
2016-04-01,09:50:00,11.44,11.44,11.44,11.44,3779,0
2016-04-01,09:55:00,11.36,11.4,11.35,11.35,822,0
2016-04-01,10:00:00,11.25,11.25,11.01,11.1,11791,0
2016-04-01,10:05:00,11.09,11.09,11.09,11.09,1535,0
2016-04-01,10:10:00,11.09,11.09,11.09,11.09,3928,0
2016-04-01,10:15:00,11.09,11.09,10.76,10.76,2584,0
2016-04-01,10:20:00,10.77,10.93,10.31,10.34,18482,0
2016-04-01,10:25:00,10.63,10.67,10.4,10.4,7298,0
2016-04-01,10:30:00,10.55,10.66,10.55,10.64,4760,0
2016-04-01,10:35:00,10.52,10.71,10.52,10.71,2200,0
2016-04-01,10:40:00,10.71,10.75,10.71,10.74,4039,0
2016-04-01,10:45:00,10.74,10.74,10.7,10.7,508,0
2016-04-01,10:50:00,10.7,10.74,10.65,10.7,3345,0
2016-04-01,10:55:00,10.67,10.7,10.65,10.65,1990,0
2016-04-01,11:00:00,10.68,10.68,10.68,10.68,1048,0
2016-04-01,11:05:00,10.68,10.68,10.68,10.68,216,0
2016-04-01,11:10:00,10.6,10.6,10.6,10.6,1000,0
2016-04-01,11:15:00,10.61,10.61,10.61,10.61,200,0
2016-04-01,11:25:00,10.63,10.63,10.5,10.5,17779,0
2016-04-01,11:30:00,10.58,10.58,10.55,10.58,1286,0
2016-04-01,11:35:00,10.58,10.58,10.58,10.58,976,0
2016-04-01,11:40:00,10.58,10.58,10.51,10.51,2974,0
2016-04-01,11:45:00,10.5,10.5,10.48,10.48,600,0
2016-04-01,11:50:00,10.5,10.5,10.48,10.5,1787,0
2016-04-01,11:55:00,10.5,10.5,10.5,10.5,745,0
2016-04-01,12:05:00,10.5,10.5,10.5,10.5,56,0
2016-04-01,12:10:00,10.5,10.5,10.5,10.5,1695,0
2016-04-01,12:15:00,10.5,10.58,10.5,10.5,3316,0
2016-04-01,12:20:00,10.51,10.57,10.5,10.57,1354,0
2016-04-01,12:25:00,10.56,10.56,10.56,10.56,280,0
2016-04-01,12:30:00,10.56,10.56,10.56,10.56,1220,0
2016-04-01,12:35:00,10.56,10.56,10.4,10.4,5878,0
2016-04-01,12:40:00,10.5,10.5,10.5,10.5,101,0
2016-04-01,12:45:00,10.5,10.5,10.5,10.5,175,0
2016-04-01,12:50:00,10.5,10.5,10.5,10.5,475,0
2016-04-01,12:55:00,10.5,10.5,10.5,10.5,100,0
2016-04-01,13:00:00,10.5,10.5,10.5,10.5,1337,0
2016-04-01,13:05:00,10.43,10.43,10.43,10.43,60,0
2016-04-01,13:20:00,10.5,10.5,10.5,10.5,1000,0
2016-04-01,13:25:00,10.5,10.5,10.5,10.5,200,0
2016-04-01,13:30:00,10.49,10.49,10.4,10.4,1877,0
2016-04-01,13:35:00,10.4,10.49,10.4,10.49,2168,0
2016-04-01,13:45:00,10.49,10.49,10.45,10.45,170,0
2016-04-01,13:55:00,10.45,10.49,10.45,10.49,525,0
2016-04-01,14:05:00,10.49,10.79,10.49,10.78,10269,0
2016-04-01,14:10:00,10.78,10.78,10.7,10.7,187,0
2016-04-01,14:15:00,10.69,10.69,10.6,10.6,139,0
2016-04-01,14:20:00,10.59,10.69,10.55,10.69,15611,0
2016-04-01,14:25:00,10.6,10.69,10.6,10.69,6093,0
2016-04-01,14:30:00,10.6,10.6,10.6,10.6,200,0
2016-04-01,14:35:00,10.59,10.59,10.55,10.55,6890,0
2016-04-01,14:40:00,10.59,10.59,10.59,10.59,180,0
2016-04-01,14:45:00,10.59,10.6,10.59,10.6,3939,0
2016-04-01,14:50:00,10.69,10.69,10.69,10.69,200,0
2016-04-01,15:00:00,10.79,10.8,10.79,10.8,303,0
2016-04-01,15:15:00,10.79,10.81,10.79,10.81,14827,0
2016-04-01,15:20:00,10.8,10.83,10.8,10.83,226,0
2016-04-01,15:25:00,10.6,10.6,10.6,10.6,10000,0
2016-04-01,15:35:00,10.61,10.8,10.6,10.71,25643,0
2016-04-01,15:40:00,10.71,10.8,10.65,10.8,15196,0
2016-04-01,15:45:00,10.8,10.83,10.8,10.83,5222,0
2016-04-01,15:50:00,10.8,10.8,10.8,10.8,5000,0
2016-04-01,16:00:00,10.71,10.8,10.71,10.8,10383,0
2016-04-01,16:10:00,10.8,11,10.8,11,37296,0
2016-04-01,16:15:00,10.97,10.97,10.9,10.97,4503,0
2016-04-01,16:20:00,10.99,11,10.94,10.99,17245,0
2016-04-01,16:25:00,10.95,10.97,10.8,10.8,1756,0
2016-04-01,16:30:00,10.89,10.9,10.89,10.9,2574,0
2016-04-01,16:40:00,10.89,10.92,10.89,10.92,5973,0
2016-04-01,16:45:00,10.91,11,10.91,11,18061,0
2016-04-01,16:50:00,10.97,11,10.97,11,27709,0
2016-04-04,09:05:00,11,11,11,11,4352,0
2016-04-04,09:10:00,11,11,11,11,331,0
2016-04-04,09:15:00,11,11,11,11,100,0
2016-04-04,09:30:00,11,11.2,11,11.19,11371,0
2016-04-04,09:35:00,11.05,11.05,10.7,11,8700,0
2016-04-04,09:40:00,11,11,11,11,2474,0
2016-04-04,09:55:00,11.16,11.16,11.16,11.16,12,0
2016-04-04,10:00:00,11.11,11.11,11.11,11.11,297,0
2016-04-04,10:10:00,11.01,11.01,11,11,1000,0
2016-04-04,10:25:00,11.09,11.09,11.09,11.09,100,0
2016-04-04,10:30:00,11.09,11.09,11.09,11.09,25,0
2016-04-04,10:40:00,11.09,11.16,11.09,11.16,479,0
2016-04-04,10:50:00,11.15,11.15,11.15,11.15,71,0
2016-04-04,11:10:00,11.08,11.08,11.08,11.08,332,0
2016-04-04,11:15:00,11.12,11.4,11.12,11.2,38588,0
2016-04-04,11:20:00,11.3,11.3,11.3,11.3,10200,0
2016-04-04,11:25:00,11.3,11.3,11.3,11.3,299,0
2016-04-04,11:30:00,11.28,11.28,11.28,11.28,16,0
2016-04-04,11:40:00,11.28,11.28,11.28,11.28,26391,0
2016-04-04,11:45:00,11.27,11.27,11.27,11.27,13,0
2016-04-04,11:55:00,11.3,11.3,11.3,11.3,12,0
2016-04-04,12:00:00,11.29,11.3,11.29,11.3,880,0
2016-04-04,12:05:00,11.3,11.3,11.27,11.27,282,0
2016-04-04,12:30:00,11.29,11.29,11.29,11.29,1231,0
2016-04-04,12:35:00,11.29,11.29,11.29,11.29,2330,0
2016-04-04,12:55:00,11.29,11.29,11.29,11.29,470,0
2016-04-04,13:00:00,11.29,11.29,11.29,11.29,201,0
2016-04-04,13:05:00,11.2,11.2,11.05,11.05,4845,0
2016-04-04,13:35:00,11.25,11.27,11.25,11.27,20090,0
2016-04-04,13:45:00,11.1,11.25,11.1,11.24,2006,0
2016-04-04,13:50:00,11.1,11.11,11.1,11.11,2,0
2016-04-04,14:00:00,11.23,11.23,11.11,11.11,149,0
2016-04-04,14:15:00,11.21,11.21,11.21,11.21,900,0
2016-04-04,14:30:00,11.21,11.21,11.21,11.21,1000,0
2016-04-04,14:40:00,11.2,11.2,11.2,11.2,110,0
2016-04-04,14:45:00,11.2,11.2,11.2,11.2,14,0
2016-04-04,15:05:00,11.2,11.2,11.13,11.13,36,0
2016-04-04,15:30:00,11.2,11.2,11.2,11.2,220,0
2016-04-04,15:50:00,11.2,11.39,11.2,11.39,39706,0
2016-04-04,15:55:00,11.39,11.4,11.39,11.39,300,0
2016-04-04,16:00:00,11.39,11.4,11.31,11.4,68,0
2016-04-04,16:05:00,11.35,11.4,11.35,11.4,880,0
2016-04-04,16:10:00,11.39,11.39,11.36,11.36,220,0
2016-04-04,16:15:00,11.39,11.39,11.38,11.38,220,0
2016-04-04,16:20:00,11.4,11.4,11.4,11.4,3238,0
2016-04-04,16:30:00,11.4,11.4,11.4,11.4,188,0
2016-04-04,16:35:00,11.4,11.4,11.39,11.39,350,0
2016-04-04,16:40:00,11.4,11.42,11.37,11.42,1799,0
2016-04-04,16:45:00,11.41,11.41,11.4,11.4,1106,0
2016-04-04,16:50:00,11.4,11.4,11.4,11.4,4186,0
2016-04-05,09:05:00,11.37,11.4,11.37,11.4,1012,0
2016-04-05,09:10:00,11.34,11.34,11.34,11.34,200,0
2016-04-05,09:20:00,11.3,11.3,11.3,11.3,230,0
2016-04-05,09:25:00,11.2,11.45,11.19,11.45,1000,0
2016-04-05,09:35:00,11.34,11.34,11.34,11.34,44,0
2016-04-05,09:45:00,11.25,11.45,11.25,11.44,2077,0
2016-04-05,09:50:00,11.43,11.43,11.43,11.43,3,0
2016-04-05,09:55:00,11.43,11.43,11.43,11.43,1097,0
2016-04-05,10:00:00,11.43,11.43,11.43,11.43,38,0
2016-04-05,10:05:00,11.42,11.42,11.42,11.42,5,0
2016-04-05,10:15:00,11.43,11.43,11.43,11.43,126,0
2016-04-05,10:35:00,11.41,11.41,11.41,11.41,3,0
2016-04-05,10:45:00,11.38,11.41,11.31,11.41,207,0
2016-04-05,10:55:00,11.31,11.31,11.3,11.3,340,0
2016-04-05,11:05:00,11.4,11.4,11.3,11.4,174,0
2016-04-05,12:25:00,11.3,11.3,11.3,11.3,700,0
2016-04-05,13:20:00,11.3,11.37,11.3,11.37,175,0
2016-04-05,13:50:00,11.3,11.3,11.3,11.3,200,0
2016-04-05,14:40:00,11.3,11.3,11.3,11.3,389,0
2016-04-05,14:45:00,11.29,11.29,11.29,11.29,159,0
2016-04-05,14:55:00,11.29,11.29,11.29,11.29,100,0
2016-04-05,15:00:00,11.32,11.32,11.32,11.32,20,0
2016-04-05,15:05:00,11.26,11.27,11.26,11.27,112,0
2016-04-05,15:20:00,11.27,11.35,11.2,11.35,2307,0
2016-04-05,16:15:00,11.35,11.43,11.35,11.41,1114,0
2016-04-05,16:30:00,11.38,11.38,11.37,11.37,100,0
2016-04-05,16:50:00,11.38,11.41,11.24,11.24,6046,0
2016-04-06,09:05:00,11.4,11.68,11.25,11.59,4408,0
2016-04-06,09:10:00,11.59,11.59,11.59,11.59,100,0
2016-04-06,09:15:00,11.57,11.6,11.3,11.3,2913,0
2016-04-06,09:20:00,11.3,11.45,11.25,11.45,1662,0
2016-04-06,09:45:00,11.3,11.3,11.3,11.3,200,0
2016-04-06,10:45:00,11.31,11.31,11.31,11.31,200,0
2016-04-06,10:50:00,11.26,11.26,11.26,11.26,123,0
2016-04-06,11:05:00,11.3,11.3,11.3,11.3,100,0
2016-04-06,11:20:00,11.32,11.32,11.32,11.32,750,0
2016-04-06,11:25:00,11.35,11.35,11.35,11.35,176,0
2016-04-06,11:35:00,11.35,11.35,11.35,11.35,50,0
2016-04-06,12:10:00,11.32,11.32,11.3,11.3,850,0
2016-04-06,12:20:00,11.3,11.3,11.25,11.25,217,0
2016-04-06,12:35:00,11.25,11.25,11.25,11.25,100,0
2016-04-06,13:15:00,11.3,11.3,11.3,11.3,114,0
2016-04-06,13:45:00,11.24,11.3,11.2,11.3,800,0
2016-04-06,14:00:00,11.3,11.3,11.3,11.3,50,0
2016-04-06,14:15:00,11.3,11.3,11.3,11.3,280,0
2016-04-06,15:00:00,11.3,11.3,11.3,11.3,116,0
2016-04-06,16:00:00,11.38,11.38,11.38,11.38,1,0
2016-04-06,16:35:00,11.3,11.3,11.3,11.3,1022,0
2016-04-06,16:45:00,11.38,11.38,11.38,11.38,58,0
2016-04-06,16:50:00,11.25,11.25,11.25,11.25,379,0
2016-04-07,09:05:00,11.44,11.44,11.44,11.44,1,0
2016-04-07,09:15:00,11.4,11.4,11.4,11.4,54,0
2016-04-07,10:10:00,11.38,11.38,11.38,11.38,210,0
2016-04-07,11:05:00,11.38,11.38,11.38,11.38,100,0
2016-04-07,11:15:00,11.3,11.3,11.3,11.3,100,0
2016-04-07,11:20:00,11.3,11.3,11.3,11.3,95,0
2016-04-07,11:25:00,11.25,11.25,11.25,11.25,195,0
2016-04-07,12:50:00,11.26,11.26,11.26,11.26,250,0
2016-04-07,13:00:00,11.25,11.25,11.24,11.24,155,0
2016-04-07,13:10:00,11.24,11.33,11.24,11.33,1000,0
2016-04-07,14:15:00,11.25,11.25,11.25,11.25,250,0
2016-04-07,14:50:00,11.28,11.28,11.28,11.28,54,0
2016-04-07,14:55:00,11.28,11.28,11.28,11.28,168,0
2016-04-07,15:30:00,11.2,11.2,11.2,11.2,800,0
2016-04-07,15:40:00,11.2,11.2,11.19,11.19,1130,0
2016-04-07,15:55:00,11.18,11.18,11.15,11.15,1100,0
2016-04-07,16:05:00,11.15,11.15,11.1,11.1,360,0
2016-04-07,16:10:00,11.1,11.1,11.1,11.1,40,0
2016-04-07,16:15:00,11.1,11.1,11.1,11.1,100,0
2016-04-07,16:20:00,11.03,11.03,11.03,11.03,60,0
2016-04-07,16:50:00,11.19,11.19,11.19,11.19,10,0
2016-04-08,09:05:00,11.19,11.19,11.19,11.19,284,0
2016-04-08,09:10:00,11.05,11.05,11.05,11.05,37,0
2016-04-08,09:15:00,11.05,11.05,11.05,11.05,18,0
2016-04-08,09:30:00,11.05,11.05,11.01,11.01,480,0
2016-04-08,09:35:00,11.04,11.19,11.04,11.19,3,0
2016-04-08,10:40:00,11.05,11.05,11.05,11.05,100,0
2016-04-08,11:45:00,11.1,11.1,11,11,1620,0
2016-04-08,11:50:00,11,11,11,11,200,0
2016-04-08,11:55:00,11,11,11,11,70,0
2016-04-08,12:50:00,11.02,11.02,11,11,237,0
2016-04-08,13:40:00,11.02,11.02,11,11,946,0
2016-04-08,13:45:00,11,11.19,11,11.19,3,0
2016-04-08,13:55:00,11.19,11.19,11.19,11.19,14,0
2016-04-08,15:45:00,11.01,11.01,11,11,728,0
2016-04-08,15:50:00,10.98,10.98,10.91,10.91,448,0
2016-04-08,16:00:00,11,11,11,11,1,0
2016-04-08,16:10:00,10.92,10.92,10.75,10.75,2650,0
2016-04-08,16:15:00,10.75,10.75,10.75,10.75,401,0
2016-04-08,16:20:00,10.75,10.75,10.75,10.75,98,0
2016-04-08,16:25:00,10.8,10.8,10.8,10.8,90,0
2016-04-08,16:30:00,10.75,10.75,10.75,10.75,20,0
2016-04-08,16:50:00,10.8,10.8,10.8,10.8,1465,0
2016-04-11,09:05:00,10.79,10.79,10.79,10.79,751,0
2016-04-11,09:15:00,10.79,10.8,10.79,10.8,1200,0
2016-04-11,09:20:00,10.75,10.99,10.75,10.99,2,0
2016-04-11,09:30:00,10.76,10.76,10.76,10.76,170,0
2016-04-11,09:35:00,10.76,10.76,10.76,10.76,62,0
2016-04-11,09:40:00,10.76,10.94,10.76,10.94,2,0
2016-04-11,09:55:00,10.89,10.89,10.89,10.89,300,0
2016-04-11,10:00:00,10.77,10.77,10.77,10.77,119,0
2016-04-11,10:05:00,10.77,10.77,10.77,10.77,302,0
2016-04-11,10:10:00,10.76,10.94,10.75,10.94,762,0
2016-04-11,10:30:00,10.89,10.89,10.89,10.89,9,0
2016-04-11,10:35:00,10.94,10.94,10.94,10.94,70,0
2016-04-11,11:20:00,10.89,10.94,10.8,10.94,800,0
2016-04-11,11:35:00,10.92,10.92,10.92,10.92,140,0
2016-04-11,11:40:00,10.92,10.92,10.92,10.92,130,0
2016-04-11,11:50:00,10.92,10.92,10.92,10.92,300,0
2016-04-11,12:20:00,10.92,10.92,10.92,10.92,400,0
2016-04-11,12:55:00,10.92,10.92,10.9,10.91,4833,0
2016-04-11,13:00:00,10.91,11.05,10.91,11.05,2050,0
2016-04-11,13:05:00,11.05,11.05,11.05,11.05,200,0
2016-04-11,13:25:00,11.04,11.04,11.04,11.04,140,0
2016-04-11,13:55:00,11.04,11.04,11.04,11.04,100,0
2016-04-11,15:15:00,11,11.04,11,11.04,1704,0
2016-04-11,15:20:00,11.05,11.05,11.05,11.05,399,0
2016-04-11,15:30:00,11.04,11.04,11.04,11.04,300,0
2016-04-11,16:00:00,11.04,11.04,11.04,11.04,1,0
2016-04-11,16:10:00,11.04,11.04,11.04,11.04,300,0
2016-04-11,16:20:00,11.04,11.04,11.04,11.04,270,0
2016-04-11,16:25:00,11.03,11.03,11,11,241,0
2016-04-11,16:45:00,11.04,11.04,11.04,11.04,72,0
2016-04-12,09:05:00,11.09,11.11,11.04,11.11,1046,0
2016-04-12,09:15:00,11.07,11.07,11.07,11.07,200,0
2016-04-12,09:25:00,11.05,11.05,11.05,11.05,200,0
2016-04-12,09:30:00,11.04,11.04,11,11,50,0
2016-04-12,09:40:00,11,11.05,11,11.05,391,0
2016-04-12,10:10:00,11,11,11,11,150,0
2016-04-12,12:05:00,11,11,11,11,170,0
2016-04-12,12:20:00,11,11,11,11,400,0
2016-04-12,12:40:00,11,11,11,11,300,0
2016-04-12,12:55:00,11,11.01,11,11.01,150,0
2016-04-12,13:30:00,10.99,10.99,10.99,10.99,400,0
2016-04-12,14:40:00,10.99,11,10.95,11,4502,0
2016-04-12,14:45:00,10.96,10.96,10.96,10.96,1000,0
2016-04-12,15:50:00,10.97,10.97,10.9,10.9,400,0
2016-04-12,16:10:00,10.87,10.87,10.87,10.87,200,0
2016-04-12,16:25:00,10.87,10.87,10.87,10.87,65,0
2016-04-12,16:50:00,10.97,10.99,10.97,10.99,578,0
2016-04-13,09:05:00,11.03,11.03,11.03,11.03,1,0
2016-04-13,09:10:00,10.91,11.02,10.88,11.02,122,0
2016-04-13,09:20:00,10.99,10.99,10.99,10.99,200,0
2016-04-13,09:30:00,10.99,10.99,10.99,10.99,136,0
2016-04-13,09:40:00,10.99,11,10.99,11,1320,0
2016-04-13,09:50:00,11,11,11,11,178,0
2016-04-13,09:55:00,11,11,11,11,200,0
2016-04-13,10:05:00,11,11,11,11,250,0
2016-04-13,10:10:00,11,11,11,11,200,0
2016-04-13,10:30:00,11,11,11,11,622,0
2016-04-13,11:00:00,11,11,11,11,200,0
2016-04-13,11:10:00,11,11,11,11,20,0
2016-04-13,11:35:00,11,11,11,11,250,0
2016-04-13,11:40:00,11,11,11,11,50,0
2016-04-13,11:55:00,11,11,11,11,370,0
2016-04-13,12:10:00,11,11,11,11,100,0
2016-04-13,12:15:00,11,11,11,11,1079,0
2016-04-13,12:30:00,10.95,11,10.89,11,3005,0
2016-04-13,13:30:00,10.99,10.99,10.99,10.99,260,0
2016-04-13,13:40:00,10.89,10.89,10.89,10.89,300,0
2016-04-13,14:45:00,10.89,10.99,10.81,10.99,1537,0
2016-04-13,16:20:00,10.84,10.84,10.82,10.82,3499,0
2016-04-13,16:50:00,10.97,10.97,10.97,10.97,190,0
2016-04-14,09:05:00,10.85,10.99,10.8,10.99,1502,0
2016-04-14,09:35:00,10.94,10.94,10.94,10.94,292,0
2016-04-14,09:40:00,10.94,10.94,10.94,10.94,292,0
2016-04-14,09:45:00,10.81,10.94,10.81,10.94,20,0
2016-04-14,10:15:00,10.96,10.98,10.96,10.98,2121,0
2016-04-14,11:10:00,10.97,10.97,10.97,10.97,50,0
2016-04-14,11:15:00,10.97,10.97,10.97,10.97,200,0
2016-04-14,11:45:00,10.97,10.97,10.97,10.97,200,0
2016-04-14,11:55:00,10.85,10.85,10.84,10.84,700,0
2016-04-14,12:00:00,10.84,10.96,10.8,10.96,1702,0
2016-04-14,12:20:00,10.8,10.8,10.8,10.8,1040,0
2016-04-14,12:35:00,10.81,10.81,10.81,10.81,750,0
2016-04-14,12:55:00,10.81,10.81,10.8,10.8,550,0
2016-04-14,13:05:00,10.8,10.89,10.6,10.89,1786,0
2016-04-14,13:20:00,10.79,10.81,10.79,10.81,523,0
2016-04-14,13:25:00,10.81,10.86,10.81,10.86,1010,0
2016-04-14,13:35:00,10.85,10.85,10.85,10.85,150,0
2016-04-14,13:40:00,10.88,10.88,10.88,10.88,200,0
2016-04-14,13:45:00,10.7,10.88,10.7,10.88,22,0
2016-04-14,15:25:00,10.88,10.88,10.88,10.88,204,0
2016-04-14,15:55:00,10.8,10.8,10.8,10.8,150,0
2016-04-14,16:00:00,10.88,10.88,10.88,10.88,150,0
2016-04-14,16:35:00,10.85,10.85,10.85,10.85,256,0
2016-04-14,16:45:00,10.8,10.8,10.8,10.8,1000,0
2016-04-14,16:50:00,10.8,10.8,10.8,10.8,300,0
2016-04-15,09:05:00,10.8,10.8,10.8,10.8,1270,0
2016-04-15,09:15:00,10.8,10.9,10.8,10.9,400,0
2016-04-15,09:50:00,10.81,10.81,10.7,10.7,1800,0
2016-04-15,09:55:00,10.7,10.8,10.7,10.8,860,0
2016-04-15,10:15:00,10.7,10.7,10.7,10.7,60,0
2016-04-15,11:05:00,10.8,10.8,10.8,10.8,150,0
2016-04-15,11:40:00,10.71,10.79,10.56,10.79,2172,0
2016-04-15,12:50:00,10.6,10.62,10.6,10.62,52,0
2016-04-15,14:00:00,10.7,10.79,10.7,10.79,20,0
2016-04-15,14:05:00,10.79,10.79,10.79,10.79,30,0
2016-04-15,14:20:00,10.62,10.62,10.62,10.62,91,0
2016-04-15,14:40:00,10.6,10.6,10.6,10.6,870,0
2016-04-15,14:50:00,10.61,10.61,10.61,10.61,650,0
2016-04-15,15:05:00,10.61,10.7,10.61,10.7,6,0
2016-04-15,15:25:00,10.65,10.79,10.65,10.79,503,0
2016-04-15,15:40:00,10.79,10.79,10.79,10.79,92,0
2016-04-15,16:10:00,10.79,10.8,10.79,10.8,2000,0
2016-04-15,16:15:00,10.62,10.86,10.62,10.86,20,0
2016-04-15,16:50:00,10.7,10.8,10.7,10.8,300,0
2016-04-18,09:05:00,10.8,10.8,10.8,10.8,184,0
2016-04-18,09:40:00,10.79,10.79,10.79,10.79,65,0
2016-04-18,09:50:00,10.79,10.79,10.79,10.79,200,0
2016-04-18,09:55:00,10.79,10.79,10.79,10.79,235,0
2016-04-18,10:00:00,10.7,10.94,10.7,10.94,2,0
2016-04-18,12:20:00,10.7,10.7,10.7,10.7,259,0
2016-04-18,12:30:00,10.66,10.66,10.65,10.65,1530,0
2016-04-18,14:20:00,10.7,10.7,10.7,10.7,41,0
2016-04-18,14:25:00,10.7,10.79,10.7,10.79,370,0
2016-04-18,14:30:00,10.7,10.86,10.66,10.86,140,0
2016-04-18,14:50:00,10.66,10.86,10.66,10.86,161,0
2016-04-18,15:15:00,10.84,10.84,10.84,10.84,62,0
2016-04-18,16:50:00,10.7,10.7,10.67,10.67,771,0
2016-04-19,09:05:00,10.67,10.67,10.67,10.67,1,0
2016-04-19,09:10:00,10.67,10.83,10.67,10.83,210,0
2016-04-19,09:15:00,10.83,10.83,10.83,10.83,200,0
2016-04-19,09:20:00,10.83,10.83,10.83,10.83,95,0
2016-04-19,09:50:00,10.79,10.79,10.79,10.79,185,0
2016-04-19,10:35:00,10.79,10.79,10.79,10.79,25,0
2016-04-19,10:45:00,10.79,10.79,10.79,10.79,100,0
2016-04-19,10:55:00,10.79,10.79,10.55,10.55,4045,0
2016-04-19,11:00:00,10.56,10.56,10.11,10.11,5965,0
2016-04-19,11:05:00,10.4,10.68,10.22,10.22,3699,0
2016-04-19,11:20:00,10.31,10.31,10.3,10.3,500,0
2016-04-19,11:45:00,10.35,10.4,10.35,10.4,1361,0
2016-04-19,12:20:00,10.49,10.49,10.49,10.49,310,0
2016-04-19,12:40:00,10.44,10.44,10.44,10.44,66,0
2016-04-19,13:05:00,10.41,10.41,10.41,10.41,150,0
2016-04-19,13:10:00,10.49,10.49,10.49,10.49,98,0
2016-04-19,13:35:00,10.49,10.49,10.49,10.49,102,0
2016-04-19,14:25:00,10.49,10.49,10.49,10.49,65,0
2016-04-19,15:05:00,10.49,10.49,10.49,10.49,87,0
2016-04-19,15:10:00,10.49,10.49,10.49,10.49,7,0
2016-04-19,15:20:00,10.49,10.5,10.49,10.5,582,0
2016-04-19,15:25:00,10.54,10.62,10.54,10.62,140,0
2016-04-19,15:50:00,10.51,10.51,10.51,10.51,150,0
2016-04-19,16:25:00,10.52,10.52,10.5,10.5,605,0
2016-04-19,16:30:00,10.5,10.5,10.5,10.5,413,0
2016-04-19,16:35:00,10.45,10.45,10.45,10.45,87,0
2016-04-19,16:40:00,10.62,10.62,10.62,10.62,66,0
2016-04-19,16:50:00,10.62,10.62,10.62,10.62,141,0
2016-04-20,09:05:00,10.6,10.6,10.6,10.6,600,0
2016-04-20,09:25:00,10.6,10.6,10.6,10.6,240,0
2016-04-20,09:30:00,10.6,10.6,10.6,10.6,213,0
2016-04-20,09:35:00,10.6,10.6,10.6,10.6,300,0
2016-04-20,09:45:00,10.6,10.6,10.6,10.6,100,0
2016-04-20,09:50:00,10.6,10.6,10.6,10.6,37,0
2016-04-20,09:55:00,10.6,10.78,10.6,10.78,170,0
2016-04-20,10:05:00,10.78,10.78,10.78,10.78,100,0
2016-04-20,10:10:00,10.78,10.78,10.78,10.78,160,0
2016-04-20,10:25:00,10.75,10.75,10.7,10.75,914,0
2016-04-20,10:40:00,10.75,10.75,10.75,10.75,30,0
2016-04-20,10:45:00,10.75,10.75,10.75,10.75,400,0
2016-04-20,10:50:00,10.75,10.78,10.75,10.78,693,0
2016-04-20,10:55:00,10.71,10.71,10.71,10.71,200,0
2016-04-20,11:05:00,10.71,10.71,10.7,10.7,203,0
2016-04-20,11:10:00,10.76,10.76,10.76,10.76,822,0
2016-04-20,12:45:00,10.75,10.75,10.75,10.75,500,0
2016-04-20,13:45:00,10.75,10.75,10.75,10.75,300,0
2016-04-20,13:55:00,10.7,10.7,10.7,10.7,251,0
2016-04-20,14:05:00,10.72,10.72,10.72,10.72,2000,0
2016-04-20,14:10:00,10.75,10.75,10.75,10.75,21,0
2016-04-20,15:10:00,10.7,10.7,10.7,10.7,1049,0
2016-04-20,15:15:00,10.75,10.8,10.75,10.8,250,0
2016-04-20,15:30:00,10.79,10.79,10.79,10.79,100,0
2016-04-20,16:00:00,10.77,10.79,10.77,10.79,47,0
2016-04-20,16:15:00,10.8,10.8,10.8,10.8,200,0
2016-04-20,16:20:00,10.8,10.8,10.8,10.8,91,0
2016-04-20,16:25:00,10.8,10.85,10.8,10.85,483,0
2016-04-20,16:35:00,10.85,10.85,10.85,10.85,25,0
2016-04-20,16:40:00,10.79,10.89,10.79,10.89,89,0
2016-04-21,09:05:00,10.9,10.9,10.9,10.9,110,0
2016-04-21,09:15:00,10.88,10.88,10.88,10.88,65,0
2016-04-21,09:20:00,10.9,10.99,10.9,10.99,1800,0
2016-04-21,09:25:00,10.98,10.98,10.98,10.98,121,0
2016-04-21,10:20:00,10.9,10.9,10.9,10.9,40,0
2016-04-21,10:35:00,10.95,10.95,10.95,10.95,6,0
2016-04-21,10:55:00,10.95,10.95,10.85,10.85,1716,0
2016-04-21,11:00:00,10.79,10.79,10.79,10.79,74,0
2016-04-21,11:05:00,10.79,10.79,10.79,10.79,46,0
2016-04-21,11:20:00,10.85,10.85,10.85,10.85,90,0
2016-04-21,11:35:00,10.85,10.85,10.85,10.85,300,0
2016-04-21,12:40:00,10.85,10.85,10.85,10.85,200,0
2016-04-21,13:00:00,10.8,10.8,10.8,10.8,120,0
2016-04-21,13:05:00,10.75,10.75,10.75,10.75,190,0
2016-04-21,14:35:00,10.75,10.75,10.75,10.75,200,0
2016-04-21,14:40:00,10.8,10.8,10.8,10.8,1000,0
2016-04-21,15:05:00,10.84,10.85,10.84,10.85,750,0
2016-04-21,15:30:00,10.85,10.85,10.76,10.76,6384,0
2016-04-21,16:15:00,10.76,10.76,10.72,10.72,137,0
2016-04-21,16:50:00,10.85,10.85,10.85,10.85,489,0
2016-04-22,09:05:00,10.9,10.9,10.9,10.9,545,0
2016-04-22,09:10:00,10.87,10.87,10.87,10.87,56,0
2016-04-22,09:35:00,10.85,10.85,10.85,10.85,870,0
2016-04-22,09:55:00,10.85,10.85,10.85,10.85,130,0
2016-04-22,10:10:00,10.85,10.85,10.85,10.85,300,0
2016-04-22,11:05:00,10.85,10.85,10.85,10.85,137,0
2016-04-22,11:10:00,10.85,10.85,10.85,10.85,147,0
2016-04-22,11:35:00,10.8,10.81,10.8,10.81,600,0
2016-04-22,11:50:00,10.81,10.81,10.81,10.81,500,0
2016-04-22,11:55:00,10.83,10.83,10.83,10.83,136,0
2016-04-22,12:00:00,10.8,10.8,10.8,10.8,100,0
2016-04-22,12:10:00,10.83,10.83,10.83,10.83,42,0
2016-04-22,12:35:00,10.85,10.85,10.85,10.85,150,0
2016-04-22,12:40:00,10.85,10.85,10.85,10.85,293,0
2016-04-22,13:05:00,10.85,10.85,10.85,10.85,369,0
2016-04-22,13:20:00,10.78,10.78,10.78,10.78,150,0
2016-04-22,14:50:00,10.84,10.84,10.84,10.84,30,0
2016-04-22,14:55:00,10.84,10.84,10.84,10.84,28,0
2016-04-22,15:25:00,10.84,10.84,10.84,10.84,25,0
2016-04-22,15:35:00,10.84,10.84,10.84,10.84,18,0
2016-04-22,15:50:00,10.84,10.84,10.84,10.84,254,0
2016-04-22,16:25:00,10.85,10.85,10.85,10.85,56,0
2016-04-22,16:30:00,10.8,10.8,10.8,10.8,500,0
2016-04-22,16:35:00,10.85,10.85,10.85,10.85,15,0
2016-04-22,16:40:00,10.85,10.85,10.85,10.85,600,0
2016-04-22,16:45:00,10.8,10.85,10.8,10.85,1085,0
2016-04-22,16:50:00,10.8,10.8,10.75,10.75,3392,0
2016-04-25,09:05:00,10.79,10.79,10.7,10.7,1266,0
2016-04-25,09:20:00,10.89,10.89,10.89,10.89,14,0
2016-04-25,09:45:00,10.84,10.84,10.84,10.84,150,0
2016-04-25,09:50:00,10.84,10.85,10.84,10.85,1250,0
2016-04-25,09:55:00,10.75,10.89,10.75,10.89,20,0
2016-04-25,10:10:00,10.88,10.88,10.85,10.85,1085,0
2016-04-25,10:20:00,10.88,10.88,10.88,10.88,194,0
2016-04-25,11:40:00,10.85,10.85,10.85,10.85,120,0
2016-04-25,12:20:00,10.88,10.88,10.88,10.88,137,0
2016-04-25,12:30:00,10.87,10.87,10.87,10.87,200,0
2016-04-25,12:35:00,10.85,10.85,10.85,10.85,150,0
2016-04-25,12:40:00,10.85,10.85,10.85,10.85,94,0
2016-04-25,13:05:00,10.83,10.83,10.83,10.83,35,0
2016-04-25,13:20:00,10.83,10.83,10.83,10.83,45,0
2016-04-25,13:25:00,10.81,10.81,10.75,10.75,603,0
2016-04-25,13:50:00,10.75,10.75,10.75,10.75,87,0
2016-04-25,14:20:00,10.72,10.8,10.7,10.7,734,0
2016-04-25,15:10:00,10.75,10.75,10.75,10.75,700,0
2016-04-25,15:35:00,10.75,10.75,10.75,10.75,1000,0
2016-04-25,15:45:00,10.7,10.7,10.7,10.7,185,0
2016-04-25,16:25:00,10.71,10.71,10.71,10.71,150,0
2016-04-25,16:50:00,10.71,10.71,10.71,10.71,800,0
2016-04-26,09:05:00,10.8,10.8,10.8,10.8,275,0
2016-04-26,09:15:00,10.75,10.75,10.71,10.71,400,0
2016-04-26,09:40:00,10.75,10.75,10.75,10.75,500,0
2016-04-26,10:05:00,10.78,10.79,10.78,10.79,250,0
2016-04-26,10:10:00,10.79,10.79,10.79,10.79,514,0
2016-04-26,10:25:00,10.79,10.79,10.75,10.75,1007,0
2016-04-26,10:30:00,10.75,10.75,10.75,10.75,1133,0
2016-04-26,10:35:00,10.8,10.8,10.8,10.8,1880,0
2016-04-26,10:50:00,10.83,10.83,10.83,10.83,80,0
2016-04-26,11:10:00,10.83,10.83,10.83,10.83,75,0
2016-04-26,12:25:00,10.8,10.8,10.8,10.8,660,0
2016-04-26,13:10:00,10.8,10.8,10.8,10.8,38,0
2016-04-26,14:00:00,10.75,10.75,10.75,10.75,135,0
2016-04-26,14:10:00,10.72,10.72,10.72,10.72,692,0
2016-04-26,14:15:00,10.72,10.72,10.7,10.7,500,0
2016-04-26,15:20:00,10.75,10.75,10.75,10.75,1500,0
2016-04-26,15:50:00,10.75,10.8,10.75,10.8,2040,0
2016-04-26,16:30:00,10.8,10.8,10.8,10.8,100,0
2016-04-26,16:40:00,10.8,10.8,10.8,10.8,125,0
2016-04-26,16:45:00,10.8,10.8,10.8,10.8,60,0
2016-04-26,16:50:00,10.73,10.73,10.61,10.61,2439,0
2016-04-27,09:05:00,10.99,10.99,10.99,10.99,2100,0
2016-04-27,10:15:00,10.95,10.95,10.95,10.95,370,0
2016-04-27,10:35:00,10.9,10.9,10.9,10.9,100,0
2016-04-27,10:45:00,10.98,10.98,10.96,10.96,380,0
2016-04-27,10:55:00,10.96,10.96,10.96,10.96,60,0
2016-04-27,11:10:00,10.96,10.96,10.96,10.96,60,0
2016-04-27,11:30:00,10.96,10.96,10.96,10.96,252,0
2016-04-27,12:15:00,10.8,10.8,10.8,10.8,40,0
2016-04-27,13:35:00,10.85,10.85,10.85,10.85,840,0
2016-04-27,13:55:00,10.85,10.95,10.85,10.95,393,0
2016-04-27,14:00:00,10.95,10.95,10.95,10.95,162,0
2016-04-27,14:05:00,10.95,10.95,10.85,10.85,227,0
2016-04-27,14:10:00,10.85,10.85,10.85,10.85,1690,0
2016-04-27,14:20:00,10.95,10.95,10.95,10.95,400,0
2016-04-27,14:45:00,10.93,10.93,10.93,10.93,1000,0
2016-04-27,15:05:00,10.91,10.91,10.91,10.91,100,0
2016-04-27,15:40:00,10.9,10.9,10.9,10.9,1000,0
2016-04-27,16:00:00,10.91,10.91,10.91,10.91,1000,0
2016-04-27,16:10:00,10.85,10.85,10.85,10.85,3121,0
2016-04-27,16:50:00,10.89,10.89,10.89,10.89,255,0
2016-04-28,09:05:00,10.99,11.12,10.99,11.1,11095,0
2016-04-28,09:10:00,11.01,11.01,10.98,10.98,2180,0
2016-04-28,09:15:00,11.05,11.05,11,11,1208,0
2016-04-28,09:20:00,11,11,11,11,500,0
2016-04-28,09:25:00,11,11,11,11,60,0
2016-04-28,09:30:00,11,11,11,11,2333,0
2016-04-28,09:35:00,10.99,10.99,10.94,10.98,4350,0
2016-04-28,09:40:00,10.98,10.98,10.95,10.95,2041,0
2016-04-28,09:45:00,10.98,10.98,10.97,10.97,2100,0
2016-04-28,09:55:00,10.95,10.95,10.95,10.95,441,0
2016-04-28,10:00:00,10.94,10.94,10.9,10.9,1174,0
2016-04-28,10:05:00,10.93,10.93,10.93,10.93,128,0
2016-04-28,10:10:00,10.93,10.93,10.91,10.91,626,0
2016-04-28,10:25:00,10.93,10.93,10.93,10.93,200,0
2016-04-28,10:35:00,10.93,10.94,10.93,10.94,500,0
2016-04-28,10:45:00,10.94,10.94,10.94,10.94,246,0
2016-04-28,10:55:00,10.94,10.97,10.91,10.97,1008,0
2016-04-28,11:20:00,10.97,10.97,10.97,10.97,240,0
2016-04-28,11:45:00,10.95,11,10.95,11,5057,0
2016-04-28,11:50:00,11,11,11,11,217,0
2016-04-28,11:55:00,10.99,10.99,10.99,10.99,65,0
2016-04-28,12:05:00,10.99,10.99,10.98,10.98,285,0
2016-04-28,12:10:00,10.98,10.98,10.98,10.98,262,0
2016-04-28,12:15:00,10.98,10.98,10.98,10.98,79,0
2016-04-28,12:25:00,10.98,10.98,10.98,10.98,284,0
2016-04-28,12:30:00,11,11,11,11,92,0
2016-04-28,12:50:00,11,11,11,11,900,0
2016-04-28,13:10:00,10.99,10.99,10.99,10.99,335,0
2016-04-28,13:20:00,10.99,10.99,10.99,10.99,303,0
2016-04-28,13:25:00,11,11,11,11,70,0
2016-04-28,13:35:00,11,11,11,11,565,0
2016-04-28,13:45:00,11,11,11,11,530,0
2016-04-28,13:50:00,11,11,11,11,700,0
2016-04-28,13:55:00,11,11,11,11,1450,0
2016-04-28,14:00:00,11,11,11,11,250,0
2016-04-28,14:10:00,11,11,11,11,100,0
2016-04-28,14:20:00,10.99,10.99,10.98,10.98,282,0
2016-04-28,14:30:00,10.98,10.98,10.98,10.98,100,0
2016-04-28,14:45:00,10.98,10.98,10.98,10.98,68,0
2016-04-28,14:55:00,11,11,11,11,188,0
2016-04-28,15:00:00,11,11,11,11,910,0
2016-04-28,15:05:00,11,11,10.97,10.97,492,0
2016-04-28,15:10:00,10.97,10.97,10.97,10.97,10,0
2016-04-28,15:20:00,10.97,10.99,10.97,10.99,400,0
2016-04-28,15:30:00,10.99,10.99,10.99,10.99,124,0
2016-04-28,15:45:00,10.99,10.99,10.99,10.99,180,0
2016-04-28,15:50:00,10.99,10.99,10.99,10.99,1520,0
2016-04-28,15:55:00,10.99,11,10.99,11,1552,0
2016-04-28,16:00:00,11.04,11.18,11.04,11.18,3269,0
2016-04-28,16:05:00,11.17,11.17,11,11,209,0
2016-04-28,16:10:00,11.17,11.17,11.15,11.15,1050,0
2016-04-28,16:15:00,11.16,11.16,11,11,2168,0
2016-04-28,16:35:00,11,11,11,11,80,0
2016-04-28,16:50:00,11.16,11.16,11,11,1489,0
2016-04-29,09:05:00,11.2,11.24,11.2,11.2,1217,0
2016-04-29,09:10:00,11.2,11.2,11.2,11.2,10,0
2016-04-29,09:20:00,11.2,11.2,11.2,11.2,1423,0
2016-04-29,09:25:00,11.2,11.2,11.2,11.2,4789,0
2016-04-29,09:30:00,11.23,11.23,11.23,11.23,100,0
2016-04-29,09:35:00,11.23,11.23,11.23,11.23,82,0
2016-04-29,10:00:00,11.2,11.2,11.2,11.2,1000,0
2016-04-29,10:05:00,11.22,11.22,11.22,11.22,453,0
2016-04-29,10:10:00,11.2,11.2,11.2,11.2,701,0
2016-04-29,10:35:00,11.2,11.2,11.2,11.2,100,0
2016-04-29,10:50:00,11.2,11.2,11.2,11.2,967,0
2016-04-29,11:05:00,11.23,11.23,11.23,11.23,200,0
2016-04-29,11:15:00,11.23,11.23,11.23,11.23,130,0
2016-04-29,11:20:00,11.23,11.23,11.23,11.23,1700,0
2016-04-29,11:25:00,11.23,11.23,11.23,11.23,130,0
2016-04-29,11:30:00,11.23,11.23,11.23,11.23,100,0
2016-04-29,11:35:00,11.23,11.23,11.23,11.23,106,0
2016-04-29,11:40:00,11.21,11.21,11.21,11.21,287,0
2016-04-29,12:05:00,11.21,11.21,11.21,11.21,161,0
2016-04-29,12:20:00,11.22,11.22,11.22,11.22,22,0
2016-04-29,12:25:00,11.22,11.22,11.22,11.22,516,0
2016-04-29,12:50:00,11.21,11.21,11.21,11.21,425,0
2016-04-29,12:55:00,11.23,11.23,11.23,11.23,450,0
2016-04-29,13:05:00,11.24,11.24,11.24,11.24,145,0
2016-04-29,13:35:00,11.21,11.21,11.2,11.2,904,0
2016-04-29,14:30:00,11.2,11.2,11.2,11.2,200,0
2016-04-29,14:35:00,11.1,11.1,11.1,11.1,100,0
2016-04-29,14:55:00,11.2,11.2,11.2,11.2,1000,0
2016-04-29,15:25:00,11.2,11.2,11.2,11.2,100,0
2016-04-29,15:30:00,11.18,11.18,11.18,11.18,100,0
2016-04-29,15:35:00,11.2,11.22,11.2,11.22,3000,0
2016-04-29,15:45:00,11.22,11.22,11.22,11.22,100,0
2016-04-29,15:50:00,11.22,11.22,11.22,11.22,398,0
2016-04-29,15:55:00,11.22,11.22,11.22,11.22,24,0
2016-04-29,16:00:00,11.22,11.22,11.22,11.22,978,0
2016-04-29,16:05:00,11.22,11.22,11.22,11.22,2122,0
2016-04-29,16:15:00,11.24,11.24,11.24,11.24,415,0
2016-04-29,16:45:00,11.23,11.23,11.22,11.22,1204,0
2016-04-29,16:50:00,11.24,11.25,11.24,11.25,1394,0
