2016-03-07,11:05:00,4.7,4.7,4.7,4.7,115,0
2016-03-07,15:05:00,4.7,4.7,4.7,4.7,7,0
2016-03-08,11:05:00,4.7,4.7,4.7,4.7,650,0
2016-03-08,15:05:00,4.7,4.7,4.7,4.7,65,0
2016-03-09,11:05:00,4.7,4.7,4.7,4.7,10,0
2016-03-09,15:05:00,4.7,4.7,4.7,4.7,16,0
2016-03-10,11:05:00,5,5,5,5,5016,0
2016-03-10,15:05:00,5,5,5,5,92,0
2016-03-10,15:15:00,5,5,5,5,1806,0
2016-03-10,15:20:00,5,5,5,5,1998,0
2016-03-11,11:05:00,5.2,5.2,5.2,5.2,13,0
2016-03-11,15:05:00,5.2,5.2,5.2,5.2,8,0
2016-03-14,11:05:00,5.05,5.05,5.05,5.05,193,0
2016-03-14,15:15:00,4.5,4.5,4.5,4.5,13,0
2016-03-14,15:20:00,4.5,4.5,4.5,4.5,11,0
2016-03-15,11:05:00,4.7,4.7,4.7,4.7,6,0
2016-03-15,11:30:00,4.7,4.7,4.7,4.7,22,0
2016-03-15,15:05:00,4.7,4.7,4.7,4.7,27,0
2016-03-15,15:30:00,4.7,4.7,4.7,4.7,72,0
2016-03-16,11:05:00,4.7,4.7,4.7,4.7,19,0
2016-03-16,15:05:00,4.7,4.7,4.7,4.7,19,0
2016-03-17,15:05:00,4.8,4.8,4.8,4.8,691,0
2016-03-18,11:05:00,4.8,4.8,4.8,4.8,13,0
2016-03-18,15:05:00,4.9,4.9,4.9,4.9,208,0
