2015-01-05,09:20:00,5.16,5.16,5.16,5.16,2,0
2015-01-05,14:10:00,5.16,5.16,5.16,5.16,1,0
2015-01-07,09:05:00,5.42,5.57,5.42,5.57,1200,0
2015-01-07,10:00:00,5.62,5.64,5.62,5.64,860,0
2015-01-07,10:25:00,5.51,5.95,5.51,5.95,571,0
2015-01-08,09:05:00,5.5,5.5,5.5,5.5,900,0
2015-01-08,09:20:00,5.5,5.5,5.5,5.5,500,0
2015-01-08,09:25:00,5.5,5.81,5.5,5.81,1230,0
2015-01-08,11:55:00,5.5,5.5,5.5,5.5,500,0
2015-01-08,13:55:00,5.51,5.51,5.5,5.5,200,0
2015-01-08,14:35:00,5.5,5.5,5.5,5.5,110,0
2015-01-08,15:55:00,5.75,5.75,5.75,5.75,250,0
2015-01-08,16:00:00,5.75,5.8,5.75,5.8,200,0
2015-01-08,16:05:00,5.8,5.8,5.8,5.8,420,0
2015-01-08,16:10:00,5.92,5.94,5.92,5.94,600,0
2015-01-09,09:05:00,6,6,6,6,400,0
2015-01-09,09:10:00,6.57,6.57,6.57,6.57,2,0
2015-01-09,16:05:00,6,6,6,6,900,0
2015-01-09,16:30:00,6,6,6,6,1700,0
2015-01-12,09:10:00,6.25,6.25,6.25,6.25,3,0
2015-01-12,10:20:00,6.07,6.07,6.07,6.07,325,0
2015-01-12,12:25:00,6.11,6.15,6.11,6.15,388,0
2015-01-12,12:30:00,6.25,6.25,6.25,6.25,2997,0
2015-01-12,14:40:00,6.57,6.57,6.57,6.57,31,0
2015-01-13,09:05:00,6.5,6.5,6.5,6.5,2,0
2015-01-13,10:55:00,6.16,6.16,6.16,6.16,139,0
2015-01-13,11:15:00,6.38,6.5,6.38,6.5,1500,0
2015-01-13,11:20:00,6.5,6.57,6.5,6.57,558,0
2015-01-13,12:15:00,6.57,6.57,6.57,6.57,2,0
2015-01-13,15:55:00,6.5,6.5,6.5,6.5,389,0
2015-01-13,16:20:00,6.5,6.55,6.5,6.55,982,0
2015-01-13,16:50:00,6.65,6.65,6.65,6.65,1,0
2015-01-14,09:05:00,6.65,6.65,6.65,6.65,2,0
2015-01-14,10:05:00,6.65,6.65,6.65,6.65,10,0
2015-01-15,09:05:00,6.65,6.65,6.65,6.65,1,0
2015-01-15,10:30:00,6.65,6.65,6.65,6.65,3,0
2015-01-15,15:45:00,6.5,6.5,6.5,6.5,393,0
2015-01-16,09:20:00,6.65,6.65,6.65,6.65,3,0
2015-01-16,12:10:00,6.65,6.65,6.65,6.65,1,0
2015-01-16,16:50:00,6.65,6.65,6.65,6.65,2,0
2015-01-19,09:05:00,7.25,7.25,7.25,7.25,3,0
2015-01-19,11:00:00,7,7,6.64,6.64,59,0
2015-01-19,11:05:00,6.64,6.64,6.64,6.64,503,0
2015-01-19,14:05:00,6.64,6.64,6.64,6.64,3,0
2015-01-19,16:50:00,6.95,7,6.95,7,150,0
2015-01-20,09:05:00,7.6,7.6,7.6,7.6,100,0
2015-01-20,15:10:00,7.5,7.5,7.5,7.5,10,0
2015-01-20,16:10:00,7.5,7.5,7.16,7.16,700,0
2015-01-20,16:15:00,7,7,7,7,500,0
2015-01-21,09:25:00,7.5,7.5,7.5,7.5,3,0
2015-01-21,13:15:00,7.5,7.5,7.5,7.5,6,0
2015-01-21,14:30:00,7.07,7.07,7,7,1414,0
2015-01-21,14:35:00,7.13,7.13,7.13,7.13,10,0
2015-01-21,14:45:00,7.13,7.13,7.13,7.13,100,0
2015-01-21,15:00:00,7.13,7.13,7.13,7.13,523,0
2015-01-21,15:55:00,7.13,7.13,7.13,7.13,86,0
2015-01-22,09:25:00,7.5,7.5,7.5,7.5,2,0
2015-01-22,09:40:00,7.25,7.25,7.25,7.25,339,0
2015-01-22,11:35:00,7.25,7.5,7.25,7.5,163,0
2015-01-22,15:50:00,7.07,7.4,7.01,7.4,1750,0
2015-01-22,16:50:00,7.5,7.5,7.5,7.5,1,0
2015-01-23,09:20:00,7.5,7.5,7.5,7.5,10,0
2015-01-23,11:50:00,7.45,7.45,7.45,7.45,7,0
2015-01-23,15:00:00,7.07,7.2,7.07,7.2,1000,0
2015-01-23,15:05:00,7.05,7.45,7.01,7.45,860,0
2015-01-23,15:25:00,7.33,7.33,7.08,7.26,1050,0
2015-01-26,09:25:00,7.5,7.5,7.5,7.5,5,0
2015-01-26,14:30:00,7.5,7.5,7.5,7.5,10,0
2015-01-26,16:30:00,7.12,7.5,7.07,7.5,2026,0
2015-01-27,09:20:00,7.5,7.5,7.5,7.5,3,0
2015-01-27,13:05:00,7.5,7.5,7.5,7.5,12,0
2015-01-27,15:20:00,7.08,7.33,7.07,7.33,889,0
2015-01-27,15:40:00,7.24,7.29,7.24,7.29,530,0
2015-01-28,09:05:00,7,7,7,7,1000,0
2015-01-28,14:45:00,6.98,7,6.98,7,2000,0
2015-01-29,09:20:00,7,7,7,7,2,0
2015-01-29,09:40:00,6.66,6.66,6.66,6.66,100,0
2015-01-29,11:15:00,7,7,7,7,3,0
2015-01-29,15:20:00,6.97,7,6.97,7,1574,0
2015-01-29,15:25:00,6.97,7,6.9,6.9,4054,0
2015-01-29,16:50:00,7,7,7,7,5,0
2015-01-30,09:25:00,7.5,7.5,7.5,7.5,2,0
2015-01-30,15:10:00,7.1,7.16,7.1,7.16,150,0
2015-01-30,15:35:00,6.91,7.06,6.85,7.06,1304,0
2015-01-30,16:40:00,7.5,7.5,7.5,7.5,3,0
2015-01-30,16:50:00,8.2,8.2,8.2,8.2,800,0
2015-02-02,09:25:00,8.2,8.2,8.2,8.2,2,0
2015-02-02,09:45:00,7.81,7.81,7.81,7.81,3,0
2015-02-03,09:20:00,8.31,8.31,8.31,8.31,5,0
2015-02-03,15:15:00,7.2,7.2,7.2,7.2,70,0
2015-02-03,16:10:00,7.03,7.03,7.03,7.03,85,0
2015-02-03,16:15:00,6.87,7.04,6.84,7.04,1005,0
2015-02-04,14:25:00,6.92,7,6.92,7,1105,0
2015-02-04,15:35:00,6.72,6.72,6.68,6.68,846,0
2015-02-04,15:40:00,7.05,7.05,7.05,7.05,11,0
2015-02-05,16:00:00,6.85,7,6.85,7,1260,0
2015-02-10,10:35:00,6.75,6.75,6.75,6.75,902,0
2015-02-10,10:50:00,6.62,6.62,6.62,6.62,60,0
2015-02-10,13:55:00,6.79,6.79,6.79,6.79,10,0
2015-02-10,16:10:00,6.51,6.76,6.49,6.76,972,0
2015-02-11,15:05:00,6.52,6.52,6.45,6.45,1000,0
2015-02-11,15:10:00,6.25,6.84,6.25,6.84,2100,0
2015-02-16,15:20:00,6.68,7,6.68,7,1600,0
2015-02-17,14:25:00,6.85,6.85,6.85,6.85,200,0
2015-02-18,09:20:00,7,7,7,7,2,0
2015-02-19,09:10:00,7,7,7,7,1,0
2015-02-20,09:10:00,7,7,7,7,1,0
2015-02-23,09:15:00,7,7,7,7,2,0
2015-02-25,09:10:00,7,7,7,7,2,0
2015-02-26,09:05:00,7,7,7,7,2,0
2015-02-27,09:15:00,7,7,7,7,3,0
2015-03-02,09:35:00,7,7,7,7,1,0
2015-03-03,09:05:00,7,7,7,7,4,0
2015-03-04,09:05:00,7,7,7,7,2,0
2015-03-05,09:10:00,7,7,7,7,2,0
2015-03-05,14:35:00,6.6,7.3,6.6,7.3,5000,0
2015-03-06,09:40:00,7,7,7,7,5,0
2015-03-06,12:35:00,6.78,6.78,6.56,6.56,1250,0
2015-03-06,16:50:00,7,7,7,7,2,0
2015-03-09,09:25:00,7,7,7,7,3,0
2015-03-10,09:15:00,7,7,7,7,2,0
2015-03-11,11:25:00,7,7,7,7,2,0
2015-03-12,09:15:00,7,7,7,7,5,0
2015-03-13,09:05:00,7,7,7,7,2,0
2015-03-23,15:50:00,6.29,6.29,6.29,6.29,3,0
2015-03-24,09:05:00,6.29,6.29,6.29,6.29,3,0
2015-03-25,09:10:00,6.29,6.29,6.29,6.29,3,0
2015-03-26,09:10:00,6.29,6.29,6.29,6.29,3,0
2015-03-26,10:30:00,6,6,5.75,5.75,1225,0
2015-03-26,16:35:00,5.67,5.67,5.67,5.67,94,0
2015-03-27,09:05:00,5.67,5.67,5.67,5.67,3,0
2015-03-30,09:15:00,5.67,5.67,5.67,5.67,2,0
2015-03-31,09:05:00,5.67,5.67,5.67,5.67,2,0
2015-03-31,15:40:00,5.11,5.11,5.11,5.11,600,0
2015-04-01,09:05:00,5.11,5.11,5.11,5.11,2,0
2015-04-02,09:05:00,5.11,5.11,5.11,5.11,2,0
2015-04-07,09:10:00,5.08,5.08,5.08,5.08,3,0
2015-04-08,09:10:00,5.08,5.08,5.08,5.08,2,0
2015-04-08,13:00:00,5.08,5.3,5.08,5.3,206,0
2015-04-08,14:20:00,5.3,5.36,5.3,5.36,700,0
2015-04-08,14:25:00,5.36,5.36,5.36,5.36,200,0
2015-04-08,14:35:00,5.36,5.58,5.36,5.58,786,0
2015-04-08,14:50:00,5.59,5.59,5.59,5.59,1500,0
2015-04-08,15:05:00,5.59,5.59,5.59,5.59,300,0
2015-04-09,09:05:00,5.59,5.59,5.59,5.59,3,0
2015-04-09,11:55:00,5.25,5.25,5.25,5.25,542,0
2015-04-09,12:50:00,5.31,5.43,5.18,5.43,4715,0
2015-04-10,09:05:00,5.88,5.88,5.88,5.88,2,0
2015-04-10,16:50:00,6,6,6,6,2,0
2015-04-13,09:05:00,6.29,6.29,6.29,6.29,2,0
2015-04-14,09:05:00,6.29,6.29,6.29,6.29,80,0
2015-04-16,09:10:00,5.9,5.9,5.9,5.9,2,0
2015-04-16,11:55:00,5.31,5.31,5.31,5.31,542,0
2015-04-16,12:40:00,5.32,5.49,5.32,5.49,252,0
2015-04-16,13:05:00,5.49,5.49,5.49,5.49,28,0
2015-04-16,14:20:00,5.37,5.37,5.37,5.37,90,0
2015-04-16,14:25:00,5.63,5.64,5.63,5.64,300,0
2015-04-16,16:45:00,5.37,5.37,5.32,5.32,1541,0
2015-04-16,16:50:00,5.59,5.59,5.31,5.31,204,0
2015-04-17,09:20:00,5.8,5.8,5.8,5.8,5,0
2015-04-17,10:05:00,5.45,5.45,5.45,5.45,150,0
2015-04-17,13:15:00,5.46,5.46,5.46,5.46,200,0
2015-04-20,09:05:00,5.9,5.9,5.9,5.9,2,0
2015-04-20,11:25:00,5.5,5.5,5.46,5.46,1100,0
2015-04-20,14:55:00,5.55,5.8,5.55,5.8,3533,0
2015-04-20,15:00:00,5.8,5.8,5.8,5.8,10,0
2015-04-20,16:00:00,5.51,5.51,5.47,5.47,150,0
2015-04-20,16:35:00,5.47,5.47,5.47,5.47,980,0
2015-04-21,09:05:00,5.8,5.8,5.8,5.8,2,0
2015-04-22,09:05:00,5.8,5.8,5.8,5.8,100,0
2015-04-22,09:15:00,5.8,5.8,5.8,5.8,3,0
2015-04-23,09:05:00,5.8,5.8,5.8,5.8,2,0
2015-04-24,09:05:00,5.8,5.8,5.8,5.8,3,0
2015-04-27,09:10:00,5.8,5.8,5.8,5.8,10,0
2015-04-28,09:15:00,5.8,5.8,5.8,5.8,1,0
2015-04-28,09:55:00,5.36,5.36,5.36,5.36,28,0
2015-04-28,14:30:00,5.4,5.4,5.3,5.3,560,0
2015-04-29,09:20:00,5.8,5.8,5.8,5.8,7,0
2015-04-30,09:10:00,5.7,5.7,5.7,5.7,5,0
2015-05-04,09:35:00,5.3,5.3,5.3,5.3,21,0
2015-05-05,09:05:00,5.3,5.3,5.3,5.3,994,0
2015-05-05,14:55:00,5.3,5.3,5.3,5.3,106,0
2015-05-06,09:10:00,5.3,5.3,5.3,5.3,10,0
2015-05-07,09:05:00,5.3,5.3,5.3,5.3,2,0
2015-05-08,09:15:00,5.3,5.3,5.3,5.3,2,0
2015-05-11,09:10:00,5.3,5.3,5.3,5.3,2,0
2015-05-13,09:10:00,5.25,5.25,5.25,5.25,6,0
2015-05-13,15:30:00,4.94,5,4.9,5,1540,0
2015-05-14,09:05:00,5.21,5.21,5.21,5.21,2,0
2015-05-15,09:05:00,5.21,5.21,5.21,5.21,3,0
2015-05-18,09:10:00,5.3,5.3,5.3,5.3,3,0
2015-05-19,09:10:00,5.3,5.3,5.3,5.3,2,0
2015-05-19,16:20:00,4.79,4.79,4.79,4.79,1,0
2015-05-20,12:30:00,4.79,4.79,4.79,4.79,3,0
2015-05-21,12:40:00,4.72,4.72,4.72,4.72,1,0
2015-05-21,15:35:00,4.69,4.69,4.69,4.69,51,0
2015-05-21,16:40:00,4.65,4.65,4.65,4.65,1,0
2015-05-25,14:35:00,4.81,4.81,4.8,4.8,3353,0
2015-05-25,15:35:00,4.7,4.78,4.6,4.78,1120,0
2015-05-27,16:45:00,4.76,4.79,4.76,4.79,1000,0
2015-05-28,10:45:00,5.25,5.25,5.25,5.25,15,0
2015-05-28,11:40:00,4.85,4.85,4.85,4.85,40,0
2015-05-28,13:20:00,4.9,4.92,4.9,4.92,800,0
2015-05-28,14:15:00,4.81,4.81,4.75,4.75,325,0
2015-05-28,14:45:00,4.7,4.7,4.7,4.7,1380,0
2015-05-28,15:35:00,4.58,4.58,4.4,4.4,2,0
2015-05-28,16:00:00,4.41,4.41,4.4,4.4,535,0
2015-05-28,16:20:00,4.41,4.6,4.4,4.6,732,0
2015-05-29,09:40:00,4.22,4.22,4.22,4.22,1,0
2015-05-29,09:45:00,4.1,4.1,4.1,4.1,1,0
2015-05-29,09:50:00,4,4,4,4,1,0
2015-05-29,14:40:00,4.55,4.55,4.55,4.55,10,0
2015-05-29,16:50:00,4,4,4,4,1,0
2015-06-01,09:40:00,4,4,4,4,1,0
2015-06-01,12:55:00,4.01,4.01,4.01,4.01,1,0
2015-06-01,14:25:00,4.4,4.4,4.4,4.4,10,0
2015-06-01,15:35:00,4.4,4.4,4.4,4.4,15,0
2015-06-02,09:35:00,3.8,3.8,3.8,3.8,100,0
2015-06-02,14:05:00,4.18,4.18,4.18,4.18,5,0
2015-06-03,11:40:00,4.37,4.37,4.37,4.37,5,0
2015-06-05,11:50:00,4.1,4.1,4.1,4.1,1,0
2015-06-05,12:05:00,4.1,4.1,4.1,4.1,70,0
2015-06-05,13:20:00,4.11,4.11,4.1,4.1,490,0
2015-06-05,14:45:00,4,4,4,4,5,0
2015-06-05,14:55:00,3.7,3.7,3.7,3.7,1,0
2015-06-05,15:05:00,4,4,4,4,1,0
2015-06-08,09:15:00,4,4,4,4,10,0
2015-06-08,13:40:00,3.8,3.8,3.8,3.8,170,0
2015-06-08,15:35:00,4,4,4,4,100,0
2015-06-09,09:10:00,4,4,4,4,2,0
2015-06-10,09:20:00,4,4,4,4,2,0
2015-06-10,16:30:00,3.7,3.7,3.7,3.7,5,0
2015-06-11,09:10:00,4,4,4,4,2,0
2015-06-11,12:15:00,3.7,3.7,3.7,3.7,5,0
2015-06-15,09:15:00,4.07,4.07,4.07,4.07,10,0
2015-06-15,10:10:00,3.85,3.85,3.85,3.85,50,0
2015-06-19,09:15:00,3.81,3.81,3.73,3.73,1170,0
2015-06-19,09:20:00,3.68,3.68,3.67,3.67,1850,0
2015-06-19,09:50:00,3.45,3.45,3.45,3.45,25,0
2015-06-22,13:40:00,4.4,4.4,4.4,4.4,300,0
2015-06-23,10:00:00,3.41,3.41,3.41,3.41,400,0
2015-06-23,16:50:00,3.5,3.5,3.5,3.5,108,0
2015-06-26,16:20:00,3.67,3.67,3.62,3.62,2569,0
2015-06-26,16:25:00,3.51,3.51,3.5,3.5,376,0
2015-06-29,09:20:00,3.85,3.85,3.85,3.85,2,0
2015-06-30,09:10:00,4.19,4.19,4.19,4.19,1,0
2015-06-30,14:05:00,3.8,3.8,3.8,3.8,10,0
2015-07-01,13:15:00,3.91,3.91,3.91,3.91,3,0
2015-07-01,15:00:00,3.51,3.51,3.51,3.51,200,0
2015-07-01,15:45:00,3.51,3.51,3.51,3.51,100,0
2015-07-01,15:50:00,3.51,3.51,3.51,3.51,275,0
2015-07-07,14:15:00,3.81,3.81,3.81,3.81,2,0
2015-07-07,14:20:00,3.6,3.6,3.43,3.43,410,0
2015-07-07,15:55:00,3.42,3.42,3.42,3.42,100,0
2015-07-07,16:45:00,3.61,3.61,3.61,3.61,1,0
2015-07-08,09:15:00,3.91,3.91,3.91,3.91,2,0
2015-07-09,09:20:00,3.91,3.91,3.91,3.91,2,0
2015-07-10,09:10:00,3.91,3.91,3.91,3.91,2,0
2015-07-13,09:20:00,3.91,3.91,3.91,3.91,3,0
2015-07-14,09:10:00,3.91,3.91,3.91,3.91,2,0
2015-07-15,09:10:00,3.91,3.91,3.91,3.91,3,0
2015-07-15,16:35:00,3.52,3.52,3.52,3.52,10,0
2015-07-17,14:55:00,3.54,3.54,3.54,3.54,3,0
2015-07-22,09:25:00,3.53,3.53,3.53,3.53,3,0
2015-07-22,11:00:00,3.21,3.21,3.21,3.21,20,0
2015-07-22,11:20:00,3.18,3.18,3.18,3.18,10,0
2015-07-22,16:50:00,3.15,3.15,3.15,3.15,401,0
2015-07-23,13:40:00,3.17,3.17,3.17,3.17,5,0
2015-07-24,09:15:00,3.47,3.47,3.47,3.47,2,0
2015-07-24,09:40:00,3.19,3.19,3.19,3.19,10,0
2015-07-24,16:50:00,3.13,3.13,3.13,3.13,10,0
2015-07-28,16:50:00,3.15,3.15,3.15,3.15,560,0
2015-07-31,15:30:00,3.2,3.2,3.2,3.2,125,0
2015-07-31,15:35:00,3.2,3.2,3.19,3.19,8124,0
2015-07-31,15:40:00,3.1,3.1,3.1,3.1,66,0
2015-07-31,16:50:00,3.08,3.08,3.08,3.08,36,0
2015-08-03,09:15:00,3.05,3.05,3.05,3.05,3,0
2015-08-03,09:20:00,3.05,3.05,3,3,300,0
2015-08-04,09:10:00,3.08,3.08,3.08,3.08,6,0
2015-08-04,09:20:00,3,3,3,3,50,0
2015-08-04,09:25:00,3.1,3.1,3.1,3.1,5,0
2015-08-04,09:50:00,3.09,3.09,3.08,3.09,23,0
2015-08-04,10:00:00,3.09,3.09,3.09,3.09,10,0
2015-08-04,12:00:00,3.08,3.08,3.08,3.08,5,0
2015-08-04,15:15:00,3.08,3.1,3.08,3.1,75,0
2015-08-05,09:10:00,3.2,3.2,3.2,3.2,5,0
2015-08-05,09:20:00,3.17,3.18,3.17,3.18,190,0
2015-08-05,09:30:00,3.18,3.18,3.18,3.18,73,0
2015-08-05,10:25:00,3.12,3.15,3.12,3.15,17,0
2015-08-05,10:40:00,3.1,3.1,3.02,3.02,57,0
2015-08-05,11:05:00,3.02,3.02,3.02,3.02,12,0
2015-08-05,12:45:00,3.03,3.03,3.02,3.02,66,0
2015-08-05,12:50:00,3.1,3.1,3.1,3.1,14,0
2015-08-05,12:55:00,3.02,3.02,3,3,2785,0
2015-08-05,14:00:00,2.95,2.95,2.95,2.95,10,0
2015-08-05,15:35:00,2.95,2.95,2.91,2.95,86,0
2015-08-05,15:50:00,3.01,3.01,3.01,3.01,44,0
2015-08-06,09:10:00,3.1,3.1,3,3.1,1008,0
2015-08-06,10:15:00,2.95,2.95,2.95,2.95,10,0
2015-08-06,11:40:00,2.95,2.95,2.95,2.95,33,0
2015-08-06,13:40:00,2.95,2.95,2.89,2.89,17,0
2015-08-06,15:05:00,2.88,2.88,2.88,2.88,100,0
2015-08-06,16:35:00,2.85,2.85,2.8,2.8,635,0
2015-08-06,16:50:00,2.78,2.78,2.78,2.78,150,0
2015-08-07,09:45:00,2.75,2.75,2.75,2.75,100,0
2015-08-07,14:50:00,2.8,2.8,2.8,2.8,3,0
2015-08-07,15:10:00,2.8,2.95,2.8,2.95,20,0
2015-08-07,16:50:00,3.02,3.02,3.02,3.02,10,0
2015-08-10,09:25:00,3.07,3.07,3.07,3.07,2,0
2015-08-10,12:40:00,3.07,3.1,3.07,3.1,90,0
2015-08-10,13:40:00,3.1,3.1,3.1,3.1,300,0
2015-08-10,13:50:00,2.92,2.92,2.91,2.91,25,0
2015-08-10,16:15:00,3.09,3.09,3.09,3.09,10,0
2015-08-11,09:10:00,3.09,3.09,3.09,3.09,2,0
2015-08-11,09:40:00,2.95,3,2.95,3,100,0
2015-08-11,14:35:00,2.96,2.98,2.96,2.98,387,0
2015-08-11,15:15:00,2.89,2.89,2.89,2.89,100,0
2015-08-11,16:45:00,2.88,2.88,2.88,2.88,370,0
2015-08-12,09:10:00,3,3,3,3,6,0
2015-08-12,09:25:00,3,3,3,3,100,0
2015-08-12,09:45:00,2.96,2.96,2.96,2.96,15,0
2015-08-12,10:40:00,2.85,2.85,2.85,2.85,5,0
2015-08-12,11:30:00,2.85,2.85,2.85,2.85,5,0
2015-08-12,13:15:00,2.81,2.81,2.8,2.8,2750,0
2015-08-12,14:45:00,2.75,2.75,2.75,2.75,12,0
2015-08-12,16:35:00,2.71,2.71,2.7,2.7,900,0
2015-08-13,09:15:00,2.8,2.8,2.8,2.8,200,0
2015-08-13,10:45:00,2.7,2.7,2.7,2.7,20,0
2015-08-13,11:25:00,2.7,2.7,2.7,2.7,10,0
2015-08-13,11:45:00,2.7,2.7,2.7,2.7,1000,0
2015-08-13,14:35:00,2.65,2.65,2.6,2.6,1185,0
2015-08-13,16:50:00,2.55,2.55,2.53,2.53,50,0
2015-08-14,09:15:00,2.6,2.6,2.6,2.6,3,0
2015-08-14,09:30:00,2.6,2.65,2.6,2.61,32,0
2015-08-17,09:15:00,2.65,2.65,2.65,2.65,2,0
2015-08-17,09:30:00,2.5,2.5,2.46,2.46,50,0
2015-08-17,10:55:00,2.45,2.45,2.45,2.45,20,0
2015-08-17,11:05:00,2.4,2.4,2.4,2.4,290,0
2015-08-17,11:15:00,2.39,2.39,2.39,2.39,790,0
2015-08-17,14:55:00,2.5,2.5,2.5,2.5,7,0
2015-08-17,16:50:00,2.45,2.45,2.45,2.45,30,0
2015-08-18,09:10:00,2.5,2.5,2.5,2.5,5,0
2015-08-18,09:25:00,2.43,2.44,2.43,2.44,44,0
2015-08-18,10:25:00,2.43,2.43,2.43,2.43,5,0
2015-08-18,14:10:00,2.42,2.42,2.42,2.42,7,0
2015-08-18,15:00:00,2.42,2.42,2.42,2.42,12,0
2015-08-18,15:45:00,2.42,2.42,2.42,2.42,10,0
2015-08-18,16:50:00,2.42,2.42,2.39,2.39,51,0
2015-08-19,09:10:00,2.53,2.53,2.53,2.53,6,0
2015-08-19,10:20:00,2.38,2.38,2.37,2.37,50,0
2015-08-19,10:40:00,2.35,2.35,2.35,2.35,50,0
2015-08-19,12:05:00,2.36,2.36,2.36,2.36,5,0
2015-08-19,16:30:00,2.32,2.32,2.3,2.3,2655,0
2015-08-19,16:50:00,2.3,2.41,2.3,2.41,41,0
2015-08-20,09:15:00,2.45,2.5,2.45,2.5,103,0
2015-08-20,10:20:00,2.4,2.41,2.4,2.41,25,0
2015-08-20,10:25:00,2.41,2.43,2.41,2.43,20,0
2015-08-20,10:40:00,2.4,2.42,2.4,2.42,25,0
2015-08-20,10:45:00,2.42,2.43,2.42,2.43,10,0
2015-08-20,16:35:00,2.35,2.35,2.35,2.35,3,0
2015-08-21,09:10:00,2.5,2.5,2.5,2.5,6,0
2015-08-21,09:50:00,2.38,2.4,2.38,2.4,25,0
2015-08-24,09:15:00,2.5,2.5,2.5,2.5,5,0
2015-08-24,11:25:00,2.36,2.36,2.36,2.36,5,0
2015-08-24,16:45:00,2.35,2.35,2.25,2.25,473,0
2015-08-24,16:50:00,2.5,2.5,2.5,2.5,1,0
2015-08-25,09:10:00,2.5,2.5,2.5,2.5,1,0
2015-08-26,09:10:00,2.35,2.35,2.35,2.35,2,0
2015-08-26,09:40:00,2.3,2.3,2.3,2.3,10,0
2015-08-26,13:40:00,2.21,2.21,2.21,2.21,120,0
2015-08-26,16:30:00,2.3,2.35,2.3,2.35,27,0
2015-08-27,09:10:00,2.35,2.35,2.35,2.35,3,0
2015-08-27,11:45:00,2.3,2.3,2.29,2.29,17,0
2015-08-27,13:20:00,2.29,2.29,2.29,2.29,10,0
2015-08-27,13:30:00,2.2,2.29,2.2,2.29,23,0
2015-08-27,14:05:00,2.2,2.2,2.2,2.2,3,0
2015-08-27,14:20:00,2.2,2.2,2.2,2.2,8,0
2015-08-27,15:05:00,2.2,2.2,2.2,2.2,8,0
2015-08-28,10:20:00,2.28,2.28,2.28,2.28,3,0
2015-08-28,14:05:00,2.2,2.2,2.07,2.07,7478,0
2015-08-28,14:20:00,2.18,2.18,2.18,2.18,1000,0
2015-08-31,09:10:00,2.18,2.18,2.18,2.18,1,0
2015-08-31,09:15:00,2.18,2.18,2.18,2.18,5,0
2015-08-31,09:35:00,2.16,2.16,2.16,2.16,7,0
2015-08-31,11:45:00,2.15,2.15,2.15,2.15,13,0
2015-08-31,15:25:00,2.17,2.17,2.17,2.17,3,0
2015-09-01,09:10:00,2.17,2.17,2.17,2.17,2,0
2015-09-01,10:55:00,2.11,2.11,2.11,2.11,42,0
2015-09-02,09:05:00,2,2,2,2,20,0
2015-09-02,09:25:00,2,2,2,2,25,0
2015-09-02,09:30:00,2,2,2,2,10,0
2015-09-02,15:25:00,2,2,2,2,5,0
2015-09-03,09:05:00,1.91,1.91,1.91,1.91,10,0
2015-09-03,09:25:00,1.9,1.91,1.9,1.91,52,0
2015-09-03,09:50:00,1.91,1.91,1.91,1.91,15,0
2015-09-03,10:15:00,1.91,1.91,1.91,1.91,7,0
2015-09-03,10:25:00,1.91,1.95,1.91,1.95,27,0
2015-09-03,11:30:00,1.8,1.8,1.8,1.8,22,0
2015-09-03,16:50:00,1.95,1.95,1.95,1.95,5,0
2015-09-04,09:20:00,2,2,2,2,5,0
2015-09-04,09:25:00,2,2,1.99,1.99,20,0
2015-09-07,09:05:00,2,2,2,2,6,0
2015-09-07,09:50:00,1.94,1.94,1.94,1.94,8,0
2015-09-07,11:10:00,1.94,1.94,1.94,1.94,8,0
2015-09-07,11:45:00,1.94,1.94,1.94,1.94,10,0
2015-09-07,15:25:00,1.93,1.93,1.93,1.93,11000,0
2015-09-08,09:05:00,1.93,1.93,1.93,1.93,2,0
2015-09-08,09:10:00,1.93,1.93,1.93,1.93,5,0
2015-09-08,09:25:00,1.93,1.93,1.93,1.93,13,0
2015-09-08,09:30:00,1.93,1.93,1.93,1.93,5,0
2015-09-08,10:00:00,1.8,1.8,1.8,1.8,10,0
2015-09-08,10:25:00,1.92,1.92,1.92,1.92,2,0
2015-09-08,12:35:00,1.8,1.8,1.8,1.8,6,0
2015-09-08,12:40:00,1.92,1.92,1.92,1.92,2,0
2015-09-08,14:50:00,1.85,1.85,1.85,1.85,5,0
2015-09-09,09:30:00,1.93,1.93,1.93,1.93,1,0
2015-09-09,10:15:00,1.89,1.9,1.89,1.9,17,0
2015-09-09,14:15:00,1.85,1.85,1.85,1.85,5,0
2015-09-09,14:20:00,1.85,1.85,1.85,1.85,1,0
2015-09-09,15:25:00,1.8,1.8,1.74,1.74,5500,0
2015-09-09,15:30:00,1.89,1.89,1.88,1.88,150,0
2015-09-10,09:10:00,1.88,1.88,1.88,1.88,3,0
2015-09-10,15:20:00,1.88,1.88,1.88,1.88,16,0
2015-09-10,16:50:00,1.89,1.89,1.89,1.89,1,0
2015-09-11,09:05:00,1.89,1.89,1.89,1.89,1,0
2015-09-11,11:45:00,1.87,1.87,1.86,1.86,205,0
2015-09-14,09:05:00,1.86,1.86,1.86,1.86,680,0
2015-09-14,09:10:00,1.86,1.86,1.86,1.86,106,0
2015-09-14,09:15:00,1.86,1.86,1.86,1.86,3214,0
2015-09-14,14:55:00,1.89,1.89,1.89,1.89,1,0
2015-09-15,09:10:00,1.89,1.89,1.89,1.89,1,0
2015-09-15,11:15:00,1.88,1.88,1.88,1.88,23,0
2015-09-15,13:05:00,1.88,1.88,1.88,1.88,8,0
2015-09-15,14:15:00,1.8,1.8,1.8,1.8,12,0
2015-09-15,15:05:00,1.88,1.88,1.88,1.88,2,0
2015-09-15,15:15:00,1.8,1.8,1.8,1.8,5,0
2015-09-15,15:55:00,1.88,1.88,1.88,1.88,2,0
2015-09-15,16:00:00,1.8,1.88,1.8,1.88,6,0
2015-09-15,16:50:00,1.92,1.92,1.92,1.92,1,0
2015-09-16,09:10:00,1.92,1.92,1.92,1.92,1,0
2015-09-16,10:45:00,1.87,1.87,1.8,1.8,30,0
2015-09-16,12:40:00,1.86,1.86,1.86,1.86,2,0
2015-09-17,09:10:00,1.92,1.92,1.92,1.92,1,0
2015-09-17,10:30:00,1.92,1.95,1.92,1.95,2943,0
2015-09-17,10:35:00,1.96,1.96,1.96,1.96,100,0
2015-09-17,10:50:00,1.95,1.95,1.95,1.95,20,0
2015-09-17,10:55:00,1.95,1.95,1.95,1.95,1500,0
2015-09-17,11:55:00,1.95,1.95,1.95,1.95,40,0
2015-09-17,12:45:00,2,2,2,2,1,0
2015-09-17,14:10:00,1.9,1.9,1.9,1.9,100,0
2015-09-18,09:05:00,2,2,2,2,1,0
2015-09-18,10:40:00,1.97,1.97,1.97,1.97,36,0
2015-09-18,13:35:00,1.97,1.97,1.97,1.97,22,0
2015-09-18,13:40:00,1.97,1.97,1.97,1.97,4,0
2015-09-18,14:50:00,1.97,1.97,1.97,1.97,6,0
2015-09-21,09:05:00,1.97,1.97,1.97,1.97,21,0
2015-09-21,09:25:00,1.97,1.97,1.97,1.97,4,0
2015-09-21,10:30:00,1.96,1.96,1.96,1.96,7,0
2015-09-21,11:25:00,1.96,1.96,1.96,1.96,10,0
2015-09-21,15:10:00,1.96,1.96,1.96,1.96,12,0
2015-09-21,15:50:00,1.96,1.97,1.96,1.97,100,0
2015-09-22,09:10:00,1.97,1.97,1.97,1.97,7,0
2015-09-22,09:40:00,1.97,1.97,1.97,1.97,5,0
2015-09-22,10:15:00,1.97,1.97,1.97,1.97,15,0
2015-09-22,10:45:00,1.97,1.97,1.97,1.97,10,0
2015-09-22,12:10:00,1.97,1.97,1.97,1.97,2,0
2015-09-22,12:15:00,1.97,1.98,1.97,1.98,8,0
2015-09-22,14:00:00,1.98,1.98,1.98,1.98,5,0
2015-09-22,15:20:00,1.98,1.98,1.98,1.98,23,0
2015-09-23,09:35:00,2,2,2,2,2,0
2015-09-23,09:50:00,2,2.02,2,2.02,100,0
2015-09-23,10:35:00,2.02,2.02,2.02,2.02,14,0
2015-09-23,11:05:00,2.02,2.02,2.02,2.02,23,0
2015-09-23,12:20:00,2.02,2.02,2.02,2.02,5,0
2015-09-23,12:25:00,2.02,2.02,2.02,2.02,4,0
2015-09-24,09:10:00,2.1,2.1,2.1,2.1,3,0
2015-09-24,09:40:00,2.07,2.07,2.07,2.07,20,0
2015-09-24,10:25:00,2.07,2.07,2.07,2.07,100,0
2015-09-24,11:50:00,2.07,2.07,2.07,2.07,5,0
2015-09-24,14:15:00,2.07,2.07,2.07,2.07,95,0
2015-09-24,14:30:00,2.05,2.05,2.05,2.05,7000,0
2015-09-24,14:45:00,2.07,2.07,2.07,2.07,4,0
2015-09-24,16:35:00,2.05,2.05,2.05,2.05,7000,0
2015-09-25,09:05:00,2.11,2.15,2.11,2.15,197,0
2015-09-25,09:25:00,2.2,2.2,2.2,2.2,2,0
2015-09-25,10:20:00,2.19,2.19,2.19,2.19,60,0
2015-09-25,10:25:00,2.19,2.19,2.19,2.19,20,0
2015-09-25,10:30:00,2.19,2.25,2.19,2.25,1823,0
2015-09-25,12:25:00,2.22,2.3,2.22,2.3,1000,0
2015-09-25,13:25:00,2.3,2.3,2.3,2.3,100,0
2015-09-25,15:05:00,2.3,2.3,2.3,2.3,320,0
2015-09-25,15:15:00,2.3,2.3,2.3,2.3,93,0
2015-09-25,15:55:00,2.32,2.32,2.32,2.32,27,0
2015-09-28,09:05:00,2.32,2.32,2.32,2.32,110,0
2015-09-28,09:10:00,2.32,2.32,2.32,2.32,40,0
2015-09-28,09:25:00,2.32,2.32,2.32,2.32,170,0
2015-09-28,11:30:00,2.32,2.32,2.32,2.32,10,0
2015-09-28,12:50:00,2.32,2.32,2.32,2.32,10,0
2015-09-28,14:15:00,2.32,2.37,2.32,2.37,80,0
2015-09-28,14:20:00,2.34,2.34,2.3,2.3,2926,0
2015-09-28,14:45:00,2.25,2.25,2.25,2.25,50,0
2015-09-28,16:50:00,2.25,2.25,2.25,2.25,442,0
2015-09-29,09:05:00,2.25,2.25,2.25,2.25,10,0
2015-09-29,09:25:00,2.25,2.25,2.25,2.25,30,0
2015-09-29,09:30:00,2.25,2.25,2.25,2.25,30,0
2015-09-29,14:35:00,2.2,2.2,2.13,2.13,4244,0
2015-09-29,16:25:00,2.05,2.05,2.05,2.05,10000,0
2015-09-30,09:30:00,2.1,2.1,2.1,2.1,2,0
2015-09-30,09:40:00,2,2.1,2,2.1,502,0
2015-09-30,09:45:00,2.05,2.05,2.05,2.05,19,0
2015-10-01,09:30:00,2.04,2.04,2.04,2.04,2,0
2015-10-01,09:35:00,2.04,2.04,2.04,2.04,13,0
2015-10-01,09:40:00,2.04,2.04,2.04,2.04,5,0
2015-10-01,12:35:00,2.04,2.04,2.04,2.04,7,0
2015-10-02,10:15:00,2.03,2.03,2.03,2.03,4,0
2015-10-02,10:20:00,2.03,2.03,2.03,2.03,2,0
2015-10-02,10:30:00,2.03,2.03,2.03,2.03,5,0
2015-10-02,10:35:00,2.03,2.03,2.03,2.03,11,0
2015-10-02,13:05:00,1.95,1.95,1.85,1.85,4122,0
2015-10-02,13:10:00,2,2,2,2,100,0
2015-10-05,09:25:00,2,2,2,2,2,0
2015-10-05,10:05:00,2,2,2,2,8,0
2015-10-05,10:10:00,2,2,2,2,22,0
2015-10-06,09:05:00,2,2,2,2,5,0
2015-10-06,10:05:00,1.92,1.92,1.92,1.92,38,0
2015-10-06,10:10:00,1.92,1.94,1.92,1.94,3859,0
2015-10-06,10:40:00,2,2,2,2,30,0
2015-10-06,13:35:00,1.95,1.95,1.95,1.95,3845,0
2015-10-06,14:45:00,1.94,1.94,1.8,1.8,10178,0
2015-10-06,14:50:00,1.95,1.95,1.95,1.95,18,0
2015-10-07,09:05:00,1.93,1.93,1.93,1.93,100,0
2015-10-07,09:25:00,1.93,1.93,1.93,1.93,314,0
2015-10-07,09:50:00,1.9,1.9,1.9,1.9,5,0
2015-10-07,14:25:00,1.8,1.9,1.79,1.9,638,0
2015-10-07,15:00:00,1.9,1.9,1.9,1.9,110,0
2015-10-07,16:15:00,1.94,2,1.94,2,895,0
2015-10-08,09:30:00,1.92,1.92,1.92,1.92,15,0
2015-10-08,09:45:00,1.92,1.92,1.92,1.92,13,0
2015-10-08,13:25:00,1.93,1.93,1.93,1.93,15,0
2015-10-08,14:05:00,1.95,1.95,1.94,1.94,2469,0
2015-10-08,16:35:00,1.94,1.94,1.94,1.94,286,0
2015-10-09,10:10:00,1.95,1.95,1.95,1.95,2,0
2015-10-09,11:40:00,1.95,1.95,1.95,1.95,7,0
2015-10-09,12:05:00,1.95,1.95,1.95,1.95,17,0
2015-10-09,13:45:00,1.89,1.89,1.89,1.89,151,0
2015-10-09,15:25:00,1.89,1.89,1.78,1.83,4065,0
2015-10-12,09:20:00,1.75,1.75,1.75,1.75,148,0
2015-10-12,10:30:00,1.75,1.77,1.75,1.77,610,0
2015-10-12,16:15:00,1.71,1.71,1.68,1.68,5987,0
2015-10-12,16:50:00,1.8,1.8,1.8,1.8,252,0
2015-10-13,09:20:00,1.74,1.74,1.74,1.74,10,0
2015-10-13,10:10:00,1.74,1.74,1.74,1.74,30,0
2015-10-13,16:45:00,1.74,1.74,1.74,1.74,40,0
2015-10-14,09:10:00,1.8,1.8,1.8,1.8,5,0
2015-10-14,10:20:00,1.68,1.68,1.68,1.68,2,0
2015-10-14,11:50:00,1.62,1.62,1.62,1.62,257,0
2015-10-14,16:45:00,1.62,1.62,1.62,1.62,229,0
2015-10-15,09:15:00,1.62,1.62,1.62,1.62,182,0
2015-10-15,09:30:00,1.65,1.65,1.65,1.65,10,0
2015-10-15,09:50:00,1.62,1.62,1.62,1.62,20,0
2015-10-15,09:55:00,1.65,1.65,1.65,1.65,6,0
2015-10-15,11:15:00,1.62,1.62,1.62,1.62,3,0
2015-10-15,11:45:00,1.62,1.62,1.62,1.62,6,0
2015-10-15,13:10:00,1.62,1.62,1.62,1.62,289,0
2015-10-16,09:20:00,1.7,1.7,1.7,1.7,3,0
2015-10-16,09:35:00,1.62,1.62,1.62,1.62,20,0
2015-10-16,09:40:00,1.62,1.62,1.62,1.62,20,0
2015-10-16,10:05:00,1.6,1.6,1.6,1.6,20,0
2015-10-16,11:25:00,1.62,1.62,1.62,1.62,12,0
2015-10-16,16:30:00,1.62,1.63,1.6,1.6,305,0
2015-10-19,09:10:00,1.58,1.58,1.56,1.56,1000,0
2015-10-19,09:45:00,1.56,1.56,1.56,1.56,80,0
2015-10-19,11:10:00,1.55,1.55,1.55,1.55,50,0
2015-10-19,12:10:00,1.54,1.54,1.54,1.54,21,0
2015-10-19,13:10:00,1.54,1.54,1.54,1.54,34,0
2015-10-19,14:25:00,1.54,1.54,1.54,1.54,31,0
2015-10-19,14:55:00,1.54,1.54,1.52,1.52,114,0
2015-10-19,15:40:00,1.5,1.5,1.5,1.5,286,0
2015-10-20,09:10:00,1.48,1.48,1.48,1.48,886,0
2015-10-20,09:30:00,1.6,1.6,1.6,1.6,1,0
2015-10-20,10:10:00,1.52,1.52,1.52,1.52,7,0
2015-10-20,10:55:00,1.49,1.49,1.49,1.49,41,0
2015-10-20,11:05:00,1.49,1.49,1.49,1.49,959,0
2015-10-20,11:35:00,1.51,1.51,1.51,1.51,20,0
2015-10-20,12:00:00,1.51,1.51,1.51,1.51,10,0
2015-10-20,12:55:00,1.5,1.5,1.5,1.5,6,0
2015-10-20,16:50:00,1.49,1.49,1.49,1.49,694,0
2015-10-21,09:30:00,1.58,1.58,1.58,1.58,30,0
2015-10-21,16:15:00,1.54,1.54,1.54,1.54,27,0
2015-10-22,09:10:00,1.57,1.57,1.57,1.57,2,0
2015-10-22,10:25:00,1.54,1.54,1.54,1.54,26,0
2015-10-22,14:20:00,1.54,1.54,1.54,1.54,10,0
2015-10-22,14:25:00,1.5,1.53,1.5,1.53,27,0
2015-10-22,14:30:00,1.53,1.53,1.53,1.53,5,0
2015-10-22,16:25:00,1.51,1.51,1.51,1.51,30,0
2015-10-22,16:50:00,1.65,1.65,1.65,1.65,1,0
2015-10-23,09:05:00,1.65,1.65,1.65,1.65,10,0
2015-10-23,09:10:00,1.65,1.65,1.65,1.65,1,0
2015-10-23,09:45:00,1.63,1.63,1.63,1.63,5,0
2015-10-23,11:20:00,1.6,1.6,1.6,1.6,11,0
2015-10-23,14:10:00,1.6,1.6,1.6,1.6,89,0
2015-10-23,14:30:00,1.63,1.65,1.63,1.65,1000,0
2015-10-23,14:45:00,1.65,1.65,1.65,1.65,563,0
2015-10-23,14:50:00,1.67,1.72,1.67,1.72,6120,0
2015-10-23,14:55:00,1.68,1.72,1.68,1.68,126,0
2015-10-23,15:00:00,1.69,1.69,1.69,1.69,12,0
2015-10-23,15:10:00,1.73,1.77,1.73,1.77,700,0
2015-10-23,15:35:00,1.71,1.77,1.7,1.77,4656,0
2015-10-23,15:45:00,1.68,1.68,1.68,1.68,5,0
2015-10-23,16:30:00,1.75,1.78,1.75,1.78,700,0
2015-10-23,16:35:00,1.78,1.78,1.78,1.78,1525,0
2015-10-23,16:50:00,1.77,1.77,1.77,1.77,150,0
2015-10-26,09:15:00,1.8,1.8,1.8,1.8,8,0
2015-10-26,09:30:00,1.8,1.8,1.8,1.8,67,0
2015-10-26,12:50:00,1.85,1.85,1.85,1.85,27,0
2015-10-26,15:35:00,1.85,1.85,1.85,1.85,19,0
2015-10-26,16:30:00,1.85,1.97,1.85,1.97,7310,0
2015-10-27,09:10:00,2.02,2.02,2.02,2.02,2,0
2015-10-27,10:35:00,2.02,2.02,2.02,2.02,23,0
2015-10-27,10:40:00,2.02,2.02,2.02,2.02,12,0
2015-10-27,13:35:00,2.02,2.02,2.02,2.02,5,0
2015-10-28,09:05:00,2.02,2.02,2.02,2.02,2,0
2015-10-28,09:10:00,2.02,2.02,2.02,2.02,2,0
2015-10-28,10:20:00,2.02,2.02,2.02,2.02,26,0
2015-10-28,10:30:00,2.02,2.02,2.02,2.02,1000,0
2015-10-28,13:25:00,2.02,2.02,2.02,2.02,10,0
2015-10-28,13:40:00,2.02,2.06,2.02,2.06,451,0
2015-10-28,13:45:00,2.06,2.06,2.06,2.06,100,0
2015-10-28,13:50:00,2.06,2.09,2,2.09,4855,0
2015-10-28,14:40:00,1.97,1.97,1.94,1.94,1210,0
2015-10-28,15:35:00,2.03,2.03,2.03,2.03,1,0
2015-10-29,09:10:00,2.03,2.03,2.03,2.03,5,0
2015-10-29,16:50:00,2.02,2.02,2.02,2.02,23,0
2015-10-30,09:10:00,2.02,2.02,1.98,1.98,1208,0
2015-10-30,09:30:00,2.02,2.02,2.02,2.02,5,0
2015-10-30,16:10:00,1.96,1.96,1.96,1.96,780,0
2015-10-30,16:15:00,2,2,2,2,1,0
2015-11-02,09:55:00,2,2,2,2,9,0
2015-11-02,10:20:00,1.9,1.9,1.89,1.89,1600,0
2015-11-02,10:25:00,1.84,1.84,1.84,1.84,270,0
2015-11-02,10:30:00,1.82,1.82,1.8,1.8,5491,0
2015-11-02,10:35:00,1.95,1.95,1.95,1.95,2,0
2015-11-02,15:30:00,1.83,1.95,1.83,1.95,385,0
2015-11-03,09:20:00,1.95,1.95,1.95,1.95,1,0
2015-11-03,10:10:00,1.94,1.94,1.94,1.94,24,0
2015-11-04,09:40:00,1.94,1.94,1.94,1.94,7,0
2015-11-04,10:50:00,1.94,1.94,1.94,1.94,21,0
2015-11-05,09:20:00,1.94,1.94,1.94,1.94,2,0
2015-11-05,10:20:00,1.87,1.87,1.87,1.87,1000,0
2015-11-09,11:35:00,1.87,1.87,1.84,1.84,250,0
2015-11-12,16:15:00,1.83,1.83,1.75,1.75,7070,0
2015-11-13,11:20:00,1.74,1.74,1.74,1.74,75,0
2015-11-16,12:40:00,1.8,1.85,1.8,1.85,4390,0
2015-11-16,15:00:00,1.85,1.88,1.78,1.88,4864,0
2015-11-17,15:55:00,1.9,1.93,1.9,1.93,150,0
2015-11-17,16:50:00,2.06,2.06,2.06,2.06,200,0
2015-11-19,09:25:00,2.06,2.06,2.06,2.06,7,0
2015-11-19,10:00:00,2.06,2.06,2.06,2.06,7,0
2015-11-19,10:10:00,2.06,2.06,2.06,2.06,14,0
2015-11-19,15:10:00,1.95,1.95,1.9,1.9,4050,0
2015-11-20,15:55:00,1.93,1.93,1.93,1.93,100,0
2015-11-23,14:00:00,1.94,1.95,1.94,1.95,46600,0
2015-11-23,16:50:00,1.95,1.95,1.95,1.95,130,0
2015-11-24,15:50:00,1.95,1.95,1.95,1.95,10,0
2015-11-24,16:00:00,1.95,1.95,1.95,1.95,90,0
2015-11-26,13:30:00,1.95,1.95,1.89,1.89,1001,0
2015-11-30,09:40:00,1.85,1.85,1.84,1.84,775,0
2015-11-30,11:30:00,1.9,1.9,1.9,1.9,100,0
2015-12-01,12:15:00,1.81,1.81,1.8,1.8,830,0
2015-12-01,12:20:00,1.78,1.78,1.78,1.78,4250,0
2015-12-01,12:35:00,1.85,1.85,1.85,1.85,10,0
2015-12-01,14:35:00,1.85,1.85,1.85,1.85,390,0
2015-12-03,10:40:00,1.9,1.9,1.9,1.9,100,0
2015-12-03,15:15:00,1.78,1.78,1.78,1.78,50,0
2015-12-03,16:50:00,1.9,1.9,1.9,1.9,50,0
