2016-03-07,10:00:00,10.98,10.98,10.98,10.98,14,0
2016-03-07,12:45:00,10.79,10.79,10.79,10.79,1006,0
2016-03-08,09:20:00,10.77,10.77,10.77,10.77,131,0
2016-03-08,15:55:00,10.85,10.85,10.85,10.85,100,0
2016-03-09,09:05:00,10.75,10.75,10.75,10.75,490,0
2016-03-09,09:10:00,10.75,10.85,10.75,10.85,143,0
2016-03-09,11:55:00,10.64,10.64,10.61,10.61,1641,0
2016-03-09,12:10:00,10.79,10.79,10.79,10.79,80,0
2016-03-09,13:30:00,10.63,10.63,10.63,10.63,9,0
2016-03-09,15:25:00,10.71,10.71,10.71,10.71,140,0
2016-03-09,16:00:00,10.79,10.85,10.79,10.85,3330,0
2016-03-09,16:35:00,10.84,10.85,10.84,10.85,3000,0
2016-03-09,16:50:00,10.85,10.85,10.85,10.85,161,0
2016-03-10,10:55:00,10.67,10.67,10.67,10.67,110,0
2016-03-10,11:05:00,10.8,10.8,10.8,10.8,700,0
2016-03-10,11:15:00,10.68,10.68,10.68,10.68,150,0
2016-03-10,11:45:00,10.77,10.8,10.69,10.8,3287,0
2016-03-10,11:50:00,10.8,10.8,10.8,10.8,753,0
2016-03-10,13:00:00,10.75,10.75,10.72,10.72,450,0
2016-03-10,13:10:00,10.72,10.72,10.72,10.72,100,0
2016-03-10,13:20:00,10.74,10.74,10.74,10.74,700,0
2016-03-10,14:25:00,10.73,10.75,10.73,10.75,1516,0
2016-03-10,15:40:00,10.72,10.72,10.72,10.72,1180,0
2016-03-10,16:10:00,10.74,10.74,10.74,10.74,590,0
2016-03-10,16:50:00,10.85,10.85,10.85,10.85,5,0
2016-03-11,09:05:00,10.95,10.95,10.95,10.95,1,0
2016-03-11,15:55:00,10.8,10.91,10.8,10.91,91,0
2016-03-11,16:50:00,10.91,10.91,10.91,10.91,238,0
2016-03-14,10:05:00,10.91,10.91,10.91,10.91,55,0
2016-03-14,12:40:00,10.79,10.79,10.79,10.79,1,0
2016-03-14,13:10:00,10.85,10.85,10.85,10.85,370,0
2016-03-14,16:30:00,10.79,10.79,10.79,10.79,99,0
2016-03-14,16:35:00,10.79,10.79,10.79,10.79,51,0
2016-03-14,16:50:00,10.91,10.91,10.91,10.91,1,0
2016-03-15,11:25:00,10.78,10.78,10.77,10.77,150,0
2016-03-15,12:00:00,10.77,10.77,10.77,10.77,5,0
2016-03-15,13:25:00,10.78,10.78,10.77,10.77,200,0
2016-03-15,13:50:00,10.9,10.92,10.9,10.92,5608,0
2016-03-15,16:25:00,10.92,10.92,10.92,10.92,2000,0
2016-03-15,16:50:00,10.92,10.92,10.92,10.92,200,0
2016-03-16,09:05:00,10.92,10.92,10.92,10.92,1000,0
2016-03-16,09:10:00,10.92,10.92,10.92,10.92,500,0
2016-03-16,10:00:00,10.92,10.92,10.92,10.92,29,0
2016-03-16,10:05:00,10.92,10.92,10.92,10.92,340,0
2016-03-16,10:45:00,10.92,10.92,10.92,10.92,20,0
2016-03-16,11:15:00,10.92,10.92,10.92,10.92,181,0
2016-03-16,11:30:00,10.92,10.92,10.92,10.92,122,0
2016-03-16,11:35:00,10.92,10.92,10.92,10.92,18,0
2016-03-16,12:15:00,10.92,10.92,10.92,10.92,60,0
2016-03-16,12:25:00,10.95,10.96,10.95,10.96,550,0
2016-03-16,14:00:00,10.95,10.95,10.95,10.95,182,0
2016-03-16,15:50:00,10.82,10.82,10.82,10.82,500,0
2016-03-16,16:00:00,10.82,10.82,10.82,10.82,118,0
2016-03-16,16:50:00,10.82,10.82,10.82,10.82,195,0
2016-03-17,11:45:00,10.81,10.81,10.81,10.81,35,0
2016-03-17,12:55:00,10.81,10.81,10.81,10.81,33,0
2016-03-17,14:50:00,10.9,10.9,10.9,10.9,100,0
2016-03-17,15:40:00,10.81,10.81,10.81,10.81,24,0
2016-03-18,09:55:00,10.85,10.85,10.85,10.85,90,0
2016-03-18,13:20:00,10.74,10.74,10.74,10.74,130,0
2016-03-18,13:25:00,10.75,10.75,10.75,10.75,687,0
2016-03-18,15:50:00,10.76,10.76,10.76,10.76,238,0
2016-03-18,16:10:00,10.89,10.89,10.89,10.89,550,0
2016-03-18,16:15:00,10.9,10.9,10.9,10.9,500,0
2016-03-21,15:05:00,10.76,10.76,10.75,10.75,2375,0
2016-03-21,16:50:00,10.75,10.89,10.75,10.89,724,0
2016-03-22,10:35:00,10.84,10.84,10.84,10.84,150,0
2016-03-22,11:05:00,10.84,10.84,10.84,10.84,185,0
2016-03-22,11:10:00,10.84,10.84,10.84,10.84,150,0
2016-03-22,11:20:00,10.75,10.75,10.75,10.75,350,0
2016-03-22,11:40:00,10.84,10.84,10.84,10.84,147,0
2016-03-22,13:00:00,10.84,10.85,10.84,10.85,150,0
2016-03-22,14:30:00,10.76,10.8,10.75,10.8,852,0
2016-03-22,15:20:00,10.89,10.9,10.89,10.9,150,0
2016-03-22,15:50:00,10.79,10.79,10.79,10.79,9,0
2016-03-22,16:05:00,10.9,10.9,10.9,10.9,950,0
2016-03-23,11:05:00,10.9,10.9,10.9,10.9,1300,0
2016-03-23,12:25:00,10.79,10.79,10.79,10.79,10,0
2016-03-23,15:25:00,10.63,10.79,10.63,10.79,1105,0
2016-03-23,15:35:00,10.7,10.7,10.7,10.7,700,0
2016-03-23,16:05:00,10.79,10.8,10.79,10.8,2158,0
2016-03-23,16:45:00,10.72,10.72,10.72,10.72,69,0
2016-03-24,09:10:00,10.75,10.75,10.75,10.75,600,0
2016-03-24,09:55:00,10.75,10.75,10.75,10.75,669,0
2016-03-24,10:00:00,10.75,10.8,10.75,10.8,1100,0
2016-03-24,10:30:00,10.8,10.8,10.8,10.8,120,0
2016-03-24,11:05:00,10.8,10.8,10.63,10.63,5928,0
2016-03-24,11:10:00,10.63,10.63,10.63,10.63,122,0
2016-03-24,12:05:00,10.63,10.63,10.63,10.63,100,0
2016-03-24,13:30:00,10.63,10.63,10.63,10.63,2400,0
2016-03-24,13:45:00,10.63,10.63,10.63,10.63,530,0
2016-03-24,15:20:00,10.63,10.63,10.63,10.63,1000,0
2016-03-24,15:25:00,10.63,10.63,10.63,10.63,500,0
2016-03-24,16:35:00,10.63,10.63,10.63,10.63,2423,0
2016-03-29,09:05:00,10.56,10.56,10.56,10.56,90,0
2016-03-29,09:20:00,10.59,10.63,10.59,10.62,1180,0
2016-03-29,09:50:00,10.6,10.6,10.6,10.6,520,0
2016-03-29,10:40:00,10.62,10.63,10.62,10.63,1300,0
2016-03-29,11:20:00,10.57,10.57,10.57,10.57,2000,0
2016-03-29,12:50:00,10.63,10.63,10.63,10.63,500,0
2016-03-29,15:15:00,10.63,10.63,10.63,10.63,789,0
2016-03-30,09:05:00,10.62,10.62,10.62,10.62,91,0
2016-03-30,09:50:00,10.63,10.63,10.63,10.63,1,0
2016-03-30,10:25:00,10.63,10.63,10.63,10.63,100,0
2016-03-30,14:25:00,10.63,10.63,10.63,10.63,200,0
2016-03-30,16:50:00,10.7,10.7,10.7,10.7,300,0
2016-03-31,10:55:00,10.64,10.64,10.64,10.64,500,0
2016-03-31,14:20:00,10.64,10.64,10.64,10.64,61,0
2016-03-31,14:35:00,10.69,10.69,10.69,10.69,53,0
2016-03-31,14:40:00,10.69,10.69,10.69,10.69,14,0
2016-03-31,15:05:00,10.69,10.69,10.69,10.69,149,0
2016-03-31,15:50:00,10.64,10.65,10.64,10.65,594,0
2016-03-31,16:50:00,10.63,10.63,10.63,10.63,330,0
2016-04-01,09:05:00,10.62,10.62,10.62,10.62,50,0
2016-04-01,09:35:00,10.63,10.63,10.63,10.63,35,0
2016-04-01,11:40:00,10.64,10.64,10.64,10.64,399,0
2016-04-01,11:45:00,10.63,10.63,10.63,10.63,165,0
2016-04-01,13:10:00,10.61,10.61,10.61,10.61,6,0
2016-04-01,13:55:00,10.61,10.61,10.61,10.61,153,0
2016-04-01,14:30:00,10.61,10.61,10.61,10.61,100,0
2016-04-01,14:45:00,10.61,10.61,10.61,10.61,100,0
2016-04-01,16:50:00,10.65,10.65,10.65,10.65,408,0
2016-04-04,11:45:00,10.63,10.63,10.63,10.63,200,0
2016-04-04,12:30:00,10.63,10.63,10.63,10.63,37,0
2016-04-04,14:35:00,10.7,10.7,10.7,10.7,100,0
2016-04-04,16:50:00,10.75,10.75,10.75,10.75,50,0
2016-04-05,11:40:00,10.7,10.7,10.7,10.7,300,0
2016-04-05,16:45:00,10.75,10.75,10.75,10.75,3154,0
2016-04-05,16:50:00,10.77,10.77,10.77,10.77,436,0
2016-04-06,09:30:00,10.8,10.8,10.8,10.8,580,0
2016-04-06,10:10:00,10.8,10.8,10.8,10.8,160,0
2016-04-06,10:40:00,10.8,10.8,10.8,10.8,2,0
2016-04-06,13:40:00,10.8,10.8,10.8,10.8,241,0
2016-04-06,16:00:00,10.84,10.84,10.79,10.79,90,0
2016-04-06,16:45:00,10.79,10.79,10.79,10.79,98,0
2016-04-06,16:50:00,10.79,10.79,10.79,10.79,179,0
2016-04-07,09:05:00,10.75,10.75,10.75,10.75,345,0
2016-04-07,09:25:00,10.8,10.8,10.8,10.8,1500,0
2016-04-07,09:30:00,10.83,10.9,10.83,10.9,1667,0
2016-04-07,10:10:00,10.85,10.85,10.85,10.85,100,0
2016-04-07,11:10:00,10.8,10.8,10.8,10.8,200,0
2016-04-07,12:55:00,10.78,10.78,10.78,10.78,200,0
2016-04-07,15:10:00,10.78,10.79,10.78,10.79,1200,0
2016-04-07,16:45:00,10.77,10.77,10.77,10.77,150,0
2016-04-08,09:15:00,10.77,10.77,10.77,10.77,250,0
2016-04-08,10:25:00,10.77,10.77,10.77,10.77,250,0
2016-04-08,12:00:00,10.77,10.77,10.77,10.77,582,0
2016-04-08,13:20:00,10.89,10.89,10.89,10.89,7,0
2016-04-08,14:05:00,10.75,10.75,10.75,10.75,555,0
2016-04-08,16:05:00,10.75,10.75,10.75,10.75,450,0
2016-04-08,16:15:00,10.75,10.75,10.75,10.75,550,0
2016-04-08,16:30:00,10.88,10.88,10.88,10.88,800,0
2016-04-08,16:40:00,10.88,10.88,10.88,10.88,1000,0
2016-04-11,09:05:00,10.88,10.88,10.88,10.88,1100,0
2016-04-11,10:00:00,10.88,10.88,10.88,10.88,857,0
2016-04-11,10:20:00,10.88,10.88,10.88,10.88,233,0
2016-04-11,10:35:00,10.88,10.88,10.88,10.88,153,0
2016-04-11,11:50:00,10.88,10.88,10.88,10.88,580,0
2016-04-11,12:30:00,10.88,10.88,10.88,10.88,128,0
2016-04-11,12:45:00,10.88,10.88,10.88,10.88,95,0
2016-04-11,13:45:00,10.89,10.9,10.89,10.9,21690,0
2016-04-11,14:00:00,10.91,10.91,10.9,10.9,500,0
2016-04-11,15:05:00,10.9,10.9,10.9,10.9,480,0
2016-04-11,15:10:00,10.9,10.9,10.9,10.9,727,0
2016-04-11,16:50:00,10.92,10.92,10.92,10.92,400,0
2016-04-12,09:35:00,10.89,10.89,10.89,10.89,6,0
2016-04-12,11:50:00,10.95,10.95,10.95,10.95,2500,0
2016-04-12,13:40:00,10.97,10.98,10.97,10.98,1000,0
2016-04-12,16:20:00,10.98,11,10.98,11,194,0
2016-04-12,16:35:00,11,11,11,11,26,0
2016-04-13,09:30:00,11.1,11.11,11.1,11.11,355,0
2016-04-13,09:45:00,11.19,11.2,11.19,11.2,100,0
2016-04-13,10:45:00,11.11,11.11,11.1,11.1,354,0
2016-04-13,10:50:00,11.02,11.02,11.01,11.01,3274,0
2016-04-13,11:15:00,11.19,11.19,11.19,11.19,1139,0
2016-04-13,11:40:00,11.09,11.09,11.09,11.09,2000,0
2016-04-14,09:05:00,11.1,11.15,11.1,11.14,12610,0
2016-04-14,09:10:00,11.1,11.1,11.1,11.1,11050,0
2016-04-14,09:15:00,11.05,11.05,11.05,11.05,1000,0
2016-04-14,09:25:00,11.1,11.1,11.1,11.1,180,0
2016-04-14,09:30:00,11.1,11.1,11.1,11.1,1780,0
2016-04-14,09:35:00,11.1,11.1,11.06,11.06,3000,0
2016-04-14,09:40:00,11.06,11.09,11.06,11.09,1850,0
2016-04-14,09:50:00,11.06,11.06,11.05,11.05,2500,0
2016-04-14,10:15:00,11.05,11.05,11.05,11.05,390,0
2016-04-14,10:30:00,11.08,11.1,11.05,11.1,46877,0
2016-04-14,10:35:00,11.1,11.1,11.1,11.1,3000,0
2016-04-14,11:00:00,11.1,11.1,11.1,11.1,500,0
2016-04-14,11:05:00,11.12,11.12,11.12,11.12,10000,0
2016-04-14,11:15:00,11.1,11.1,11.1,11.1,3585,0
2016-04-14,11:55:00,11.11,11.25,11.11,11.25,5000,0
2016-04-14,13:10:00,11.13,11.13,11.11,11.11,2831,0
2016-04-14,13:35:00,11.12,11.12,11.12,11.12,7000,0
2016-04-14,14:05:00,11.15,11.15,11.13,11.13,2400,0
2016-04-14,14:10:00,11.14,11.14,11.14,11.14,1000,0
2016-04-14,14:15:00,11.14,11.14,11.14,11.14,350,0
2016-04-14,14:25:00,11.14,11.14,11.14,11.14,1000,0
2016-04-14,15:30:00,11.14,11.14,11.14,11.14,1180,0
2016-04-14,16:10:00,11.12,11.12,11.12,11.12,16200,0
2016-04-14,16:20:00,11.19,11.19,11.19,11.19,300,0
2016-04-15,09:35:00,11.11,11.11,11.1,11.1,1400,0
2016-04-15,10:00:00,11.1,11.1,11.1,11.1,3850,0
2016-04-15,11:00:00,11.07,11.07,11.07,11.07,100,0
2016-04-15,12:35:00,11.08,11.08,11.08,11.08,129,0
2016-04-15,13:35:00,11.09,11.09,11.09,11.09,310,0
2016-04-15,14:05:00,11.08,11.1,11.08,11.09,2500,0
2016-04-15,14:25:00,11.09,11.09,11.09,11.09,200,0
2016-04-15,14:30:00,11.08,11.08,11.08,11.08,570,0
2016-04-15,14:40:00,11.08,11.08,11.08,11.08,700,0
2016-04-15,14:45:00,11.09,11.09,11.09,11.09,39800,0
2016-04-15,15:00:00,11.14,11.19,11.14,11.19,20000,0
2016-04-15,15:30:00,11.11,11.11,11.11,11.11,150,0
2016-04-15,16:20:00,11.12,11.12,11.12,11.12,100,0
2016-04-15,16:25:00,11.11,11.11,11.05,11.05,700,0
2016-04-15,16:30:00,11.05,11.05,11.04,11.04,300,0
2016-04-15,16:50:00,11.1,11.1,11.1,11.1,921,0
2016-04-18,09:40:00,11.06,11.06,11.01,11.01,137,0
2016-04-18,11:10:00,11.09,11.09,11.09,11.09,100,0
2016-04-18,13:45:00,11.05,11.09,11.05,11.09,1566,0
2016-04-18,14:55:00,11.05,11.05,11.05,11.05,160,0
2016-04-18,15:25:00,11.05,11.05,11.04,11.04,6969,0
2016-04-18,15:35:00,11.04,11.04,11.04,11.04,90,0
2016-04-18,16:40:00,11.05,11.05,11.03,11.03,3965,0
2016-04-18,16:50:00,11.04,11.04,11.04,11.04,933,0
2016-04-19,09:35:00,11.04,11.04,11.01,11.01,311,0
2016-04-19,12:20:00,10.81,10.81,10.81,10.81,500,0
2016-04-19,16:00:00,10.85,10.85,10.85,10.85,300,0
2016-04-20,09:50:00,10.8,10.8,10.8,10.8,94,0
2016-04-20,10:00:00,10.8,10.8,10.8,10.8,106,0
2016-04-20,10:45:00,10.6,10.6,10.6,10.6,85,0
2016-04-20,11:20:00,10.61,10.61,10.61,10.61,95,0
2016-04-20,13:15:00,10.64,10.64,10.6,10.6,5000,0
2016-04-20,16:05:00,10.63,10.63,10.62,10.62,670,0
2016-04-20,16:50:00,10.95,10.95,10.95,10.95,10,0
2016-04-21,12:30:00,10.71,10.71,10.64,10.64,850,0
2016-04-21,16:30:00,10.72,10.72,10.71,10.71,1650,0
2016-04-21,16:50:00,10.8,10.8,10.8,10.8,1005,0
2016-04-22,09:20:00,10.8,10.8,10.8,10.8,190,0
2016-04-22,09:40:00,10.9,10.9,10.9,10.9,200,0
2016-04-22,09:55:00,10.9,10.9,10.9,10.9,21,0
2016-04-22,11:45:00,10.9,10.9,10.9,10.9,300,0
2016-04-22,11:50:00,10.89,10.89,10.89,10.89,300,0
2016-04-22,14:25:00,10.78,10.78,10.78,10.78,100000,0
2016-04-22,16:50:00,10.88,10.88,10.88,10.88,1,0
2016-04-25,09:50:00,10.71,10.84,10.71,10.84,71,0
2016-04-25,12:45:00,10.84,10.84,10.84,10.84,493,0
2016-04-26,09:05:00,10.65,10.7,10.65,10.7,4209,0
2016-04-26,10:10:00,10.73,10.73,10.71,10.71,678,0
2016-04-26,10:15:00,10.71,10.71,10.71,10.71,800,0
2016-04-26,11:45:00,10.7,10.7,10.7,10.7,1400,0
2016-04-26,12:05:00,10.7,10.7,10.7,10.7,1350,0
2016-04-26,12:15:00,10.7,10.7,10.7,10.7,300,0
2016-04-26,12:45:00,10.7,10.7,10.7,10.7,550,0
2016-04-26,12:55:00,10.74,10.74,10.74,10.74,492,0
2016-04-26,13:10:00,10.7,10.7,10.7,10.7,470,0
2016-04-26,13:20:00,10.7,10.7,10.7,10.7,39,0
2016-04-26,15:20:00,10.7,10.7,10.7,10.7,1000,0
2016-04-26,15:30:00,10.7,10.7,10.7,10.7,2000,0
2016-04-26,16:20:00,10.71,10.71,10.71,10.71,1750,0
2016-04-26,16:25:00,10.77,10.77,10.77,10.77,3465,0
2016-04-27,09:45:00,10.68,10.68,10.68,10.68,450,0
2016-04-27,10:25:00,10.76,10.76,10.76,10.76,2036,0
2016-04-27,16:05:00,10.72,10.72,10.72,10.72,176,0
2016-04-27,16:50:00,10.85,10.85,10.85,10.85,2,0
2016-04-28,09:15:00,10.72,10.72,10.71,10.71,2449,0
2016-04-28,09:20:00,10.71,10.71,10.71,10.71,640,0
2016-04-28,10:50:00,10.79,10.8,10.79,10.8,984,0
2016-04-28,11:45:00,10.8,10.8,10.8,10.8,76,0
2016-04-28,12:00:00,10.8,10.8,10.8,10.8,924,0
2016-04-28,13:15:00,10.82,10.82,10.82,10.82,8,0
2016-04-28,15:00:00,10.82,10.82,10.82,10.82,17,0
2016-04-28,15:40:00,10.74,10.74,10.74,10.74,45,0
2016-04-28,16:00:00,10.74,10.74,10.74,10.74,245,0
2016-04-28,16:10:00,10.74,10.74,10.74,10.74,150,0
2016-04-28,16:50:00,10.73,10.73,10.73,10.73,290,0
2016-04-29,11:25:00,10.85,10.85,10.85,10.85,837,0
2016-04-29,12:00:00,10.88,10.88,10.88,10.88,39,0
2016-04-29,12:30:00,10.94,10.94,10.94,10.94,220,0
2016-04-29,15:25:00,10.94,10.94,10.94,10.94,431,0
2016-04-29,16:40:00,10.92,10.92,10.92,10.92,10,0
