2015-10-16,09:05:00,14.35,14.43,14.35,14.43,1304,0
2015-10-16,09:10:00,14.41,14.41,14.15,14.15,2874,0
2015-10-16,09:15:00,14.05,14.05,13.95,13.95,800,0
2015-10-16,09:20:00,13.98,13.98,13.98,13.98,22,0
2015-10-16,09:30:00,14.14,14.35,14.14,14.35,2415,0
2015-10-16,09:40:00,14.3,14.34,14.3,14.34,50,0
2015-10-16,09:50:00,14.34,14.34,14.34,14.34,100,0
2015-10-16,09:55:00,14.3,14.34,14.3,14.34,200,0
2015-10-16,10:05:00,14.15,14.15,14.01,14.01,576,0
2015-10-16,10:10:00,14.01,14.01,14.01,14.01,670,0
2015-10-16,11:25:00,14.02,14.02,14,14,797,0
2015-10-16,11:35:00,13.96,13.96,13.95,13.95,2051,0
2015-10-16,11:40:00,13.95,13.96,13.9,13.9,726,0
2015-10-16,11:45:00,13.9,13.9,13.9,13.9,2000,0
2015-10-16,12:00:00,13.95,14.15,13.86,13.86,4983,0
2015-10-16,12:05:00,13.81,13.86,13.81,13.86,80,0
2015-10-16,12:20:00,13.82,13.82,13.76,13.76,1304,0
2015-10-16,12:55:00,13.95,13.95,13.8,13.8,972,0
2015-10-16,13:00:00,13.77,13.78,13.76,13.76,1028,0
2015-10-16,14:00:00,13.8,13.8,13.8,13.8,100,0
2015-10-16,14:10:00,13.8,13.8,13.8,13.8,258,0
2015-10-16,14:45:00,13.8,13.8,13.8,13.8,50,0
2015-10-16,15:10:00,13.98,13.98,13.98,13.98,150,0
2015-10-16,16:15:00,13.98,13.98,13.98,13.98,20,0
2015-10-19,09:05:00,14.39,14.65,14.39,14.49,13503,0
2015-10-19,09:10:00,14.45,14.5,14.45,14.49,2205,0
2015-10-19,09:15:00,14.43,14.45,14.35,14.45,1732,0
2015-10-19,09:20:00,14.45,14.46,14.45,14.45,1050,0
2015-10-19,09:25:00,14.45,14.45,14.45,14.45,714,0
2015-10-19,09:30:00,14.4,14.4,14.01,14.02,10356,0
2015-10-19,09:35:00,14.2,14.2,14.2,14.2,100,0
2015-10-19,09:40:00,14.12,14.18,14.08,14.18,300,0
2015-10-19,09:45:00,14.19,14.36,14.19,14.33,2028,0
2015-10-19,09:55:00,14.33,14.33,14.33,14.33,100,0
2015-10-19,10:00:00,14.29,14.29,14.29,14.29,70,0
2015-10-19,10:05:00,14.3,14.3,14.3,14.3,320,0
2015-10-19,10:15:00,14.3,14.32,14.3,14.32,544,0
2015-10-19,10:20:00,14.39,14.39,14.39,14.39,356,0
2015-10-19,10:35:00,14.4,14.4,14.4,14.4,90,0
2015-10-19,10:40:00,14.45,14.45,14.4,14.4,430,0
2015-10-19,10:45:00,14.4,14.4,14.4,14.4,400,0
2015-10-19,10:50:00,14.35,14.35,14.35,14.35,40,0
2015-10-19,11:00:00,14.34,14.34,14.34,14.34,100,0
2015-10-19,11:10:00,14.31,14.31,14.31,14.31,211,0
2015-10-19,11:15:00,14.31,14.31,14.28,14.28,1189,0
2015-10-19,11:30:00,14.27,14.27,14.2,14.2,1912,0
2015-10-19,11:35:00,14.2,14.2,14.2,14.2,140,0
2015-10-19,11:40:00,14.15,14.15,14.15,14.15,500,0
2015-10-19,11:50:00,14.15,14.15,14.15,14.15,63,0
2015-10-19,11:55:00,14.15,14.15,14.15,14.15,213,0
2015-10-19,12:00:00,14.14,14.14,14.14,14.14,50,0
2015-10-19,12:05:00,14.11,14.11,14.11,14.11,515,0
2015-10-19,12:15:00,14.14,14.14,14.14,14.14,45,0
2015-10-19,12:20:00,14.14,14.15,14.1,14.1,656,0
2015-10-19,12:25:00,14.15,14.15,14.15,14.15,788,0
2015-10-19,12:45:00,14.24,14.24,14.24,14.24,100,0
2015-10-19,12:50:00,14.23,14.23,14.23,14.23,22,0
2015-10-19,13:20:00,14.13,14.22,14.12,14.12,328,0
2015-10-19,13:25:00,14.24,14.25,14.24,14.25,1155,0
2015-10-19,13:45:00,14.14,14.14,14.14,14.14,60,0
2015-10-19,14:00:00,14.21,14.21,14.21,14.21,96,0
2015-10-19,14:05:00,14.21,14.25,14.21,14.25,305,0
2015-10-19,14:15:00,14.25,14.3,14.25,14.3,4480,0
2015-10-19,14:45:00,14.29,14.29,14.29,14.29,250,0
2015-10-19,14:55:00,14.29,14.29,14.29,14.29,444,0
2015-10-19,15:00:00,14.3,14.43,14.3,14.43,2106,0
2015-10-19,15:05:00,14.42,14.43,14.42,14.43,417,0
2015-10-19,15:35:00,14.26,14.26,14.25,14.25,161,0
2015-10-19,15:40:00,14.26,14.26,14.26,14.26,50,0
2015-10-19,16:35:00,14.28,14.28,14.28,14.28,100,0
2015-10-19,16:40:00,14.3,14.3,14.3,14.3,50,0
2015-10-19,16:45:00,14.3,14.3,14.3,14.3,460,0
2015-10-19,16:50:00,14.3,14.4,14.3,14.4,1059,0
2015-10-20,09:05:00,14.4,14.5,14.4,14.5,2001,0
2015-10-20,09:10:00,14.4,14.4,14.4,14.4,110,0
2015-10-20,09:15:00,14.45,14.45,14.45,14.45,250,0
2015-10-20,09:20:00,14.4,14.4,14.4,14.4,100,0
2015-10-20,09:30:00,14.45,14.45,14.42,14.42,245,0
2015-10-20,09:35:00,14.41,14.41,14.4,14.4,2338,0
2015-10-20,09:50:00,14.3,14.3,14.3,14.3,100,0
2015-10-20,09:55:00,14.3,14.3,14.3,14.3,200,0
2015-10-20,10:05:00,14.3,14.3,14.3,14.3,54,0
2015-10-20,10:10:00,14.39,14.4,14.39,14.4,946,0
2015-10-20,10:20:00,14.37,14.4,14.37,14.4,1000,0
2015-10-20,10:55:00,14.27,14.27,14.27,14.27,26,0
2015-10-20,11:05:00,14.26,14.26,14.25,14.25,120,0
2015-10-20,11:10:00,14.25,14.25,14.25,14.25,200,0
2015-10-20,11:30:00,14.25,14.25,14.25,14.25,10,0
2015-10-20,11:45:00,14.26,14.26,14.26,14.26,14,0
2015-10-20,12:30:00,14.38,14.38,14.38,14.38,104,0
2015-10-20,13:00:00,14.35,14.35,14.35,14.35,296,0
2015-10-20,13:05:00,14.3,14.3,14.3,14.3,43,0
2015-10-20,13:20:00,14.3,14.3,14.3,14.3,54,0
2015-10-20,13:40:00,14.31,14.31,14.3,14.3,643,0
2015-10-20,13:45:00,14.3,14.3,14.3,14.3,48,0
2015-10-20,14:10:00,14.3,14.3,14.3,14.3,103,0
2015-10-20,14:30:00,14.26,14.26,14.26,14.26,100,0
2015-10-20,15:05:00,14.26,14.26,14.26,14.26,650,0
2015-10-20,15:55:00,14.3,14.3,14.3,14.3,49,0
2015-10-20,16:00:00,14.3,14.3,14.3,14.3,1451,0
2015-10-20,16:05:00,14.25,14.25,14.25,14.25,358,0
2015-10-20,16:10:00,14.26,14.26,14.26,14.26,20,0
2015-10-20,16:20:00,14.26,14.26,14.26,14.26,250,0
2015-10-20,16:30:00,14.3,14.3,14.3,14.3,553,0
2015-10-20,16:40:00,14.26,14.26,14.26,14.26,150,0
2015-10-20,16:45:00,14.26,14.26,14.25,14.25,200,0
2015-10-20,16:50:00,14.36,14.36,14.36,14.36,546,0
2015-10-21,09:05:00,14.2,14.2,14.17,14.17,40,0
2015-10-21,09:25:00,14.2,14.4,14.2,14.21,407,0
2015-10-21,09:45:00,14.3,14.3,14.3,14.3,122,0
2015-10-21,09:50:00,14.3,14.3,14.29,14.3,1274,0
2015-10-21,10:10:00,14.4,14.4,14.4,14.4,100,0
2015-10-21,10:15:00,14.4,14.45,14.4,14.45,1140,0
2015-10-21,10:20:00,14.45,14.45,14.45,14.45,250,0
2015-10-21,10:30:00,14.4,14.4,14.4,14.4,50,0
2015-10-21,10:40:00,14.31,14.31,14.3,14.3,250,0
2015-10-21,10:45:00,14.29,14.29,14.29,14.29,150,0
2015-10-21,10:50:00,14.17,14.17,14.17,14.17,10,0
2015-10-21,12:40:00,14.17,14.17,14.16,14.16,100,0
2015-10-21,12:55:00,14.17,14.17,14.17,14.17,80,0
2015-10-21,13:10:00,14.2,14.2,14.2,14.2,14,0
2015-10-21,13:15:00,14.2,14.2,14.2,14.2,23,0
2015-10-21,13:25:00,14.19,14.19,14.19,14.19,43,0
2015-10-21,13:55:00,14.19,14.19,14.19,14.19,134,0
2015-10-21,15:05:00,14.19,14.19,14.19,14.19,110,0
2015-10-21,15:15:00,14.19,14.19,14.19,14.19,30,0
2015-10-21,15:25:00,14.17,14.17,14.17,14.17,75,0
2015-10-21,15:55:00,14.17,14.17,14.17,14.17,680,0
2015-10-21,16:10:00,14.17,14.17,14.17,14.17,300,0
2015-10-21,16:30:00,14.17,14.17,14.16,14.16,225,0
2015-10-21,16:40:00,14.19,14.19,14.1,14.1,1110,0
2015-10-21,16:45:00,14.05,14.05,14,14,600,0
2015-10-21,16:50:00,14,14,14,14,227,0
2015-10-22,09:05:00,14.18,14.18,13.82,13.82,2440,0
2015-10-22,09:10:00,13.82,14.14,13.82,14.14,160,0
2015-10-22,09:15:00,13.88,14,13.82,13.82,1623,0
2015-10-22,09:25:00,13.75,13.75,13.7,13.7,3769,0
2015-10-22,09:30:00,13.75,13.75,13.75,13.75,50,0
2015-10-22,09:35:00,13.75,13.75,13.75,13.75,68,0
2015-10-22,10:10:00,13.81,13.89,13.81,13.89,156,0
2015-10-22,10:30:00,13.88,13.88,13.88,13.88,56,0
2015-10-22,10:45:00,13.82,13.82,13.8,13.8,240,0
2015-10-22,10:50:00,13.8,13.8,13.8,13.8,100,0
2015-10-22,10:55:00,13.8,13.8,13.78,13.78,350,0
2015-10-22,11:05:00,13.82,13.82,13.82,13.82,145,0
2015-10-22,11:10:00,13.78,13.78,13.75,13.75,509,0
2015-10-22,11:20:00,13.75,13.78,13.75,13.78,1994,0
2015-10-22,11:25:00,13.78,13.78,13.78,13.78,33,0
2015-10-22,12:05:00,13.76,13.76,13.76,13.76,40,0
2015-10-22,12:20:00,13.76,13.76,13.75,13.75,20,0
2015-10-22,12:45:00,13.75,13.75,13.75,13.75,4,0
2015-10-22,12:55:00,13.76,13.76,13.75,13.75,197,0
2015-10-22,13:15:00,13.77,13.77,13.77,13.77,83,0
2015-10-22,13:20:00,13.75,13.78,13.75,13.78,405,0
2015-10-22,13:35:00,13.78,13.78,13.75,13.75,703,0
2015-10-22,13:50:00,13.78,13.78,13.78,13.78,82,0
2015-10-22,14:05:00,13.78,13.78,13.78,13.78,50,0
2015-10-22,14:50:00,13.8,13.8,13.8,13.8,700,0
2015-10-22,15:00:00,13.78,13.78,13.7,13.7,2034,0
2015-10-22,15:05:00,13.68,13.68,13.67,13.67,399,0
2015-10-22,15:10:00,13.67,13.67,13.67,13.67,588,0
2015-10-22,15:15:00,13.67,13.67,13.67,13.67,50,0
2015-10-22,15:25:00,13.68,13.68,13.5,13.5,10000,0
2015-10-22,15:45:00,13.6,13.6,13.6,13.6,57,0
2015-10-22,15:50:00,13.6,13.64,13.6,13.64,91,0
2015-10-22,16:10:00,13.64,13.64,13.64,13.64,650,0
2015-10-22,16:15:00,13.64,13.68,13.64,13.68,2672,0
2015-10-22,16:25:00,13.68,13.7,13.67,13.67,329,0
2015-10-22,16:30:00,13.67,13.67,13.67,13.67,44,0
2015-10-22,16:45:00,13.67,13.67,13.53,13.53,400,0
2015-10-22,16:50:00,13.6,13.6,13.6,13.6,547,0
2015-10-23,09:05:00,13.65,13.65,13.65,13.65,131,0
2015-10-23,09:15:00,13.65,13.65,13.65,13.65,9,0
2015-10-23,09:20:00,13.69,13.69,13.69,13.69,238,0
2015-10-23,09:25:00,13.7,13.7,13.65,13.7,111,0
2015-10-23,09:35:00,13.7,13.7,13.7,13.7,257,0
2015-10-23,09:40:00,13.7,13.7,13.7,13.7,1,0
2015-10-23,09:45:00,13.68,13.7,13.65,13.7,450,0
2015-10-23,09:55:00,13.69,13.69,13.69,13.69,20,0
2015-10-23,10:20:00,13.69,13.69,13.69,13.69,37,0
2015-10-23,10:30:00,13.69,13.69,13.69,13.69,120,0
2015-10-23,10:40:00,13.69,13.69,13.69,13.69,37,0
2015-10-23,11:45:00,13.65,13.65,13.65,13.65,120,0
2015-10-23,12:20:00,13.65,13.65,13.61,13.61,300,0
2015-10-23,12:55:00,13.61,13.61,13.6,13.6,2040,0
2015-10-23,13:10:00,13.6,13.61,13.5,13.5,2372,0
2015-10-23,13:35:00,13.61,13.61,13.61,13.61,57,0
2015-10-23,14:15:00,13.69,13.7,13.69,13.7,50,0
2015-10-23,14:30:00,13.53,13.53,13.53,13.53,30,0
2015-10-23,14:35:00,13.7,13.7,13.6,13.6,1198,0
2015-10-23,14:40:00,13.7,13.7,13.7,13.7,11177,0
2015-10-23,14:55:00,13.88,13.88,13.88,13.88,652,0
2015-10-23,15:15:00,13.88,13.9,13.88,13.9,850,0
2015-10-23,15:45:00,13.9,13.95,13.9,13.95,931,0
2015-10-23,15:50:00,13.99,14,13.99,14,2000,0
2015-10-23,15:55:00,14,14,13.95,13.95,70,0
2015-10-23,16:00:00,14,14,14,14,1350,0
2015-10-23,16:15:00,13.95,14.05,13.95,14.05,15,0
2015-10-23,16:20:00,14.05,14.05,14.05,14.05,100,0
2015-10-23,16:25:00,13.95,13.95,13.9,13.9,40,0
2015-10-23,16:35:00,13.9,13.9,13.9,13.9,1282,0
2015-10-23,16:50:00,13.9,13.9,13.9,13.9,385,0
2015-10-26,09:20:00,13.99,13.99,13.99,13.99,1,0
2015-10-26,09:35:00,13.9,13.9,13.9,13.9,15,0
2015-10-26,11:50:00,13.8,13.8,13.75,13.75,1147,0
2015-10-26,12:55:00,13.74,13.74,13.74,13.74,34,0
2015-10-26,13:10:00,13.74,13.74,13.74,13.74,50,0
2015-10-26,13:20:00,13.74,13.74,13.74,13.74,129,0
2015-10-26,16:05:00,13.88,13.88,13.88,13.88,1,0
2015-10-26,16:50:00,13.86,13.86,13.86,13.86,100,0
2015-10-27,09:05:00,13.86,13.86,13.86,13.86,1,0
2015-10-27,09:15:00,13.86,13.86,13.86,13.86,71,0
2015-10-27,10:20:00,13.88,13.88,13.88,13.88,56,0
2015-10-27,10:25:00,13.88,13.88,13.88,13.88,56,0
2015-10-27,10:45:00,13.8,13.8,13.8,13.8,350,0
2015-10-27,11:00:00,13.81,13.81,13.81,13.81,50,0
2015-10-27,12:00:00,13.82,13.82,13.82,13.82,56,0
2015-10-27,12:50:00,13.82,13.82,13.79,13.79,1856,0
2015-10-27,12:55:00,13.79,13.79,13.79,13.79,80,0
2015-10-27,14:00:00,13.8,13.8,13.8,13.8,204,0
2015-10-27,14:05:00,13.8,13.8,13.8,13.8,277,0
2015-10-27,14:25:00,13.8,13.8,13.8,13.8,50,0
2015-10-27,15:10:00,13.85,13.85,13.85,13.85,250,0
2015-10-27,15:35:00,13.8,13.8,13.8,13.8,665,0
2015-10-27,16:50:00,13.7,13.7,13.7,13.7,63,0
2015-10-28,09:05:00,13.7,13.7,13.7,13.7,650,0
2015-10-28,09:10:00,13.7,13.7,13.7,13.7,50,0
2015-10-28,09:20:00,13.75,13.75,13.75,13.75,110,0
2015-10-28,09:30:00,13.72,13.72,13.7,13.7,350,0
2015-10-28,09:35:00,13.75,13.75,13.75,13.75,140,0
2015-10-28,09:40:00,13.75,13.75,13.61,13.61,821,0
2015-10-28,09:55:00,13.79,13.79,13.79,13.79,60,0
2015-10-28,10:00:00,13.61,13.78,13.52,13.78,2510,0
2015-10-28,10:05:00,13.6,13.6,13.6,13.6,57,0
2015-10-28,10:10:00,13.55,13.55,13.52,13.52,150,0
2015-10-28,10:30:00,13.6,13.6,13.6,13.6,200,0
2015-10-28,10:35:00,13.6,13.6,13.6,13.6,612,0
2015-10-28,11:05:00,13.69,13.88,13.69,13.88,2845,0
2015-10-28,11:15:00,13.87,13.87,13.87,13.87,360,0
2015-10-28,12:45:00,13.75,13.75,13.75,13.75,20,0
2015-10-28,13:35:00,13.75,13.75,13.75,13.75,344,0
2015-10-28,13:50:00,13.71,13.71,13.71,13.71,120,0
2015-10-28,14:55:00,13.7,13.7,13.7,13.7,56,0
2015-10-28,15:00:00,13.56,13.56,13.56,13.56,390,0
2015-10-28,15:05:00,13.58,13.58,13.58,13.58,100,0
2015-10-28,16:00:00,13.58,13.58,13.58,13.58,100,0
2015-10-28,16:15:00,13.58,13.58,13.55,13.55,299,0
2015-10-28,16:30:00,13.6,13.6,13.52,13.52,1580,0
2015-10-28,16:50:00,13.56,13.56,13.5,13.5,3047,0
2015-10-29,09:05:00,13.52,13.52,13.19,13.2,1345,0
2015-10-29,09:10:00,13.3,13.3,13.22,13.22,123,0
2015-10-29,09:15:00,13.4,13.7,13.4,13.7,1650,0
2015-10-29,09:45:00,13.41,13.41,13.4,13.4,4748,0
2015-10-29,10:25:00,13.51,13.51,13.51,13.51,50,0
2015-10-29,10:55:00,13.51,13.51,13.5,13.5,150,0
2015-10-29,11:00:00,13.5,13.5,13.5,13.5,14,0
2015-10-29,11:10:00,13.41,13.41,13.4,13.4,3321,0
2015-10-29,11:15:00,13.4,13.4,13.4,13.4,1863,0
2015-10-29,11:30:00,13.41,13.41,13.41,13.41,105,0
2015-10-29,13:45:00,13.31,13.31,13.31,13.31,23,0
2015-10-29,14:35:00,13.36,13.36,13.3,13.3,1250,0
2015-10-29,14:45:00,13.4,13.4,13.4,13.4,50,0
2015-10-29,14:55:00,13.39,13.39,13.39,13.39,22,0
2015-10-29,15:20:00,13.4,13.4,13.4,13.4,100,0
2015-10-29,15:35:00,13.3,13.3,13.3,13.3,35,0
2015-10-29,15:45:00,13.35,13.35,13.35,13.35,56,0
2015-10-29,15:50:00,13.3,13.3,13.3,13.3,40,0
2015-10-29,16:00:00,13.3,13.3,13.3,13.3,80,0
2015-10-29,16:25:00,13.3,13.3,13.3,13.3,860,0
2015-10-29,16:50:00,13.3,13.3,13.3,13.3,1334,0
2015-10-30,09:05:00,13.21,13.21,13.21,13.21,670,0
2015-10-30,10:00:00,13.35,13.59,13.35,13.59,1826,0
2015-10-30,10:05:00,13.6,13.79,13.6,13.79,2000,0
2015-10-30,10:40:00,13.6,13.78,13.6,13.78,2150,0
2015-10-30,10:50:00,13.7,13.7,13.7,13.7,450,0
2015-10-30,12:40:00,13.6,13.6,13.6,13.6,120,0
2015-10-30,12:45:00,13.6,13.6,13.6,13.6,108,0
2015-10-30,13:45:00,13.48,13.48,13.48,13.48,270,0
2015-10-30,13:50:00,13.47,13.47,13.47,13.47,100,0
2015-10-30,14:30:00,13.47,13.47,13.45,13.45,93,0
2015-10-30,14:45:00,13.46,13.46,13.45,13.45,762,0
2015-10-30,15:00:00,13.41,13.41,13.41,13.41,144,0
2015-10-30,15:10:00,13.45,13.45,13.45,13.45,100,0
2015-10-30,15:15:00,13.45,13.45,13.45,13.45,120,0
2015-10-30,15:20:00,13.41,13.41,13.41,13.41,50,0
2015-10-30,15:40:00,13.6,13.77,13.6,13.77,3000,0
2015-10-30,16:05:00,13.7,13.7,13.7,13.7,730,0
2015-10-30,16:35:00,13.46,13.46,13.46,13.46,1,0
2015-10-30,16:45:00,13.48,13.48,13.48,13.48,100,0
2015-10-30,16:50:00,13.95,13.95,13.95,13.95,6150,0
2015-11-02,09:05:00,14.1,14.1,14.1,14.1,835,0
2015-11-02,09:15:00,14.1,14.1,14.1,14.1,959,0
2015-11-02,09:20:00,14.1,14.2,14.1,14.2,1201,0
2015-11-02,09:25:00,14.2,14.38,14.2,14.3,860,0
2015-11-02,09:30:00,14.3,14.37,14.2,14.23,1373,0
2015-11-02,09:35:00,14.23,14.35,14.22,14.35,460,0
2015-11-02,09:45:00,14.35,14.4,14.35,14.4,1579,0
2015-11-02,09:50:00,14.4,14.4,14.4,14.4,112,0
2015-11-02,10:10:00,14.35,14.4,14.35,14.36,544,0
2015-11-02,10:15:00,14.36,14.4,14.35,14.4,2109,0
2015-11-02,10:30:00,14.3,14.4,14.3,14.4,1100,0
2015-11-02,10:35:00,14.39,14.4,14.39,14.4,444,0
2015-11-02,10:50:00,14.27,14.4,14.27,14.4,82,0
2015-11-02,11:00:00,14.39,14.4,14.39,14.4,444,0
2015-11-02,11:25:00,14.39,14.39,14.39,14.39,444,0
2015-11-02,11:35:00,14.25,14.25,14.25,14.25,300,0
2015-11-02,12:15:00,14.25,14.25,14.25,14.25,400,0
2015-11-02,12:35:00,14.25,14.25,14.25,14.25,100,0
2015-11-02,12:40:00,14.25,14.25,14.25,14.25,200,0
2015-11-02,12:55:00,14.38,14.39,14.38,14.39,632,0
2015-11-02,13:05:00,14.39,14.39,14.39,14.39,444,0
2015-11-02,13:30:00,14.37,14.37,14.37,14.37,444,0
2015-11-02,13:50:00,14.37,14.37,14.37,14.37,6,0
2015-11-02,14:00:00,14.37,14.37,14.37,14.37,249,0
2015-11-02,14:10:00,14.37,14.37,14.37,14.37,201,0
2015-11-02,14:20:00,14.37,14.38,14.37,14.38,444,0
2015-11-02,14:40:00,14.38,14.38,14.38,14.38,931,0
2015-11-02,14:45:00,14.39,14.39,14.39,14.39,644,0
2015-11-02,15:10:00,14.39,14.39,14.39,14.39,444,0
2015-11-02,15:35:00,14.39,14.39,14.39,14.39,444,0
2015-11-02,16:00:00,14.39,14.39,14.39,14.39,744,0
2015-11-02,16:05:00,14.39,14.4,14.39,14.4,265,0
2015-11-02,16:25:00,14.4,14.4,14.38,14.38,513,0
2015-11-02,16:30:00,14.38,14.38,14.38,14.38,127,0
2015-11-02,16:35:00,14.38,14.38,14.38,14.38,152,0
2015-11-02,16:50:00,14.37,14.38,14.33,14.33,1952,0
2015-11-03,09:05:00,14.34,14.34,14.34,14.34,105,0
2015-11-03,09:10:00,14.34,14.34,14.34,14.34,5,0
2015-11-03,09:15:00,14.4,14.4,14.4,14.4,224,0
2015-11-03,09:20:00,14.4,14.49,14.34,14.49,985,0
2015-11-03,09:25:00,14.5,14.6,14.5,14.6,2258,0
2015-11-03,09:30:00,14.6,14.88,14.6,14.88,6741,0
2015-11-03,09:35:00,14.88,14.88,14.69,14.69,940,0
2015-11-03,09:40:00,14.8,14.8,14.7,14.7,93,0
2015-11-03,09:45:00,14.7,14.7,14.7,14.7,90,0
2015-11-03,09:50:00,14.75,14.8,14.75,14.8,1705,0
2015-11-03,10:00:00,14.71,14.8,14.7,14.8,1399,0
2015-11-03,10:05:00,14.8,14.9,14.8,14.9,2488,0
2015-11-03,10:10:00,14.89,14.94,14.89,14.94,634,0
2015-11-03,10:15:00,14.9,14.9,14.8,14.8,1200,0
2015-11-03,10:25:00,14.7,14.78,14.7,14.78,389,0
2015-11-03,10:35:00,14.68,14.78,14.68,14.78,201,0
2015-11-03,10:45:00,14.67,14.67,14.67,14.67,1000,0
2015-11-03,10:50:00,14.74,14.74,14.74,14.74,1,0
2015-11-03,10:55:00,14.74,14.74,14.74,14.74,100,0
2015-11-03,11:00:00,14.74,14.74,14.74,14.74,265,0
2015-11-03,11:05:00,14.67,14.8,14.67,14.8,2360,0
2015-11-03,11:15:00,14.79,14.8,14.79,14.8,200,0
2015-11-03,11:30:00,14.8,14.8,14.8,14.8,135,0
2015-11-03,11:40:00,14.8,14.8,14.77,14.77,475,0
2015-11-03,11:45:00,14.77,14.79,14.77,14.79,466,0
2015-11-03,12:05:00,14.77,14.77,14.7,14.7,1359,0
2015-11-03,12:10:00,14.7,14.7,14.7,14.7,200,0
2015-11-03,12:15:00,14.79,14.79,14.79,14.79,1,0
2015-11-03,12:20:00,14.7,14.89,14.7,14.89,4441,0
2015-11-03,13:05:00,14.8,14.87,14.8,14.87,1066,0
2015-11-03,13:10:00,14.8,14.84,14.8,14.84,134,0
2015-11-03,13:45:00,14.68,14.84,14.68,14.84,42,0
2015-11-03,14:10:00,14.75,14.82,14.75,14.82,52,0
2015-11-03,14:30:00,14.82,14.82,14.82,14.82,62,0
2015-11-03,14:40:00,14.82,14.82,14.82,14.82,241,0
2015-11-03,14:55:00,14.81,14.82,14.81,14.82,363,0
2015-11-03,15:00:00,14.82,14.83,14.82,14.83,600,0
2015-11-03,15:05:00,14.83,14.85,14.83,14.85,2650,0
2015-11-03,15:10:00,14.88,14.88,14.88,14.88,1,0
2015-11-03,15:20:00,14.88,14.89,14.88,14.89,619,0
2015-11-03,15:30:00,14.89,14.9,14.89,14.9,800,0
2015-11-03,15:40:00,14.9,14.9,14.9,14.9,50,0
2015-11-03,15:55:00,14.9,14.9,14.9,14.9,335,0
2015-11-03,16:00:00,14.85,14.9,14.85,14.85,843,0
2015-11-03,16:05:00,14.85,14.9,14.85,14.9,17,0
2015-11-03,16:35:00,14.72,14.72,14.7,14.7,1000,0
2015-11-03,16:40:00,14.85,14.85,14.7,14.7,192,0
2015-11-03,16:45:00,14.85,14.85,14.83,14.83,366,0
2015-11-03,16:50:00,14.84,14.84,14.7,14.79,1075,0
2015-11-04,09:05:00,14.8,14.8,14.8,14.8,404,0
2015-11-04,09:15:00,14.7,14.7,14.7,14.7,650,0
2015-11-04,09:20:00,14.79,14.79,14.79,14.79,1,0
2015-11-04,09:25:00,14.79,14.8,14.79,14.8,1030,0
2015-11-04,09:30:00,14.8,14.82,14.8,14.82,601,0
2015-11-04,09:35:00,14.82,14.89,14.82,14.89,1219,0
2015-11-04,09:40:00,14.8,14.8,14.8,14.8,581,0
2015-11-04,09:50:00,14.79,14.8,14.79,14.8,1981,0
2015-11-04,10:00:00,14.79,14.8,14.79,14.8,923,0
2015-11-04,10:10:00,14.75,14.75,14.75,14.75,70,0
2015-11-04,10:20:00,14.7,14.7,14.68,14.68,250,0
2015-11-04,10:25:00,14.68,14.74,14.45,14.45,3670,0
2015-11-04,10:35:00,14.68,14.68,14.68,14.68,1,0
2015-11-04,10:40:00,14.53,14.63,14.45,14.63,1489,0
2015-11-04,10:45:00,14.36,14.61,14.33,14.61,412,0
2015-11-04,10:55:00,14.45,14.45,14.45,14.45,403,0
2015-11-04,11:00:00,14.45,14.45,14.45,14.45,5,0
2015-11-04,11:15:00,14.5,14.5,14.5,14.5,4000,0
2015-11-04,11:20:00,14.45,14.45,14.45,14.45,49,0
2015-11-04,11:45:00,14.5,14.5,14.5,14.5,100,0
2015-11-04,12:05:00,14.5,14.5,14.5,14.5,900,0
2015-11-04,12:20:00,14.49,14.5,14.49,14.5,1000,0
2015-11-04,12:25:00,14.41,14.41,14.41,14.41,100,0
2015-11-04,12:45:00,14.41,14.41,14.4,14.4,740,0
2015-11-04,12:55:00,14.36,14.36,14.33,14.33,1500,0
2015-11-04,13:00:00,14.48,14.48,14.48,14.48,1,0
2015-11-04,13:10:00,14.33,14.33,14.33,14.33,110,0
2015-11-04,13:15:00,14.33,14.33,14.33,14.33,1,0
2015-11-04,13:20:00,14.48,14.48,14.48,14.48,10,0
2015-11-04,13:45:00,14.36,14.36,14.33,14.33,1535,0
2015-11-04,14:10:00,14.26,14.26,14.26,14.26,1,0
2015-11-04,14:15:00,14.48,14.48,14.48,14.48,1,0
2015-11-04,14:35:00,14.3,14.3,14.3,14.3,50,0
2015-11-04,14:40:00,14.44,14.44,14.44,14.44,1,0
2015-11-04,14:50:00,14.3,14.3,14.27,14.27,5,0
2015-11-04,14:55:00,14.44,14.44,14.44,14.44,1,0
2015-11-04,15:00:00,14.28,14.28,14.27,14.27,8,0
2015-11-04,15:20:00,14.28,14.28,14.27,14.28,256,0
2015-11-04,15:30:00,14.28,14.28,14.27,14.27,304,0
2015-11-04,15:35:00,14.27,14.4,14.27,14.4,167,0
2015-11-04,15:40:00,14.4,14.4,14.27,14.27,757,0
2015-11-04,15:45:00,14.29,14.29,14.29,14.29,30,0
2015-11-04,15:50:00,14.43,14.43,14.43,14.43,25,0
2015-11-04,16:00:00,14.29,14.29,14.29,14.29,20,0
2015-11-04,16:10:00,14.29,14.29,14.29,14.29,62,0
2015-11-04,16:15:00,14.43,14.43,14.43,14.43,1,0
2015-11-04,16:30:00,14.43,14.43,14.43,14.43,500,0
2015-11-04,16:40:00,14.31,14.31,14.31,14.31,496,0
2015-11-04,16:50:00,14.29,14.29,14.01,14.01,2504,0
2015-11-05,09:05:00,14.01,14.01,14.01,14.01,1786,0
2015-11-05,09:25:00,14.1,14.1,14.1,14.1,144,0
2015-11-05,09:30:00,14.05,14.05,14.05,14.05,30,0
2015-11-05,09:35:00,14.25,14.25,14.25,14.25,500,0
2015-11-05,09:45:00,14.05,14.05,14.05,14.05,20,0
2015-11-05,09:50:00,14.25,14.25,14.25,14.25,110,0
2015-11-05,09:55:00,14.1,14.1,14.01,14.01,265,0
2015-11-05,10:00:00,14.01,14.01,14.01,14.01,100,0
2015-11-05,10:10:00,14.05,14.05,14.05,14.05,50,0
2015-11-05,10:30:00,14.28,14.28,14.28,14.28,20,0
2015-11-05,11:45:00,14.1,14.1,14,14,4293,0
2015-11-05,11:50:00,13.93,13.93,13.93,13.93,1648,0
2015-11-05,12:10:00,13.95,14,13.93,13.93,335,0
2015-11-05,12:20:00,13.95,13.95,13.95,13.95,55,0
2015-11-05,13:05:00,13.94,13.94,13.94,13.94,150,0
2015-11-05,13:20:00,13.94,13.94,13.94,13.94,53,0
2015-11-05,13:25:00,13.94,13.94,13.94,13.94,242,0
2015-11-05,13:30:00,13.94,13.94,13.94,13.94,103,0
2015-11-05,13:35:00,13.94,13.94,13.94,13.94,83,0
2015-11-05,13:45:00,13.94,14,13.94,14,695,0
2015-11-05,13:50:00,14,14,14,14,1014,0
2015-11-05,13:55:00,14.15,14.15,14.15,14.15,20,0
2015-11-05,14:05:00,14,14,13.9,13.9,345,0
2015-11-05,14:15:00,14,14.15,14,14.15,15,0
2015-11-05,14:40:00,14.21,14.28,14.21,14.28,141,0
2015-11-05,15:05:00,14.27,14.27,14.21,14.21,524,0
2015-11-05,15:20:00,14.22,14.22,14.22,14.22,100,0
2015-11-05,15:35:00,14.22,14.22,14.21,14.21,3000,0
2015-11-05,16:00:00,14.22,14.22,14.21,14.21,121,0
2015-11-05,16:05:00,14.26,14.26,14.21,14.21,70,0
2015-11-05,16:15:00,14.21,14.21,14.21,14.21,1687,0
2015-11-05,16:30:00,14.21,14.21,14.21,14.21,353,0
2015-11-05,16:35:00,14.21,14.21,14.21,14.21,19,0
2015-11-05,16:40:00,14.21,14.21,14.21,14.21,19,0
2015-11-05,16:50:00,14.21,14.21,14,14.2,212,0
2015-11-06,09:10:00,14.17,14.17,14.17,14.17,1,0
2015-11-06,09:25:00,14.17,14.17,14.17,14.17,100,0
2015-11-06,09:40:00,14.17,14.17,14.15,14.15,146,0
2015-11-06,10:00:00,14.15,14.15,14.15,14.15,83,0
2015-11-06,11:05:00,14.1,14.1,14.1,14.1,2500,0
2015-11-06,11:25:00,13.9,13.9,13.8,13.8,1508,0
2015-11-06,11:30:00,13.86,13.86,13.86,13.86,1110,0
2015-11-06,11:45:00,14.05,14.05,14.05,14.05,1,0
2015-11-06,12:55:00,14.05,14.05,14.05,14.05,60,0
2015-11-06,13:00:00,14.05,14.05,14.05,14.05,55,0
2015-11-06,13:20:00,13.91,13.91,13.9,13.9,300,0
2015-11-06,13:50:00,14.05,14.05,14.05,14.05,1,0
2015-11-06,14:55:00,14,14,14,14,3650,0
2015-11-06,15:15:00,13.96,13.96,13.9,13.9,1758,0
2015-11-06,15:25:00,13.9,13.9,13.9,13.9,257,0
2015-11-06,15:40:00,13.85,13.85,13.85,13.85,56,0
2015-11-06,15:45:00,13.85,13.85,13.85,13.85,357,0
2015-11-06,15:55:00,13.85,13.85,13.85,13.85,56,0
2015-11-06,16:10:00,13.81,13.81,13.8,13.8,200,0
2015-11-06,16:25:00,13.85,13.9,13.85,13.9,100,0
2015-11-06,16:40:00,13.9,13.9,13.9,13.9,100,0
2015-11-06,16:50:00,13.81,13.9,13.8,13.9,834,0
2015-11-09,09:10:00,13.94,13.94,13.94,13.94,1,0
2015-11-09,09:15:00,13.9,13.9,13.9,13.9,100,0
2015-11-09,09:20:00,13.94,13.94,13.94,13.94,399,0
2015-11-09,09:25:00,13.94,13.94,13.94,13.94,1,0
2015-11-09,09:30:00,13.93,14,13.93,14,2000,0
2015-11-09,10:30:00,13.9,13.9,13.9,13.9,330,0
2015-11-09,11:10:00,13.81,13.81,13.8,13.8,30,0
2015-11-09,11:35:00,13.8,13.8,13.8,13.8,50,0
2015-11-09,11:40:00,13.8,13.8,13.8,13.8,50,0
2015-11-09,11:50:00,13.8,13.8,13.8,13.8,40,0
2015-11-09,12:35:00,13.81,13.81,13.8,13.8,358,0
2015-11-09,13:20:00,13.8,13.8,13.8,13.8,350,0
2015-11-09,13:45:00,13.85,13.85,13.85,13.85,67,0
2015-11-09,14:40:00,13.85,13.85,13.85,13.85,120,0
2015-11-09,15:50:00,13.85,13.85,13.85,13.85,50,0
2015-11-09,16:25:00,13.85,13.85,13.85,13.85,283,0
2015-11-09,16:50:00,13.8,13.8,13.71,13.71,2300,0
2015-11-10,09:05:00,13.75,13.75,13.75,13.75,50,0
2015-11-10,09:10:00,13.75,13.75,13.71,13.71,100,0
2015-11-10,10:00:00,13.75,13.75,13.71,13.71,390,0
2015-11-10,10:05:00,13.65,13.65,13.56,13.56,600,0
2015-11-10,10:15:00,13.65,13.68,13.65,13.68,1450,0
2015-11-10,10:20:00,13.6,13.6,13.6,13.6,2180,0
2015-11-10,10:30:00,13.6,13.6,13.6,13.6,314,0
2015-11-10,10:50:00,13.59,13.59,13.59,13.59,100,0
2015-11-10,11:00:00,13.56,13.56,13.51,13.51,4000,0
2015-11-10,11:05:00,13.51,13.51,13.51,13.51,861,0
2015-11-10,11:25:00,13.52,13.52,13.52,13.52,200,0
2015-11-10,11:35:00,13.52,13.52,13.52,13.52,200,0
2015-11-10,12:35:00,13.59,13.59,13.59,13.59,300,0
2015-11-10,12:55:00,13.54,13.54,13.54,13.54,64,0
2015-11-10,13:15:00,13.59,13.59,13.59,13.59,40,0
2015-11-10,13:40:00,13.56,13.56,13.56,13.56,170,0
2015-11-10,13:45:00,13.56,13.56,13.56,13.56,50,0
2015-11-10,14:05:00,13.59,13.59,13.59,13.59,30,0
2015-11-10,14:20:00,13.56,13.56,13.56,13.56,20,0
2015-11-10,15:15:00,13.59,13.59,13.59,13.59,130,0
2015-11-10,15:35:00,13.56,13.56,13.55,13.55,1000,0
2015-11-10,15:50:00,13.59,13.7,13.59,13.7,662,0
2015-11-10,16:50:00,13.51,13.51,13.51,13.51,2200,0
2015-11-12,09:05:00,13.56,13.56,13.56,13.56,1,0
2015-11-12,09:35:00,13.6,13.6,13.6,13.6,345,0
2015-11-12,09:45:00,13.75,13.75,13.75,13.75,485,0
2015-11-12,09:55:00,13.75,13.84,13.75,13.84,20,0
2015-11-12,10:10:00,13.83,13.83,13.83,13.83,72,0
2015-11-12,10:25:00,13.83,13.83,13.83,13.83,400,0
2015-11-12,10:35:00,13.8,13.8,13.8,13.8,80,0
2015-11-12,10:45:00,13.71,13.71,13.71,13.71,100,0
2015-11-12,10:55:00,13.71,13.71,13.71,13.71,344,0
2015-11-12,11:00:00,13.71,13.71,13.71,13.71,18,0
2015-11-12,11:05:00,13.65,13.65,13.65,13.65,72,0
2015-11-12,11:20:00,13.7,13.7,13.7,13.7,57,0
2015-11-12,11:45:00,13.65,13.65,13.65,13.65,652,0
2015-11-12,12:20:00,13.65,13.65,13.65,13.65,175,0
2015-11-12,12:50:00,13.65,13.65,13.65,13.65,473,0
2015-11-12,13:10:00,13.65,13.65,13.61,13.61,50,0
2015-11-12,15:20:00,13.65,13.65,13.65,13.65,50,0
2015-11-12,15:55:00,13.75,13.75,13.75,13.75,70,0
2015-11-12,16:00:00,13.79,13.8,13.79,13.8,500,0
2015-11-12,16:20:00,13.8,13.8,13.8,13.8,58,0
2015-11-12,16:30:00,13.75,13.75,13.75,13.75,100,0
2015-11-12,16:35:00,13.75,13.75,13.75,13.75,50,0
2015-11-12,16:45:00,13.75,13.75,13.75,13.75,80,0
2015-11-12,16:50:00,13.76,13.76,13.76,13.76,320,0
2015-11-13,09:05:00,13.85,13.85,13.85,13.85,1,0
2015-11-13,09:20:00,13.8,13.8,13.8,13.8,56,0
2015-11-13,09:25:00,13.8,13.8,13.8,13.8,93,0
2015-11-13,09:30:00,13.8,13.8,13.8,13.8,30,0
2015-11-13,09:35:00,13.8,13.8,13.8,13.8,221,0
2015-11-13,09:50:00,13.8,13.8,13.8,13.8,204,0
2015-11-13,10:15:00,13.75,13.75,13.75,13.75,100,0
2015-11-13,10:35:00,13.76,13.76,13.76,13.76,67,0
2015-11-13,10:50:00,13.76,13.76,13.75,13.75,938,0
2015-11-13,10:55:00,13.65,13.65,13.65,13.65,23,0
2015-11-13,11:10:00,13.73,13.73,13.66,13.66,250,0
2015-11-13,11:55:00,13.66,13.66,13.65,13.65,100,0
2015-11-13,12:35:00,13.65,13.65,13.65,13.65,310,0
2015-11-13,13:20:00,13.66,13.66,13.66,13.66,60,0
2015-11-13,14:00:00,13.65,13.65,13.65,13.65,1,0
2015-11-13,14:10:00,13.65,13.65,13.65,13.65,800,0
2015-11-13,14:15:00,13.65,13.65,13.65,13.65,1027,0
2015-11-13,14:20:00,13.65,13.65,13.65,13.65,399,0
2015-11-13,15:35:00,13.55,13.55,13.55,13.55,349,0
2015-11-13,16:00:00,13.6,13.6,13.6,13.6,57,0
2015-11-13,16:20:00,13.55,13.55,13.55,13.55,487,0
2015-11-13,16:30:00,13.55,13.55,13.55,13.55,843,0
2015-11-13,16:35:00,13.55,13.55,13.55,13.55,320,0
2015-11-13,16:40:00,13.55,13.55,13.55,13.55,840,0
2015-11-13,16:45:00,13.55,13.55,13.55,13.55,800,0
2015-11-13,16:50:00,13.55,13.55,13.55,13.55,4461,0
2015-11-16,09:05:00,13.5,13.5,13.4,13.4,2737,0
2015-11-16,09:10:00,13.4,13.4,13.26,13.26,1160,0
2015-11-16,09:15:00,13.27,13.27,13.27,13.27,200,0
2015-11-16,09:55:00,13.32,13.32,13.32,13.32,181,0
2015-11-16,10:10:00,13.35,13.35,13.35,13.35,200,0
2015-11-16,10:15:00,13.35,13.35,13.35,13.35,290,0
2015-11-16,10:20:00,13.3,13.3,13.3,13.3,100,0
2015-11-16,10:25:00,13.3,13.3,13.26,13.26,5123,0
2015-11-16,10:35:00,13.25,13.25,13.25,13.25,2774,0
2015-11-16,10:40:00,13.22,13.22,12.41,12.55,6180,0
2015-11-16,10:45:00,12.8,12.8,12.55,12.7,1701,0
2015-11-16,10:50:00,12.7,12.7,12.51,12.51,1427,0
2015-11-16,10:55:00,12.79,12.79,12.79,12.79,58,0
2015-11-16,11:00:00,12.79,12.87,12.7,12.87,1252,0
2015-11-16,11:05:00,12.79,12.85,12.7,12.85,562,0
2015-11-16,11:15:00,12.93,12.93,12.9,12.9,771,0
2015-11-16,11:20:00,12.9,12.9,12.9,12.9,150,0
2015-11-16,11:25:00,12.87,12.89,12.87,12.89,455,0
2015-11-16,11:30:00,12.88,12.88,12.88,12.88,155,0
2015-11-16,11:35:00,12.87,12.87,12.85,12.85,492,0
2015-11-16,11:40:00,12.86,12.88,12.86,12.88,858,0
2015-11-16,11:45:00,12.9,12.9,12.7,12.7,2286,0
2015-11-16,12:00:00,12.75,12.75,12.75,12.75,55,0
2015-11-16,12:40:00,12.94,12.94,12.94,12.94,160,0
2015-11-16,13:00:00,12.94,12.94,12.94,12.94,200,0
2015-11-16,13:10:00,12.93,12.94,12.93,12.94,200,0
2015-11-16,13:45:00,12.93,12.93,12.93,12.93,50,0
2015-11-16,13:55:00,12.93,12.93,12.93,12.93,100,0
2015-11-16,14:00:00,12.93,12.93,12.93,12.93,100,0
2015-11-16,14:05:00,12.93,13,12.93,13,486,0
2015-11-16,14:25:00,13,13,13,13,150,0
2015-11-16,15:10:00,12.99,12.99,12.9,12.9,2161,0
2015-11-16,15:55:00,12.83,12.83,12.83,12.83,40,0
2015-11-16,16:30:00,12.83,12.9,12.78,12.9,1054,0
2015-11-16,16:35:00,12.9,12.9,12.9,12.9,835,0
2015-11-16,16:40:00,12.9,12.9,12.9,12.9,770,0
2015-11-16,16:45:00,13,13,12.9,12.9,955,0
2015-11-16,16:50:00,12.95,12.95,12.95,12.95,788,0
2015-11-17,09:05:00,12.76,12.76,12.6,12.6,2062,0
2015-11-17,09:15:00,12.7,12.7,12.7,12.7,972,0
2015-11-17,09:20:00,12.65,12.65,12.65,12.65,50,0
2015-11-17,09:25:00,12.7,12.8,12.7,12.8,38,0
2015-11-17,09:30:00,12.95,13.13,12.95,13.13,1818,0
2015-11-17,09:35:00,13.13,13.13,13.13,13.13,42,0
2015-11-17,09:40:00,13.13,13.38,13.13,13.38,2383,0
2015-11-17,09:45:00,13.3,13.3,13.22,13.22,123,0
2015-11-17,10:00:00,13.3,13.38,13.3,13.38,455,0
2015-11-17,10:05:00,13.3,13.3,13.3,13.3,247,0
2015-11-17,10:10:00,13.3,13.3,13.3,13.3,3,0
2015-11-17,10:15:00,13.3,13.3,13.3,13.3,250,0
2015-11-17,10:20:00,13.3,13.5,13.25,13.25,9064,0
2015-11-17,10:30:00,13.26,13.26,13.25,13.25,200,0
2015-11-17,10:50:00,13.49,13.49,13.49,13.49,357,0
2015-11-17,11:00:00,13.49,13.49,13.49,13.49,200,0
2015-11-17,11:10:00,13.49,13.5,13.49,13.5,150,0
2015-11-17,11:15:00,13.5,13.51,13.5,13.51,1220,0
2015-11-17,11:25:00,13.35,13.49,13.35,13.49,493,0
2015-11-17,11:30:00,13.5,13.6,13.5,13.6,947,0
2015-11-17,11:40:00,13.51,13.51,13.51,13.51,500,0
2015-11-17,11:45:00,13.51,13.51,13.51,13.51,285,0
2015-11-17,11:50:00,13.51,13.6,13.51,13.6,100,0
2015-11-17,11:55:00,13.59,13.6,13.59,13.6,600,0
2015-11-17,12:05:00,13.52,13.52,13.52,13.52,400,0
2015-11-17,12:55:00,13.45,13.45,13.45,13.45,344,0
2015-11-17,13:10:00,13.5,13.5,13.5,13.5,110,0
2015-11-17,13:30:00,13.45,13.5,13.45,13.5,320,0
2015-11-17,13:55:00,13.5,13.6,13.5,13.6,421,0
2015-11-17,14:40:00,13.6,13.64,13.6,13.64,2000,0
2015-11-17,14:55:00,13.6,13.75,13.6,13.75,450,0
2015-11-17,15:10:00,13.75,13.75,13.75,13.75,50,0
2015-11-17,15:30:00,13.65,13.65,13.65,13.65,38,0
2015-11-17,15:35:00,13.53,13.53,13.53,13.53,1000,0
2015-11-17,15:40:00,13.52,13.52,13.35,13.35,2950,0
2015-11-17,15:45:00,13.64,13.64,13.64,13.64,45,0
2015-11-17,15:50:00,13.55,13.55,13.55,13.55,300,0
2015-11-17,16:05:00,13.55,13.55,13.55,13.55,100,0
2015-11-17,16:30:00,13.55,13.64,13.55,13.64,300,0
2015-11-17,16:35:00,13.6,13.65,13.6,13.65,450,0
2015-11-17,16:40:00,13.4,13.4,13.4,13.4,1000,0
2015-11-17,16:50:00,13.5,13.5,13.39,13.39,537,0
2015-11-18,09:05:00,13.45,13.75,13.45,13.75,1734,0
2015-11-18,09:30:00,13.51,13.51,13.5,13.5,90,0
2015-11-18,09:40:00,13.7,13.7,13.7,13.7,50,0
2015-11-18,09:45:00,13.7,13.8,13.7,13.8,2000,0
2015-11-18,10:15:00,13.74,13.75,13.74,13.75,391,0
2015-11-18,11:35:00,13.7,13.74,13.7,13.74,72,0
2015-11-18,11:45:00,13.74,13.74,13.74,13.74,652,0
2015-11-18,12:35:00,13.52,13.52,13.52,13.52,50,0
2015-11-18,12:45:00,13.52,13.52,13.52,13.52,50,0
2015-11-18,12:50:00,13.52,13.52,13.52,13.52,50,0
2015-11-18,14:00:00,13.5,13.5,13.5,13.5,500,0
2015-11-18,15:10:00,13.55,13.55,13.55,13.55,50,0
2015-11-18,15:35:00,13.55,13.55,13.55,13.55,50,0
2015-11-18,15:50:00,13.55,13.55,13.55,13.55,200,0
2015-11-18,16:00:00,13.55,13.55,13.55,13.55,200,0
2015-11-18,16:50:00,13.68,13.68,13.68,13.68,16,0
2015-11-19,09:05:00,13.85,14,13.85,14,8189,0
2015-11-19,09:10:00,13.99,14,13.99,14,1000,0
2015-11-19,09:15:00,14,14,14,14,1095,0
2015-11-19,09:20:00,14,14,14,14,100,0
2015-11-19,09:25:00,14,14,14,14,4700,0
2015-11-19,09:30:00,14,14,13.88,13.88,3284,0
2015-11-19,09:35:00,14,14,14,14,250,0
2015-11-19,09:45:00,14,14,14,14,1300,0
2015-11-19,09:50:00,14,14,14,14,3580,0
2015-11-19,09:55:00,14,14,14,14,2000,0
2015-11-19,10:00:00,14,14,14,14,1020,0
2015-11-19,10:05:00,13.9,13.9,13.9,13.9,636,0
2015-11-19,10:10:00,13.99,14.26,13.99,14.26,3257,0
2015-11-19,10:15:00,14.24,14.24,14.24,14.24,279,0
2015-11-19,10:25:00,14.24,14.3,14.24,14.24,687,0
2015-11-19,10:35:00,14.23,14.23,14.23,14.23,100,0
2015-11-19,10:50:00,14.24,14.24,14.24,14.24,30,0
2015-11-19,10:55:00,14.24,14.25,14.24,14.25,1479,0
2015-11-19,11:05:00,14.16,14.16,14.16,14.16,430,0
2015-11-19,11:55:00,14.16,14.16,14.15,14.15,1055,0
2015-11-19,12:10:00,14.15,14.15,14.13,14.13,814,0
2015-11-19,12:15:00,14.1,14.1,14.01,14.01,600,0
2015-11-19,12:25:00,14.14,14.15,14.14,14.15,500,0
2015-11-19,13:30:00,14.15,14.15,14.15,14.15,9,0
2015-11-19,13:45:00,14.05,14.05,13.9,13.9,2443,0
2015-11-19,13:50:00,14.13,14.13,14.13,14.13,200,0
2015-11-19,14:25:00,14.04,14.04,14.04,14.04,100,0
2015-11-19,14:30:00,14.04,14.04,13.9,13.9,400,0
2015-11-19,15:20:00,14,14,14,14,200,0
2015-11-19,15:25:00,14,14,14,14,360,0
2015-11-19,15:35:00,14,14,14,14,100,0
2015-11-19,15:45:00,14,14,14,14,61,0
2015-11-19,16:15:00,14,14,14,14,44,0
2015-11-19,16:40:00,14.07,14.07,14,14,1056,0
2015-11-19,16:50:00,14.04,14.04,14,14,330,0
2015-11-20,09:05:00,14,14,14,14,1670,0
2015-11-20,09:35:00,14.05,14.05,14.05,14.05,2,0
2015-11-20,09:55:00,13.98,13.98,13.98,13.98,200,0
2015-11-20,10:00:00,13.95,13.95,13.91,13.91,270,0
2015-11-20,10:05:00,13.88,13.88,13.88,13.88,500,0
2015-11-20,10:15:00,13.91,13.92,13.91,13.92,80,0
2015-11-20,10:20:00,13.92,13.92,13.92,13.92,54,0
2015-11-20,10:30:00,13.92,13.92,13.9,13.9,100,0
2015-11-20,10:35:00,13.9,13.9,13.9,13.9,32,0
2015-11-20,10:50:00,13.9,13.9,13.88,13.88,568,0
2015-11-20,11:10:00,13.88,13.88,13.85,13.85,200,0
2015-11-20,11:50:00,13.86,13.86,13.85,13.85,73,0
2015-11-20,12:40:00,13.86,13.86,13.86,13.86,150,0
2015-11-20,14:00:00,13.86,13.86,13.75,13.75,817,0
2015-11-20,14:05:00,13.75,13.75,13.75,13.75,53,0
2015-11-20,14:25:00,13.9,13.9,13.9,13.9,1,0
2015-11-20,14:30:00,13.76,13.76,13.65,13.65,1633,0
2015-11-20,14:40:00,13.65,13.65,13.65,13.65,73,0
2015-11-20,15:55:00,13.75,13.75,13.75,13.75,344,0
2015-11-20,16:25:00,13.8,13.8,13.75,13.75,400,0
2015-11-20,16:50:00,13.77,13.77,13.77,13.77,52,0
2015-11-23,09:05:00,13.75,13.75,13.75,13.75,199,0
2015-11-23,10:05:00,13.7,13.7,13.7,13.7,120,0
2015-11-23,10:20:00,13.67,13.67,13.46,13.46,1715,0
2015-11-23,10:40:00,13.5,13.5,13.5,13.5,100,0
2015-11-23,11:15:00,13.59,13.6,13.59,13.6,851,0
2015-11-23,12:10:00,13.61,13.61,13.51,13.51,313,0
2015-11-23,12:15:00,13.6,13.6,13.6,13.6,100,0
2015-11-23,14:55:00,13.55,13.55,13.55,13.55,100,0
2015-11-23,15:35:00,13.51,13.51,13.51,13.51,66,0
2015-11-23,15:40:00,13.5,13.5,13.5,13.5,91,0
2015-11-23,15:50:00,13.47,13.47,13.46,13.46,200,0
2015-11-23,16:05:00,13.46,13.46,13.46,13.46,150,0
2015-11-23,16:35:00,13.47,13.47,13.3,13.3,300,0
2015-11-23,16:50:00,13.3,13.5,13.3,13.5,878,0
2015-11-24,09:05:00,13.4,13.4,13.4,13.4,1,0
2015-11-24,09:20:00,13.4,13.4,13.3,13.3,216,0
2015-11-24,09:40:00,13.3,13.3,13.3,13.3,128,0
2015-11-24,10:00:00,13.3,13.3,13.3,13.3,14,0
2015-11-24,10:05:00,13.3,13.3,13.3,13.3,86,0
2015-11-24,10:15:00,13.2,13.2,13.2,13.2,137,0
2015-11-24,10:25:00,13.2,13.2,13.2,13.2,149,0
2015-11-24,10:30:00,13.2,13.2,13.2,13.2,14,0
2015-11-24,10:40:00,13.2,13.2,13.2,13.2,50,0
2015-11-24,10:55:00,13.2,13.2,13.2,13.2,320,0
2015-11-24,11:15:00,13.3,13.3,13.3,13.3,124,0
2015-11-24,11:55:00,13.2,13.2,13.2,13.2,110,0
2015-11-24,12:10:00,13.2,13.2,13.2,13.2,100,0
2015-11-24,14:00:00,13.21,13.21,13.21,13.21,28,0
2015-11-24,14:05:00,13.21,13.21,13.21,13.21,70,0
2015-11-24,14:20:00,13.21,13.21,13.11,13.11,1500,0
2015-11-24,14:25:00,13.1,13.1,13.1,13.1,564,0
2015-11-24,14:40:00,13.1,13.1,13.05,13.05,750,0
2015-11-24,14:45:00,13.05,13.05,13.05,13.05,550,0
2015-11-24,14:50:00,13.06,13.06,13.05,13.05,50,0
2015-11-24,14:55:00,13.05,13.05,13.05,13.05,424,0
2015-11-24,15:15:00,13.11,13.11,13.11,13.11,100,0
2015-11-24,15:45:00,13.3,13.5,13.3,13.5,450,0
2015-11-24,15:50:00,13.49,13.5,13.49,13.5,225,0
2015-11-24,15:55:00,13.5,13.5,13.5,13.5,450,0
2015-11-24,16:00:00,13.5,13.5,13.5,13.5,225,0
2015-11-24,16:05:00,13.49,13.49,13.49,13.49,225,0
2015-11-24,16:10:00,13.49,13.5,13.3,13.5,577,0
2015-11-24,16:15:00,13.5,13.5,13.5,13.5,225,0
2015-11-24,16:20:00,13.5,13.55,13.3,13.55,590,0
2015-11-24,16:25:00,13.55,13.58,13.55,13.58,225,0
2015-11-24,16:30:00,13.58,13.6,13.58,13.6,225,0
2015-11-24,16:35:00,13.59,13.6,13.35,13.4,1462,0
2015-11-24,16:40:00,13.39,13.39,13.39,13.39,525,0
2015-11-24,16:45:00,13.39,13.4,13.39,13.4,450,0
2015-11-24,16:50:00,13.4,13.58,13.4,13.58,1014,0
2015-11-25,09:05:00,13.89,13.89,13.65,13.65,1565,0
2015-11-25,09:10:00,13.65,13.65,13.65,13.65,50,0
2015-11-25,09:20:00,13.65,13.65,13.65,13.65,200,0
2015-11-25,09:45:00,13.65,13.65,13.65,13.65,200,0
2015-11-25,09:55:00,13.65,13.65,13.65,13.65,389,0
2015-11-25,10:05:00,13.65,13.65,13.65,13.65,1400,0
2015-11-25,10:10:00,13.65,13.65,13.65,13.65,200,0
2015-11-25,10:20:00,13.6,13.65,13.6,13.65,600,0
2015-11-25,10:30:00,13.65,13.65,13.65,13.65,73,0
2015-11-25,10:35:00,13.65,13.65,13.65,13.65,200,0
2015-11-25,11:00:00,13.65,13.65,13.65,13.65,200,0
2015-11-25,11:25:00,13.65,13.65,13.65,13.65,200,0
2015-11-25,11:30:00,13.55,13.55,13.55,13.55,50,0
2015-11-25,11:50:00,13.65,13.65,13.65,13.65,200,0
2015-11-25,12:15:00,13.65,13.65,13.65,13.65,200,0
2015-11-25,12:35:00,13.6,13.6,13.6,13.6,180,0
2015-11-25,12:40:00,13.65,13.65,13.65,13.65,700,0
2015-11-25,13:05:00,13.65,13.8,13.65,13.8,200,0
2015-11-25,13:30:00,13.75,13.79,13.75,13.79,200,0
2015-11-25,13:40:00,13.6,13.6,13.6,13.6,320,0
2015-11-25,13:55:00,13.6,13.6,13.6,13.6,200,0
2015-11-25,14:00:00,13.6,13.6,13.6,13.6,138,0
2015-11-25,14:15:00,13.59,13.6,13.55,13.55,250,0
2015-11-25,14:20:00,13.5,13.5,13.5,13.5,200,0
2015-11-25,14:25:00,13.41,13.41,13.3,13.3,1130,0
2015-11-25,14:30:00,13.3,13.33,13.3,13.33,400,0
2015-11-25,14:45:00,13.41,13.5,13.3,13.3,402,0
2015-11-25,14:50:00,13.3,13.3,13.3,13.3,498,0
2015-11-25,15:10:00,13.3,13.3,13.3,13.3,402,0
2015-11-25,15:30:00,13.3,13.3,13.3,13.3,150,0
2015-11-25,15:35:00,13.3,13.3,13.1,13.1,1550,0
2015-11-25,16:00:00,13.2,13.3,13.2,13.3,200,0
2015-11-25,16:10:00,13.3,13.3,13.3,13.3,102,0
2015-11-25,16:25:00,13.3,13.3,13.3,13.3,200,0
2015-11-25,16:40:00,13.29,13.29,13.2,13.2,545,0
2015-11-25,16:50:00,13.21,13.3,13.2,13.3,1350,0
2015-11-26,09:05:00,13.42,13.42,13.42,13.42,200,0
2015-11-26,09:20:00,13.49,13.49,13.49,13.49,200,0
2015-11-26,09:45:00,13.35,13.35,13.35,13.35,300,0
2015-11-26,09:50:00,13.35,13.35,13.35,13.35,160,0
2015-11-26,10:05:00,13.35,13.35,13.35,13.35,2,0
2015-11-26,10:10:00,13.48,13.49,13.48,13.49,200,0
2015-11-26,10:25:00,13.4,13.4,13.35,13.35,130,0
2015-11-26,10:35:00,13.49,13.49,13.49,13.49,200,0
2015-11-26,11:00:00,13.49,13.49,13.49,13.49,200,0
2015-11-26,11:25:00,13.49,13.5,13.49,13.5,200,0
2015-11-26,11:50:00,13.4,13.4,13.4,13.4,200,0
2015-11-26,12:15:00,13.4,13.5,13.25,13.25,1224,0
2015-11-26,12:25:00,13.19,13.19,13.16,13.16,460,0
2015-11-26,12:35:00,13.13,13.13,13.12,13.12,199,0
2015-11-26,12:40:00,13.2,13.2,13.2,13.2,200,0
2015-11-26,12:45:00,13.12,13.12,13.12,13.12,79,0
2015-11-26,13:05:00,13.2,13.2,13.2,13.2,200,0
2015-11-26,13:30:00,13.2,13.25,13.2,13.25,400,0
2015-11-26,13:55:00,13.25,13.25,13.25,13.25,200,0
2015-11-26,14:20:00,13.25,13.25,13.25,13.25,200,0
2015-11-26,14:30:00,13.13,13.13,13.07,13.07,820,0
2015-11-26,14:45:00,13.25,13.25,13.07,13.07,700,0
2015-11-26,15:00:00,13.08,13.08,13.08,13.08,50,0
2015-11-26,15:05:00,13.08,13.08,13.08,13.08,50,0
2015-11-26,15:10:00,13.2,13.2,13.2,13.2,200,0
2015-11-26,15:20:00,13.1,13.1,13.1,13.1,59,0
2015-11-26,15:25:00,13.08,13.08,13.08,13.08,169,0
2015-11-26,15:35:00,13.2,13.25,13.2,13.25,200,0
2015-11-26,16:00:00,13.25,13.25,13.25,13.25,200,0
2015-11-26,16:25:00,13.25,13.25,13.25,13.25,200,0
2015-11-26,16:45:00,13.25,13.25,13.25,13.25,765,0
2015-11-26,16:50:00,13.3,13.49,13.3,13.48,1200,0
2015-11-27,09:05:00,13.5,13.5,13.5,13.5,200,0
2015-11-27,09:20:00,13.5,13.5,13.5,13.5,200,0
2015-11-27,09:30:00,13.5,13.5,13.5,13.5,370,0
2015-11-27,09:45:00,13.5,13.5,13.5,13.5,500,0
2015-11-27,10:10:00,13.5,13.5,13.5,13.5,200,0
2015-11-27,10:35:00,13.46,13.5,13.46,13.5,200,0
2015-11-27,11:00:00,13.5,13.5,13.3,13.3,405,0
2015-11-27,11:25:00,13.3,13.3,13.3,13.3,395,0
2015-11-27,11:40:00,13.2,13.2,13.2,13.2,150,0
2015-11-27,11:50:00,13.2,13.2,13.16,13.16,500,0
2015-11-27,12:15:00,13.16,13.16,13.16,13.16,270,0
2015-11-27,12:30:00,13.17,13.3,13.17,13.3,160,0
2015-11-27,12:45:00,13.3,13.3,13.3,13.3,290,0
2015-11-27,13:05:00,13.3,13.3,13.3,13.3,200,0
2015-11-27,13:10:00,13.2,13.2,13.2,13.2,100,0
2015-11-27,13:15:00,13.2,13.2,13.2,13.2,195,0
2015-11-27,13:25:00,13.2,13.2,13.2,13.2,5,0
2015-11-27,14:20:00,13.3,13.4,13.3,13.4,250,0
2015-11-27,14:30:00,13.4,13.4,13.4,13.4,195,0
2015-11-27,15:25:00,13.4,13.4,13.4,13.4,586,0
2015-11-27,15:35:00,13.4,13.4,13.4,13.4,14,0
2015-11-27,16:50:00,13.49,13.5,13.48,13.48,1989,0
2015-11-30,09:05:00,13.6,13.6,13.6,13.6,1081,0
2015-11-30,09:10:00,13.6,13.6,13.6,13.6,466,0
2015-11-30,10:15:00,13.75,13.76,13.75,13.76,1000,0
2015-11-30,10:25:00,13.51,13.51,13.51,13.51,100,0
2015-11-30,11:30:00,13.77,13.77,13.77,13.77,40,0
2015-11-30,11:40:00,13.55,13.55,13.55,13.55,100,0
2015-11-30,12:00:00,13.65,13.65,13.65,13.65,1500,0
2015-11-30,13:00:00,13.51,13.51,13.51,13.51,260,0
2015-11-30,13:15:00,13.51,13.51,13.51,13.51,140,0
2015-11-30,14:25:00,13.55,13.55,13.55,13.55,95,0
2015-11-30,14:55:00,13.51,13.51,13,13,3200,0
2015-11-30,15:00:00,13,13,13,13,100,0
2015-11-30,15:10:00,13,13,13,13,6900,0
2015-11-30,15:15:00,13.5,13.5,13.5,13.5,5,0
2015-11-30,15:45:00,13.2,13.2,13.2,13.2,50,0
2015-11-30,16:10:00,13.08,13.08,13,13,1499,0
2015-11-30,16:15:00,13.2,13.2,13.2,13.2,115,0
2015-11-30,16:30:00,13.2,13.2,13.2,13.2,169,0
2015-11-30,16:40:00,13.05,13.05,13.05,13.05,679,0
2015-11-30,16:50:00,13.05,13.49,13.05,13.3,6294,0
2015-12-01,09:05:00,13.5,13.5,13.5,13.5,256,0
2015-12-01,09:10:00,13.45,13.5,13.45,13.5,442,0
2015-12-01,09:20:00,13.5,13.5,13.5,13.5,850,0
2015-12-01,09:25:00,13.5,13.5,13.5,13.5,70,0
2015-12-01,09:30:00,13.5,13.5,13.5,13.5,294,0
2015-12-01,09:40:00,13.5,13.5,13.5,13.5,156,0
2015-12-01,10:00:00,13.5,13.5,13.5,13.5,156,0
2015-12-01,10:05:00,13.5,13.5,13.5,13.5,49,0
2015-12-01,10:20:00,13.49,13.49,13.49,13.49,51,0
2015-12-01,11:20:00,13.49,13.49,13.49,13.49,208,0
2015-12-01,11:25:00,13.49,13.49,13.49,13.49,640,0
2015-12-01,11:50:00,13.49,13.49,13.49,13.49,156,0
2015-12-01,12:00:00,13.46,13.46,13.46,13.46,10,0
2015-12-01,12:30:00,13.46,13.46,13.46,13.46,217,0
2015-12-01,14:00:00,13.46,13.46,13.46,13.46,100,0
2015-12-01,14:20:00,13.46,13.46,13.46,13.46,204,0
2015-12-01,14:50:00,13.46,13.46,13.46,13.46,100,0
2015-12-01,15:10:00,13.46,13.46,13.46,13.46,100,0
2015-12-01,15:30:00,13.46,13.46,13.46,13.46,985,0
2015-12-01,15:40:00,13.46,13.46,13.46,13.46,156,0
2015-12-01,15:55:00,13.46,13.46,13.46,13.46,144,0
2015-12-01,16:00:00,13.47,13.47,13.47,13.47,100,0
2015-12-01,16:10:00,13.47,13.47,13.47,13.47,83,0
2015-12-01,16:15:00,13.47,13.47,13.47,13.47,300,0
2015-12-01,16:20:00,13.47,13.47,13.47,13.47,185,0
2015-12-01,16:30:00,13.45,13.45,13.45,13.45,156,0
2015-12-01,16:40:00,13.22,13.22,13.22,13.22,22,0
2015-12-01,16:50:00,13.45,13.45,13.45,13.45,1206,0
2015-12-02,09:05:00,13.65,13.65,13.65,13.65,1,0
2015-12-02,09:40:00,13.22,13.22,13.22,13.22,100,0
2015-12-02,10:00:00,13.22,13.22,13.22,13.22,100,0
2015-12-02,11:25:00,13.22,13.22,13.22,13.22,67,0
2015-12-02,11:30:00,13.22,13.22,13.22,13.22,641,0
2015-12-02,11:40:00,13.22,13.22,13.22,13.22,59,0
2015-12-02,12:10:00,13.22,13.22,13.22,13.22,48,0
2015-12-02,12:25:00,13.22,13.22,13.22,13.22,143,0
2015-12-02,13:20:00,13.2,13.2,13.2,13.2,150,0
2015-12-02,13:40:00,13.15,13.15,12.9,12.9,2023,0
2015-12-02,13:45:00,12.9,12.9,12.9,12.9,787,0
2015-12-02,14:05:00,12.92,12.92,12.91,12.91,166,0
2015-12-02,14:15:00,12.95,12.95,12.91,12.91,444,0
2015-12-02,14:30:00,13,13,13,13,200,0
2015-12-02,14:35:00,13,13,13,13,259,0
2015-12-02,14:40:00,13,13,13,13,189,0
2015-12-02,14:45:00,13,13,13,13,100,0
2015-12-02,14:50:00,13,13,13,13,52,0
2015-12-02,15:25:00,13.01,13.01,13,13,120,0
2015-12-02,15:35:00,13.01,13.01,13.01,13.01,100,0
2015-12-02,15:40:00,13,13,13,13,300,0
2015-12-02,16:30:00,13.01,13.01,13.01,13.01,125,0
2015-12-02,16:50:00,13.01,13.65,13.01,13.65,5224,0
2015-12-03,09:05:00,13.48,13.48,13.48,13.48,200,0
2015-12-03,09:20:00,13.47,13.47,13.47,13.47,211,0
2015-12-03,09:45:00,13.45,13.47,13.45,13.47,211,0
2015-12-03,10:10:00,13.47,13.5,13.25,13.25,311,0
2015-12-03,10:35:00,13.5,13.55,13.5,13.55,211,0
2015-12-03,10:50:00,13.3,13.3,13.3,13.3,60,0
2015-12-03,11:45:00,13.3,13.3,13.3,13.3,422,0
2015-12-03,11:55:00,13.3,13.3,13.3,13.3,211,0
2015-12-03,12:20:00,13.3,13.3,13.3,13.3,293,0
2015-12-03,12:25:00,13.3,13.3,13.3,13.3,74,0
2015-12-03,12:40:00,13.3,13.3,13.3,13.3,100,0
2015-12-03,14:30:00,13.3,13.3,13.3,13.3,361,0
2015-12-03,14:45:00,13.3,13.57,13.3,13.57,731,0
2015-12-03,15:00:00,13.57,13.58,13.57,13.58,211,0
2015-12-03,15:30:00,13.57,13.57,13.57,13.57,211,0
2015-12-03,15:55:00,13.57,13.57,13.57,13.57,211,0
2015-12-03,16:05:00,13.4,13.4,13.4,13.4,200,0
2015-12-03,16:20:00,13.4,13.4,13.4,13.4,211,0
2015-12-03,16:35:00,13.4,13.4,13.4,13.4,411,0
2015-12-03,16:45:00,13.26,13.26,13.26,13.26,100,0
2015-12-03,16:50:00,13.54,13.54,13.4,13.4,1413,0
2015-12-04,09:05:00,13.5,13.5,13.5,13.5,250,0
2015-12-04,09:20:00,13.5,13.5,13.5,13.5,150,0
2015-12-04,09:35:00,13.45,13.45,13.45,13.45,150,0
2015-12-04,09:55:00,13.26,13.45,13.26,13.45,250,0
2015-12-04,10:05:00,13.2,13.2,13.2,13.2,100,0
2015-12-04,10:10:00,13.2,13.2,13.01,13.01,767,0
2015-12-04,10:15:00,13.2,13.2,13.2,13.2,150,0
2015-12-04,10:35:00,13.2,13.2,13.2,13.2,150,0
2015-12-04,10:50:00,13.1,13.1,13.1,13.1,150,0
2015-12-04,11:10:00,13.1,13.1,13.1,13.1,150,0
2015-12-04,11:15:00,13.01,13.01,13.01,13.01,100,0
2015-12-04,11:30:00,13.1,13.1,13.1,13.1,150,0
2015-12-04,11:50:00,13.1,13.1,13.1,13.1,193,0
2015-12-04,12:05:00,13.1,13.1,13.1,13.1,150,0
2015-12-04,12:25:00,13.1,13.1,13.1,13.1,150,0
2015-12-04,12:45:00,13.1,13.1,13.03,13.03,250,0
2015-12-04,12:55:00,13.03,13.03,13,13,550,0
2015-12-04,13:05:00,13.08,13.08,13.08,13.08,150,0
2015-12-04,13:20:00,13.08,13.09,13.08,13.09,150,0
2015-12-04,13:40:00,13.05,13.09,13.05,13.09,150,0
2015-12-04,14:00:00,13.05,13.05,12.9,12.9,1150,0
2015-12-04,14:05:00,12.9,12.9,12.75,12.75,1800,0
2015-12-04,14:10:00,12.75,12.75,12.75,12.75,64,0
2015-12-04,14:20:00,12.78,12.85,12.78,12.85,251,0
2015-12-04,14:25:00,12.85,12.85,12.85,12.85,491,0
2015-12-04,14:35:00,13.05,13.09,13.05,13.09,150,0
2015-12-04,14:50:00,13,13,13,13,1150,0
2015-12-04,14:55:00,12.95,13.09,12.95,13.09,159,0
2015-12-04,15:00:00,13.09,13.09,13.09,13.09,249,0
2015-12-04,15:05:00,13.09,13.09,13.09,13.09,46,0
2015-12-04,15:15:00,13.08,13.09,13.08,13.09,150,0
2015-12-04,15:20:00,13.09,13.09,13.09,13.09,100,0
2015-12-04,15:35:00,13.09,13.09,12.9,12.9,200,0
2015-12-04,15:40:00,12.86,12.86,12.86,12.86,25,0
2015-12-04,15:50:00,13,13,13,13,150,0
2015-12-04,16:10:00,13,13,13,13,2380,0
2015-12-04,16:15:00,13,13,13,13,150,0
2015-12-04,16:20:00,13,13,12.9,12.9,943,0
2015-12-04,16:25:00,12.91,12.91,12.8,12.8,3000,0
2015-12-04,16:30:00,13.08,13.08,12.95,12.95,365,0
2015-12-04,16:35:00,13,13,13,13,444,0
2015-12-04,16:40:00,13,13,13,13,316,0
2015-12-04,16:50:00,13.05,13.05,13,13.02,1650,0
