2016-04-07,09:05:00,38.08,38.24,38.07,38.24,283,0
2016-04-07,09:20:00,38.25,38.25,38.25,38.25,205,0
2016-04-07,09:25:00,38.25,38.25,38.25,38.25,365,0
2016-04-07,09:30:00,38.25,38.39,38.25,38.39,802,0
2016-04-07,09:35:00,38.39,38.39,38.39,38.39,498,0
2016-04-07,09:40:00,38.39,38.39,38.39,38.39,1004,0
2016-04-07,09:45:00,38.39,38.39,38.39,38.39,205,0
2016-04-07,09:50:00,38.4,38.4,38.4,38.4,189,0
2016-04-07,09:55:00,38.4,38.4,38.32,38.32,237,0
2016-04-07,10:00:00,38.39,38.39,38.33,38.33,831,0
2016-04-07,10:05:00,38.39,38.39,38.39,38.39,289,0
2016-04-07,10:10:00,38.38,38.39,38.38,38.38,504,0
2016-04-07,10:15:00,38.39,38.39,38.39,38.39,309,0
2016-04-07,10:20:00,38.39,38.39,38.39,38.39,107,0
2016-04-07,10:25:00,38.39,38.39,38.39,38.39,702,0
2016-04-07,10:35:00,38.39,38.4,38.36,38.36,2050,0
2016-04-07,10:40:00,38.4,38.4,38.37,38.37,1421,0
2016-04-07,10:45:00,38.4,38.4,38.4,38.4,570,0
2016-04-07,10:50:00,38.4,38.57,38.37,38.57,1865,0
2016-04-07,10:55:00,38.64,38.69,38.6,38.69,1657,0
2016-04-07,11:00:00,38.57,38.69,38.57,38.69,417,0
2016-04-07,11:05:00,38.68,38.69,38.68,38.69,327,0
2016-04-07,11:10:00,38.68,38.73,38.68,38.73,280,0
2016-04-07,11:15:00,38.73,38.82,38.58,38.8,385,0
2016-04-07,11:20:00,38.59,38.8,38.59,38.59,298,0
2016-04-07,11:25:00,38.79,38.79,38.77,38.78,500,0
2016-04-07,11:30:00,38.69,38.78,38.68,38.68,1357,0
2016-04-07,11:35:00,38.61,38.61,38.61,38.61,81,0
2016-04-07,11:40:00,38.76,38.8,38.76,38.77,985,0
2016-04-07,11:45:00,38.8,38.8,38.73,38.74,668,0
2016-04-07,11:50:00,38.78,38.78,38.78,38.78,395,0
2016-04-07,11:55:00,38.75,38.75,38.75,38.75,311,0
2016-04-07,12:05:00,38.74,38.77,38.74,38.74,566,0
2016-04-07,12:10:00,38.76,38.76,38.75,38.75,509,0
2016-04-07,12:15:00,38.75,38.76,38.72,38.72,376,0
2016-04-07,12:20:00,38.72,38.76,38.72,38.72,694,0
2016-04-07,12:25:00,38.7,38.7,38.7,38.7,208,0
2016-04-07,12:30:00,38.7,38.7,38.7,38.7,100,0
2016-04-07,12:35:00,38.71,38.72,38.71,38.72,209,0
2016-04-07,12:40:00,38.75,38.77,38.75,38.75,1163,0
2016-04-07,12:50:00,38.76,38.76,38.75,38.75,203,0
2016-04-07,12:55:00,38.77,38.89,38.77,38.88,2524,0
2016-04-07,13:00:00,38.85,38.85,38.85,38.85,25,0
2016-04-07,13:05:00,38.88,38.9,38.88,38.88,1365,0
2016-04-07,13:10:00,38.85,38.85,38.85,38.85,510,0
2016-04-07,13:15:00,38.85,38.85,38.85,38.85,82,0
2016-04-07,13:20:00,38.89,39.06,38.89,39.06,2356,0
2016-04-07,13:25:00,39.04,39.2,38.95,39,1750,0
2016-04-07,13:40:00,39.14,39.25,39.14,39.24,1336,0
2016-04-07,13:45:00,39.28,39.29,39.2,39.2,620,0
2016-04-07,13:50:00,39.18,39.18,39.18,39.18,53,0
2016-04-07,13:55:00,39.19,39.2,39.19,39.2,684,0
2016-04-07,14:00:00,39.23,39.27,39.23,39.27,238,0
2016-04-07,14:05:00,39.27,39.28,39.27,39.28,346,0
2016-04-07,14:10:00,39.28,39.3,39.28,39.3,759,0
2016-04-07,14:15:00,39.3,39.3,39.25,39.25,212,0
2016-04-07,14:20:00,39.3,39.3,39.29,39.3,393,0
2016-04-07,14:25:00,39.32,39.37,39.3,39.3,1426,0
2016-04-07,14:30:00,39.26,39.3,39.26,39.3,124,0
2016-04-07,14:35:00,39.3,39.35,39.3,39.35,351,0
2016-04-07,14:40:00,39.31,39.36,39.31,39.32,1003,0
2016-04-07,14:45:00,39.36,39.36,39.35,39.35,201,0
2016-04-07,14:50:00,39.36,39.4,39.35,39.4,502,0
2016-04-07,14:55:00,39.3,39.3,39.3,39.3,386,0
2016-04-07,15:00:00,39.41,39.8,39.41,39.5,2995,0
2016-04-07,15:05:00,39.5,39.5,39.4,39.4,394,0
2016-04-07,15:10:00,39.5,39.75,39.4,39.4,269,0
2016-04-07,15:15:00,39.74,39.75,39.74,39.75,115,0
2016-04-07,15:20:00,39.7,39.7,39.45,39.68,288,0
2016-04-07,15:25:00,39.66,39.75,39.65,39.71,1190,0
2016-04-07,15:30:00,39.71,39.75,39.7,39.71,572,0
2016-04-07,15:35:00,39.75,39.84,39.75,39.81,1236,0
2016-04-07,15:40:00,39.77,39.77,39.77,39.77,10,0
2016-04-07,15:45:00,39.8,39.8,39.69,39.7,2625,0
2016-04-07,15:50:00,39.69,39.84,39.69,39.76,1287,0
2016-04-07,15:55:00,39.83,39.83,39.83,39.83,90,0
2016-04-07,16:00:00,39.76,39.83,39.7,39.7,1408,0
2016-04-07,16:05:00,39.7,39.84,39.5,39.61,5331,0
2016-04-07,16:10:00,39.65,39.66,39.65,39.66,226,0
2016-04-07,16:15:00,39.79,39.8,39.79,39.8,196,0
2016-04-07,16:20:00,39.7,39.7,39.69,39.69,743,0
2016-04-07,16:30:00,39.7,39.79,39.7,39.78,387,0
2016-04-07,16:35:00,39.79,39.86,39.79,39.86,699,0
2016-04-07,16:40:00,39.87,39.97,39.87,39.97,862,0
2016-04-07,16:45:00,39.97,39.97,39.85,39.85,311,0
2016-04-07,16:50:00,39.88,39.97,39.88,39.95,2207,0
2016-04-08,09:05:00,39.71,39.71,39.71,39.71,1159,0
2016-04-08,09:10:00,39.75,39.86,39.75,39.86,141,0
2016-04-08,09:15:00,39.8,39.8,39.75,39.79,936,0
2016-04-08,09:20:00,39.78,39.95,39.78,39.86,2002,0
2016-04-08,09:30:00,39.84,39.84,39.84,39.84,10,0
2016-04-08,09:35:00,39.85,39.85,39.82,39.82,157,0
2016-04-08,09:40:00,39.82,39.82,39.82,39.82,230,0
2016-04-08,09:45:00,39.82,39.89,39.82,39.89,194,0
2016-04-08,10:05:00,39.87,39.87,39.87,39.87,95,0
2016-04-08,10:10:00,39.85,39.87,39.85,39.87,99,0
2016-04-08,10:20:00,39.86,39.87,39.83,39.85,615,0
2016-04-08,10:25:00,39.83,39.87,39.83,39.87,108,0
2016-04-08,10:30:00,39.86,39.86,39.86,39.86,150,0
2016-04-08,10:35:00,39.87,39.87,39.87,39.87,105,0
2016-04-08,10:45:00,39.85,39.85,39.85,39.85,94,0
2016-04-08,10:50:00,39.83,39.83,39.51,39.69,2143,0
2016-04-08,10:55:00,39.69,39.76,39.69,39.76,459,0
2016-04-08,11:05:00,39.56,39.56,39.56,39.56,227,0
2016-04-08,11:10:00,39.57,39.57,39.57,39.57,94,0
2016-04-08,11:20:00,39.57,39.57,39.57,39.57,206,0
2016-04-08,11:25:00,39.57,39.68,39.57,39.6,189,0
2016-04-08,11:35:00,39.57,39.57,39.5,39.5,1171,0
2016-04-08,11:45:00,39.47,39.47,39.33,39.33,1147,0
2016-04-08,11:50:00,39.33,39.44,39.32,39.44,300,0
2016-04-08,11:55:00,39.45,39.46,39.45,39.46,334,0
2016-04-08,12:00:00,39.45,39.45,39.45,39.45,86,0
2016-04-08,12:05:00,39.46,39.46,39.46,39.46,204,0
2016-04-08,12:10:00,39.41,39.44,39.41,39.44,424,0
2016-04-08,12:15:00,39.41,39.41,39.37,39.37,244,0
2016-04-08,12:20:00,39.37,39.37,39.37,39.37,94,0
2016-04-08,12:25:00,39.37,39.37,39.36,39.36,200,0
2016-04-08,12:30:00,39.33,39.33,39.33,39.33,288,0
2016-04-08,12:35:00,39.36,39.36,39.36,39.36,250,0
2016-04-08,12:40:00,39.35,39.36,39.35,39.36,499,0
2016-04-08,13:05:00,39.34,39.34,39.33,39.33,515,0
2016-04-08,13:10:00,39.33,39.33,39.33,39.33,188,0
2016-04-08,13:15:00,39.33,39.33,39.33,39.33,86,0
2016-04-08,13:20:00,39.33,39.34,39.33,39.34,97,0
2016-04-08,13:30:00,39.33,39.33,39.33,39.33,238,0
2016-04-08,13:35:00,39.33,39.34,39.33,39.34,95,0
2016-04-08,13:40:00,39.33,39.33,39.32,39.33,614,0
2016-04-08,13:45:00,39.32,39.32,39.32,39.32,100,0
2016-04-08,13:50:00,39.32,39.32,39.32,39.32,94,0
2016-04-08,13:55:00,39.34,39.34,39.34,39.34,45,0
2016-04-08,14:00:00,39.32,39.32,39.32,39.32,250,0
2016-04-08,14:05:00,39.32,39.32,39.32,39.32,508,0
2016-04-08,14:10:00,39.31,39.33,39.25,39.33,4268,0
2016-04-08,14:15:00,39.25,39.33,39.24,39.33,91,0
2016-04-08,14:25:00,39.24,39.24,39.24,39.24,90,0
2016-04-08,14:30:00,39.24,39.24,39.24,39.24,30,0
2016-04-08,14:35:00,39.24,39.24,39.24,39.24,197,0
2016-04-08,15:05:00,39.25,39.25,39.25,39.25,50,0
2016-04-08,15:10:00,39.28,39.28,39.28,39.28,90,0
2016-04-08,15:15:00,39.25,39.25,39.25,39.25,50,0
2016-04-08,15:30:00,39.24,39.32,39.2,39.28,507,0
2016-04-08,15:55:00,39.31,39.31,39.31,39.31,99,0
2016-04-08,16:10:00,39.19,39.19,39.19,39.19,94,0
2016-04-08,16:15:00,39.22,39.24,39.22,39.22,970,0
2016-04-08,16:25:00,39.24,39.24,39.24,39.24,23,0
2016-04-08,16:30:00,39.24,39.24,39.24,39.24,11,0
2016-04-08,16:35:00,39.24,39.24,39.24,39.24,456,0
2016-04-08,16:40:00,39.31,39.32,39.2,39.2,1193,0
2016-04-08,16:50:00,39.28,39.28,39.2,39.2,4865,0
2016-04-11,09:05:00,39.07,39.07,39.07,39.07,141,0
2016-04-11,09:10:00,39.07,39.07,39.07,39.07,25,0
2016-04-11,09:20:00,39.07,39.12,39.07,39.12,139,0
2016-04-11,09:30:00,39.12,39.13,39.12,39.13,400,0
2016-04-11,09:50:00,39.09,39.09,39.09,39.09,25,0
2016-04-11,10:00:00,39.13,39.19,39.09,39.09,1106,0
2016-04-11,10:10:00,39.1,39.1,39.09,39.09,194,0
2016-04-11,10:55:00,39.11,39.11,39.09,39.09,291,0
2016-04-11,11:15:00,39.07,39.07,39.07,39.07,50,0
2016-04-11,11:35:00,39.08,39.08,39.08,39.08,25,0
2016-04-11,12:00:00,39.09,39.1,39.09,39.1,84,0
2016-04-11,12:15:00,39.1,39.1,39.1,39.1,25,0
2016-04-11,12:20:00,39.1,39.1,39.09,39.09,88,0
2016-04-11,12:25:00,39.1,39.15,39.1,39.15,1053,0
2016-04-11,12:40:00,39.1,39.15,39.1,39.15,456,0
2016-04-11,12:45:00,39.16,39.18,39.16,39.18,164,0
2016-04-11,12:50:00,39.18,39.2,39.15,39.15,2214,0
2016-04-11,13:15:00,39.16,39.16,39.15,39.16,556,0
2016-04-11,13:20:00,39.16,39.16,39.16,39.16,44,0
2016-04-11,13:25:00,39.19,39.2,39.17,39.17,766,0
2016-04-11,13:30:00,39.14,39.14,39.07,39.07,1599,0
2016-04-11,13:45:00,39.17,39.17,39.17,39.17,91,0
2016-04-11,13:55:00,39.12,39.12,39.12,39.12,184,0
2016-04-11,14:05:00,39.12,39.12,39.12,39.12,41,0
2016-04-11,14:20:00,39.16,39.2,39.1,39.1,1760,0
2016-04-11,14:30:00,39.09,39.15,39.08,39.15,227,0
2016-04-11,14:40:00,39.14,39.14,39.08,39.08,126,0
2016-04-11,14:45:00,39.14,39.14,39.14,39.14,1,0
2016-04-11,14:55:00,39.11,39.11,39.11,39.11,10,0
2016-04-11,15:00:00,39.11,39.11,39.11,39.11,47,0
2016-04-11,15:05:00,39.12,39.12,39.08,39.11,187,0
2016-04-11,15:35:00,39.1,39.1,39.1,39.1,35,0
2016-04-11,15:40:00,39.1,39.11,39.1,39.11,81,0
2016-04-11,15:50:00,39.13,39.13,39.13,39.13,300,0
2016-04-11,16:05:00,39.13,39.19,39.11,39.14,646,0
2016-04-11,16:10:00,39.09,39.09,39.07,39.07,321,0
2016-04-11,16:15:00,39.07,39.07,39.06,39.06,445,0
2016-04-11,16:20:00,39.06,39.06,39.06,39.06,94,0
2016-04-11,16:30:00,39.07,39.07,39.07,39.07,94,0
2016-04-11,16:45:00,39.07,39.07,39.07,39.07,25,0
2016-04-11,16:50:00,39.1,39.18,39.01,39.01,1421,0
2016-04-12,09:05:00,39.2,39.2,39.17,39.17,140,0
2016-04-12,09:10:00,39.16,39.16,39.16,39.16,68,0
2016-04-12,09:15:00,39.12,39.15,39.12,39.15,125,0
2016-04-12,09:35:00,39.1,39.1,39.1,39.1,24,0
2016-04-12,09:40:00,39.1,39.1,39.1,39.1,94,0
2016-04-12,09:55:00,39.08,39.08,39.08,39.08,68,0
2016-04-12,10:15:00,39.02,39.02,39.01,39.02,744,0
2016-04-12,10:20:00,39.02,39.02,39,39,3344,0
2016-04-12,10:25:00,38.94,38.94,38.86,38.86,146,0
2016-04-12,10:30:00,38.86,38.91,38.86,38.91,295,0
2016-04-12,10:35:00,38.82,38.82,38.82,38.82,13,0
2016-04-12,10:40:00,38.84,38.84,38.84,38.84,25,0
2016-04-12,10:45:00,38.91,38.92,38.91,38.92,68,0
2016-04-12,10:50:00,38.92,38.92,38.92,38.92,102,0
2016-04-12,10:55:00,38.92,38.95,38.92,38.95,97,0
2016-04-12,11:10:00,38.95,38.95,38.95,38.95,92,0
2016-04-12,11:20:00,39.06,39.06,39.06,39.06,100,0
2016-04-12,11:25:00,39.06,39.06,39.06,39.06,115,0
2016-04-12,11:30:00,38.9,38.9,38.9,38.9,65,0
2016-04-12,11:35:00,38.9,38.9,38.9,38.9,106,0
2016-04-12,11:45:00,38.87,38.87,38.87,38.87,111,0
2016-04-12,11:50:00,38.9,38.9,38.9,38.9,25,0
2016-04-12,11:55:00,38.96,38.96,38.96,38.96,84,0
2016-04-12,12:00:00,38.86,38.86,38.86,38.86,265,0
2016-04-12,12:05:00,38.82,38.82,38.82,38.82,105,0
2016-04-12,12:10:00,38.82,38.82,38.82,38.82,40,0
2016-04-12,12:15:00,38.82,38.82,38.7,38.7,844,0
2016-04-12,12:25:00,38.71,38.71,38.71,38.71,40,0
2016-04-12,12:30:00,38.71,38.71,38.44,38.5,2256,0
2016-04-12,12:35:00,38.44,38.53,38.44,38.53,293,0
2016-04-12,13:00:00,38.53,38.53,38.53,38.53,30,0
2016-04-12,13:15:00,38.53,38.53,38.53,38.53,258,0
2016-04-12,13:20:00,38.54,38.54,38.54,38.54,60,0
2016-04-12,13:30:00,38.73,38.73,38.42,38.42,636,0
2016-04-12,13:40:00,38.42,38.51,38.41,38.51,353,0
2016-04-12,13:45:00,38.6,38.66,38.41,38.41,546,0
2016-04-12,13:50:00,38.41,38.41,38.33,38.33,948,0
2016-04-12,13:55:00,38.34,38.41,38.34,38.41,479,0
2016-04-12,14:00:00,38.4,38.4,38.4,38.4,101,0
2016-04-12,14:05:00,38.4,38.4,38.4,38.4,30,0
2016-04-12,14:20:00,38.32,38.36,38.31,38.32,358,0
2016-04-12,14:30:00,38.38,38.38,38.33,38.38,409,0
2016-04-12,14:40:00,38.38,38.38,38.36,38.36,556,0
2016-04-12,14:45:00,38.36,38.37,38.36,38.37,240,0
2016-04-12,14:50:00,38.38,38.39,38.36,38.36,632,0
2016-04-12,14:55:00,38.38,38.4,38.36,38.36,2212,0
2016-04-12,15:00:00,38.36,38.39,38.36,38.39,160,0
2016-04-12,15:05:00,38.36,38.36,38.36,38.36,497,0
2016-04-12,15:10:00,38.36,38.37,38.36,38.36,548,0
2016-04-12,15:15:00,38.36,38.38,38.36,38.36,245,0
2016-04-12,15:25:00,38.36,38.38,38.36,38.37,437,0
2016-04-12,15:30:00,38.37,38.4,38.36,38.36,1001,0
2016-04-12,15:35:00,38.36,38.36,38.36,38.36,69,0
2016-04-12,15:40:00,38.39,38.39,38.39,38.39,17,0
2016-04-12,15:45:00,38.37,38.39,38.36,38.39,1248,0
2016-04-12,15:50:00,38.39,38.39,38.36,38.38,3001,0
2016-04-12,15:55:00,38.34,38.38,38.34,38.38,1059,0
2016-04-12,16:05:00,38.36,38.38,38.36,38.38,1674,0
2016-04-12,16:10:00,38.38,38.38,38.36,38.36,479,0
2016-04-12,16:15:00,38.36,38.36,38.35,38.35,874,0
2016-04-12,16:20:00,38.35,38.35,38.35,38.35,384,0
2016-04-12,16:25:00,38.35,38.35,38.35,38.35,387,0
2016-04-12,16:30:00,38.35,38.35,38.34,38.34,288,0
2016-04-12,16:35:00,38.36,38.53,38.33,38.4,2142,0
2016-04-12,16:50:00,38.61,38.61,38.42,38.43,568,0
2016-04-13,09:05:00,38.64,38.87,38.56,38.87,2868,0
2016-04-13,09:10:00,38.81,38.89,38.65,38.65,1457,0
2016-04-13,09:15:00,38.68,38.68,38.68,38.68,54,0
2016-04-13,09:20:00,38.87,38.87,38.8,38.8,591,0
2016-04-13,09:25:00,38.76,38.76,38.76,38.76,50,0
2016-04-13,09:30:00,38.87,38.98,38.86,38.98,2133,0
2016-04-13,09:40:00,38.92,38.98,38.92,38.92,783,0
2016-04-13,09:45:00,38.92,39.16,38.92,39.13,2130,0
2016-04-13,09:50:00,39.11,39.11,39.01,39.01,113,0
2016-04-13,09:55:00,39.09,39.11,39.08,39.09,435,0
2016-04-13,10:00:00,39.15,39.16,39.15,39.15,451,0
2016-04-13,10:05:00,39.16,39.16,39.16,39.16,261,0
2016-04-13,10:10:00,39.15,39.15,39.12,39.15,621,0
2016-04-13,10:15:00,39.16,39.16,39.16,39.16,190,0
2016-04-13,10:20:00,39.13,39.13,39.13,39.13,521,0
2016-04-13,10:35:00,39.14,39.14,39.14,39.14,50,0
2016-04-13,10:40:00,39.16,39.16,39.14,39.14,399,0
2016-04-13,10:50:00,39.16,39.16,39.09,39.13,1340,0
2016-04-13,11:05:00,39.18,39.18,39.14,39.14,477,0
2016-04-13,11:10:00,39.13,39.13,39.13,39.13,668,0
2016-04-13,11:15:00,39.12,39.12,39.05,39.05,1305,0
2016-04-13,11:20:00,39.01,39.01,39.01,39.01,40,0
2016-04-13,11:35:00,39.01,39.01,38.95,38.98,1568,0
2016-04-13,11:40:00,38.97,38.99,38.97,38.99,70,0
2016-04-13,11:45:00,38.96,38.96,38.9,38.95,1131,0
2016-04-13,12:15:00,38.95,38.98,38.94,38.94,281,0
2016-04-13,12:20:00,38.93,38.96,38.93,38.95,1185,0
2016-04-13,12:45:00,38.97,38.97,38.96,38.96,166,0
2016-04-13,12:55:00,38.97,38.99,38.97,38.99,255,0
2016-04-13,13:00:00,39.16,39.16,39.1,39.1,120,0
2016-04-13,13:20:00,39.09,39.09,39.09,39.09,262,0
2016-04-13,13:25:00,39.1,39.1,39.1,39.1,42,0
2016-04-13,13:30:00,39.14,39.14,39.13,39.13,181,0
2016-04-13,13:35:00,39.14,39.14,39.14,39.14,90,0
2016-04-13,13:45:00,39.14,39.14,39.14,39.14,292,0
2016-04-13,13:50:00,39.15,39.15,39.15,39.15,95,0
2016-04-13,13:55:00,39.03,39.03,39.03,39.03,68,0
2016-04-13,14:00:00,39.15,39.15,39.14,39.14,307,0
2016-04-13,14:05:00,39.04,39.04,39.04,39.04,75,0
2016-04-13,14:15:00,39.15,39.15,39.15,39.15,416,0
2016-04-13,14:20:00,39.04,39.15,39.04,39.15,357,0
2016-04-13,14:25:00,39.15,39.15,39.15,39.15,35,0
2016-04-13,14:40:00,39.14,39.14,39.14,39.14,314,0
2016-04-13,14:45:00,39.2,39.2,39.19,39.19,250,0
2016-04-13,14:50:00,39.2,39.2,39.13,39.13,78,0
2016-04-13,14:55:00,39.17,39.18,39.17,39.18,330,0
2016-04-13,15:00:00,39.19,39.2,39.14,39.16,1084,0
2016-04-13,15:10:00,39.18,39.18,39.18,39.18,101,0
2016-04-13,15:15:00,39.15,39.18,39.15,39.18,116,0
2016-04-13,15:20:00,39.15,39.15,39.15,39.15,124,0
2016-04-13,15:35:00,39.18,39.19,39.18,39.18,525,0
2016-04-13,15:50:00,39.19,39.2,39.19,39.19,1321,0
2016-04-13,15:55:00,39.19,39.2,39.19,39.2,520,0
2016-04-13,16:05:00,39.2,39.2,39.2,39.2,605,0
2016-04-13,16:15:00,39.2,39.2,39.17,39.17,983,0
2016-04-13,16:20:00,39.17,39.17,39.17,39.17,188,0
2016-04-13,16:30:00,39.17,39.17,39.17,39.17,82,0
2016-04-13,16:35:00,39.17,39.17,39.17,39.17,200,0
2016-04-13,16:40:00,39.16,39.16,39.14,39.14,240,0
2016-04-13,16:45:00,39.18,39.19,39.17,39.17,957,0
2016-04-13,16:50:00,39.16,39.16,38.94,38.94,1480,0
2016-04-14,09:05:00,39.05,39.05,39.05,39.05,129,0
2016-04-14,09:10:00,39.13,39.19,39.13,39.13,689,0
2016-04-14,09:20:00,39.18,39.2,39.13,39.14,2306,0
2016-04-14,09:25:00,39.11,39.11,39.11,39.11,99,0
2016-04-14,09:35:00,39.11,39.19,39.09,39.09,1787,0
2016-04-14,09:40:00,39.09,39.14,39.09,39.14,354,0
2016-04-14,09:45:00,39.16,39.19,39.16,39.16,345,0
2016-04-14,09:55:00,39.18,39.18,39.15,39.17,566,0
2016-04-14,10:05:00,39.18,39.18,39.18,39.18,251,0
2016-04-14,10:10:00,39.2,39.2,39.15,39.19,1615,0
2016-04-14,10:15:00,39.18,39.2,39.15,39.16,1110,0
2016-04-14,10:20:00,39.19,39.2,39.15,39.15,966,0
2016-04-14,10:25:00,39.17,39.19,39.17,39.19,346,0
2016-04-14,10:30:00,39.19,39.19,39.19,39.19,327,0
2016-04-14,10:35:00,39.2,39.2,39.19,39.2,449,0
2016-04-14,10:45:00,39.18,39.19,39.16,39.19,281,0
2016-04-14,10:50:00,39.19,39.19,39.16,39.16,614,0
2016-04-14,10:55:00,39.17,39.2,39.17,39.2,654,0
2016-04-14,11:05:00,39.19,39.19,39.16,39.19,166,0
2016-04-14,11:10:00,39.27,39.27,39.25,39.25,641,0
2016-04-14,11:15:00,39.22,39.22,39.18,39.18,805,0
2016-04-14,11:20:00,39.17,39.17,39.17,39.17,181,0
2016-04-14,11:25:00,39.18,39.18,39.18,39.18,41,0
2016-04-14,11:30:00,39.19,39.19,39.19,39.19,171,0
2016-04-14,11:35:00,39.19,39.19,39.19,39.19,105,0
2016-04-14,11:40:00,39.18,39.19,39.18,39.19,177,0
2016-04-14,11:45:00,39.18,39.2,39.17,39.18,872,0
2016-04-14,11:50:00,39.19,39.19,39.16,39.18,242,0
2016-04-14,11:55:00,39.19,39.2,39.19,39.2,1751,0
2016-04-14,12:00:00,39.2,39.23,39.2,39.21,764,0
2016-04-14,12:05:00,39.19,39.19,39.19,39.19,25,0
2016-04-14,12:15:00,39.2,39.2,39.19,39.19,563,0
2016-04-14,12:20:00,39.19,39.19,39.19,39.19,30,0
2016-04-14,12:25:00,39.24,39.24,39.24,39.24,92,0
2016-04-14,12:30:00,39.24,39.35,39.24,39.35,463,0
2016-04-14,12:35:00,39.31,39.31,39.3,39.3,306,0
2016-04-14,12:45:00,39.37,39.37,39.3,39.3,707,0
2016-04-14,12:50:00,39.31,39.37,39.31,39.37,286,0
2016-04-14,12:55:00,39.38,39.38,39.34,39.34,170,0
2016-04-14,13:10:00,39.37,39.48,39.37,39.39,1463,0
2016-04-14,13:20:00,39.45,39.45,39.45,39.45,67,0
2016-04-14,13:25:00,39.45,39.47,39.45,39.47,488,0
2016-04-14,13:35:00,39.4,39.4,39.4,39.4,50,0
2016-04-14,13:45:00,39.47,39.48,39.47,39.48,200,0
2016-04-14,13:50:00,39.49,39.5,39.47,39.5,1095,0
2016-04-14,14:00:00,39.49,39.5,39.48,39.48,2361,0
2016-04-14,14:10:00,39.45,39.48,39.45,39.46,381,0
2016-04-14,14:15:00,39.47,39.48,39.47,39.48,167,0
2016-04-14,14:25:00,39.48,39.58,39.48,39.58,873,0
2016-04-14,14:30:00,39.57,39.57,39.52,39.57,778,0
2016-04-14,14:40:00,39.56,39.6,39.56,39.59,627,0
2016-04-14,14:45:00,39.59,39.77,39.59,39.77,1512,0
2016-04-14,14:50:00,39.77,39.8,39.77,39.8,940,0
2016-04-14,14:55:00,39.8,39.89,39.51,39.57,1440,0
2016-04-14,15:05:00,39.76,39.76,39.76,39.76,69,0
2016-04-14,15:10:00,39.65,39.65,39.65,39.65,5,0
2016-04-14,15:15:00,39.82,39.87,39.82,39.87,35,0
2016-04-14,15:20:00,39.87,39.9,39.76,39.9,1694,0
2016-04-14,15:25:00,39.95,39.97,39.89,39.89,719,0
2016-04-14,15:30:00,39.9,39.9,39.87,39.87,420,0
2016-04-14,15:35:00,39.88,39.88,39.83,39.83,536,0
2016-04-14,15:40:00,39.83,39.85,39.74,39.74,590,0
2016-04-14,15:45:00,39.73,39.73,39.73,39.73,50,0
2016-04-14,15:50:00,39.85,39.85,39.85,39.85,210,0
2016-04-14,15:55:00,39.86,39.89,39.86,39.86,416,0
2016-04-14,16:00:00,39.86,39.86,39.83,39.83,494,0
2016-04-14,16:05:00,39.84,39.84,39.84,39.84,30,0
2016-04-14,16:10:00,39.86,39.95,39.86,39.95,1296,0
2016-04-14,16:15:00,39.93,39.95,39.88,39.94,901,0
2016-04-14,16:20:00,39.9,39.9,39.9,39.9,25,0
2016-04-14,16:25:00,39.9,39.91,39.89,39.9,410,0
2016-04-14,16:30:00,39.9,39.9,39.89,39.89,136,0
2016-04-14,16:35:00,39.85,39.85,39.85,39.85,25,0
2016-04-14,16:40:00,39.85,39.85,39.85,39.85,60,0
2016-04-14,16:45:00,39.94,39.95,39.94,39.95,307,0
2016-04-14,16:50:00,39.95,40,39.91,40,2275,0
2016-04-15,09:05:00,40.1,40.3,40.1,40.3,1154,0
2016-04-15,09:10:00,40.34,40.35,40.13,40.34,340,0
2016-04-15,09:15:00,40.35,40.43,40.35,40.43,721,0
2016-04-15,09:20:00,40.42,40.45,40.33,40.45,794,0
2016-04-15,09:25:00,40.49,40.59,40.46,40.54,1959,0
2016-04-15,09:30:00,40.59,40.63,40.59,40.63,129,0
2016-04-15,09:35:00,40.63,40.63,40.63,40.63,25,0
2016-04-15,09:40:00,40.63,40.66,40.63,40.64,1311,0
2016-04-15,09:50:00,40.56,40.56,40.5,40.5,591,0
2016-04-15,10:00:00,40.49,40.49,40.49,40.49,38,0
2016-04-15,10:05:00,40.3,40.5,40.2,40.5,1750,0
2016-04-15,10:10:00,40.49,40.5,40.33,40.33,2239,0
2016-04-15,10:20:00,40.4,40.4,40.4,40.4,50,0
2016-04-15,10:30:00,40.47,40.47,40.47,40.47,200,0
2016-04-15,10:40:00,40.42,40.48,40.42,40.44,1739,0
2016-04-15,10:45:00,40.5,40.5,40.48,40.5,1620,0
2016-04-15,10:50:00,40.46,40.46,40.46,40.46,34,0
2016-04-15,10:55:00,40.46,40.49,40.46,40.49,305,0
2016-04-15,11:00:00,40.49,40.49,40.49,40.49,510,0
2016-04-15,11:10:00,40.46,40.46,40.41,40.41,587,0
2016-04-15,11:15:00,40.4,40.4,40.4,40.4,156,0
2016-04-15,11:20:00,40.39,40.39,40.39,40.39,275,0
2016-04-15,11:30:00,40.35,40.35,40.35,40.35,268,0
2016-04-15,11:35:00,40.35,40.35,40.34,40.34,234,0
2016-04-15,11:40:00,40.4,40.45,40.34,40.45,170,0
2016-04-15,11:55:00,40.45,40.45,40.34,40.45,230,0
2016-04-15,12:00:00,40.44,40.45,40.44,40.45,200,0
2016-04-15,12:10:00,40.41,40.41,40.4,40.4,330,0
2016-04-15,12:15:00,40.37,40.37,40.37,40.37,99,0
2016-04-15,12:25:00,40.4,40.4,40.4,40.4,40,0
2016-04-15,12:30:00,40.42,40.42,40.42,40.42,100,0
2016-04-15,12:40:00,40.36,40.36,40.33,40.33,1000,0
2016-04-15,12:50:00,40.41,40.43,40.41,40.43,597,0
2016-04-15,12:55:00,40.43,40.43,40.43,40.43,352,0
2016-04-15,13:05:00,40.43,40.43,40.43,40.43,78,0
2016-04-15,13:15:00,40.43,40.43,40.43,40.43,90,0
2016-04-15,13:25:00,40.43,40.43,40.32,40.32,1094,0
2016-04-15,13:35:00,40.34,40.34,40.34,40.34,7,0
2016-04-15,13:45:00,40.42,40.42,40.42,40.42,90,0
2016-04-15,13:50:00,40.33,40.33,40.32,40.32,338,0
2016-04-15,13:55:00,40.28,40.33,40.21,40.33,848,0
2016-04-15,14:05:00,40.25,40.25,40.21,40.21,436,0
2016-04-15,14:10:00,40.21,40.21,40.21,40.21,122,0
2016-04-15,14:20:00,40.21,40.21,40.2,40.2,171,0
2016-04-15,14:25:00,40.2,40.24,40.19,40.24,373,0
2016-04-15,14:45:00,40.22,40.3,40.22,40.23,1450,0
2016-04-15,14:50:00,40.28,40.28,40.28,40.28,70,0
2016-04-15,15:00:00,40.27,40.28,40.25,40.28,209,0
2016-04-15,15:05:00,40.29,40.3,40.29,40.3,821,0
2016-04-15,15:10:00,40.3,40.32,40.3,40.31,1348,0
2016-04-15,15:15:00,40.3,40.3,40.3,40.3,32,0
2016-04-15,15:25:00,40.26,40.26,40.1,40.1,1748,0
2016-04-15,15:30:00,40.1,40.1,40.1,40.1,240,0
2016-04-15,15:45:00,40.12,40.12,40,40.07,1595,0
2016-04-15,15:50:00,40.07,40.07,40.04,40.07,228,0
2016-04-15,15:55:00,40.08,40.1,40.08,40.1,20,0
2016-04-15,16:00:00,40.09,40.15,40.09,40.15,5682,0
2016-04-15,16:05:00,40.28,40.28,40.28,40.28,25,0
2016-04-15,16:15:00,40.21,40.21,40.18,40.18,847,0
2016-04-15,16:20:00,40.18,40.25,40.16,40.25,144,0
2016-04-15,16:30:00,40.16,40.16,40.16,40.16,176,0
2016-04-15,16:35:00,40.16,40.16,40.16,40.16,242,0
2016-04-15,16:40:00,40.16,40.18,40.16,40.18,218,0
2016-04-15,16:45:00,40.16,40.16,40.15,40.15,206,0
2016-04-15,16:50:00,40.15,40.29,40.14,40.29,1157,0
2016-04-18,09:05:00,39.77,39.81,39.77,39.81,522,0
2016-04-18,09:10:00,39.89,39.89,39.68,39.68,790,0
2016-04-18,09:15:00,39.8,39.8,39.8,39.8,28,0
2016-04-18,09:25:00,39.86,39.88,39.86,39.88,95,0
2016-04-18,09:30:00,39.88,39.89,39.88,39.89,337,0
2016-04-18,09:35:00,39.99,40,39.99,40,2935,0
2016-04-18,09:40:00,39.99,40,39.99,40,300,0
2016-04-18,10:00:00,39.99,40,39.99,40,559,0
2016-04-18,10:05:00,40,40,40,40,124,0
2016-04-18,10:20:00,39.99,39.99,39.99,39.99,90,0
2016-04-18,10:30:00,39.99,39.99,39.99,39.99,157,0
2016-04-18,10:45:00,39.97,39.97,39.95,39.95,201,0
2016-04-18,10:50:00,39.95,39.95,39.95,39.95,361,0
2016-04-18,11:10:00,39.98,39.99,39.98,39.99,406,0
2016-04-18,11:15:00,39.99,40,39.99,40,421,0
2016-04-18,11:20:00,40,40,40,40,50,0
2016-04-18,11:30:00,39.97,39.97,39.97,39.97,74,0
2016-04-18,11:40:00,39.98,39.98,39.98,39.98,90,0
2016-04-18,11:50:00,39.99,39.99,39.97,39.97,92,0
2016-04-18,11:55:00,39.97,39.97,39.97,39.97,37,0
2016-04-18,12:10:00,39.97,39.97,39.96,39.96,230,0
2016-04-18,12:15:00,39.99,40,39.99,40,187,0
2016-04-18,12:50:00,39.96,39.96,39.96,39.96,25,0
2016-04-18,12:55:00,39.96,39.96,39.96,39.96,25,0
2016-04-18,13:00:00,39.96,39.96,39.96,39.96,25,0
2016-04-18,13:05:00,39.96,39.96,39.95,39.95,446,0
2016-04-18,13:10:00,39.95,39.95,39.84,39.85,701,0
2016-04-18,13:15:00,39.9,39.9,39.9,39.9,93,0
2016-04-18,13:55:00,39.89,39.9,39.88,39.9,295,0
2016-04-18,14:05:00,39.9,39.9,39.9,39.9,42,0
2016-04-18,14:15:00,39.89,39.89,39.85,39.85,416,0
2016-04-18,14:40:00,39.86,39.86,39.86,39.86,275,0
2016-04-18,14:45:00,39.86,39.86,39.86,39.86,219,0
2016-04-18,14:55:00,39.88,39.88,39.79,39.79,913,0
2016-04-18,15:00:00,39.78,39.78,39.78,39.78,37,0
2016-04-18,15:25:00,39.89,39.9,39.89,39.9,446,0
2016-04-18,15:30:00,39.9,39.9,39.9,39.9,22,0
2016-04-18,15:40:00,39.78,39.78,39.78,39.78,169,0
2016-04-18,16:00:00,39.82,39.82,39.82,39.82,100,0
2016-04-18,16:05:00,39.78,39.87,39.76,39.8,626,0
2016-04-18,16:10:00,39.8,39.8,39.8,39.8,47,0
2016-04-18,16:30:00,39.81,39.81,39.81,39.81,200,0
2016-04-18,16:35:00,39.85,39.85,39.85,39.85,103,0
2016-04-18,16:40:00,39.83,39.84,39.83,39.84,52,0
2016-04-18,16:50:00,39.87,39.9,39.84,39.9,615,0
2016-04-19,09:05:00,39.84,39.84,39.84,39.84,142,0
2016-04-19,09:10:00,39.84,39.84,39.84,39.84,26,0
2016-04-19,09:15:00,39.85,39.85,39.84,39.84,165,0
2016-04-19,09:20:00,39.87,39.88,39.87,39.88,1723,0
2016-04-19,09:25:00,39.88,39.88,39.87,39.87,152,0
2016-04-19,09:30:00,39.88,39.88,39.85,39.85,95,0
2016-04-19,09:40:00,39.85,39.85,39.85,39.85,30,0
2016-04-19,09:50:00,39.88,39.88,39.87,39.88,590,0
2016-04-19,09:55:00,39.87,39.88,39.87,39.88,782,0
2016-04-19,10:00:00,39.88,39.88,39.88,39.88,50,0
2016-04-19,10:05:00,39.88,39.9,39.88,39.9,493,0
2016-04-19,10:10:00,39.89,39.9,39.89,39.9,795,0
2016-04-19,10:15:00,39.89,39.9,39.89,39.9,407,0
2016-04-19,10:20:00,39.87,39.88,39.8,39.8,1180,0
2016-04-19,10:25:00,39.81,39.81,39.81,39.81,2,0
2016-04-19,10:55:00,39.83,39.83,39.83,39.83,12,0
2016-04-19,11:15:00,39.84,39.84,39.84,39.84,52,0
2016-04-19,11:55:00,39.84,39.84,39.83,39.83,249,0
2016-04-19,12:05:00,39.87,39.87,39.87,39.87,27,0
2016-04-19,12:40:00,39.87,39.87,39.82,39.82,328,0
2016-04-19,12:45:00,39.82,39.82,39.81,39.81,304,0
2016-04-19,12:50:00,39.81,39.81,39.81,39.81,21,0
2016-04-19,13:00:00,39.86,39.87,39.86,39.87,267,0
2016-04-19,13:05:00,39.81,39.81,39.76,39.76,473,0
2016-04-19,13:10:00,39.8,39.8,39.8,39.8,216,0
2016-04-19,13:35:00,39.79,39.8,39.79,39.8,375,0
2016-04-19,13:45:00,39.74,39.74,39.73,39.73,344,0
2016-04-19,13:50:00,39.7,39.7,39.7,39.7,190,0
2016-04-19,14:25:00,39.7,39.7,39.69,39.69,415,0
2016-04-19,14:30:00,39.69,39.71,39.69,39.71,112,0
2016-04-19,14:50:00,39.68,39.68,39.65,39.65,531,0
2016-04-19,14:55:00,39.71,39.71,39.71,39.71,48,0
2016-04-19,15:00:00,39.71,39.73,39.71,39.73,165,0
2016-04-19,15:15:00,39.72,39.72,39.72,39.72,15,0
2016-04-19,15:40:00,39.71,39.71,39.56,39.6,758,0
2016-04-19,15:45:00,39.59,39.59,39.58,39.58,210,0
2016-04-19,15:50:00,39.54,39.55,39.49,39.55,567,0
2016-04-19,16:15:00,39.63,39.63,39.63,39.63,166,0
2016-04-19,16:20:00,39.63,39.64,39.63,39.63,136,0
2016-04-19,16:25:00,39.63,39.64,39.4,39.57,959,0
2016-04-19,16:30:00,39.46,39.56,39.39,39.4,302,0
2016-04-19,16:35:00,39.4,39.4,39.38,39.38,164,0
2016-04-19,16:40:00,39.41,39.41,39.36,39.36,480,0
2016-04-19,16:45:00,39.4,39.4,39.25,39.25,486,0
2016-04-19,16:50:00,39.4,39.4,39.26,39.39,405,0
2016-04-20,09:05:00,39.2,39.3,39.15,39.29,3215,0
2016-04-20,09:10:00,39.2,39.2,39.1,39.1,1611,0
2016-04-20,09:15:00,39.04,39.04,38.8,38.9,1076,0
2016-04-20,09:20:00,38.91,38.91,38.82,38.91,411,0
2016-04-20,09:30:00,38.91,38.91,38.91,38.91,50,0
2016-04-20,09:35:00,38.91,38.96,38.91,38.96,423,0
2016-04-20,09:40:00,38.97,39,38.97,38.99,502,0
2016-04-20,09:45:00,38.99,39,38.99,39,715,0
2016-04-20,09:50:00,39,39,38.95,38.99,576,0
2016-04-20,09:55:00,38.99,38.99,38.99,38.99,622,0
2016-04-20,10:00:00,38.99,39,38.96,38.98,885,0
2016-04-20,10:05:00,38.96,38.96,38.83,38.83,790,0
2016-04-20,10:10:00,38.96,38.96,38.91,38.94,55,0
2016-04-20,10:15:00,38.95,38.95,38.95,38.95,194,0
2016-04-20,10:20:00,38.96,38.98,38.95,38.95,745,0
2016-04-20,10:30:00,38.97,38.97,38.97,38.97,140,0
2016-04-20,10:40:00,38.97,38.97,38.97,38.97,91,0
2016-04-20,10:45:00,38.97,38.97,38.97,38.97,9,0
2016-04-20,10:55:00,38.98,39,38.98,38.99,421,0
2016-04-20,11:00:00,38.98,38.98,38.98,38.98,100,0
2016-04-20,11:05:00,38.97,38.97,38.96,38.96,50,0
2016-04-20,11:15:00,38.97,38.97,38.97,38.97,121,0
2016-04-20,11:30:00,38.98,38.98,38.87,38.87,1896,0
2016-04-20,11:45:00,38.86,38.86,38.86,38.86,25,0
2016-04-20,11:50:00,38.88,38.88,38.88,38.88,60,0
2016-04-20,12:05:00,38.87,38.87,38.87,38.87,165,0
2016-04-20,12:10:00,38.88,38.88,38.85,38.85,570,0
2016-04-20,12:15:00,38.83,38.83,38.8,38.8,1040,0
2016-04-20,12:35:00,38.86,38.86,38.77,38.77,677,0
2016-04-20,12:55:00,38.78,38.78,38.77,38.78,410,0
2016-04-20,13:00:00,38.77,38.8,38.69,38.8,780,0
2016-04-20,13:10:00,38.79,38.79,38.79,38.79,557,0
2016-04-20,13:20:00,38.69,38.78,38.68,38.78,504,0
2016-04-20,13:25:00,38.77,38.77,38.77,38.77,52,0
2016-04-20,13:30:00,38.69,38.73,38.68,38.73,281,0
2016-04-20,13:35:00,38.77,38.77,38.77,38.77,36,0
2016-04-20,13:40:00,38.77,38.77,38.7,38.77,512,0
2016-04-20,13:45:00,38.68,38.69,38.68,38.69,225,0
2016-04-20,13:50:00,38.76,38.76,38.76,38.76,143,0
2016-04-20,14:00:00,38.72,38.77,38.72,38.76,1009,0
2016-04-20,14:05:00,38.76,38.76,38.76,38.76,25,0
2016-04-20,14:15:00,38.76,38.76,38.67,38.67,912,0
2016-04-20,14:20:00,38.69,38.7,38.69,38.7,237,0
2016-04-20,14:25:00,38.69,38.7,38.69,38.7,253,0
2016-04-20,14:30:00,38.69,38.7,38.63,38.63,1965,0
2016-04-20,14:35:00,38.69,38.7,38.69,38.69,625,0
2016-04-20,14:40:00,38.68,38.68,38.63,38.68,897,0
2016-04-20,14:50:00,38.68,38.7,38.68,38.68,212,0
2016-04-20,14:55:00,38.66,38.66,38.53,38.53,2311,0
2016-04-20,15:00:00,38.59,38.59,38.58,38.58,227,0
2016-04-20,15:05:00,38.58,38.58,38.58,38.58,106,0
2016-04-20,15:10:00,38.58,38.58,38.57,38.57,149,0
2016-04-20,15:15:00,38.57,38.68,38.57,38.59,850,0
2016-04-20,15:20:00,38.59,38.68,38.59,38.68,242,0
2016-04-20,15:25:00,38.62,38.68,38.61,38.68,137,0
2016-04-20,15:35:00,38.63,38.64,38.55,38.55,793,0
2016-04-20,15:45:00,38.65,38.65,38.65,38.65,100,0
2016-04-20,15:50:00,38.6,38.6,38.56,38.56,649,0
2016-04-20,15:55:00,38.6,38.6,38.25,38.41,3966,0
2016-04-20,16:00:00,38.31,38.31,38.11,38.2,1296,0
2016-04-20,16:05:00,38.2,38.2,38.15,38.15,784,0
2016-04-20,16:10:00,38.2,38.21,38.18,38.18,1200,0
2016-04-20,16:15:00,38.27,38.27,38.27,38.27,100,0
2016-04-20,16:20:00,38.3,38.32,38.25,38.32,976,0
2016-04-20,16:25:00,38.25,38.25,38.24,38.24,510,0
2016-04-20,16:30:00,38.22,38.27,38.2,38.27,2534,0
2016-04-20,16:35:00,38.32,38.37,38.25,38.25,10981,0
2016-04-20,16:40:00,38.26,38.38,38.2,38.2,1267,0
2016-04-20,16:45:00,38.4,38.49,38.4,38.48,2483,0
2016-04-20,16:50:00,38.4,38.4,38.2,38.21,7175,0
2016-04-21,09:05:00,38.4,38.4,38.4,38.4,1120,0
2016-04-21,09:10:00,38.5,38.5,38.42,38.42,565,0
2016-04-21,09:15:00,38.76,38.76,38.6,38.6,453,0
2016-04-21,09:20:00,38.74,38.74,38.6,38.6,37,0
2016-04-21,09:25:00,38.6,38.6,38.56,38.56,309,0
2016-04-21,09:35:00,38.59,38.59,38.58,38.59,398,0
2016-04-21,09:40:00,38.6,38.6,38.44,38.51,2438,0
2016-04-21,09:45:00,38.58,38.58,38.58,38.58,96,0
2016-04-21,09:50:00,38.58,38.65,38.54,38.62,2390,0
2016-04-21,09:55:00,38.61,38.61,38.61,38.61,250,0
2016-04-21,10:00:00,38.61,38.61,38.57,38.57,325,0
2016-04-21,10:05:00,38.6,38.61,38.56,38.59,1255,0
2016-04-21,10:10:00,38.59,38.62,38.57,38.59,976,0
2016-04-21,10:15:00,38.58,38.59,38.58,38.59,238,0
2016-04-21,10:20:00,38.61,38.62,38.6,38.6,286,0
2016-04-21,10:25:00,38.6,38.69,38.58,38.6,6289,0
2016-04-21,10:30:00,38.64,38.64,38.56,38.6,4835,0
2016-04-21,10:35:00,38.63,38.64,38.63,38.64,248,0
2016-04-21,10:40:00,38.61,38.61,38.57,38.59,3434,0
2016-04-21,10:45:00,38.59,38.59,38.56,38.58,189,0
2016-04-21,10:50:00,38.57,38.57,38.5,38.5,939,0
2016-04-21,10:55:00,38.47,38.47,38.39,38.39,1090,0
2016-04-21,11:00:00,38.27,38.47,38.2,38.36,1757,0
2016-04-21,11:05:00,38.47,38.47,38.47,38.47,5,0
2016-04-21,11:10:00,38.46,38.46,38.46,38.46,65,0
2016-04-21,11:15:00,38.46,38.46,38.46,38.46,104,0
2016-04-21,11:20:00,38.46,38.46,38.36,38.41,430,0
2016-04-21,11:45:00,38.44,38.44,38.44,38.44,200,0
2016-04-21,11:50:00,38.45,38.46,38.45,38.46,243,0
2016-04-21,11:55:00,38.43,38.43,38.42,38.42,217,0
2016-04-21,12:05:00,38.42,38.42,38.42,38.42,125,0
2016-04-21,12:30:00,38.48,38.48,38.44,38.44,368,0
2016-04-21,12:35:00,38.44,38.44,38.44,38.44,58,0
2016-04-21,12:50:00,38.42,38.42,38.42,38.42,100,0
2016-04-21,12:55:00,38.41,38.44,38.41,38.44,225,0
2016-04-21,13:00:00,38.44,38.44,38.44,38.44,214,0
2016-04-21,13:10:00,38.44,38.49,38.44,38.49,735,0
2016-04-21,13:35:00,38.49,38.49,38.49,38.49,40,0
2016-04-21,13:45:00,38.49,38.53,38.49,38.53,532,0
2016-04-21,13:50:00,38.53,38.53,38.53,38.53,5,0
2016-04-21,13:55:00,38.49,38.49,38.48,38.48,275,0
2016-04-21,14:10:00,38.46,38.46,38.46,38.46,93,0
2016-04-21,14:15:00,38.47,38.47,38.47,38.47,200,0
2016-04-21,14:25:00,38.49,38.49,38.49,38.49,100,0
2016-04-21,14:30:00,38.5,38.5,38.5,38.5,190,0
2016-04-21,14:35:00,38.51,38.51,38.51,38.51,9,0
2016-04-21,14:40:00,38.47,38.47,38.45,38.45,168,0
2016-04-21,14:45:00,38.47,38.49,38.47,38.49,67,0
2016-04-21,15:00:00,38.49,38.49,38.39,38.39,1415,0
2016-04-21,15:10:00,38.38,38.47,38.38,38.47,4898,0
2016-04-21,15:15:00,38.47,38.49,38.4,38.48,6781,0
2016-04-21,15:20:00,38.35,38.4,38.34,38.4,866,0
2016-04-21,15:25:00,38.39,38.45,38.34,38.43,792,0
2016-04-21,15:30:00,38.38,38.45,38.3,38.3,948,0
2016-04-21,15:35:00,38.3,38.36,38.3,38.36,329,0
2016-04-21,15:40:00,38.34,38.34,38.34,38.34,94,0
2016-04-21,15:45:00,38.3,38.3,38.1,38.1,3801,0
2016-04-21,15:50:00,38.1,38.2,37.9,38,3446,0
2016-04-21,15:55:00,38,38.1,38,38.1,788,0
2016-04-21,16:00:00,38.01,38.01,37.99,37.99,495,0
2016-04-21,16:05:00,37.91,37.99,37.9,37.9,340,0
2016-04-21,16:10:00,37.97,38,37.88,37.9,3240,0
2016-04-21,16:15:00,37.9,37.9,37.85,37.85,1069,0
2016-04-21,16:20:00,37.85,37.9,37.7,37.7,1971,0
2016-04-21,16:25:00,37.8,37.8,37.8,37.8,138,0
2016-04-21,16:30:00,37.7,37.7,37.7,37.7,124,0
2016-04-21,16:35:00,37.71,37.71,37.7,37.7,1138,0
2016-04-21,16:40:00,37.7,37.7,37.7,37.7,285,0
2016-04-21,16:45:00,37.8,37.8,37.7,37.7,391,0
2016-04-21,16:50:00,37.7,37.9,37.7,37.9,12546,0
2016-04-22,09:05:00,38.4,38.4,38.4,38.4,58,0
2016-04-22,09:15:00,38.11,38.11,38.1,38.1,275,0
2016-04-22,09:20:00,38.07,38.07,38.07,38.07,353,0
2016-04-22,09:30:00,38.26,38.27,38.08,38.08,189,0
2016-04-22,09:40:00,38.11,38.11,38.11,38.11,52,0
2016-04-22,09:55:00,38.16,38.16,38.06,38.07,3348,0
2016-04-22,10:00:00,38.12,38.12,38.05,38.05,1555,0
2016-04-22,10:05:00,38.02,38.12,37.9,38.09,3434,0
2016-04-22,10:10:00,38.09,38.09,37.97,38.05,812,0
2016-04-22,10:15:00,38.05,38.16,37.99,38.15,4142,0
2016-04-22,10:20:00,38.15,38.16,38.07,38.09,1189,0
2016-04-22,10:25:00,38.21,38.26,38.18,38.18,2048,0
2016-04-22,10:30:00,38.25,38.25,38.16,38.25,328,0
2016-04-22,10:45:00,38.26,38.26,38.25,38.25,137,0
2016-04-22,10:50:00,38.25,38.31,38.25,38.26,117,0
2016-04-22,10:55:00,38.22,38.22,38.21,38.21,165,0
2016-04-22,11:00:00,38.19,38.19,38.13,38.13,2447,0
2016-04-22,11:05:00,38.09,38.15,38.09,38.15,1329,0
2016-04-22,11:10:00,38.13,38.15,38.06,38.15,4826,0
2016-04-22,11:15:00,38.09,38.15,38.09,38.09,900,0
2016-04-22,11:20:00,38.12,38.13,38.06,38.11,7509,0
2016-04-22,11:25:00,38.11,38.11,38.07,38.07,351,0
2016-04-22,11:30:00,38.07,38.07,38.07,38.07,94,0
2016-04-22,11:35:00,38.07,38.07,37.92,37.92,1707,0
2016-04-22,11:45:00,38,38,38,38,103,0
2016-04-22,11:50:00,38,38,37.93,37.93,577,0
2016-04-22,12:05:00,37.94,37.94,37.94,37.94,90,0
2016-04-22,12:10:00,37.99,37.99,37.91,37.91,352,0
2016-04-22,12:15:00,37.91,37.91,37.87,37.87,1228,0
2016-04-22,12:20:00,37.9,37.95,37.87,37.91,681,0
2016-04-22,12:25:00,37.93,37.94,37.9,37.91,3009,0
2016-04-22,12:30:00,37.91,37.92,37.88,37.92,925,0
2016-04-22,12:35:00,37.92,37.97,37.91,37.97,1135,0
2016-04-22,12:40:00,37.97,38,37.95,37.98,4289,0
2016-04-22,12:45:00,37.97,37.99,37.95,37.95,8674,0
2016-04-22,12:50:00,37.94,37.94,37.93,37.93,456,0
2016-04-22,12:55:00,37.93,37.94,37.93,37.94,333,0
2016-04-22,13:00:00,37.92,37.95,37.87,37.87,1610,0
2016-04-22,13:10:00,37.88,37.95,37.87,37.95,1383,0
2016-04-22,13:15:00,37.96,37.97,37.95,37.97,849,0
2016-04-22,13:20:00,37.96,37.99,37.96,37.97,1348,0
2016-04-22,13:25:00,37.98,37.98,37.94,37.97,558,0
2016-04-22,13:30:00,37.96,37.96,37.96,37.96,248,0
2016-04-22,13:35:00,37.97,37.97,37.95,37.97,30,0
2016-04-22,13:40:00,37.95,37.95,37.95,37.95,53,0
2016-04-22,13:55:00,37.99,37.99,37.99,37.99,74,0
2016-04-22,14:00:00,37.95,37.95,37.95,37.95,614,0
2016-04-22,14:30:00,37.94,37.94,37.94,37.94,18,0
2016-04-22,14:35:00,37.98,37.98,37.94,37.94,991,0
2016-04-22,14:50:00,37.94,37.94,37.93,37.93,1342,0
2016-04-22,14:55:00,37.91,37.91,37.91,37.91,25,0
2016-04-22,15:05:00,37.92,37.97,37.92,37.97,123,0
2016-04-22,15:10:00,37.95,37.97,37.95,37.97,740,0
2016-04-22,15:15:00,37.97,37.97,37.97,37.97,265,0
2016-04-22,15:35:00,37.95,37.95,37.95,37.95,2680,0
2016-04-22,15:40:00,37.92,37.92,37.9,37.9,724,0
2016-04-22,15:45:00,37.95,37.95,37.95,37.95,33,0
2016-04-22,15:50:00,37.95,37.95,37.95,37.95,13,0
2016-04-22,15:55:00,37.95,37.95,37.95,37.95,211,0
2016-04-22,16:00:00,37.95,37.95,37.95,37.95,55,0
2016-04-22,16:05:00,37.95,37.95,37.95,37.95,109,0
2016-04-22,16:10:00,37.95,37.95,37.95,37.95,94,0
2016-04-22,16:15:00,37.95,37.95,37.9,37.9,2421,0
2016-04-22,16:20:00,37.95,37.95,37.95,37.95,306,0
2016-04-22,16:25:00,37.95,37.95,37.95,37.95,3452,0
2016-04-22,16:30:00,37.92,37.92,37.92,37.92,110,0
2016-04-22,16:35:00,37.95,37.95,37.91,37.91,149,0
2016-04-22,16:45:00,37.92,37.92,37.92,37.92,376,0
2016-04-22,16:50:00,37.91,37.91,37.85,37.9,5707,0
2016-04-25,09:05:00,37.9,38,37.9,38,452,0
2016-04-25,09:15:00,37.92,37.93,37.92,37.92,119,0
2016-04-25,09:20:00,37.92,37.92,37.92,37.92,8,0
2016-04-25,09:25:00,37.91,37.92,37.91,37.92,111,0
2016-04-25,09:30:00,37.92,37.92,37.92,37.92,94,0
2016-04-25,09:35:00,37.92,38.12,37.92,38.12,279,0
2016-04-25,10:10:00,37.97,37.97,37.97,37.97,25,0
2016-04-25,10:15:00,38,38,37.96,38,226,0
2016-04-25,10:25:00,38,38,38,38,16,0
2016-04-25,10:30:00,38,38,38,38,400,0
2016-04-25,10:45:00,37.96,37.96,37.96,37.96,25,0
2016-04-25,10:55:00,38.02,38.02,37.97,37.97,285,0
2016-04-25,11:10:00,38,38,38,38,75,0
2016-04-25,11:20:00,37.97,37.97,37.9,37.92,596,0
2016-04-25,11:30:00,37.88,37.88,37.88,37.88,25,0
2016-04-25,11:40:00,37.9,37.9,37.88,37.88,125,0
2016-04-25,11:50:00,37.9,37.9,37.9,37.9,80,0
2016-04-25,11:55:00,37.94,37.94,37.94,37.94,74,0
2016-04-25,12:05:00,37.88,37.88,37.88,37.88,25,0
2016-04-25,12:15:00,37.88,37.88,37.88,37.88,61,0
2016-04-25,12:35:00,37.88,37.88,37.88,37.88,160,0
2016-04-25,12:50:00,37.85,37.85,37.85,37.85,55,0
2016-04-25,13:00:00,37.88,37.88,37.88,37.88,40,0
2016-04-25,13:05:00,37.89,37.9,37.89,37.9,110,0
2016-04-25,13:15:00,37.9,37.9,37.9,37.9,15,0
2016-04-25,13:30:00,37.88,37.88,37.88,37.88,50,0
2016-04-25,13:45:00,37.85,37.85,37.84,37.84,94,0
2016-04-25,14:15:00,37.83,37.83,37.82,37.82,136,0
2016-04-25,14:20:00,37.88,37.88,37.88,37.88,100,0
2016-04-25,15:10:00,37.8,37.8,37.8,37.8,186,0
2016-04-25,15:25:00,37.86,37.86,37.86,37.86,172,0
2016-04-25,15:35:00,37.88,37.88,37.88,37.88,58,0
2016-04-25,15:40:00,37.88,37.88,37.88,37.88,36,0
2016-04-25,15:55:00,37.85,37.85,37.85,37.85,25,0
2016-04-25,16:10:00,37.9,37.9,37.9,37.9,75,0
2016-04-25,16:20:00,37.9,37.9,37.87,37.87,427,0
2016-04-25,16:40:00,37.87,37.87,37.87,37.87,25,0
2016-04-25,16:50:00,37.9,37.9,37.89,37.89,113,0
2016-04-26,09:05:00,37.88,37.89,37.88,37.89,426,0
2016-04-26,09:15:00,37.89,37.89,37.89,37.89,333,0
2016-04-26,09:30:00,37.89,37.89,37.89,37.89,45,0
2016-04-26,09:35:00,37.87,37.89,37.87,37.89,20,0
2016-04-26,09:40:00,37.84,37.84,37.84,37.84,55,0
2016-04-26,09:45:00,37.89,37.89,37.89,37.89,300,0
2016-04-26,09:50:00,37.9,37.9,37.9,37.9,82,0
2016-04-26,09:55:00,37.9,37.92,37.9,37.92,438,0
2016-04-26,10:00:00,37.92,38,37.9,38,788,0
2016-04-26,10:10:00,38,38,38,38,38,0
2016-04-26,10:15:00,38,38,38,38,1618,0
2016-04-26,10:25:00,38.1,38.1,38.1,38.1,200,0
2016-04-26,10:30:00,38.01,38.01,38.01,38.01,594,0
2016-04-26,10:40:00,37.98,38.01,37.97,38,1094,0
2016-04-26,10:50:00,38,38,38,38,161,0
2016-04-26,10:55:00,38,38,38,38,58,0
2016-04-26,11:05:00,38.09,38.09,38.09,38.09,204,0
2016-04-26,11:10:00,38.09,38.09,38.09,38.09,342,0
2016-04-26,11:20:00,38.09,38.09,38.09,38.09,160,0
2016-04-26,11:30:00,38.08,38.08,38.08,38.08,1274,0
2016-04-26,11:35:00,38,38.08,38,38,513,0
2016-04-26,11:45:00,38,38,38,38,715,0
2016-04-26,11:50:00,38,38,38,38,1664,0
2016-04-26,11:55:00,38,38,38,38,646,0
2016-04-26,12:00:00,38,38,38,38,2238,0
2016-04-26,12:05:00,38,38,38,38,827,0
2016-04-26,12:10:00,37.98,37.98,37.97,37.97,362,0
2016-04-26,12:15:00,37.97,38,37.97,38,188,0
2016-04-26,12:20:00,38,38,38,38,1943,0
2016-04-26,12:25:00,38,38,38,38,130,0
2016-04-26,12:30:00,38,38,38,38,147,0
2016-04-26,12:35:00,38,38,38,38,105,0
2016-04-26,12:40:00,38,38,38,38,50,0
2016-04-26,12:45:00,38,38,37.97,37.97,714,0
2016-04-26,12:50:00,37.97,37.97,37.93,37.93,1497,0
2016-04-26,12:55:00,37.93,37.96,37.93,37.96,363,0
2016-04-26,13:05:00,37.96,37.96,37.96,37.96,220,0
2016-04-26,13:10:00,37.96,37.96,37.96,37.96,386,0
2016-04-26,13:20:00,37.96,37.96,37.96,37.96,35,0
2016-04-26,13:25:00,37.96,37.96,37.96,37.96,415,0
2016-04-26,13:30:00,37.96,37.96,37.96,37.96,50,0
2016-04-26,13:35:00,37.96,37.96,37.96,37.96,210,0
2016-04-26,13:40:00,37.96,37.96,37.95,37.95,646,0
2016-04-26,13:45:00,37.95,37.95,37.95,37.95,200,0
2016-04-26,14:00:00,37.95,37.97,37.95,37.97,359,0
2016-04-26,14:05:00,37.96,38,37.96,38,247,0
2016-04-26,14:10:00,38,38,38,38,3305,0
2016-04-26,14:15:00,38.18,38.18,38.18,38.18,191,0
2016-04-26,14:20:00,38.01,38.17,38.01,38.17,161,0
2016-04-26,14:25:00,38.17,38.17,38.17,38.17,94,0
2016-04-26,14:30:00,38.17,38.17,38.17,38.17,96,0
2016-04-26,14:35:00,38.05,38.15,38.01,38.05,663,0
2016-04-26,14:40:00,38,38,38,38,731,0
2016-04-26,14:50:00,38.02,38.02,38.01,38.01,349,0
2016-04-26,14:55:00,38.15,38.15,38.15,38.15,26,0
2016-04-26,15:00:00,38.15,38.15,38.15,38.15,25,0
2016-04-26,15:05:00,38.02,38.02,38.02,38.02,128,0
2016-04-26,15:15:00,37.98,38,37.96,38,721,0
2016-04-26,15:20:00,38,38,38,38,498,0
2016-04-26,15:25:00,37.99,38,37.99,38,1376,0
2016-04-26,15:30:00,38,38,38,38,201,0
2016-04-26,15:40:00,38,38,37.99,37.99,765,0
2016-04-26,15:45:00,37.99,38,37.98,38,2494,0
2016-04-26,15:50:00,38,38,38,38,172,0
2016-04-26,16:10:00,38,38,37.97,37.97,246,0
2016-04-26,16:15:00,37.97,37.97,37.95,37.97,244,0
2016-04-26,16:20:00,37.96,37.96,37.96,37.96,353,0
2016-04-26,16:25:00,37.97,37.97,37.97,37.97,390,0
2016-04-26,16:30:00,38,38,38,38,401,0
2016-04-26,16:45:00,37.99,38,37.99,38,1032,0
2016-04-26,16:50:00,37.98,37.99,37.95,37.99,2097,0
2016-04-27,09:05:00,38.3,38.36,38.3,38.36,30,0
2016-04-27,09:10:00,38.35,38.35,38.35,38.35,314,0
2016-04-27,09:15:00,38.44,38.44,38.39,38.39,543,0
2016-04-27,09:20:00,38.26,38.4,38.26,38.4,50,0
2016-04-27,09:30:00,38.4,38.4,38.31,38.31,275,0
2016-04-27,09:40:00,38.35,38.35,38.33,38.33,683,0
2016-04-27,10:00:00,38.37,38.37,38.37,38.37,210,0
2016-04-27,10:05:00,38.38,38.38,38.38,38.38,1094,0
2016-04-27,10:10:00,38.38,38.38,38.38,38.38,718,0
2016-04-27,10:15:00,38.38,38.38,38.37,38.37,377,0
2016-04-27,10:25:00,38.35,38.35,38.35,38.35,110,0
2016-04-27,10:35:00,38.35,38.35,38.35,38.35,128,0
2016-04-27,10:40:00,38.37,38.37,38.37,38.37,26,0
2016-04-27,10:45:00,38.35,38.35,38.35,38.35,68,0
2016-04-27,10:50:00,38.35,38.37,38.35,38.37,234,0
2016-04-27,11:00:00,38.37,38.37,38.37,38.37,178,0
2016-04-27,11:05:00,38.35,38.35,38.35,38.35,225,0
2016-04-27,11:15:00,38.34,38.34,38.34,38.34,25,0
2016-04-27,11:30:00,38.34,38.34,38.34,38.34,351,0
2016-04-27,11:35:00,38.3,38.38,38.3,38.38,125,0
2016-04-27,11:40:00,38.38,38.38,38.3,38.3,270,0
2016-04-27,11:55:00,38.38,38.4,38.38,38.4,850,0
2016-04-27,12:10:00,38.38,38.38,38.38,38.38,56,0
2016-04-27,12:15:00,38.39,38.39,38.39,38.39,100,0
2016-04-27,12:20:00,38.4,38.4,38.4,38.4,44,0
2016-04-27,12:25:00,38.38,38.38,38.38,38.38,129,0
2016-04-27,12:30:00,38.34,38.34,38.34,38.34,8,0
2016-04-27,12:45:00,38.34,38.4,38.34,38.4,100,0
2016-04-27,12:55:00,38.35,38.35,38.33,38.33,604,0
2016-04-27,13:05:00,38.35,38.39,38.35,38.39,124,0
2016-04-27,13:15:00,38.36,38.36,38.36,38.36,295,0
2016-04-27,13:25:00,38.32,38.36,38.32,38.36,345,0
2016-04-27,13:40:00,38.36,38.36,38.32,38.32,200,0
2016-04-27,13:50:00,38.32,38.32,38.32,38.32,67,0
2016-04-27,14:00:00,38.32,38.33,38.32,38.32,119,0
2016-04-27,14:05:00,38.32,38.32,38.22,38.22,989,0
2016-04-27,14:15:00,38.23,38.23,38.23,38.23,25,0
2016-04-27,14:55:00,38.23,38.23,38.23,38.23,25,0
2016-04-27,15:00:00,38.25,38.25,38.25,38.25,41,0
2016-04-27,15:05:00,38.24,38.24,38.24,38.24,149,0
2016-04-27,15:10:00,38.24,38.25,38.22,38.25,852,0
2016-04-27,15:25:00,38.29,38.29,38.2,38.2,675,0
2016-04-27,15:35:00,38.2,38.26,38.2,38.26,471,0
2016-04-27,15:40:00,38.26,38.26,38.26,38.26,20,0
2016-04-27,16:00:00,38.21,38.21,38.21,38.21,179,0
2016-04-27,16:05:00,38.21,38.21,38.21,38.21,9,0
2016-04-27,16:15:00,38.22,38.24,38.22,38.22,245,0
2016-04-27,16:35:00,38.21,38.22,38.21,38.22,161,0
2016-04-27,16:45:00,38.23,38.23,38.22,38.22,588,0
2016-04-27,16:50:00,38.22,38.24,38.21,38.24,694,0
2016-04-28,09:05:00,38.02,38.02,38.02,38.02,158,0
2016-04-28,09:10:00,38.03,38.03,38.03,38.03,11,0
2016-04-28,09:25:00,38.1,38.1,38.1,38.1,50,0
2016-04-28,09:30:00,38.2,38.2,38.17,38.17,1309,0
2016-04-28,09:40:00,38.16,38.17,38.15,38.15,384,0
2016-04-28,09:45:00,38.15,38.15,38.15,38.15,292,0
2016-04-28,09:50:00,38.15,38.19,38.12,38.12,586,0
2016-04-28,09:55:00,38.13,38.13,38.13,38.13,133,0
2016-04-28,10:05:00,38.14,38.14,38.12,38.12,355,0
2016-04-28,10:10:00,38.19,38.19,38.19,38.19,100,0
2016-04-28,10:20:00,38.16,38.16,38.16,38.16,78,0
2016-04-28,10:25:00,38.16,38.16,38.13,38.14,139,0
2016-04-28,10:30:00,38.12,38.12,38.12,38.12,320,0
2016-04-28,10:40:00,38.12,38.18,38.12,38.18,611,0
2016-04-28,10:50:00,38.17,38.17,38.17,38.17,50,0
2016-04-28,10:55:00,38.13,38.13,38.1,38.1,1127,0
2016-04-28,11:00:00,38.08,38.1,38.08,38.1,796,0
2016-04-28,11:10:00,38.15,38.15,38.15,38.15,257,0
2016-04-28,11:15:00,38.13,38.13,38.12,38.12,273,0
2016-04-28,11:20:00,38.08,38.08,38.01,38.01,3590,0
2016-04-28,11:25:00,38,38,37.97,37.97,703,0
2016-04-28,11:30:00,37.93,37.93,37.86,37.86,1516,0
2016-04-28,11:35:00,37.9,37.91,37.9,37.91,152,0
2016-04-28,11:40:00,37.94,37.94,37.91,37.91,336,0
2016-04-28,11:45:00,37.91,37.91,37.86,37.86,497,0
2016-04-28,11:55:00,37.86,37.94,37.86,37.94,123,0
2016-04-28,12:00:00,37.94,37.95,37.94,37.95,968,0
2016-04-28,12:05:00,37.88,37.88,37.88,37.88,550,0
2016-04-28,12:10:00,37.88,37.88,37.86,37.86,382,0
2016-04-28,12:20:00,37.88,37.9,37.88,37.9,1000,0
2016-04-28,12:25:00,37.89,37.9,37.89,37.9,266,0
2016-04-28,12:40:00,37.89,37.9,37.89,37.9,268,0
2016-04-28,12:45:00,37.87,37.87,37.87,37.87,500,0
2016-04-28,12:50:00,37.88,37.88,37.88,37.88,50,0
2016-04-28,13:00:00,37.88,37.88,37.88,37.88,300,0
2016-04-28,13:05:00,37.86,37.86,37.85,37.85,745,0
2016-04-28,13:15:00,37.85,37.88,37.85,37.88,53,0
2016-04-28,13:20:00,37.88,37.88,37.88,37.88,110,0
2016-04-28,13:25:00,37.88,37.88,37.85,37.85,550,0
2016-04-28,13:30:00,37.85,37.85,37.85,37.85,94,0
2016-04-28,13:40:00,37.85,37.85,37.85,37.85,48,0
2016-04-28,13:45:00,37.85,37.85,37.85,37.85,30,0
2016-04-28,13:55:00,37.85,37.85,37.82,37.82,234,0
2016-04-28,14:00:00,37.85,37.85,37.82,37.82,65,0
2016-04-28,14:05:00,37.82,37.82,37.82,37.82,259,0
2016-04-28,14:10:00,37.85,37.85,37.85,37.85,82,0
2016-04-28,14:20:00,37.85,37.85,37.85,37.85,415,0
2016-04-28,14:25:00,37.83,37.83,37.8,37.8,500,0
2016-04-28,14:45:00,37.86,37.86,37.86,37.86,52,0
2016-04-28,15:00:00,37.82,37.82,37.8,37.8,500,0
2016-04-28,15:05:00,37.8,37.86,37.77,37.86,536,0
2016-04-28,15:10:00,37.85,37.85,37.85,37.85,50,0
2016-04-28,15:15:00,37.8,37.8,37.8,37.8,234,0
2016-04-28,15:20:00,37.8,37.8,37.8,37.8,11,0
2016-04-28,15:40:00,37.86,37.86,37.86,37.86,49,0
2016-04-28,15:45:00,37.81,37.81,37.81,37.81,25,0
2016-04-28,15:50:00,37.85,37.85,37.85,37.85,1,0
2016-04-28,15:55:00,37.85,37.85,37.85,37.85,104,0
2016-04-28,16:00:00,37.85,37.85,37.85,37.85,30,0
2016-04-28,16:05:00,37.83,37.83,37.79,37.79,809,0
2016-04-28,16:20:00,37.78,37.8,37.7,37.8,969,0
2016-04-28,16:35:00,37.8,37.8,37.8,37.8,229,0
2016-04-28,16:40:00,37.74,37.8,37.71,37.8,607,0
2016-04-28,16:45:00,37.74,37.74,37.74,37.74,90,0
2016-04-28,16:50:00,37.77,37.8,37.7,37.7,536,0
2016-04-29,09:05:00,37.69,37.69,37.3,37.39,6238,0
2016-04-29,09:10:00,37.25,37.3,37.24,37.3,1009,0
2016-04-29,09:15:00,37.3,37.5,37.29,37.29,1776,0
2016-04-29,09:20:00,37.31,37.33,37.31,37.32,259,0
2016-04-29,09:25:00,37.32,37.32,37.11,37.11,1522,0
2016-04-29,09:30:00,37.11,37.25,36.86,37.18,4198,0
2016-04-29,09:35:00,37.28,37.33,37.28,37.33,3471,0
2016-04-29,09:40:00,37.4,37.4,37.33,37.33,158,0
2016-04-29,09:45:00,37.33,37.34,37.33,37.34,100,0
2016-04-29,09:50:00,37.36,37.36,37.32,37.32,977,0
2016-04-29,09:55:00,37.31,37.33,37.3,37.33,1447,0
2016-04-29,10:00:00,37.34,37.36,37.34,37.36,373,0
2016-04-29,10:05:00,37.36,37.4,37.32,37.32,984,0
2016-04-29,10:10:00,37.35,37.35,37.33,37.33,100,0
2016-04-29,10:15:00,37.48,37.48,37.48,37.48,15,0
2016-04-29,10:20:00,37.35,37.35,37.35,37.35,197,0
2016-04-29,10:25:00,37.48,37.48,37.48,37.48,49,0
2016-04-29,10:35:00,37.47,37.47,37.47,37.47,506,0
2016-04-29,10:40:00,37.5,37.5,37.47,37.5,253,0
2016-04-29,10:45:00,37.5,37.69,37.5,37.69,687,0
2016-04-29,10:50:00,37.82,37.82,37.69,37.69,135,0
2016-04-29,10:55:00,37.65,37.65,37.6,37.6,348,0
2016-04-29,11:00:00,37.53,37.53,37.53,37.53,142,0
2016-04-29,11:05:00,37.89,37.89,37.89,37.89,35,0
2016-04-29,11:15:00,37.89,37.89,37.89,37.89,20,0
2016-04-29,11:20:00,37.75,37.89,37.75,37.89,205,0
2016-04-29,11:40:00,37.78,37.78,37.78,37.78,159,0
2016-04-29,11:45:00,37.7,37.8,37.7,37.8,58,0
2016-04-29,11:50:00,37.8,37.8,37.8,37.8,270,0
2016-04-29,11:55:00,37.8,37.88,37.8,37.82,738,0
2016-04-29,12:15:00,37.78,38.09,37.7,38.09,1628,0
2016-04-29,12:20:00,38.09,38.45,37.74,38,6104,0
2016-04-29,12:25:00,38.26,38.26,38,38.19,237,0
2016-04-29,12:30:00,38.1,38.1,37.99,38,355,0
2016-04-29,12:35:00,37.93,38.17,37.93,38.07,885,0
2016-04-29,12:40:00,38,38,38,38,5,0
2016-04-29,12:45:00,38,38.29,38,38.22,350,0
2016-04-29,12:50:00,38,38.18,37.85,37.94,1181,0
2016-04-29,12:55:00,37.88,37.94,37.8,37.9,677,0
2016-04-29,13:00:00,37.81,37.81,37.81,37.81,135,0
2016-04-29,13:15:00,37.85,37.85,37.85,37.85,45,0
2016-04-29,13:20:00,37.8,37.8,37.75,37.77,595,0
2016-04-29,13:45:00,37.91,37.91,37.81,37.81,198,0
2016-04-29,14:05:00,37.85,37.85,37.85,37.85,172,0
2016-04-29,14:25:00,37.81,37.81,37.81,37.81,188,0
2016-04-29,14:30:00,37.82,37.82,37.81,37.81,140,0
2016-04-29,14:40:00,37.81,37.81,37.81,37.81,198,0
2016-04-29,14:45:00,37.81,37.9,37.81,37.9,289,0
2016-04-29,15:05:00,37.85,37.85,37.81,37.81,215,0
2016-04-29,15:10:00,37.9,37.9,37.9,37.9,10,0
2016-04-29,15:20:00,37.9,37.9,37.9,37.9,100,0
2016-04-29,15:25:00,37.85,37.85,37.81,37.81,208,0
2016-04-29,15:30:00,37.81,37.81,37.8,37.8,2532,0
2016-04-29,15:35:00,37.76,37.76,37.76,37.76,197,0
2016-04-29,15:40:00,37.75,37.76,37.75,37.76,374,0
2016-04-29,15:45:00,37.8,37.8,37.8,37.8,116,0
2016-04-29,16:05:00,37.75,37.75,37.7,37.7,311,0
2016-04-29,16:10:00,37.7,37.7,37.7,37.7,1668,0
2016-04-29,16:25:00,37.71,37.71,37.71,37.71,371,0
2016-04-29,16:30:00,37.75,37.75,37.75,37.75,35,0
2016-04-29,16:45:00,37.72,37.72,37.72,37.72,320,0
2016-04-29,16:50:00,37.72,37.72,37.72,37.72,589,0
