2016-03-07,09:05:00,0.85,0.85,0.85,0.85,200,0
2016-03-07,09:10:00,0.85,0.85,0.85,0.85,10000,0
2016-03-07,09:15:00,0.85,0.85,0.85,0.85,5000,0
2016-03-07,09:25:00,0.85,0.85,0.84,0.84,7340,0
2016-03-07,09:30:00,0.84,0.84,0.84,0.84,1899,0
2016-03-07,09:35:00,0.83,0.83,0.83,0.83,52000,0
2016-03-07,09:40:00,0.84,0.84,0.84,0.84,1200,0
2016-03-07,09:55:00,0.83,0.83,0.83,0.83,214,0
2016-03-07,10:00:00,0.83,0.84,0.82,0.84,132081,0
2016-03-07,10:05:00,0.84,0.84,0.84,0.84,5000,0
2016-03-07,10:10:00,0.85,0.85,0.85,0.85,14000,0
2016-03-07,10:15:00,0.85,0.85,0.85,0.85,8300,0
2016-03-07,10:20:00,0.84,0.84,0.84,0.84,3390,0
2016-03-07,10:25:00,0.84,0.85,0.84,0.85,5221,0
2016-03-07,11:30:00,0.84,0.84,0.84,0.84,15409,0
2016-03-07,11:35:00,0.85,0.85,0.85,0.85,48,0
2016-03-07,11:40:00,0.84,0.84,0.84,0.84,3000,0
2016-03-07,11:50:00,0.84,0.84,0.84,0.84,4000,0
2016-03-07,12:00:00,0.84,0.84,0.84,0.84,8431,0
2016-03-07,12:20:00,0.84,0.84,0.84,0.84,700,0
2016-03-07,12:25:00,0.84,0.84,0.84,0.84,5000,0
2016-03-07,12:40:00,0.84,0.84,0.84,0.84,1000,0
2016-03-07,12:45:00,0.83,0.83,0.83,0.83,300000,0
2016-03-07,12:50:00,0.83,0.84,0.83,0.83,84416,0
2016-03-07,13:00:00,0.84,0.84,0.84,0.84,832,0
2016-03-07,13:05:00,0.84,0.84,0.84,0.84,7500,0
2016-03-07,13:10:00,0.84,0.84,0.84,0.84,4266,0
2016-03-07,13:20:00,0.84,0.84,0.84,0.84,8858,0
2016-03-07,13:25:00,0.84,0.84,0.84,0.84,4777,0
2016-03-07,13:30:00,0.83,0.83,0.83,0.83,5000,0
2016-03-07,13:35:00,0.84,0.84,0.84,0.84,1,0
2016-03-07,13:45:00,0.84,0.84,0.84,0.84,3777,0
2016-03-07,13:50:00,0.84,0.84,0.84,0.84,38828,0
2016-03-07,13:55:00,0.84,0.84,0.83,0.83,10000,0
2016-03-07,14:05:00,0.83,0.84,0.83,0.83,11386,0
2016-03-07,14:15:00,0.84,0.84,0.84,0.84,6853,0
2016-03-07,14:20:00,0.84,0.84,0.84,0.84,1000,0
2016-03-07,14:25:00,0.83,0.83,0.83,0.83,20000,0
2016-03-07,14:35:00,0.83,0.83,0.83,0.83,24890,0
2016-03-07,14:55:00,0.83,0.83,0.81,0.81,166119,0
2016-03-07,15:00:00,0.82,0.82,0.82,0.82,8705,0
2016-03-07,15:15:00,0.82,0.82,0.82,0.82,8730,0
2016-03-07,15:20:00,0.83,0.83,0.83,0.83,700,0
2016-03-07,15:25:00,0.83,0.83,0.83,0.83,4714,0
2016-03-07,15:55:00,0.82,0.82,0.82,0.82,10000,0
2016-03-07,16:00:00,0.82,0.82,0.82,0.82,4452,0
2016-03-07,16:05:00,0.82,0.82,0.82,0.82,25134,0
2016-03-07,16:10:00,0.81,0.82,0.81,0.82,12263,0
2016-03-07,16:20:00,0.82,0.82,0.82,0.82,1287,0
2016-03-07,16:25:00,0.83,0.83,0.82,0.82,6013,0
2016-03-07,16:30:00,0.82,0.82,0.82,0.82,6650,0
2016-03-07,16:35:00,0.82,0.82,0.82,0.82,2510,0
2016-03-07,16:40:00,0.82,0.83,0.82,0.83,2500,0
2016-03-07,16:45:00,0.82,0.82,0.82,0.82,4500,0
2016-03-07,16:50:00,0.82,0.82,0.82,0.82,40473,0
2016-03-08,09:05:00,0.81,0.81,0.79,0.8,56202,0
2016-03-08,09:10:00,0.79,0.79,0.79,0.79,67395,0
2016-03-08,09:15:00,0.79,0.79,0.79,0.79,796,0
2016-03-08,09:20:00,0.8,0.81,0.8,0.81,82271,0
2016-03-08,09:25:00,0.82,0.82,0.8,0.8,66300,0
2016-03-08,09:30:00,0.8,0.8,0.8,0.8,20199,0
2016-03-08,09:35:00,0.8,0.81,0.8,0.81,3250,0
2016-03-08,09:50:00,0.8,0.8,0.8,0.8,33500,0
2016-03-08,09:55:00,0.8,0.8,0.8,0.8,3900,0
2016-03-08,10:00:00,0.8,0.8,0.8,0.8,10620,0
2016-03-08,10:05:00,0.79,0.8,0.79,0.79,92300,0
2016-03-08,10:15:00,0.79,0.79,0.79,0.79,13000,0
2016-03-08,10:20:00,0.79,0.79,0.79,0.79,14600,0
2016-03-08,10:25:00,0.79,0.79,0.78,0.79,39589,0
2016-03-08,10:30:00,0.79,0.79,0.79,0.79,8350,0
2016-03-08,10:40:00,0.79,0.8,0.79,0.8,54650,0
2016-03-08,10:55:00,0.8,0.8,0.79,0.79,4333,0
2016-03-08,11:05:00,0.79,0.79,0.79,0.79,235,0
2016-03-08,11:10:00,0.8,0.8,0.8,0.8,5164,0
2016-03-08,11:20:00,0.79,0.79,0.79,0.79,9600,0
2016-03-08,11:25:00,0.79,0.79,0.79,0.79,5376,0
2016-03-08,11:30:00,0.79,0.79,0.79,0.79,470,0
2016-03-08,11:35:00,0.79,0.79,0.79,0.79,23654,0
2016-03-08,11:40:00,0.8,0.8,0.8,0.8,1,0
2016-03-08,12:05:00,0.79,0.79,0.79,0.79,4823,0
2016-03-08,12:30:00,0.79,0.79,0.79,0.79,6230,0
2016-03-08,12:40:00,0.8,0.8,0.8,0.8,1000,0
2016-03-08,12:50:00,0.79,0.79,0.79,0.79,55000,0
2016-03-08,13:05:00,0.79,0.79,0.78,0.78,15000,0
2016-03-08,13:10:00,0.78,0.78,0.78,0.78,800,0
2016-03-08,13:20:00,0.79,0.79,0.79,0.79,4552,0
2016-03-08,13:35:00,0.79,0.79,0.79,0.79,5448,0
2016-03-08,13:45:00,0.79,0.79,0.78,0.79,20526,0
2016-03-08,13:50:00,0.79,0.79,0.79,0.79,21011,0
2016-03-08,13:55:00,0.79,0.79,0.79,0.79,1000,0
2016-03-08,14:00:00,0.78,0.78,0.78,0.78,1100,0
2016-03-08,14:05:00,0.78,0.79,0.78,0.79,119887,0
2016-03-08,14:10:00,0.79,0.79,0.78,0.78,25164,0
2016-03-08,14:15:00,0.78,0.78,0.78,0.78,3500,0
2016-03-08,14:30:00,0.78,0.78,0.78,0.78,22862,0
2016-03-08,14:50:00,0.78,0.78,0.78,0.78,17455,0
2016-03-08,14:55:00,0.78,0.78,0.77,0.78,16772,0
2016-03-08,15:00:00,0.77,0.77,0.75,0.76,246714,0
2016-03-08,15:05:00,0.77,0.78,0.75,0.75,65410,0
2016-03-08,15:10:00,0.75,0.76,0.75,0.76,17882,0
2016-03-08,15:15:00,0.76,0.76,0.76,0.76,8514,0
2016-03-08,15:20:00,0.75,0.76,0.75,0.76,38906,0
2016-03-08,15:25:00,0.76,0.76,0.76,0.76,45001,0
2016-03-08,15:30:00,0.77,0.77,0.76,0.76,77113,0
2016-03-08,15:35:00,0.76,0.76,0.75,0.76,27100,0
2016-03-08,15:45:00,0.76,0.76,0.76,0.76,14390,0
2016-03-08,15:50:00,0.75,0.75,0.75,0.75,28821,0
2016-03-08,15:55:00,0.76,0.76,0.76,0.76,23000,0
2016-03-08,16:00:00,0.75,0.75,0.75,0.75,42480,0
2016-03-08,16:05:00,0.75,0.75,0.75,0.75,50420,0
2016-03-08,16:10:00,0.75,0.75,0.75,0.75,53174,0
2016-03-08,16:20:00,0.76,0.76,0.75,0.76,8446,0
2016-03-08,16:25:00,0.75,0.76,0.75,0.75,58600,0
2016-03-08,16:30:00,0.75,0.75,0.75,0.75,2000,0
2016-03-08,16:35:00,0.75,0.76,0.75,0.76,2200,0
2016-03-08,16:40:00,0.75,0.75,0.75,0.75,38413,0
2016-03-08,16:45:00,0.75,0.76,0.74,0.75,49641,0
2016-03-08,16:50:00,0.75,0.76,0.75,0.76,93766,0
2016-03-09,09:05:00,0.7,0.76,0.7,0.75,155852,0
2016-03-09,09:10:00,0.76,0.76,0.72,0.72,87480,0
2016-03-09,09:15:00,0.72,0.72,0.72,0.72,29507,0
2016-03-09,09:20:00,0.72,0.74,0.72,0.74,51175,0
2016-03-09,09:25:00,0.74,0.74,0.74,0.74,14612,0
2016-03-09,09:30:00,0.74,0.74,0.74,0.74,20892,0
2016-03-09,09:40:00,0.74,0.74,0.73,0.73,18000,0
2016-03-09,09:45:00,0.73,0.73,0.7,0.71,498469,0
2016-03-09,09:50:00,0.71,0.72,0.71,0.72,24576,0
2016-03-09,09:55:00,0.72,0.72,0.71,0.71,154373,0
2016-03-09,10:00:00,0.72,0.72,0.71,0.71,25780,0
2016-03-09,10:05:00,0.71,0.71,0.71,0.71,26000,0
2016-03-09,10:10:00,0.71,0.72,0.71,0.72,56305,0
2016-03-09,10:15:00,0.72,0.73,0.72,0.73,166055,0
2016-03-09,10:20:00,0.74,0.74,0.72,0.72,37015,0
2016-03-09,10:30:00,0.72,0.73,0.72,0.73,3200,0
2016-03-09,10:35:00,0.73,0.73,0.72,0.72,2399,0
2016-03-09,10:45:00,0.72,0.72,0.72,0.72,48356,0
2016-03-09,10:50:00,0.72,0.72,0.72,0.72,31363,0
2016-03-09,10:55:00,0.72,0.72,0.71,0.71,30910,0
2016-03-09,11:05:00,0.73,0.73,0.73,0.73,112,0
2016-03-09,11:15:00,0.72,0.72,0.72,0.72,2817,0
2016-03-09,11:20:00,0.72,0.72,0.72,0.72,2500,0
2016-03-09,11:25:00,0.73,0.73,0.72,0.72,26044,0
2016-03-09,11:30:00,0.72,0.73,0.72,0.73,1825,0
2016-03-09,11:35:00,0.72,0.72,0.72,0.72,3000,0
2016-03-09,11:40:00,0.72,0.72,0.71,0.71,9489,0
2016-03-09,11:45:00,0.73,0.73,0.73,0.73,1,0
2016-03-09,11:50:00,0.72,0.73,0.72,0.73,2111,0
2016-03-09,12:05:00,0.72,0.72,0.72,0.72,10329,0
2016-03-09,12:10:00,0.72,0.72,0.72,0.72,11901,0
2016-03-09,12:15:00,0.72,0.72,0.72,0.72,2200,0
2016-03-09,12:20:00,0.72,0.72,0.72,0.72,1000,0
2016-03-09,12:25:00,0.72,0.73,0.72,0.73,16404,0
2016-03-09,12:30:00,0.72,0.72,0.72,0.72,2955,0
2016-03-09,12:45:00,0.72,0.72,0.72,0.72,6980,0
2016-03-09,12:50:00,0.72,0.72,0.72,0.72,7000,0
2016-03-09,13:10:00,0.72,0.72,0.72,0.72,5600,0
2016-03-09,13:30:00,0.72,0.72,0.72,0.72,20967,0
2016-03-09,13:35:00,0.72,0.72,0.72,0.72,26503,0
2016-03-09,13:40:00,0.72,0.72,0.72,0.72,55,0
2016-03-09,13:50:00,0.73,0.73,0.72,0.72,838,0
2016-03-09,13:55:00,0.72,0.72,0.72,0.72,5000,0
2016-03-09,14:00:00,0.72,0.72,0.72,0.72,6400,0
2016-03-09,14:05:00,0.72,0.72,0.72,0.72,15690,0
2016-03-09,14:10:00,0.72,0.72,0.72,0.72,8804,0
2016-03-09,14:15:00,0.72,0.72,0.72,0.72,3000,0
2016-03-09,14:20:00,0.72,0.72,0.72,0.72,3000,0
2016-03-09,14:25:00,0.72,0.72,0.72,0.72,5196,0
2016-03-09,14:30:00,0.72,0.72,0.71,0.71,201,0
2016-03-09,14:40:00,0.71,0.72,0.71,0.72,245,0
2016-03-09,14:45:00,0.71,0.72,0.71,0.72,5927,0
2016-03-09,14:50:00,0.72,0.72,0.72,0.72,36426,0
2016-03-09,15:00:00,0.72,0.72,0.72,0.72,11713,0
2016-03-09,15:05:00,0.72,0.72,0.72,0.72,7013,0
2016-03-09,15:20:00,0.71,0.71,0.71,0.71,1826,0
2016-03-09,15:25:00,0.72,0.72,0.72,0.72,1926,0
2016-03-09,15:35:00,0.72,0.72,0.72,0.72,350,0
2016-03-09,15:40:00,0.72,0.72,0.72,0.72,1300,0
2016-03-09,15:45:00,0.71,0.71,0.71,0.71,1000,0
2016-03-09,15:50:00,0.72,0.72,0.71,0.72,28554,0
2016-03-09,16:10:00,0.71,0.71,0.71,0.71,50,0
2016-03-09,16:15:00,0.72,0.72,0.71,0.72,7483,0
2016-03-09,16:20:00,0.72,0.72,0.72,0.72,4183,0
2016-03-09,16:25:00,0.72,0.72,0.72,0.72,7420,0
2016-03-09,16:30:00,0.72,0.72,0.72,0.72,16000,0
2016-03-09,16:35:00,0.72,0.73,0.72,0.73,96470,0
2016-03-09,16:40:00,0.72,0.72,0.72,0.72,55466,0
2016-03-09,16:45:00,0.72,0.72,0.72,0.72,20034,0
2016-03-09,16:50:00,0.72,0.72,0.72,0.72,26775,0
2016-03-10,09:05:00,0.73,0.74,0.73,0.74,147408,0
2016-03-10,09:10:00,0.74,0.74,0.74,0.74,60833,0
2016-03-10,09:15:00,0.74,0.77,0.74,0.77,191111,0
2016-03-10,09:20:00,0.76,0.78,0.76,0.77,98142,0
2016-03-10,09:25:00,0.77,0.78,0.77,0.78,31823,0
2016-03-10,09:30:00,0.78,0.78,0.78,0.78,42194,0
2016-03-10,09:35:00,0.78,0.79,0.78,0.79,85666,0
2016-03-10,09:40:00,0.78,0.79,0.78,0.79,72177,0
2016-03-10,09:45:00,0.79,0.79,0.78,0.78,36700,0
2016-03-10,09:50:00,0.78,0.79,0.78,0.79,127401,0
2016-03-10,09:55:00,0.78,0.79,0.78,0.79,39094,0
2016-03-10,10:00:00,0.78,0.79,0.78,0.79,22655,0
2016-03-10,10:05:00,0.78,0.79,0.78,0.79,15554,0
2016-03-10,10:10:00,0.79,0.79,0.78,0.78,23674,0
2016-03-10,10:15:00,0.78,0.78,0.78,0.78,16435,0
2016-03-10,10:20:00,0.79,0.79,0.78,0.78,5020,0
2016-03-10,10:25:00,0.79,0.79,0.79,0.79,138193,0
2016-03-10,10:30:00,0.79,0.8,0.79,0.8,8966,0
2016-03-10,10:35:00,0.8,0.8,0.8,0.8,120100,0
2016-03-10,10:50:00,0.81,0.82,0.81,0.82,178525,0
2016-03-10,10:55:00,0.83,0.83,0.82,0.82,67614,0
2016-03-10,11:00:00,0.83,0.83,0.82,0.83,187829,0
2016-03-10,11:05:00,0.83,0.83,0.83,0.83,80556,0
2016-03-10,11:10:00,0.83,0.84,0.83,0.84,92457,0
2016-03-10,11:15:00,0.84,0.84,0.83,0.84,30722,0
2016-03-10,11:20:00,0.84,0.85,0.83,0.85,149790,0
2016-03-10,11:25:00,0.85,0.85,0.84,0.84,110853,0
2016-03-10,11:30:00,0.85,0.85,0.84,0.85,36133,0
2016-03-10,11:35:00,0.85,0.86,0.84,0.86,81918,0
2016-03-10,11:40:00,0.86,0.88,0.86,0.86,461109,0
2016-03-10,11:45:00,0.86,0.86,0.85,0.85,123619,0
2016-03-10,11:50:00,0.86,0.86,0.85,0.86,135500,0
2016-03-10,11:55:00,0.86,0.86,0.86,0.86,126523,0
2016-03-10,12:00:00,0.86,0.87,0.86,0.86,33979,0
2016-03-10,12:05:00,0.86,0.86,0.86,0.86,90612,0
2016-03-10,12:10:00,0.86,0.87,0.86,0.87,209110,0
2016-03-10,12:15:00,0.86,0.86,0.86,0.86,28166,0
2016-03-10,12:20:00,0.86,0.86,0.86,0.86,24680,0
2016-03-10,12:25:00,0.86,0.86,0.86,0.86,12706,0
2016-03-10,12:30:00,0.86,0.86,0.86,0.86,35685,0
2016-03-10,12:35:00,0.86,0.86,0.86,0.86,295564,0
2016-03-10,12:40:00,0.86,0.86,0.86,0.86,16312,0
2016-03-10,12:45:00,0.85,0.86,0.85,0.86,27997,0
2016-03-10,12:50:00,0.86,0.86,0.86,0.86,5471,0
2016-03-10,12:55:00,0.86,0.86,0.85,0.85,12580,0
2016-03-10,13:00:00,0.86,0.86,0.86,0.86,43516,0
2016-03-10,13:05:00,0.86,0.86,0.86,0.86,6490,0
2016-03-10,13:10:00,0.86,0.86,0.86,0.86,73300,0
2016-03-10,13:15:00,0.86,0.86,0.85,0.86,23864,0
2016-03-10,13:20:00,0.86,0.87,0.86,0.86,3488,0
2016-03-10,13:25:00,0.86,0.86,0.86,0.86,29449,0
2016-03-10,13:30:00,0.86,0.86,0.86,0.86,2000,0
2016-03-10,13:35:00,0.86,0.86,0.85,0.86,24155,0
2016-03-10,13:40:00,0.85,0.86,0.85,0.86,4000,0
2016-03-10,13:45:00,0.86,0.86,0.86,0.86,4790,0
2016-03-10,13:50:00,0.86,0.86,0.86,0.86,5350,0
2016-03-10,13:55:00,0.86,0.86,0.86,0.86,22930,0
2016-03-10,14:00:00,0.86,0.86,0.86,0.86,13267,0
2016-03-10,14:05:00,0.86,0.86,0.86,0.86,2000,0
2016-03-10,14:10:00,0.86,0.86,0.85,0.85,54397,0
2016-03-10,14:15:00,0.85,0.87,0.85,0.87,11844,0
2016-03-10,14:20:00,0.87,0.87,0.86,0.86,73998,0
2016-03-10,14:25:00,0.86,0.86,0.86,0.86,35721,0
2016-03-10,14:30:00,0.86,0.86,0.86,0.86,10200,0
2016-03-10,14:35:00,0.86,0.86,0.86,0.86,2500,0
2016-03-10,14:40:00,0.86,0.86,0.86,0.86,7824,0
2016-03-10,14:45:00,0.86,0.86,0.86,0.86,20523,0
2016-03-10,14:50:00,0.86,0.86,0.86,0.86,90757,0
2016-03-10,14:55:00,0.86,0.86,0.86,0.86,54336,0
2016-03-10,15:00:00,0.86,0.86,0.86,0.86,5877,0
2016-03-10,15:05:00,0.86,0.86,0.86,0.86,1850,0
2016-03-10,15:10:00,0.86,0.86,0.86,0.86,3183,0
2016-03-10,15:15:00,0.86,0.86,0.86,0.86,4407,0
2016-03-10,15:20:00,0.85,0.86,0.85,0.86,45453,0
2016-03-10,15:25:00,0.86,0.86,0.86,0.86,1129,0
2016-03-10,15:30:00,0.86,0.86,0.86,0.86,2500,0
2016-03-10,15:35:00,0.86,0.86,0.86,0.86,9719,0
2016-03-10,15:40:00,0.85,0.86,0.85,0.86,52640,0
2016-03-10,15:45:00,0.86,0.86,0.86,0.86,161034,0
2016-03-10,15:50:00,0.87,0.88,0.87,0.88,98969,0
2016-03-10,15:55:00,0.88,0.88,0.88,0.88,184417,0
2016-03-10,16:15:00,0.89,0.89,0.89,0.89,60238,0
2016-03-10,16:20:00,0.89,0.9,0.89,0.9,166351,0
2016-03-10,16:25:00,0.89,0.9,0.89,0.9,180304,0
2016-03-10,16:30:00,0.9,0.92,0.9,0.91,327492,0
2016-03-10,16:35:00,0.91,0.91,0.9,0.91,77548,0
2016-03-10,16:40:00,0.92,0.94,0.91,0.93,584442,0
2016-03-10,16:45:00,0.93,0.94,0.93,0.94,279846,0
2016-03-10,16:50:00,0.95,0.95,0.93,0.94,674156,0
2016-03-11,09:05:00,1,1.04,1,1.04,2607328,0
2016-03-11,09:10:00,1.04,1.05,1.03,1.05,743968,0
2016-03-11,09:15:00,1.05,1.06,1.04,1.05,999677,0
2016-03-11,09:20:00,1.05,1.06,1.05,1.06,720739,0
2016-03-11,09:25:00,1.06,1.07,1.06,1.07,537724,0
2016-03-11,09:30:00,1.07,1.08,1.06,1.07,514026,0
2016-03-11,09:35:00,1.07,1.07,1.06,1.07,60066,0
2016-03-11,09:40:00,1.07,1.09,1.06,1.09,773647,0
2016-03-11,09:45:00,1.09,1.1,1.08,1.1,531519,0
2016-03-11,09:50:00,1.1,1.1,1.09,1.1,714381,0
2016-03-11,09:55:00,1.1,1.1,1.1,1.1,134450,0
2016-03-11,10:00:00,1.11,1.11,1.1,1.11,341317,0
2016-03-11,10:05:00,1.11,1.14,1.11,1.14,1090551,0
2016-03-11,10:10:00,1.14,1.14,1.12,1.12,939199,0
2016-03-11,10:15:00,1.13,1.14,1.12,1.13,358179,0
2016-03-11,10:20:00,1.13,1.14,1.12,1.13,84653,0
2016-03-11,10:25:00,1.13,1.14,1.06,1.06,594383,0
2016-03-11,10:30:00,1.06,1.06,1.01,1.01,59875,0
2016-03-11,10:40:00,0.98,1.03,0.97,1.02,1303027,0
2016-03-11,10:45:00,1.02,1.04,1.01,1.03,432951,0
2016-03-11,10:50:00,1.03,1.03,1.02,1.03,326432,0
2016-03-11,10:55:00,1.03,1.04,1.02,1.03,175965,0
2016-03-11,11:00:00,1.03,1.05,1.02,1.05,235489,0
2016-03-11,11:05:00,1.05,1.05,1.04,1.05,269036,0
2016-03-11,11:10:00,1.04,1.06,1.04,1.05,206760,0
2016-03-11,11:15:00,1.05,1.06,1.04,1.06,166756,0
2016-03-11,11:20:00,1.06,1.06,1.05,1.05,182773,0
2016-03-11,11:25:00,1.05,1.06,1.05,1.06,282466,0
2016-03-11,11:30:00,1.06,1.06,1.04,1.04,298593,0
2016-03-11,11:35:00,1.04,1.05,1.04,1.05,485978,0
2016-03-11,11:40:00,1.05,1.05,1.04,1.05,30198,0
2016-03-11,11:45:00,1.04,1.05,0.99,0.99,572188,0
2016-03-11,11:55:00,1,1.01,1,1,392434,0
2016-03-11,12:00:00,1,1.01,1,1,137219,0
2016-03-11,12:05:00,1,1.01,0.99,1.01,481449,0
2016-03-11,12:10:00,1.01,1.01,1,1.01,318789,0
2016-03-11,12:15:00,1.01,1.02,1.01,1.02,120997,0
2016-03-11,12:20:00,1.02,1.02,1.01,1.02,106680,0
2016-03-11,12:25:00,1.02,1.02,1.01,1.01,46808,0
2016-03-11,12:30:00,1.02,1.02,1.01,1.02,37297,0
2016-03-11,12:35:00,1.02,1.03,1.02,1.03,106485,0
2016-03-11,12:40:00,1.02,1.03,1.02,1.03,36084,0
2016-03-11,12:45:00,1.03,1.03,1.03,1.03,24923,0
2016-03-11,12:50:00,1.03,1.03,1.02,1.03,15720,0
2016-03-11,12:55:00,1.03,1.03,1.03,1.03,59393,0
2016-03-11,13:00:00,1.03,1.03,1.03,1.03,20261,0
2016-03-11,13:05:00,1.03,1.03,1.03,1.03,8498,0
2016-03-11,13:10:00,1.02,1.03,1.02,1.03,60621,0
2016-03-11,13:15:00,1.03,1.03,1.03,1.03,37755,0
2016-03-11,13:20:00,1.03,1.03,1.02,1.02,11078,0
2016-03-11,13:25:00,1.02,1.03,1.02,1.03,77802,0
2016-03-11,13:30:00,1.03,1.03,1.03,1.03,42562,0
2016-03-11,13:35:00,1.03,1.03,1.02,1.03,22793,0
2016-03-11,13:40:00,1.02,1.03,1.02,1.02,62954,0
2016-03-11,13:45:00,1.02,1.03,1.02,1.03,14505,0
2016-03-11,13:55:00,1.03,1.03,1.02,1.02,7480,0
2016-03-11,14:00:00,1.03,1.03,1.03,1.03,37200,0
2016-03-11,14:05:00,1.03,1.04,1.02,1.03,140381,0
2016-03-11,14:10:00,1.04,1.04,1.03,1.04,134227,0
2016-03-11,14:15:00,1.04,1.04,1.04,1.04,37034,0
2016-03-11,14:20:00,1.04,1.04,1.04,1.04,1000,0
2016-03-11,14:25:00,1.04,1.04,0.99,0.99,176680,0
2016-03-11,14:30:00,1,1.01,1,1.01,194306,0
2016-03-11,14:35:00,1.01,1.01,0.99,0.99,124955,0
2016-03-11,14:40:00,0.99,1.01,0.99,1,73768,0
2016-03-11,14:45:00,1,1.01,0.99,1.01,434833,0
2016-03-11,14:50:00,1.01,1.01,1,1,37678,0
2016-03-11,14:55:00,1.01,1.01,1,1,98808,0
2016-03-11,15:00:00,1,1.01,0.99,0.99,54945,0
2016-03-11,15:20:00,0.98,1,0.97,0.97,181053,0
2016-03-11,15:25:00,0.97,0.98,0.92,0.98,826025,0
2016-03-11,15:30:00,0.98,0.99,0.98,0.99,123732,0
2016-03-11,15:35:00,0.99,0.99,0.98,0.99,47329,0
2016-03-11,15:40:00,0.98,0.99,0.98,0.99,52348,0
2016-03-11,15:45:00,0.99,1,0.98,1,112556,0
2016-03-11,15:50:00,1,1,0.99,1,77511,0
2016-03-11,15:55:00,0.99,0.99,0.96,0.97,99739,0
2016-03-11,16:00:00,0.98,0.99,0.96,0.98,218092,0
2016-03-11,16:05:00,0.98,0.98,0.97,0.97,37204,0
2016-03-11,16:10:00,0.97,0.98,0.96,0.96,132678,0
2016-03-11,16:15:00,0.95,0.97,0.95,0.97,88740,0
2016-03-11,16:20:00,0.96,0.96,0.95,0.95,88975,0
2016-03-11,16:25:00,0.96,0.96,0.95,0.95,46672,0
2016-03-11,16:30:00,0.95,0.96,0.95,0.96,106311,0
2016-03-11,16:35:00,0.96,0.97,0.96,0.97,20637,0
2016-03-11,16:40:00,0.96,0.97,0.96,0.97,167270,0
2016-03-11,16:45:00,0.98,0.98,0.98,0.98,66904,0
2016-03-11,16:50:00,0.98,0.98,0.97,0.98,171978,0
2016-03-14,09:05:00,0.98,1,0.91,0.96,253324,0
2016-03-14,09:10:00,0.96,0.97,0.96,0.96,22420,0
2016-03-14,09:15:00,0.96,0.99,0.96,0.99,231021,0
2016-03-14,09:20:00,0.99,1,0.99,1,1115471,0
2016-03-14,09:25:00,1.01,1.01,1,1,190321,0
2016-03-14,09:30:00,1.01,1.01,1,1.01,61014,0
2016-03-14,09:35:00,1,1.01,1,1.01,138844,0
2016-03-14,09:40:00,1.01,1.02,1.01,1.02,221193,0
2016-03-14,09:45:00,1.02,1.02,1.01,1.02,101436,0
2016-03-14,09:50:00,1.02,1.03,1.01,1.03,227980,0
2016-03-14,09:55:00,1.03,1.03,1.02,1.03,118050,0
2016-03-14,10:00:00,1.02,1.03,1.02,1.03,216494,0
2016-03-14,10:05:00,1.02,1.04,1.02,1.03,217576,0
2016-03-14,10:10:00,1.04,1.04,1.03,1.04,198790,0
2016-03-14,10:15:00,1.04,1.05,1.03,1.04,31955,0
2016-03-14,10:20:00,1.04,1.06,1.03,1.06,1384267,0
2016-03-14,10:25:00,1.05,1.06,1.05,1.06,156729,0
2016-03-14,10:30:00,1.06,1.07,1.05,1.07,594901,0
2016-03-14,10:35:00,1.07,1.07,1.06,1.07,357945,0
2016-03-14,10:40:00,1.07,1.08,1.02,1.05,731248,0
2016-03-14,10:45:00,1.04,1.05,1.03,1.04,233814,0
2016-03-14,10:50:00,1.04,1.04,1.03,1.04,174883,0
2016-03-14,10:55:00,1.03,1.04,1.01,1.04,261192,0
2016-03-14,11:00:00,1.04,1.04,1.03,1.03,117278,0
2016-03-14,11:05:00,1.03,1.03,1.03,1.03,27119,0
2016-03-14,11:10:00,1.03,1.03,1.03,1.03,42530,0
2016-03-14,11:15:00,1.04,1.04,1.03,1.04,24441,0
2016-03-14,11:20:00,1.04,1.04,1.03,1.04,37412,0
2016-03-14,11:25:00,1.04,1.05,1.04,1.05,90988,0
2016-03-14,11:30:00,1.05,1.05,1.04,1.05,58470,0
2016-03-14,11:35:00,1.05,1.05,1.05,1.05,48906,0
2016-03-14,11:40:00,1.05,1.05,1.05,1.05,122861,0
2016-03-14,11:45:00,1.05,1.05,1.05,1.05,2500,0
2016-03-14,11:50:00,1.04,1.04,1.04,1.04,1500,0
2016-03-14,11:55:00,1.04,1.04,1,1,238275,0
2016-03-14,12:00:00,1.03,1.03,1.02,1.02,45855,0
2016-03-14,12:05:00,1.02,1.02,1,1.01,120439,0
2016-03-14,12:10:00,1.01,1.01,1.01,1.01,10000,0
2016-03-14,12:15:00,1.01,1.02,1.01,1.02,121060,0
2016-03-14,12:20:00,1.02,1.02,1.02,1.02,20764,0
2016-03-14,12:25:00,1.02,1.02,1.02,1.02,22000,0
2016-03-14,12:30:00,1.02,1.02,1,1,45344,0
2016-03-14,12:35:00,1,1,0.98,1,229930,0
2016-03-14,12:40:00,1.01,1.01,1,1,211114,0
2016-03-14,12:45:00,0.99,0.99,0.98,0.98,48681,0
2016-03-14,12:50:00,0.99,0.99,0.98,0.99,89027,0
2016-03-14,12:55:00,0.99,0.99,0.99,0.99,160225,0
2016-03-14,13:00:00,0.99,1,0.99,1,31069,0
2016-03-14,13:05:00,0.99,1,0.99,0.99,38414,0
2016-03-14,13:10:00,1,1,0.98,1,27481,0
2016-03-14,13:15:00,0.99,0.99,0.99,0.99,4578,0
2016-03-14,13:20:00,0.99,1,0.99,1,15595,0
2016-03-14,13:25:00,1,1,0.99,1,5907,0
2016-03-14,13:30:00,1,1,0.99,1,16420,0
2016-03-14,13:35:00,1,1,1,1,10000,0
2016-03-14,13:40:00,1,1,1,1,56206,0
2016-03-14,13:45:00,1,1.01,1,1.01,12222,0
2016-03-14,13:50:00,1,1.01,1,1,10714,0
2016-03-14,13:55:00,1,1,1,1,3562,0
2016-03-14,14:00:00,1,1,0.99,0.99,32795,0
2016-03-14,14:05:00,0.99,0.99,0.99,0.99,73595,0
2016-03-14,14:10:00,0.99,0.99,0.99,0.99,4000,0
2016-03-14,14:15:00,0.99,0.99,0.99,0.99,2500,0
2016-03-14,14:20:00,0.98,0.99,0.98,0.99,34875,0
2016-03-14,14:25:00,0.99,1,0.99,1,21938,0
2016-03-14,14:35:00,0.99,0.99,0.99,0.99,7000,0
2016-03-14,14:40:00,0.99,0.99,0.97,0.97,384479,0
2016-03-14,14:45:00,0.97,0.97,0.97,0.97,79496,0
2016-03-14,14:50:00,0.97,0.98,0.97,0.98,31780,0
2016-03-14,14:55:00,0.98,0.99,0.98,0.99,114613,0
2016-03-14,15:00:00,0.99,0.99,0.99,0.99,65921,0
2016-03-14,15:05:00,0.99,0.99,0.99,0.99,6451,0
2016-03-14,15:10:00,0.99,0.99,0.99,0.99,2800,0
2016-03-14,15:15:00,0.99,0.99,0.99,0.99,9198,0
2016-03-14,15:20:00,0.98,0.99,0.98,0.99,4000,0
2016-03-14,15:25:00,0.98,0.98,0.97,0.98,20609,0
2016-03-14,15:30:00,0.98,0.98,0.97,0.97,64733,0
2016-03-14,15:35:00,0.97,0.97,0.97,0.97,14327,0
2016-03-14,15:40:00,0.97,0.97,0.97,0.97,5950,0
2016-03-14,15:45:00,0.97,0.97,0.97,0.97,47185,0
2016-03-14,15:50:00,0.97,0.97,0.97,0.97,35435,0
2016-03-14,15:55:00,0.97,0.97,0.97,0.97,4773,0
2016-03-14,16:00:00,0.97,0.97,0.97,0.97,14343,0
2016-03-14,16:05:00,0.97,0.97,0.97,0.97,59983,0
2016-03-14,16:10:00,0.97,0.97,0.97,0.97,3319,0
2016-03-14,16:15:00,0.97,0.97,0.97,0.97,5978,0
2016-03-14,16:20:00,0.97,0.97,0.97,0.97,1400,0
2016-03-14,16:25:00,0.97,0.97,0.97,0.97,61890,0
2016-03-14,16:30:00,0.96,0.99,0.96,0.99,362409,0
2016-03-14,16:35:00,0.99,1,0.99,1,92912,0
2016-03-14,16:40:00,1,1,0.99,1,126107,0
2016-03-14,16:45:00,1,1.01,1,1.01,150554,0
2016-03-14,16:50:00,1.01,1.01,1,1,108215,0
2016-03-15,09:05:00,1,1,0.98,0.99,167112,0
2016-03-15,09:10:00,1,1,0.97,0.97,303458,0
2016-03-15,09:15:00,0.97,0.97,0.95,0.97,509112,0
2016-03-15,09:20:00,0.97,0.97,0.94,0.95,496971,0
2016-03-15,09:25:00,0.95,0.96,0.93,0.94,488811,0
2016-03-15,09:30:00,0.94,0.94,0.93,0.94,251264,0
2016-03-15,09:35:00,0.95,0.95,0.92,0.94,486165,0
2016-03-15,09:40:00,0.93,0.94,0.92,0.93,240538,0
2016-03-15,09:45:00,0.93,0.94,0.93,0.94,270583,0
2016-03-15,09:50:00,0.93,0.94,0.93,0.94,66774,0
2016-03-15,09:55:00,0.94,0.95,0.93,0.94,109755,0
2016-03-15,10:00:00,0.95,0.95,0.94,0.94,95903,0
2016-03-15,10:05:00,0.94,0.94,0.93,0.94,110082,0
2016-03-15,10:10:00,0.93,0.93,0.91,0.92,403447,0
2016-03-15,10:15:00,0.91,0.92,0.9,0.91,270653,0
2016-03-15,10:20:00,0.91,0.92,0.91,0.92,142636,0
2016-03-15,10:25:00,0.92,0.92,0.91,0.91,205400,0
2016-03-15,10:30:00,0.91,0.91,0.9,0.9,359705,0
2016-03-15,10:35:00,0.9,0.91,0.9,0.91,122861,0
2016-03-15,10:40:00,0.91,0.91,0.91,0.91,117221,0
2016-03-15,10:45:00,0.91,0.92,0.9,0.92,324440,0
2016-03-15,10:50:00,0.92,0.92,0.91,0.92,67471,0
2016-03-15,10:55:00,0.92,0.92,0.91,0.92,42268,0
2016-03-15,11:00:00,0.92,0.92,0.92,0.92,27665,0
2016-03-15,11:05:00,0.91,0.92,0.91,0.92,32389,0
2016-03-15,11:10:00,0.92,0.93,0.92,0.93,182605,0
2016-03-15,11:15:00,0.93,0.93,0.93,0.93,76583,0
2016-03-15,11:20:00,0.93,0.94,0.93,0.94,141483,0
2016-03-15,11:25:00,0.94,0.94,0.94,0.94,208938,0
2016-03-15,11:30:00,0.95,0.95,0.93,0.93,171575,0
2016-03-15,11:35:00,0.93,0.94,0.93,0.94,70157,0
2016-03-15,11:40:00,0.94,0.94,0.94,0.94,18689,0
2016-03-15,11:45:00,0.94,0.94,0.94,0.94,17476,0
2016-03-15,11:50:00,0.94,0.94,0.94,0.94,96240,0
2016-03-15,11:55:00,0.94,0.94,0.94,0.94,7774,0
2016-03-15,12:00:00,0.94,0.94,0.94,0.94,4270,0
2016-03-15,12:05:00,0.93,0.93,0.93,0.93,28000,0
2016-03-15,12:10:00,0.93,0.93,0.92,0.93,301431,0
2016-03-15,12:15:00,0.93,0.93,0.93,0.93,15612,0
2016-03-15,12:20:00,0.93,0.93,0.92,0.93,33060,0
2016-03-15,12:25:00,0.93,0.93,0.93,0.93,1606,0
2016-03-15,12:30:00,0.93,0.93,0.93,0.93,5836,0
2016-03-15,12:35:00,0.93,0.93,0.92,0.93,42239,0
2016-03-15,12:40:00,0.93,0.93,0.93,0.93,27130,0
2016-03-15,12:45:00,0.93,0.93,0.93,0.93,3000,0
2016-03-15,12:50:00,0.93,0.93,0.93,0.93,3583,0
2016-03-15,12:55:00,0.93,0.93,0.92,0.92,12010,0
2016-03-15,13:00:00,0.93,0.93,0.93,0.93,19031,0
2016-03-15,13:05:00,0.92,0.93,0.92,0.93,3505,0
2016-03-15,13:10:00,0.93,0.93,0.93,0.93,6920,0
2016-03-15,13:15:00,0.93,0.93,0.92,0.92,6800,0
2016-03-15,13:20:00,0.93,0.93,0.93,0.93,2431,0
2016-03-15,13:25:00,0.92,0.93,0.92,0.93,9500,0
2016-03-15,13:30:00,0.93,0.93,0.93,0.93,3439,0
2016-03-15,13:35:00,0.93,0.93,0.92,0.92,424488,0
2016-03-15,13:40:00,0.93,0.94,0.92,0.93,378739,0
2016-03-15,13:45:00,0.94,0.95,0.93,0.94,236686,0
2016-03-15,13:50:00,0.94,0.94,0.9,0.91,447004,0
2016-03-15,13:55:00,0.91,0.91,0.91,0.91,116718,0
2016-03-15,14:00:00,0.91,0.91,0.9,0.9,244610,0
2016-03-15,14:05:00,0.9,0.9,0.9,0.9,102600,0
2016-03-15,14:10:00,0.88,0.88,0.85,0.85,520264,0
2016-03-15,14:15:00,0.86,0.86,0.85,0.86,802204,0
2016-03-15,14:20:00,0.86,0.87,0.86,0.86,198458,0
2016-03-15,14:25:00,0.87,0.87,0.82,0.82,1651022,0
2016-03-15,14:30:00,0.82,0.83,0.81,0.81,873482,0
2016-03-15,14:35:00,0.82,0.84,0.81,0.84,923890,0
2016-03-15,14:40:00,0.83,0.85,0.83,0.84,795550,0
2016-03-15,14:45:00,0.85,0.86,0.85,0.86,557705,0
2016-03-15,14:50:00,0.86,0.88,0.86,0.87,519528,0
2016-03-15,14:55:00,0.87,0.87,0.86,0.87,216629,0
2016-03-15,15:00:00,0.88,0.88,0.88,0.88,179644,0
2016-03-15,15:05:00,0.87,0.88,0.87,0.87,1159725,0
2016-03-15,15:10:00,0.87,0.88,0.83,0.84,923588,0
2016-03-15,15:15:00,0.84,0.86,0.84,0.84,250652,0
2016-03-15,15:20:00,0.85,0.85,0.84,0.84,69271,0
2016-03-15,15:25:00,0.84,0.85,0.84,0.85,153465,0
2016-03-15,15:30:00,0.86,0.86,0.85,0.85,411267,0
2016-03-15,15:35:00,0.85,0.86,0.84,0.84,79095,0
2016-03-15,15:40:00,0.84,0.84,0.83,0.84,57991,0
2016-03-15,15:45:00,0.84,0.85,0.84,0.85,195679,0
2016-03-15,15:50:00,0.84,0.85,0.84,0.84,113433,0
2016-03-15,15:55:00,0.84,0.84,0.84,0.84,66713,0
2016-03-15,16:00:00,0.84,0.84,0.84,0.84,22935,0
2016-03-15,16:05:00,0.83,0.84,0.83,0.84,80552,0
2016-03-15,16:10:00,0.84,0.85,0.84,0.84,30499,0
2016-03-15,16:15:00,0.84,0.84,0.83,0.84,42169,0
2016-03-15,16:20:00,0.83,0.84,0.83,0.83,28376,0
2016-03-15,16:25:00,0.83,0.83,0.82,0.83,318454,0
2016-03-15,16:30:00,0.83,0.84,0.83,0.83,37958,0
2016-03-15,16:35:00,0.84,0.84,0.83,0.84,74115,0
2016-03-15,16:40:00,0.84,0.84,0.82,0.83,88586,0
2016-03-15,16:45:00,0.83,0.83,0.82,0.83,32485,0
2016-03-15,16:50:00,0.83,0.84,0.83,0.83,364956,0
2016-03-16,09:05:00,0.83,0.84,0.8,0.83,701968,0
2016-03-16,09:10:00,0.83,0.86,0.83,0.86,226144,0
2016-03-16,09:15:00,0.86,0.86,0.84,0.85,112822,0
2016-03-16,09:20:00,0.85,0.86,0.85,0.86,232666,0
2016-03-16,09:25:00,0.86,0.86,0.85,0.86,118485,0
2016-03-16,09:30:00,0.86,0.87,0.85,0.86,130373,0
2016-03-16,09:35:00,0.86,0.86,0.85,0.86,129494,0
2016-03-16,09:40:00,0.85,0.87,0.85,0.87,81375,0
2016-03-16,09:45:00,0.86,0.87,0.86,0.87,56995,0
2016-03-16,09:50:00,0.87,0.87,0.86,0.86,162204,0
2016-03-16,09:55:00,0.87,0.87,0.86,0.87,332345,0
2016-03-16,10:00:00,0.87,0.87,0.87,0.87,20930,0
2016-03-16,10:05:00,0.86,0.87,0.86,0.86,307403,0
2016-03-16,10:10:00,0.87,0.87,0.87,0.87,42592,0
2016-03-16,10:15:00,0.87,0.87,0.87,0.87,13295,0
2016-03-16,10:20:00,0.87,0.87,0.86,0.87,23222,0
2016-03-16,10:25:00,0.87,0.87,0.86,0.86,48700,0
2016-03-16,10:30:00,0.87,0.88,0.87,0.87,86738,0
2016-03-16,10:35:00,0.87,0.87,0.86,0.87,30654,0
2016-03-16,10:40:00,0.87,0.87,0.86,0.86,22111,0
2016-03-16,10:45:00,0.87,0.87,0.86,0.86,10200,0
2016-03-16,10:50:00,0.86,0.86,0.85,0.85,352329,0
2016-03-16,10:55:00,0.85,0.85,0.83,0.84,158527,0
2016-03-16,11:00:00,0.84,0.84,0.84,0.84,10771,0
2016-03-16,11:05:00,0.84,0.85,0.84,0.84,14400,0
2016-03-16,11:10:00,0.84,0.84,0.84,0.84,13664,0
2016-03-16,11:15:00,0.83,0.83,0.83,0.83,109100,0
2016-03-16,11:20:00,0.83,0.83,0.82,0.83,44451,0
2016-03-16,11:25:00,0.83,0.83,0.83,0.83,27438,0
2016-03-16,11:30:00,0.83,0.83,0.83,0.83,20399,0
2016-03-16,11:35:00,0.83,0.83,0.83,0.83,10503,0
2016-03-16,11:40:00,0.83,0.83,0.83,0.83,27262,0
2016-03-16,11:45:00,0.82,0.83,0.82,0.82,321918,0
2016-03-16,11:50:00,0.81,0.82,0.81,0.82,277147,0
2016-03-16,11:55:00,0.82,0.83,0.81,0.82,89423,0
2016-03-16,12:00:00,0.81,0.82,0.81,0.82,5402,0
2016-03-16,12:05:00,0.81,0.81,0.81,0.81,75213,0
2016-03-16,12:10:00,0.81,0.81,0.81,0.81,44397,0
2016-03-16,12:15:00,0.82,0.82,0.77,0.78,621424,0
2016-03-16,12:20:00,0.79,0.8,0.79,0.79,54971,0
2016-03-16,12:25:00,0.79,0.8,0.79,0.8,25391,0
2016-03-16,12:30:00,0.8,0.8,0.8,0.8,25926,0
2016-03-16,12:35:00,0.8,0.81,0.79,0.8,107561,0
2016-03-16,12:40:00,0.8,0.8,0.79,0.79,65272,0
2016-03-16,12:45:00,0.79,0.79,0.78,0.79,43137,0
2016-03-16,12:50:00,0.79,0.79,0.79,0.79,117249,0
2016-03-16,12:55:00,0.79,0.79,0.79,0.79,37128,0
2016-03-16,13:00:00,0.78,0.78,0.78,0.78,4000,0
2016-03-16,13:05:00,0.78,0.79,0.78,0.79,23745,0
2016-03-16,13:10:00,0.78,0.78,0.78,0.78,19099,0
2016-03-16,13:15:00,0.79,0.79,0.79,0.79,37489,0
2016-03-16,13:20:00,0.79,0.8,0.79,0.79,23654,0
2016-03-16,13:25:00,0.79,0.79,0.79,0.79,4000,0
2016-03-16,13:30:00,0.79,0.8,0.79,0.8,10100,0
2016-03-16,13:40:00,0.79,0.79,0.78,0.78,247182,0
2016-03-16,13:45:00,0.78,0.78,0.77,0.78,106784,0
2016-03-16,13:50:00,0.79,0.79,0.78,0.78,18494,0
2016-03-16,13:55:00,0.78,0.78,0.78,0.78,250,0
2016-03-16,14:00:00,0.79,0.79,0.79,0.79,158441,0
2016-03-16,14:05:00,0.79,0.79,0.78,0.79,37512,0
2016-03-16,14:10:00,0.79,0.79,0.78,0.78,88000,0
2016-03-16,14:15:00,0.79,0.79,0.76,0.77,369181,0
2016-03-16,14:20:00,0.77,0.77,0.76,0.77,107116,0
2016-03-16,14:25:00,0.77,0.78,0.76,0.77,114904,0
2016-03-16,14:30:00,0.78,0.78,0.77,0.77,91418,0
2016-03-16,14:35:00,0.77,0.77,0.77,0.77,94256,0
2016-03-16,14:40:00,0.77,0.78,0.76,0.76,18887,0
2016-03-16,14:45:00,0.76,0.77,0.76,0.76,213543,0
2016-03-16,14:50:00,0.76,0.76,0.76,0.76,21800,0
2016-03-16,14:55:00,0.76,0.76,0.75,0.76,89943,0
2016-03-16,15:00:00,0.76,0.77,0.76,0.76,18164,0
2016-03-16,15:05:00,0.76,0.76,0.76,0.76,18171,0
2016-03-16,15:10:00,0.77,0.77,0.75,0.76,739390,0
2016-03-16,15:15:00,0.76,0.76,0.75,0.75,106797,0
2016-03-16,15:20:00,0.75,0.76,0.75,0.76,7169,0
2016-03-16,15:25:00,0.75,0.75,0.75,0.75,168605,0
2016-03-16,15:30:00,0.75,0.75,0.75,0.75,109176,0
2016-03-16,15:35:00,0.75,0.76,0.75,0.75,160094,0
2016-03-16,15:40:00,0.75,0.75,0.75,0.75,130361,0
2016-03-16,15:45:00,0.75,0.75,0.73,0.73,246286,0
2016-03-16,15:50:00,0.74,0.74,0.73,0.73,140915,0
2016-03-16,15:55:00,0.73,0.74,0.73,0.74,255939,0
2016-03-16,16:00:00,0.74,0.75,0.74,0.74,339571,0
2016-03-16,16:05:00,0.74,0.76,0.74,0.76,151722,0
2016-03-16,16:10:00,0.76,0.76,0.74,0.74,316889,0
2016-03-16,16:15:00,0.74,0.74,0.72,0.72,758917,0
2016-03-16,16:20:00,0.73,0.74,0.73,0.74,332498,0
2016-03-16,16:25:00,0.73,0.73,0.7,0.71,969885,0
2016-03-16,16:30:00,0.71,0.71,0.69,0.7,856172,0
2016-03-16,16:35:00,0.7,0.7,0.69,0.7,153859,0
2016-03-16,16:40:00,0.7,0.71,0.7,0.7,338591,0
2016-03-16,16:45:00,0.7,0.71,0.69,0.7,385695,0
2016-03-16,16:50:00,0.7,0.7,0.7,0.7,1633103,0
2016-03-17,09:05:00,0.71,0.72,0.71,0.72,397013,0
2016-03-17,09:10:00,0.72,0.74,0.71,0.73,361855,0
2016-03-17,09:15:00,0.74,0.74,0.72,0.72,511586,0
2016-03-17,09:20:00,0.72,0.74,0.71,0.73,868035,0
2016-03-17,09:25:00,0.73,0.73,0.72,0.73,17694,0
2016-03-17,09:30:00,0.73,0.73,0.72,0.73,42514,0
2016-03-17,09:35:00,0.73,0.73,0.72,0.72,21534,0
2016-03-17,09:40:00,0.72,0.72,0.71,0.71,220600,0
2016-03-17,09:45:00,0.72,0.72,0.71,0.71,33747,0
2016-03-17,09:50:00,0.71,0.72,0.71,0.72,38200,0
2016-03-17,09:55:00,0.72,0.72,0.72,0.72,142434,0
2016-03-17,10:00:00,0.72,0.72,0.72,0.72,48697,0
2016-03-17,10:05:00,0.72,0.72,0.71,0.72,317519,0
2016-03-17,10:10:00,0.72,0.72,0.72,0.72,14950,0
2016-03-17,10:15:00,0.72,0.72,0.72,0.72,11154,0
2016-03-17,10:20:00,0.72,0.72,0.71,0.71,274477,0
2016-03-17,10:25:00,0.71,0.71,0.7,0.7,195368,0
2016-03-17,10:30:00,0.71,0.71,0.7,0.71,12549,0
2016-03-17,10:35:00,0.71,0.72,0.71,0.71,137859,0
2016-03-17,10:40:00,0.71,0.71,0.69,0.69,249644,0
2016-03-17,10:45:00,0.69,0.7,0.68,0.7,200524,0
2016-03-17,10:50:00,0.7,0.7,0.69,0.7,3120,0
2016-03-17,10:55:00,0.69,0.69,0.66,0.67,238436,0
2016-03-17,11:00:00,0.67,0.67,0.64,0.64,799233,0
2016-03-17,11:05:00,0.64,0.64,0.64,0.64,12318,0
2016-03-17,11:10:00,0.64,0.65,0.64,0.65,434864,0
2016-03-17,11:15:00,0.65,0.66,0.64,0.66,189496,0
2016-03-17,11:20:00,0.67,0.67,0.66,0.67,258373,0
2016-03-17,11:25:00,0.67,0.67,0.66,0.67,68203,0
2016-03-17,11:30:00,0.67,0.67,0.66,0.67,41569,0
2016-03-17,11:35:00,0.67,0.67,0.66,0.67,109231,0
2016-03-17,11:40:00,0.68,0.68,0.67,0.68,19100,0
2016-03-17,11:45:00,0.68,0.68,0.68,0.68,122693,0
2016-03-17,11:50:00,0.68,0.68,0.68,0.68,11100,0
2016-03-17,11:55:00,0.67,0.68,0.67,0.67,105645,0
2016-03-17,12:00:00,0.67,0.68,0.67,0.67,54507,0
2016-03-17,12:05:00,0.67,0.67,0.67,0.67,31500,0
2016-03-17,12:10:00,0.67,0.67,0.67,0.67,145662,0
2016-03-17,12:15:00,0.68,0.68,0.67,0.68,35037,0
2016-03-17,12:20:00,0.68,0.68,0.68,0.68,11215,0
2016-03-17,12:25:00,0.68,0.68,0.68,0.68,119356,0
2016-03-17,12:30:00,0.68,0.69,0.68,0.68,56099,0
2016-03-17,12:35:00,0.68,0.68,0.68,0.68,6000,0
2016-03-17,12:40:00,0.68,0.68,0.68,0.68,220,0
2016-03-17,12:45:00,0.67,0.67,0.67,0.67,109351,0
2016-03-17,12:50:00,0.67,0.67,0.67,0.67,73500,0
2016-03-17,12:55:00,0.67,0.67,0.67,0.67,77512,0
2016-03-17,13:00:00,0.67,0.68,0.67,0.68,95483,0
2016-03-17,13:05:00,0.68,0.68,0.68,0.68,1603,0
2016-03-17,13:10:00,0.68,0.68,0.67,0.68,30746,0
2016-03-17,13:15:00,0.68,0.68,0.68,0.68,41717,0
2016-03-17,13:20:00,0.67,0.67,0.66,0.66,417000,0
2016-03-17,13:25:00,0.66,0.67,0.66,0.67,86884,0
2016-03-17,13:30:00,0.66,0.66,0.66,0.66,21100,0
2016-03-17,13:35:00,0.66,0.66,0.65,0.66,52547,0
2016-03-17,13:40:00,0.65,0.66,0.65,0.66,8120,0
2016-03-17,13:45:00,0.66,0.66,0.66,0.66,5900,0
2016-03-17,13:50:00,0.66,0.66,0.66,0.66,126671,0
2016-03-17,13:55:00,0.66,0.66,0.66,0.66,72869,0
2016-03-17,14:00:00,0.66,0.66,0.65,0.66,13720,0
2016-03-17,14:05:00,0.66,0.66,0.66,0.66,45244,0
2016-03-17,14:10:00,0.66,0.66,0.65,0.65,209611,0
2016-03-17,14:15:00,0.65,0.66,0.65,0.66,4900,0
2016-03-17,14:20:00,0.65,0.66,0.65,0.65,24035,0
2016-03-17,14:30:00,0.65,0.66,0.65,0.66,25354,0
2016-03-17,14:35:00,0.66,0.66,0.66,0.66,25833,0
2016-03-17,14:40:00,0.66,0.66,0.66,0.66,174020,0
2016-03-17,14:45:00,0.66,0.66,0.66,0.66,31000,0
2016-03-17,14:50:00,0.67,0.67,0.66,0.66,20030,0
2016-03-17,14:55:00,0.66,0.66,0.66,0.66,17726,0
2016-03-17,15:00:00,0.66,0.66,0.66,0.66,19975,0
2016-03-17,15:10:00,0.67,0.67,0.66,0.67,11780,0
2016-03-17,15:15:00,0.67,0.67,0.67,0.67,30874,0
2016-03-17,15:20:00,0.67,0.67,0.67,0.67,2000,0
2016-03-17,15:25:00,0.66,0.67,0.66,0.67,6830,0
2016-03-17,15:30:00,0.67,0.67,0.67,0.67,23922,0
2016-03-17,15:35:00,0.67,0.67,0.67,0.67,15178,0
2016-03-17,15:40:00,0.66,0.67,0.66,0.67,23154,0
2016-03-17,15:45:00,0.67,0.67,0.67,0.67,13090,0
2016-03-17,15:50:00,0.67,0.67,0.67,0.67,77007,0
2016-03-17,16:00:00,0.68,0.68,0.67,0.68,82901,0
2016-03-17,16:05:00,0.68,0.68,0.68,0.68,82339,0
2016-03-17,16:10:00,0.68,0.69,0.68,0.69,6701,0
2016-03-17,16:15:00,0.69,0.72,0.69,0.71,584186,0
2016-03-17,16:20:00,0.72,0.72,0.71,0.71,157596,0
2016-03-17,16:25:00,0.71,0.72,0.71,0.71,109754,0
2016-03-17,16:30:00,0.71,0.73,0.7,0.73,260802,0
2016-03-17,16:35:00,0.72,0.73,0.72,0.72,182188,0
2016-03-17,16:40:00,0.72,0.73,0.72,0.73,88002,0
2016-03-17,16:45:00,0.72,0.72,0.7,0.7,204990,0
2016-03-17,16:50:00,0.7,0.72,0.7,0.72,677181,0
2016-03-18,09:05:00,0.73,0.73,0.71,0.71,434683,0
2016-03-18,09:10:00,0.72,0.72,0.72,0.72,22300,0
2016-03-18,09:15:00,0.72,0.73,0.72,0.72,86334,0
2016-03-18,09:20:00,0.72,0.73,0.72,0.73,146872,0
2016-03-18,09:25:00,0.73,0.73,0.73,0.73,33464,0
2016-03-18,09:30:00,0.73,0.75,0.73,0.74,474775,0
2016-03-18,09:35:00,0.73,0.74,0.73,0.73,49010,0
2016-03-18,09:40:00,0.73,0.73,0.73,0.73,61323,0
2016-03-18,09:45:00,0.73,0.73,0.73,0.73,86485,0
2016-03-18,09:50:00,0.73,0.73,0.73,0.73,87800,0
2016-03-18,09:55:00,0.73,0.73,0.73,0.73,2820,0
2016-03-18,10:00:00,0.72,0.72,0.71,0.71,254258,0
2016-03-18,10:05:00,0.71,0.71,0.69,0.7,226746,0
2016-03-18,10:10:00,0.7,0.71,0.69,0.7,140555,0
2016-03-18,10:15:00,0.7,0.71,0.69,0.71,56394,0
2016-03-18,10:20:00,0.7,0.7,0.7,0.7,9595,0
2016-03-18,10:25:00,0.71,0.71,0.7,0.71,30705,0
2016-03-18,10:30:00,0.71,0.71,0.7,0.7,64469,0
2016-03-18,10:35:00,0.7,0.7,0.69,0.7,51263,0
2016-03-18,10:40:00,0.7,0.71,0.7,0.7,22691,0
2016-03-18,10:50:00,0.7,0.71,0.7,0.7,16115,0
2016-03-18,10:55:00,0.71,0.71,0.71,0.71,5563,0
2016-03-18,11:00:00,0.71,0.71,0.7,0.71,16043,0
2016-03-18,11:05:00,0.71,0.71,0.71,0.71,5000,0
2016-03-18,11:10:00,0.71,0.71,0.71,0.71,2562,0
2016-03-18,11:15:00,0.71,0.71,0.71,0.71,19921,0
2016-03-18,11:20:00,0.72,0.72,0.71,0.71,12754,0
2016-03-18,11:25:00,0.71,0.71,0.71,0.71,14145,0
2016-03-18,11:30:00,0.71,0.71,0.71,0.71,7296,0
2016-03-18,11:40:00,0.71,0.71,0.71,0.71,4678,0
2016-03-18,11:45:00,0.71,0.71,0.71,0.71,9322,0
2016-03-18,11:50:00,0.72,0.72,0.72,0.72,176978,0
2016-03-18,11:55:00,0.72,0.72,0.72,0.72,1300,0
2016-03-18,12:00:00,0.72,0.72,0.72,0.72,177,0
2016-03-18,12:05:00,0.72,0.72,0.72,0.72,208,0
2016-03-18,12:10:00,0.72,0.72,0.72,0.72,27000,0
2016-03-18,12:15:00,0.71,0.71,0.71,0.71,1824,0
2016-03-18,12:20:00,0.72,0.73,0.72,0.72,10224,0
2016-03-18,12:30:00,0.72,0.72,0.72,0.72,2800,0
2016-03-18,12:35:00,0.72,0.72,0.72,0.72,26283,0
2016-03-18,12:40:00,0.72,0.72,0.72,0.72,1870,0
2016-03-18,12:45:00,0.72,0.73,0.71,0.73,8979,0
2016-03-18,12:50:00,0.73,0.73,0.72,0.72,1164,0
2016-03-18,12:55:00,0.72,0.72,0.72,0.72,1500,0
2016-03-18,13:00:00,0.73,0.73,0.72,0.72,7000,0
2016-03-18,13:05:00,0.73,0.73,0.73,0.73,165,0
2016-03-18,13:10:00,0.72,0.73,0.72,0.73,29736,0
2016-03-18,13:20:00,0.72,0.72,0.72,0.72,5076,0
2016-03-18,13:25:00,0.72,0.72,0.72,0.72,5055,0
2016-03-18,13:30:00,0.72,0.72,0.72,0.72,1869,0
2016-03-18,13:35:00,0.72,0.72,0.72,0.72,1402,0
2016-03-18,13:40:00,0.71,0.71,0.71,0.71,100763,0
2016-03-18,13:45:00,0.71,0.72,0.71,0.71,92363,0
2016-03-18,13:50:00,0.71,0.71,0.71,0.71,18500,0
2016-03-18,13:55:00,0.71,0.71,0.71,0.71,50800,0
2016-03-18,14:00:00,0.71,0.71,0.71,0.71,15479,0
2016-03-18,14:05:00,0.71,0.71,0.71,0.71,10000,0
2016-03-18,14:10:00,0.71,0.71,0.71,0.71,10820,0
2016-03-18,14:20:00,0.71,0.71,0.71,0.71,17376,0
2016-03-18,14:25:00,0.71,0.71,0.71,0.71,2624,0
2016-03-18,14:30:00,0.71,0.71,0.71,0.71,3734,0
2016-03-18,14:35:00,0.72,0.72,0.71,0.71,8934,0
2016-03-18,14:40:00,0.71,0.72,0.71,0.72,1457,0
2016-03-18,14:45:00,0.72,0.72,0.72,0.72,712,0
2016-03-18,14:50:00,0.71,0.72,0.71,0.71,1788,0
2016-03-18,14:55:00,0.7,0.71,0.7,0.71,5001,0
2016-03-18,15:00:00,0.71,0.72,0.71,0.72,9617,0
2016-03-18,15:05:00,0.72,0.72,0.72,0.72,913,0
2016-03-18,15:10:00,0.72,0.72,0.72,0.72,899,0
2016-03-18,15:15:00,0.72,0.72,0.71,0.71,20522,0
2016-03-18,15:20:00,0.72,0.72,0.72,0.72,3001,0
2016-03-18,15:25:00,0.71,0.71,0.7,0.7,4401,0
2016-03-18,15:30:00,0.71,0.72,0.71,0.71,9101,0
2016-03-18,15:40:00,0.72,0.72,0.72,0.72,25000,0
2016-03-18,15:45:00,0.72,0.72,0.72,0.72,181219,0
2016-03-18,15:50:00,0.72,0.73,0.72,0.72,31883,0
2016-03-18,15:55:00,0.72,0.73,0.72,0.72,68008,0
2016-03-18,16:00:00,0.72,0.72,0.71,0.71,25192,0
2016-03-18,16:05:00,0.72,0.72,0.71,0.71,19939,0
2016-03-18,16:10:00,0.71,0.72,0.71,0.71,6580,0
2016-03-18,16:15:00,0.71,0.71,0.71,0.71,274,0
2016-03-18,16:20:00,0.72,0.72,0.71,0.71,2219,0
2016-03-18,16:25:00,0.71,0.71,0.71,0.71,89505,0
2016-03-18,16:30:00,0.71,0.71,0.71,0.71,219,0
2016-03-18,16:35:00,0.72,0.72,0.71,0.71,4679,0
2016-03-18,16:40:00,0.71,0.72,0.71,0.71,15098,0
2016-03-18,16:45:00,0.71,0.72,0.71,0.71,2790,0
2016-03-18,16:50:00,0.71,0.72,0.71,0.71,126721,0
