2016-03-07,09:05:00,1.32,1.32,1.32,1.32,1,0
2016-03-07,09:55:00,1.32,1.32,1.32,1.32,1,0
2016-03-07,10:05:00,1.32,1.32,1.32,1.32,443,0
2016-03-07,11:55:00,1.32,1.32,1.32,1.32,1,0
2016-03-07,12:00:00,1.32,1.32,1.32,1.32,1,0
2016-03-07,12:45:00,1.4,1.4,1.4,1.4,1,0
2016-03-08,12:20:00,1.4,1.4,1.4,1.4,20,0
2016-03-08,14:05:00,1.33,1.33,1.33,1.33,7,0
2016-03-08,14:10:00,1.33,1.33,1.33,1.33,3,0
2016-03-08,14:25:00,1.33,1.33,1.33,1.33,1,0
2016-03-08,14:30:00,1.33,1.33,1.33,1.33,1,0
2016-03-08,14:45:00,1.33,1.33,1.33,1.33,1,0
2016-03-09,09:05:00,1.32,1.32,1.32,1.32,1,0
2016-03-09,10:20:00,1.32,1.32,1.32,1.32,2,0
2016-03-09,13:10:00,1.32,1.32,1.32,1.32,1,0
2016-03-09,14:10:00,1.32,1.32,1.32,1.32,2,0
2016-03-09,16:05:00,1.32,1.32,1.32,1.32,4979,0
2016-03-10,09:05:00,1.26,1.26,1.26,1.26,2,0
2016-03-10,10:30:00,1.26,1.26,1.26,1.26,1,0
2016-03-10,13:00:00,1.26,1.26,1.26,1.26,3,0
2016-03-10,15:55:00,1.26,1.26,1.26,1.26,1,0
2016-03-10,16:50:00,1.26,1.26,1.26,1.26,1,0
2016-03-11,09:05:00,1.27,1.27,1.27,1.27,1,0
2016-03-11,09:30:00,1.27,1.27,1.27,1.27,13,0
2016-03-11,09:55:00,1.27,1.27,1.27,1.27,1,0
2016-03-11,11:40:00,1.27,1.27,1.27,1.27,1,0
2016-03-11,14:00:00,1.27,1.27,1.27,1.27,1,0
2016-03-14,09:05:00,1.27,1.27,1.27,1.27,10,0
2016-03-14,09:55:00,1.27,1.27,1.27,1.27,8,0
2016-03-14,11:15:00,1.27,1.27,1.27,1.27,4,0
2016-03-14,11:50:00,1.27,1.27,1.27,1.27,1,0
2016-03-14,12:10:00,1.27,1.27,1.27,1.27,1,0
2016-03-14,13:00:00,1.27,1.27,1.27,1.27,1,0
2016-03-14,14:20:00,1.27,1.27,1.27,1.27,107,0
2016-03-14,15:20:00,1.27,1.27,1.27,1.27,2,0
2016-03-14,15:50:00,1.27,1.27,1.27,1.27,1,0
2016-03-14,16:10:00,1.27,1.27,1.27,1.27,9,0
2016-03-15,11:55:00,1.27,1.27,1.27,1.27,2,0
2016-03-15,13:20:00,1.27,1.27,1.27,1.27,2,0
2016-03-15,14:20:00,1.27,1.27,1.27,1.27,10,0
2016-03-15,16:45:00,1.27,1.27,1.27,1.27,4,0
2016-03-16,09:25:00,1.27,1.27,1.27,1.27,1,0
2016-03-16,09:30:00,1.27,1.27,1.27,1.27,1,0
2016-03-16,12:30:00,1.27,1.27,1.27,1.27,3,0
2016-03-16,12:35:00,1.27,1.27,1.27,1.27,1,0
2016-03-17,11:40:00,1.27,1.27,1.27,1.27,1,0
2016-03-17,12:15:00,1.27,1.27,1.27,1.27,1,0
2016-03-17,12:45:00,1.27,1.27,1.27,1.27,3,0
2016-03-17,12:50:00,1.27,1.27,1.27,1.27,1,0
2016-03-17,13:50:00,1.27,1.27,1.27,1.27,1,0
2016-03-17,15:40:00,1.27,1.27,1.27,1.27,4,0
2016-03-18,09:05:00,1.27,1.27,1.27,1.27,5,0
2016-03-18,09:25:00,1.27,1.27,1.27,1.27,1,0
2016-03-18,13:25:00,1.27,1.27,1.27,1.27,1,0
2016-03-18,14:20:00,1.27,1.27,1.27,1.27,1,0
2016-03-18,15:15:00,1.27,1.27,1.27,1.27,1,0
