2016-03-07,09:30:00,15.513,15.513,15.513,15.513,236,0
2016-03-07,09:55:00,16.069,16.069,16.028,16.028,821,0
2016-03-07,13:00:00,15.979,15.979,15.979,15.979,245,0
2016-03-07,13:50:00,15.946,15.946,15.513,15.513,361,0
2016-03-07,15:35:00,15.922,15.922,15.922,15.922,184,0
2016-03-07,16:40:00,15.513,15.513,15.513,15.513,122,0
2016-03-08,09:05:00,15.905,15.905,15.513,15.513,312,0
2016-03-08,09:35:00,15.513,15.799,15.513,15.799,1249,0
2016-03-08,15:15:00,15.84,15.84,15.84,15.84,367,0
2016-03-08,15:50:00,15.848,15.848,15.848,15.848,294,0
2016-03-08,16:50:00,15.513,15.513,15.513,15.513,122,0
2016-03-09,09:20:00,15.513,15.799,15.513,15.799,367,0
2016-03-09,09:25:00,15.791,15.791,15.513,15.513,416,0
2016-03-09,10:10:00,15.513,15.513,15.513,15.513,122,0
2016-03-09,11:50:00,15.718,15.718,15.718,15.718,735,0
2016-03-09,12:30:00,15.432,15.432,15.432,15.432,735,0
2016-03-09,13:20:00,15.399,15.399,15.399,15.399,245,0
2016-03-10,09:05:00,15.35,15.35,15.35,15.35,12,0
2016-03-10,09:50:00,15.35,15.513,15.35,15.473,447,0
2016-03-10,09:55:00,15.473,15.473,15.473,15.473,163,0
2016-03-10,11:50:00,15.244,15.244,15.244,15.244,490,0
2016-03-10,11:55:00,15.456,15.456,15.456,15.456,184,0
2016-03-10,12:35:00,15.456,15.456,15.456,15.456,49,0
2016-03-10,16:50:00,15.456,15.456,15.456,15.456,1,0
2016-03-11,14:40:00,15.513,15.513,15.513,15.513,367,0
2016-03-11,16:00:00,15.513,15.513,15.513,15.513,61,0
2016-03-11,16:45:00,15.513,15.513,15.513,15.513,159,0
2016-03-14,09:45:00,15.473,15.473,15.473,15.473,294,0
2016-03-14,09:50:00,15.464,15.464,15.464,15.464,257,0
2016-03-14,10:25:00,15.513,15.513,15.513,15.513,67,0
2016-03-14,12:55:00,15.473,15.473,15.473,15.473,306,0
2016-03-14,14:55:00,15.473,15.473,15.473,15.473,355,0
2016-03-15,09:05:00,15.481,15.481,15.473,15.473,527,0
2016-03-15,09:40:00,15.505,15.513,15.505,15.513,747,0
2016-03-15,10:05:00,15.473,15.473,15.473,15.473,272,0
2016-03-15,10:45:00,15.513,15.513,15.513,15.513,534,0
2016-03-15,10:55:00,15.513,15.513,15.309,15.309,49,0
2016-03-15,11:05:00,15.473,15.473,15.473,15.473,300,0
2016-03-15,13:25:00,15.497,15.497,15.497,15.497,67,0
2016-03-15,16:45:00,15.473,15.473,15.473,15.473,367,0
2016-03-16,09:05:00,15.595,15.595,15.595,15.595,276,0
2016-03-16,09:40:00,15.669,15.669,15.636,15.636,465,0
2016-03-16,10:30:00,15.644,15.644,15.644,15.644,257,0
2016-03-16,11:20:00,15.636,15.636,15.636,15.636,306,0
2016-03-16,12:45:00,15.628,15.628,15.628,15.628,245,0
2016-03-16,16:45:00,15.669,15.669,15.669,15.669,43,0
2016-03-17,09:05:00,15.718,15.742,15.718,15.742,582,0
2016-03-17,10:00:00,15.758,15.758,15.758,15.758,306,0
2016-03-17,12:20:00,15.742,15.742,15.742,15.742,367,0
2016-03-17,12:25:00,15.726,15.726,15.726,15.726,349,0
2016-03-17,14:45:00,15.595,15.595,15.595,15.595,122,0
2016-03-17,15:30:00,15.595,15.595,15.595,15.595,380,0
2016-03-18,09:05:00,15.677,15.677,15.66,15.66,556,0
2016-03-18,09:10:00,15.677,15.677,15.677,15.677,367,0
2016-03-18,10:15:00,15.677,15.677,15.677,15.677,245,0
2016-03-18,11:15:00,15.669,15.669,15.669,15.669,306,0
2016-03-18,12:30:00,15.718,15.718,15.718,15.718,71,0
2016-03-18,12:35:00,15.718,15.718,15.718,15.718,220,0
2016-03-18,12:55:00,15.718,15.718,15.718,15.718,61,0
2016-03-18,15:50:00,15.309,15.309,15.309,15.309,20,0
2016-03-21,09:30:00,15.326,15.326,15.326,15.326,122,0
2016-03-22,12:10:00,15.513,15.513,15.513,15.513,110,0
2016-03-22,12:15:00,15.677,15.677,15.677,15.677,900,0
2016-03-22,12:20:00,15.513,15.513,15.513,15.513,61,0
2016-03-22,12:25:00,15.513,15.513,15.513,15.513,122,0
2016-03-22,12:35:00,15.693,15.693,15.693,15.693,367,0
2016-03-22,12:40:00,15.685,15.685,15.685,15.685,367,0
2016-03-22,13:00:00,15.513,15.677,15.513,15.677,600,0
2016-03-22,13:10:00,15.579,15.579,15.579,15.579,306,0
2016-03-22,14:25:00,15.473,15.554,15.473,15.554,2535,0
2016-03-22,14:45:00,15.554,15.554,15.554,15.554,612,0
2016-03-22,15:40:00,15.513,15.513,15.513,15.513,367,0
2016-03-22,15:50:00,15.554,15.554,15.554,15.554,612,0
2016-03-22,15:55:00,15.513,15.513,15.513,15.513,62,0
2016-03-22,16:25:00,15.513,15.513,15.513,15.513,61,0
2016-03-23,09:05:00,15.513,15.513,15.513,15.513,122,0
2016-03-23,09:10:00,15.677,15.677,15.636,15.636,1170,0
2016-03-23,09:20:00,15.677,15.677,15.513,15.66,876,0
2016-03-23,09:30:00,15.758,15.758,15.677,15.677,857,0
2016-03-23,09:45:00,15.669,15.669,15.669,15.669,392,0
2016-03-23,11:20:00,15.513,15.513,15.513,15.513,116,0
2016-03-23,11:25:00,15.513,15.513,15.513,15.513,122,0
2016-03-23,11:30:00,15.595,15.611,15.595,15.595,1782,0
2016-03-23,11:45:00,15.595,15.595,15.595,15.595,600,0
2016-03-23,12:25:00,15.595,15.595,15.595,15.595,588,0
2016-03-23,13:05:00,15.513,15.513,15.513,15.513,367,0
2016-03-23,13:20:00,15.513,15.513,15.513,15.513,3062,0
2016-03-23,13:45:00,15.513,15.513,15.513,15.513,1225,0
2016-03-23,14:00:00,15.513,15.513,15.513,15.513,230,0
2016-03-23,14:05:00,15.53,15.53,15.513,15.513,857,0
2016-03-23,14:15:00,15.554,15.554,15.554,15.554,98,0
2016-03-23,15:35:00,15.505,15.505,15.432,15.473,2817,0
2016-03-23,15:50:00,15.505,15.505,15.448,15.448,1494,0
2016-03-24,09:45:00,15.35,15.35,15.35,15.35,2511,0
2016-03-24,09:50:00,15.35,15.391,15.35,15.391,2388,0
2016-03-24,11:05:00,15.399,15.399,15.391,15.391,1225,0
2016-03-24,11:35:00,15.391,15.391,15.35,15.35,2266,0
2016-03-24,12:00:00,15.718,15.718,15.718,15.718,153,0
2016-03-24,12:15:00,15.595,15.595,15.513,15.513,306,0
2016-03-24,12:30:00,15.513,15.513,15.513,15.513,245,0
2016-03-24,12:40:00,15.391,15.391,15.35,15.35,2143,0
2016-03-24,13:00:00,15.358,15.358,15.35,15.35,612,0
2016-03-24,13:35:00,15.358,15.358,15.35,15.35,489,0
2016-03-24,14:40:00,15.399,15.399,15.399,15.399,674,0
2016-03-24,15:00:00,15.391,15.391,15.35,15.35,612,0
2016-03-24,15:45:00,15.35,15.35,15.35,15.35,367,0
2016-03-24,16:25:00,15.35,15.35,15.35,15.35,1600,0
2016-03-24,16:30:00,15.35,15.35,15.35,15.35,3368,0
2016-03-24,16:50:00,15.35,15.35,15.35,15.35,445,0
2016-03-29,09:20:00,15.513,15.513,15.513,15.513,612,0
2016-03-29,09:30:00,15.473,15.473,15.432,15.432,1702,0
2016-03-29,09:35:00,15.432,15.44,15.432,15.432,611,0
2016-03-29,09:45:00,15.473,15.473,15.473,15.473,306,0
2016-03-29,09:50:00,15.464,15.464,15.464,15.464,367,0
2016-03-29,10:00:00,15.464,15.464,15.432,15.432,367,0
2016-03-29,10:20:00,15.432,15.432,15.432,15.432,306,0
2016-03-29,10:25:00,15.464,15.464,15.464,15.464,147,0
2016-03-29,10:40:00,15.464,15.464,15.464,15.464,37,0
2016-03-29,10:55:00,15.432,15.473,15.432,15.473,735,0
2016-03-29,12:50:00,15.473,15.473,15.473,15.473,367,0
2016-03-29,12:55:00,15.473,15.473,15.473,15.473,245,0
2016-03-29,13:00:00,15.473,15.513,15.473,15.513,871,0
2016-03-29,13:05:00,15.473,15.473,15.473,15.473,231,0
2016-03-29,13:10:00,15.473,15.473,15.473,15.473,612,0
2016-03-29,13:15:00,15.473,15.473,15.473,15.473,612,0
2016-03-29,13:55:00,15.513,15.513,15.432,15.432,2511,0
2016-03-29,14:25:00,15.432,15.432,15.432,15.432,514,0
2016-03-29,15:00:00,15.513,15.513,15.513,15.513,245,0
2016-03-29,15:20:00,15.432,15.432,15.432,15.432,612,0
2016-03-29,15:35:00,15.432,15.432,15.432,15.432,1347,0
2016-03-29,15:40:00,15.473,15.473,15.473,15.473,367,0
2016-03-29,15:45:00,15.473,15.473,15.473,15.473,61,0
2016-03-29,15:50:00,15.473,15.473,15.473,15.473,306,0
2016-03-29,16:05:00,15.473,15.473,15.473,15.473,306,0
2016-03-29,16:15:00,15.432,15.513,15.432,15.513,1715,0
2016-03-29,16:50:00,15.432,15.432,15.432,15.432,145,0
2016-03-30,09:25:00,15.473,15.473,15.473,15.473,1898,0
2016-03-30,09:35:00,15.473,15.513,15.473,15.513,426,0
2016-03-30,09:40:00,15.456,15.456,15.448,15.448,429,0
2016-03-30,09:45:00,15.432,15.432,15.432,15.432,440,0
2016-03-30,10:00:00,15.473,15.473,15.473,15.473,465,0
2016-03-30,10:20:00,15.473,15.473,15.432,15.432,490,0
2016-03-30,10:50:00,15.432,15.432,15.432,15.432,459,0
2016-03-30,11:15:00,15.432,15.432,15.432,15.432,965,0
2016-03-30,12:45:00,15.473,15.473,15.473,15.473,489,0
2016-03-30,13:10:00,15.513,15.513,15.513,15.513,122,0
2016-03-30,13:25:00,15.473,15.473,15.473,15.473,490,0
2016-03-30,13:30:00,15.473,15.489,15.473,15.489,1292,0
2016-03-30,13:40:00,15.513,15.513,15.473,15.473,1467,0
2016-03-30,13:55:00,15.432,15.432,15.432,15.432,122,0
2016-03-30,14:00:00,15.473,15.473,15.473,15.473,1653,0
2016-03-30,14:10:00,15.473,15.473,15.473,15.473,680,0
2016-03-30,14:35:00,15.473,15.473,15.473,15.473,1043,0
2016-03-30,14:40:00,15.473,15.497,15.473,15.497,849,0
2016-03-30,14:45:00,15.473,15.473,15.473,15.473,306,0
2016-03-30,14:50:00,15.473,15.473,15.473,15.473,845,0
2016-03-30,15:10:00,15.473,15.489,15.473,15.489,796,0
2016-03-30,15:25:00,15.489,15.497,15.489,15.497,263,0
2016-03-31,09:05:00,15.473,15.473,15.473,15.473,306,0
2016-03-31,09:15:00,15.473,15.473,15.473,15.473,306,0
2016-03-31,09:40:00,15.456,15.456,15.456,15.456,245,0
2016-03-31,11:25:00,15.473,15.473,15.473,15.473,949,0
2016-03-31,11:45:00,15.473,15.473,15.473,15.473,490,0
2016-03-31,12:00:00,15.473,15.473,15.473,15.473,965,0
2016-03-31,12:05:00,15.473,15.473,15.473,15.473,992,0
2016-03-31,12:10:00,15.473,15.473,15.473,15.473,612,0
2016-03-31,12:40:00,15.489,15.489,15.489,15.489,429,0
2016-03-31,12:50:00,15.513,15.513,15.513,15.513,171,0
2016-03-31,13:20:00,15.513,15.513,15.513,15.513,143,0
2016-03-31,13:25:00,15.513,15.513,15.513,15.513,426,0
2016-03-31,13:30:00,15.513,15.513,15.513,15.513,486,0
2016-03-31,14:10:00,15.473,15.473,15.473,15.473,539,0
2016-03-31,14:15:00,15.489,15.489,15.473,15.473,796,0
2016-03-31,15:00:00,15.473,15.473,15.473,15.473,490,0
2016-03-31,15:05:00,15.473,15.473,15.473,15.473,367,0
2016-03-31,15:15:00,15.497,15.497,15.497,15.497,367,0
2016-03-31,15:35:00,15.513,15.513,15.513,15.513,2033,0
2016-03-31,15:40:00,15.513,15.513,15.513,15.513,98,0
2016-03-31,16:00:00,15.448,15.448,15.432,15.432,490,0
2016-03-31,16:50:00,15.513,15.513,15.513,15.513,612,0
2016-04-01,09:10:00,15.513,15.513,15.432,15.432,703,0
2016-04-01,10:05:00,15.432,15.432,15.432,15.432,122,0
2016-04-01,10:40:00,15.513,15.513,15.513,15.513,69,0
2016-04-01,15:35:00,15.489,15.489,15.489,15.489,28,0
2016-04-04,09:05:00,15.709,15.709,15.709,15.709,12,0
2016-04-04,09:40:00,15.513,15.513,15.513,15.513,791,0
2016-04-04,10:05:00,15.595,15.595,15.595,15.595,269,0
2016-04-04,10:10:00,15.554,15.554,15.554,15.554,54,0
2016-04-04,11:00:00,15.513,15.513,15.513,15.513,135,0
2016-04-04,12:00:00,15.513,15.513,15.513,15.513,490,0
2016-04-04,13:25:00,15.677,15.677,15.677,15.677,80,0
2016-04-04,13:30:00,15.677,15.677,15.677,15.677,135,0
2016-04-04,14:05:00,15.505,15.579,15.505,15.546,588,0
2016-04-04,14:10:00,15.513,15.513,15.513,15.513,391,0
2016-04-04,14:25:00,15.513,15.513,15.513,15.513,64,0
2016-04-04,15:40:00,15.513,15.513,15.513,15.513,6,0
2016-04-04,16:05:00,15.473,15.473,15.473,15.473,1102,0
2016-04-04,16:10:00,15.513,15.513,15.513,15.513,490,0
2016-04-04,16:15:00,15.481,15.513,15.473,15.513,2205,0
2016-04-04,16:35:00,15.497,15.497,15.497,15.497,306,0
2016-04-05,10:00:00,15.513,15.513,15.513,15.513,312,0
2016-04-05,10:25:00,15.513,15.513,15.513,15.513,61,0
2016-04-05,10:30:00,15.505,15.505,15.505,15.505,367,0
2016-04-05,10:35:00,15.505,15.505,15.505,15.505,153,0
2016-04-05,11:35:00,15.505,15.505,15.505,15.505,73,0
2016-04-06,10:20:00,15.554,15.554,15.53,15.53,857,0
2016-04-06,13:10:00,15.513,15.513,15.513,15.513,159,0
2016-04-06,14:20:00,15.473,15.473,15.473,15.473,355,0
2016-04-06,15:00:00,15.35,15.35,15.35,15.35,122,0
2016-04-06,15:10:00,15.293,15.293,15.293,15.293,612,0
2016-04-06,15:15:00,15.473,15.473,15.473,15.473,367,0
2016-04-07,09:05:00,15.709,15.718,15.432,15.432,1715,0
2016-04-07,09:10:00,15.432,15.432,15.432,15.432,306,0
2016-04-07,09:15:00,15.513,15.718,15.513,15.513,484,0
2016-04-07,09:20:00,15.513,15.742,15.513,15.742,2152,0
2016-04-07,09:25:00,15.718,15.718,15.718,15.718,429,0
2016-04-07,09:30:00,15.718,15.718,15.718,15.718,388,0
2016-04-07,09:35:00,15.718,15.758,15.718,15.758,2909,0
2016-04-07,09:40:00,15.922,15.922,15.922,15.922,429,0
2016-04-07,09:45:00,15.767,15.767,15.513,15.513,819,0
2016-04-07,09:50:00,15.513,15.513,15.513,15.513,2033,0
2016-04-07,09:55:00,15.513,15.677,15.513,15.677,416,0
2016-04-07,10:05:00,15.824,15.84,15.824,15.84,159,0
2016-04-07,10:40:00,15.718,15.718,15.718,15.718,61,0
2016-04-07,10:45:00,15.718,15.718,15.718,15.718,31,0
2016-04-07,10:50:00,15.595,15.595,15.595,15.595,625,0
2016-04-07,11:05:00,15.718,15.718,15.718,15.718,222,0
2016-04-07,11:10:00,15.718,15.718,15.718,15.718,294,0
2016-04-07,11:50:00,15.595,15.595,15.513,15.513,1026,0
2016-04-07,11:55:00,15.513,15.513,15.513,15.513,122,0
2016-04-07,12:05:00,15.513,15.513,15.513,15.513,122,0
2016-04-07,12:15:00,15.513,15.513,15.513,15.513,67,0
2016-04-07,12:25:00,15.513,15.513,15.513,15.513,475,0
2016-04-07,12:30:00,15.513,15.513,15.513,15.513,141,0
2016-04-07,12:35:00,15.513,15.513,15.513,15.513,378,0
2016-04-07,12:55:00,15.75,15.758,15.513,15.513,283,0
2016-04-07,14:20:00,15.513,15.513,15.513,15.513,490,0
2016-04-07,14:25:00,15.75,15.758,15.75,15.758,367,0
2016-04-07,14:45:00,15.522,15.522,15.513,15.513,637,0
2016-04-07,15:30:00,15.791,15.791,15.791,15.791,61,0
2016-04-07,15:35:00,15.571,15.571,15.53,15.53,735,0
2016-04-07,15:45:00,15.799,15.799,15.799,15.799,367,0
2016-04-07,15:50:00,15.799,15.799,15.799,15.799,141,0
2016-04-07,16:00:00,15.595,15.799,15.53,15.799,906,0
2016-04-07,16:05:00,15.603,15.603,15.513,15.513,923,0
2016-04-07,16:10:00,15.595,15.595,15.595,15.595,122,0
2016-04-07,16:20:00,15.513,15.513,15.513,15.513,61,0
2016-04-07,16:30:00,15.513,15.513,15.513,15.513,55,0
2016-04-07,16:45:00,15.513,15.799,15.513,15.799,710,0
2016-04-08,09:05:00,16.412,16.73,16.412,16.73,1860,0
2016-04-08,09:10:00,16.738,16.738,16.738,16.738,159,0
2016-04-08,09:20:00,16.901,16.901,16.33,16.33,6138,0
2016-04-08,09:25:00,16.33,16.33,16.33,16.33,100,0
2016-04-08,09:30:00,16.412,16.412,16.33,16.33,145,0
2016-04-08,09:35:00,16.395,16.412,16.395,16.412,2449,0
2016-04-08,09:55:00,16.371,16.371,16.371,16.371,122,0
2016-04-08,10:00:00,16.371,16.412,16.371,16.412,1795,0
2016-04-08,10:05:00,16.371,16.371,16.371,16.371,2318,0
2016-04-08,10:10:00,16.33,16.403,16.33,16.403,182,0
2016-04-08,10:15:00,16.33,16.412,16.33,16.412,456,0
2016-04-08,10:25:00,16.412,16.412,16.412,16.412,367,0
2016-04-08,10:30:00,16.412,16.412,16.412,16.412,55,0
2016-04-08,10:35:00,16.412,16.412,16.33,16.33,839,0
2016-04-08,10:40:00,16.33,16.33,16.33,16.33,2,0
2016-04-08,10:45:00,16.33,16.33,16.33,16.33,6,0
2016-04-08,10:50:00,16.33,16.33,16.33,16.33,122,0
2016-04-08,11:25:00,16.33,16.33,16.33,16.33,306,0
2016-04-08,11:30:00,16.248,16.248,16.248,16.248,61,0
2016-04-08,11:50:00,16.33,16.33,16.33,16.33,86,0
2016-04-08,11:55:00,16.33,16.33,16.33,16.33,184,0
2016-04-08,12:25:00,16.452,16.452,16.452,16.452,120,0
2016-04-08,12:55:00,16.33,16.33,16.33,16.33,122,0
2016-04-08,13:00:00,16.338,16.338,16.33,16.33,269,0
2016-04-08,13:20:00,16.346,16.346,16.346,16.346,127,0
2016-04-08,14:10:00,16.33,16.33,16.33,16.33,184,0
2016-04-08,14:25:00,16.403,16.403,16.403,16.403,245,0
2016-04-08,14:30:00,16.33,16.33,16.33,16.33,122,0
2016-04-08,14:35:00,16.33,16.33,16.33,16.33,59,0
2016-04-08,14:40:00,16.403,16.403,16.403,16.403,151,0
2016-04-08,15:25:00,16.338,16.338,16.338,16.338,67,0
2016-04-08,16:00:00,16.289,16.289,16.289,16.289,257,0
2016-04-08,16:10:00,16.403,16.403,16.33,16.33,527,0
2016-04-08,16:20:00,16.395,16.403,16.395,16.403,122,0
2016-04-08,16:30:00,16.403,16.403,16.33,16.403,490,0
2016-04-08,16:50:00,16.33,16.379,16.33,16.33,1051,0
2016-04-11,09:05:00,16.33,16.338,16.33,16.33,1059,0
2016-04-11,09:10:00,16.33,16.371,16.33,16.371,772,0
2016-04-11,09:20:00,16.371,16.371,16.371,16.371,85,0
2016-04-11,09:30:00,16.371,16.371,16.33,16.33,2829,0
2016-04-11,09:35:00,16.363,16.363,16.33,16.33,1102,0
2016-04-11,09:40:00,16.363,16.363,16.363,16.363,227,0
2016-04-11,09:45:00,16.33,16.33,16.33,16.33,372,0
2016-04-11,10:00:00,16.354,16.354,16.354,16.354,318,0
2016-04-11,10:15:00,16.33,16.33,16.33,16.33,122,0
2016-04-11,10:25:00,16.297,16.297,16.297,16.297,245,0
2016-04-11,10:35:00,16.297,16.297,16.297,16.297,220,0
2016-04-11,10:50:00,16.248,16.248,16.248,16.248,61,0
2016-04-11,11:30:00,16.232,16.232,16.232,16.232,122,0
2016-04-11,11:45:00,16.167,16.167,16.167,16.167,122,0
2016-04-11,12:05:00,16.134,16.134,16.134,16.134,310,0
2016-04-11,12:20:00,16.126,16.126,16.126,16.126,122,0
2016-04-11,12:25:00,16.142,16.142,16.142,16.142,49,0
2016-04-11,12:50:00,16.167,16.167,16.167,16.167,2449,0
2016-04-11,12:55:00,16.167,16.167,16.167,16.167,2033,0
2016-04-11,13:25:00,16.167,16.167,16.167,16.167,367,0
2016-04-11,13:30:00,16.167,16.167,16.167,16.167,178,0
2016-04-11,16:15:00,16.175,16.175,16.167,16.167,612,0
2016-04-11,16:45:00,16.289,16.289,16.289,16.289,12,0
2016-04-12,09:10:00,16.289,16.33,16.289,16.33,735,0
2016-04-12,09:15:00,16.387,16.387,16.387,16.387,73,0
2016-04-12,09:20:00,16.33,16.33,16.33,16.33,61,0
2016-04-12,09:30:00,16.216,16.216,16.216,16.216,306,0
2016-04-12,09:45:00,16.289,16.289,16.289,16.289,122,0
2016-04-12,09:50:00,16.289,16.289,16.289,16.289,96,0
2016-04-12,10:00:00,16.289,16.289,16.289,16.289,130,0
2016-04-12,10:05:00,16.256,16.256,16.248,16.248,184,0
2016-04-12,10:10:00,16.289,16.289,16.289,16.289,61,0
2016-04-12,10:15:00,16.248,16.248,16.248,16.248,61,0
2016-04-12,10:30:00,16.248,16.248,16.248,16.248,147,0
2016-04-12,10:40:00,16.224,16.224,16.224,16.224,87,0
2016-04-12,10:45:00,16.248,16.248,16.248,16.248,122,0
2016-04-12,10:50:00,16.281,16.289,16.281,16.289,674,0
2016-04-12,10:55:00,16.248,16.248,16.207,16.248,980,0
2016-04-12,11:20:00,16.248,16.248,16.248,16.248,245,0
2016-04-12,11:50:00,16.248,16.248,16.248,16.248,429,0
2016-04-12,12:35:00,16.248,16.248,16.248,16.248,97,0
2016-04-12,13:40:00,16.248,16.248,16.248,16.248,894,0
2016-04-12,14:00:00,16.289,16.289,16.289,16.289,152,0
2016-04-12,14:15:00,16.289,16.289,16.289,16.289,142,0
2016-04-12,14:20:00,16.248,16.248,16.248,16.248,274,0
2016-04-12,14:25:00,16.248,16.248,16.248,16.248,122,0
2016-04-12,15:20:00,16.248,16.248,16.248,16.248,343,0
2016-04-12,15:30:00,16.248,16.248,16.248,16.248,301,0
2016-04-12,15:35:00,16.289,16.289,16.289,16.289,122,0
2016-04-12,15:45:00,16.289,16.289,16.289,16.289,125,0
2016-04-12,16:10:00,16.289,16.289,16.289,16.289,196,0
2016-04-12,16:15:00,16.289,16.289,16.289,16.289,110,0
2016-04-12,16:35:00,16.265,16.265,16.265,16.265,62,0
2016-04-12,16:40:00,16.248,16.248,16.24,16.24,151,0
2016-04-12,16:50:00,16.289,16.289,16.289,16.289,257,0
2016-04-13,09:10:00,16.33,16.33,16.289,16.289,269,0
2016-04-13,09:15:00,16.33,16.33,16.33,16.33,176,0
2016-04-13,09:20:00,16.33,16.33,16.289,16.33,1551,0
2016-04-13,09:40:00,16.33,16.33,16.33,16.33,273,0
2016-04-13,09:50:00,16.33,16.371,16.33,16.371,509,0
2016-04-13,09:55:00,16.371,16.371,16.371,16.371,61,0
2016-04-13,10:00:00,16.33,16.33,16.33,16.33,67,0
2016-04-13,10:05:00,16.33,16.33,16.33,16.33,545,0
2016-04-13,10:10:00,16.371,16.371,16.371,16.371,73,0
2016-04-13,10:25:00,16.371,16.371,16.371,16.371,503,0
2016-04-13,10:40:00,16.33,16.33,16.33,16.33,1347,0
2016-04-13,10:45:00,16.371,16.371,16.371,16.371,122,0
2016-04-13,10:55:00,16.371,16.371,16.33,16.33,2676,0
2016-04-13,11:05:00,16.305,16.305,16.305,16.305,1225,0
2016-04-13,11:10:00,16.33,16.33,16.33,16.33,24,0
2016-04-13,11:25:00,16.305,16.305,16.289,16.289,1837,0
2016-04-13,11:50:00,16.33,16.33,16.33,16.33,194,0
2016-04-13,11:55:00,16.33,16.33,16.33,16.33,122,0
2016-04-13,12:10:00,16.33,16.33,16.33,16.33,2805,0
2016-04-13,12:35:00,16.33,16.33,16.33,16.33,69,0
2016-04-13,12:40:00,16.297,16.297,16.297,16.297,122,0
2016-04-13,12:45:00,16.297,16.297,16.297,16.297,233,0
2016-04-13,13:00:00,16.297,16.297,16.289,16.289,612,0
2016-04-13,14:05:00,16.33,16.33,16.33,16.33,122,0
2016-04-13,14:35:00,16.297,16.297,16.289,16.289,612,0
2016-04-13,15:05:00,16.289,16.289,16.289,16.289,367,0
2016-04-13,15:40:00,16.33,16.33,16.33,16.33,31,0
2016-04-13,16:10:00,16.33,16.33,16.33,16.33,86,0
2016-04-13,16:25:00,16.297,16.33,16.297,16.33,862,0
2016-04-13,16:30:00,16.33,16.33,16.33,16.33,80,0
2016-04-13,16:45:00,16.33,16.33,16.33,16.33,1310,0
2016-04-13,16:50:00,16.33,16.33,16.33,16.33,326,0
2016-04-14,09:05:00,16.33,16.33,16.33,16.33,612,0
2016-04-14,09:10:00,16.477,16.485,16.477,16.485,517,0
2016-04-14,09:20:00,16.338,16.338,16.33,16.33,9063,0
2016-04-14,09:30:00,16.412,16.412,16.412,16.412,612,0
2016-04-14,09:35:00,16.722,16.722,16.722,16.722,116,0
2016-04-14,09:40:00,16.346,16.346,16.33,16.33,5511,0
2016-04-14,09:45:00,16.452,16.452,16.452,16.452,708,0
2016-04-14,09:55:00,16.452,16.452,16.452,16.452,147,0
2016-04-14,10:00:00,16.33,16.33,16.33,16.33,612,0
2016-04-14,10:05:00,16.436,16.436,16.436,16.436,551,0
2016-04-14,10:30:00,16.428,16.428,16.428,16.428,61,0
2016-04-14,10:35:00,16.428,16.428,16.428,16.428,127,0
2016-04-14,10:40:00,16.371,16.428,16.33,16.428,3699,0
2016-04-14,11:15:00,16.33,16.33,16.33,16.33,551,0
2016-04-14,11:35:00,16.428,16.452,16.428,16.452,769,0
2016-04-14,12:20:00,16.493,16.493,16.493,16.493,612,0
2016-04-14,12:50:00,16.689,16.697,16.493,16.493,1225,0
2016-04-14,12:55:00,16.575,16.575,16.575,16.575,562,0
2016-04-14,13:10:00,16.379,16.379,16.371,16.371,490,0
2016-04-14,13:30:00,16.371,16.371,16.371,16.371,857,0
2016-04-14,13:45:00,16.379,16.379,16.379,16.379,24,0
2016-04-14,13:50:00,16.379,16.379,16.379,16.379,343,0
2016-04-14,13:55:00,16.371,16.371,16.371,16.371,127,0
2016-04-14,15:00:00,16.493,16.493,16.493,16.493,61,0
2016-04-14,16:00:00,16.371,16.371,16.371,16.371,61,0
2016-04-15,09:05:00,16.379,16.379,16.33,16.33,2954,0
2016-04-15,09:20:00,16.289,16.289,16.289,16.289,122,0
2016-04-15,09:30:00,16.289,16.289,16.289,16.289,61,0
2016-04-15,09:40:00,16.289,16.289,16.289,16.289,61,0
2016-04-15,09:55:00,16.265,16.289,16.207,16.289,1137,0
2016-04-15,10:00:00,16.289,16.289,16.248,16.248,612,0
2016-04-15,10:05:00,16.248,16.248,16.248,16.248,45,0
2016-04-15,10:25:00,16.256,16.256,16.256,16.256,122,0
2016-04-15,11:35:00,16.256,16.256,16.167,16.167,612,0
2016-04-15,12:00:00,16.167,16.167,16.126,16.126,129,0
2016-04-15,12:20:00,16.322,16.322,16.322,16.322,251,0
2016-04-15,14:20:00,16.314,16.314,16.314,16.314,34,0
2016-04-15,14:25:00,16.314,16.314,16.314,16.314,122,0
2016-04-15,14:45:00,16.314,16.314,16.314,16.314,12,0
2016-04-15,16:35:00,16.248,16.248,16.248,16.248,69,0
2016-04-15,16:50:00,16.248,16.248,16.248,16.248,7487,0
2016-04-18,09:05:00,16.248,16.248,16.248,16.248,6369,0
2016-04-18,09:10:00,16.314,16.314,14.697,15.105,10540,0
2016-04-18,09:15:00,16.085,16.085,16.085,16.085,1,0
2016-04-18,09:20:00,16.003,16.085,16.003,16.085,1069,0
2016-04-18,09:40:00,16.085,16.085,16.085,16.085,61,0
2016-04-18,09:45:00,15.93,16.167,15.922,16.167,814,0
2016-04-18,09:55:00,16.085,16.085,16.085,16.085,208,0
2016-04-18,10:00:00,15.938,15.938,15.84,15.84,626,0
2016-04-18,10:05:00,15.84,15.84,15.84,15.84,109,0
2016-04-18,10:15:00,16.085,16.085,16.085,16.085,61,0
2016-04-18,10:25:00,15.962,15.962,15.962,15.962,710,0
2016-04-18,11:55:00,15.962,15.962,15.962,15.962,367,0
2016-04-18,12:00:00,16.003,16.003,16.003,16.003,31,0
2016-04-18,12:10:00,15.962,15.962,15.962,15.962,282,0
2016-04-18,12:45:00,15.922,15.922,15.84,15.84,810,0
2016-04-18,12:55:00,15.677,15.962,15.677,15.962,1347,0
2016-04-18,13:30:00,15.954,15.954,15.954,15.954,49,0
2016-04-18,13:45:00,15.922,15.922,15.84,15.84,429,0
2016-04-18,14:15:00,15.758,15.758,15.677,15.677,116,0
2016-04-18,14:25:00,15.84,15.84,15.84,15.84,49,0
2016-04-18,14:45:00,15.84,15.84,15.84,15.84,61,0
2016-04-18,15:35:00,15.905,15.905,15.905,15.905,49,0
2016-04-18,15:55:00,15.905,15.913,15.905,15.913,312,0
2016-04-18,16:00:00,15.913,15.913,15.913,15.913,320,0
2016-04-18,16:05:00,15.913,15.913,15.913,15.913,680,0
2016-04-18,16:10:00,15.913,15.913,15.913,15.913,99,0
2016-04-18,16:50:00,15.905,15.905,15.905,15.905,306,0
2016-04-19,09:05:00,15.922,15.922,15.922,15.922,24,0
2016-04-19,09:10:00,15.905,15.905,15.905,15.905,22,0
2016-04-19,09:35:00,15.922,15.922,15.922,15.922,588,0
2016-04-19,10:55:00,15.946,15.946,15.946,15.946,502,0
2016-04-19,11:05:00,15.946,15.946,15.946,15.946,1379,0
2016-04-19,11:10:00,15.946,15.946,15.946,15.946,294,0
2016-04-19,11:25:00,15.946,15.946,15.946,15.946,103,0
2016-04-19,12:00:00,15.954,15.954,15.954,15.954,12,0
2016-04-19,12:05:00,16.044,16.044,16.044,16.044,551,0
2016-04-19,12:20:00,15.962,15.962,15.962,15.962,367,0
2016-04-19,13:05:00,16.003,16.003,16.003,16.003,612,0
2016-04-19,13:10:00,16.085,16.085,16.085,16.085,612,0
2016-04-19,13:25:00,16.085,16.085,16.085,16.085,735,0
2016-04-19,13:35:00,16.085,16.085,16.085,16.085,539,0
2016-04-19,13:45:00,16.085,16.085,16.085,16.085,73,0
2016-04-19,13:55:00,16.085,16.085,16.085,16.085,49,0
2016-04-19,14:20:00,16.085,16.085,16.085,16.085,122,0
2016-04-19,14:35:00,16.085,16.126,16.085,16.126,1813,0
2016-04-19,16:00:00,16.167,16.167,16.167,16.167,184,0
2016-04-19,16:05:00,16.126,16.126,16.126,16.126,184,0
2016-04-20,09:05:00,16.248,16.248,16.248,16.248,1200,0
2016-04-20,09:10:00,16.207,16.207,16.207,16.207,122,0
2016-04-20,09:15:00,16.126,16.126,16.126,16.126,180,0
2016-04-20,09:20:00,16.126,16.126,16.126,16.126,61,0
2016-04-20,09:25:00,16.126,16.126,16.126,16.126,184,0
2016-04-20,09:45:00,16.044,16.044,16.003,16.003,190,0
2016-04-20,10:00:00,16.085,16.085,16.085,16.085,785,0
2016-04-20,10:10:00,15.962,15.962,15.962,15.962,245,0
2016-04-20,10:35:00,15.922,15.922,15.922,15.922,429,0
2016-04-20,10:45:00,15.962,15.962,15.962,15.962,61,0
2016-04-20,11:00:00,15.93,15.93,15.93,15.93,45,0
2016-04-20,11:45:00,16.126,16.126,16.126,16.126,295,0
2016-04-20,11:50:00,16.126,16.126,16.126,16.126,239,0
2016-04-20,12:05:00,15.93,15.93,15.922,15.922,612,0
2016-04-20,15:50:00,15.922,15.922,15.922,15.922,122,0
2016-04-20,16:00:00,16.003,16.003,16.003,16.003,521,0
2016-04-20,16:45:00,16.02,16.02,16.02,16.02,429,0
2016-04-20,16:50:00,16.02,16.02,16.02,16.02,217,0
2016-04-21,09:05:00,16.24,16.24,16.24,16.24,12,0
2016-04-21,09:25:00,16.02,16.02,16.02,16.02,247,0
2016-04-21,10:00:00,16.028,16.028,16.028,16.028,1225,0
2016-04-21,10:25:00,15.922,15.922,15.922,15.922,612,0
2016-04-21,10:55:00,15.962,15.962,15.962,15.962,3470,0
2016-04-21,11:05:00,15.962,15.962,15.962,15.962,29061,0
2016-04-21,11:20:00,15.93,15.93,15.93,15.93,212,0
2016-04-21,11:30:00,15.962,15.962,15.93,15.93,4424,0
2016-04-21,11:45:00,15.954,15.954,15.954,15.954,61,0
2016-04-21,12:15:00,15.938,15.938,15.938,15.938,245,0
2016-04-21,12:20:00,15.938,15.938,15.938,15.938,367,0
2016-04-21,13:25:00,15.954,15.954,15.954,15.954,184,0
2016-04-21,13:30:00,15.954,15.954,15.954,15.954,184,0
2016-04-21,13:55:00,15.962,15.962,15.962,15.962,1912,0
2016-04-21,14:05:00,15.962,15.962,15.962,15.962,2938,0
2016-04-21,14:10:00,15.962,15.962,15.962,15.962,9395,0
2016-04-21,14:30:00,15.962,15.962,15.962,15.962,61,0
2016-04-21,14:35:00,15.938,15.938,15.938,15.938,367,0
2016-04-21,14:40:00,15.962,15.962,15.962,15.962,49,0
2016-04-21,15:35:00,15.962,15.962,15.962,15.962,342,0
2016-04-21,15:40:00,15.962,15.962,15.962,15.962,49,0
2016-04-21,15:45:00,15.962,15.962,15.962,15.962,12,0
2016-04-21,16:30:00,15.962,16.003,15.962,16.003,845,0
2016-04-21,16:35:00,15.962,15.962,15.962,15.962,12015,0
2016-04-21,16:40:00,15.962,15.962,15.962,15.962,3231,0
2016-04-21,16:45:00,15.962,15.962,15.962,15.962,42870,0
2016-04-21,16:50:00,15.962,15.962,15.962,15.962,19031,0
2016-04-22,09:05:00,15.962,15.962,15.962,15.962,2817,0
2016-04-22,09:15:00,15.962,16.044,15.962,16.044,665,0
2016-04-22,09:20:00,15.962,15.962,15.962,15.962,857,0
2016-04-22,09:45:00,15.962,15.962,15.962,15.962,1225,0
2016-04-22,09:50:00,15.962,15.962,15.962,15.962,1225,0
2016-04-22,09:55:00,15.962,15.962,15.962,15.962,5389,0
2016-04-22,10:00:00,15.962,15.962,15.962,15.962,13472,0
2016-04-22,10:05:00,15.962,15.962,15.962,15.962,17112,0
2016-04-22,10:10:00,15.962,15.962,15.962,15.962,17612,0
2016-04-22,10:15:00,15.962,15.962,15.962,15.962,12247,0
2016-04-22,10:20:00,15.962,15.962,15.962,15.962,13472,0
2016-04-22,10:25:00,15.962,15.962,15.962,15.962,29394,0
2016-04-22,10:30:00,15.962,15.962,15.962,15.962,32135,0
2016-04-22,10:35:00,15.962,15.962,15.962,15.962,3383,0
2016-04-22,10:40:00,15.962,15.962,15.962,15.962,41982,0
2016-04-22,11:00:00,15.962,15.962,15.962,15.962,8233,0
2016-04-22,11:05:00,15.962,15.962,15.962,15.962,53891,0
2016-04-22,11:10:00,15.962,15.962,15.962,15.962,4897,0
2016-04-22,11:15:00,15.962,15.962,15.962,15.962,17999,0
2016-04-22,11:20:00,15.962,15.962,15.962,15.962,39199,0
2016-04-22,11:25:00,15.962,15.962,15.962,15.962,320,0
2016-04-22,11:35:00,15.962,15.962,15.962,15.962,979,0
2016-04-22,11:40:00,15.962,15.962,15.962,15.962,1225,0
2016-04-22,11:45:00,15.962,15.962,15.962,15.962,1333,0
2016-04-22,11:55:00,15.962,15.962,15.962,15.962,2449,0
2016-04-22,12:00:00,15.962,15.962,15.962,15.962,1225,0
2016-04-22,12:10:00,15.962,15.962,15.954,15.954,1495,0
2016-04-22,12:20:00,15.962,15.962,15.962,15.962,26485,0
2016-04-22,12:25:00,16.044,16.044,16.044,16.044,612,0
2016-04-22,12:30:00,15.962,15.962,15.962,15.962,44060,0
2016-04-22,12:35:00,15.962,15.962,15.962,15.962,3062,0
2016-04-22,12:55:00,15.962,15.962,15.962,15.962,61,0
2016-04-22,13:05:00,15.962,15.962,15.962,15.962,245,0
2016-04-22,13:10:00,15.962,15.962,15.962,15.962,64,0
2016-04-22,13:30:00,15.962,15.962,15.962,15.962,1225,0
2016-04-22,14:05:00,15.962,15.962,15.962,15.962,143,0
2016-04-22,14:20:00,15.962,15.962,15.962,15.962,25836,0
2016-04-22,14:25:00,15.962,15.962,15.962,15.962,115,0
2016-04-22,14:40:00,15.962,15.962,15.962,15.962,62,0
2016-04-22,15:20:00,15.962,15.962,15.962,15.962,184,0
2016-04-22,16:30:00,15.962,15.962,15.962,15.962,5879,0
2016-04-22,16:35:00,15.962,15.962,15.962,15.962,92,0
2016-04-22,16:45:00,15.962,15.962,15.962,15.962,202,0
2016-04-22,16:50:00,16.207,16.207,16.207,16.207,49,0
2016-04-25,09:05:00,16.207,16.207,16.207,16.207,1470,0
2016-04-25,09:10:00,15.962,15.962,15.962,15.962,589,0
2016-04-25,09:25:00,15.962,15.962,15.962,15.962,171,0
2016-04-25,09:30:00,15.962,15.962,15.962,15.962,61,0
2016-04-25,09:35:00,15.962,15.962,15.962,15.962,158,0
2016-04-25,11:20:00,16.044,16.044,16.044,16.044,129,0
2016-04-25,12:05:00,16.232,16.232,16.232,16.232,238,0
2016-04-25,12:20:00,16.232,16.24,16.232,16.24,118,0
2016-04-25,12:40:00,16.289,16.289,16.289,16.289,5,0
2016-04-25,12:45:00,15.971,15.971,15.962,15.962,1225,0
2016-04-25,12:50:00,15.962,15.962,15.962,15.962,1225,0
2016-04-25,13:20:00,16.289,16.289,16.289,16.289,37,0
2016-04-25,13:25:00,15.979,15.979,15.979,15.979,122,0
2016-04-25,14:00:00,15.979,15.979,15.962,15.962,3429,0
2016-04-25,14:40:00,15.962,15.971,15.962,15.962,8206,0
2016-04-25,14:50:00,15.962,15.962,15.962,15.962,6736,0
2016-04-25,14:55:00,15.962,15.962,15.962,15.962,6494,0
2016-04-25,15:25:00,15.962,15.962,15.962,15.962,24495,0
2016-04-25,15:30:00,15.962,15.962,15.962,15.962,11372,0
2016-04-26,09:10:00,16.24,16.314,16.24,16.314,680,0
2016-04-26,09:20:00,16.33,16.33,16.33,16.33,545,0
2016-04-26,09:45:00,16.167,16.167,16.167,16.167,315,0
2016-04-26,11:55:00,16.167,16.167,15.971,15.971,24495,0
2016-04-26,12:25:00,16.126,16.126,15.971,15.971,4899,0
2016-04-26,12:45:00,16.248,16.248,16.248,16.248,122,0
2016-04-26,13:15:00,15.979,15.979,15.971,15.971,18371,0
2016-04-26,13:30:00,15.971,15.971,15.971,15.971,12247,0
2016-04-26,13:40:00,15.971,15.971,15.971,15.971,122,0
2016-04-26,14:20:00,15.971,15.971,15.971,15.971,5748,0
2016-04-26,14:30:00,15.971,15.971,15.971,15.971,85,0
2016-04-26,14:35:00,15.971,16.567,15.971,16.493,8818,0
2016-04-26,14:40:00,15.979,15.979,15.962,15.962,3685,0
2016-04-26,14:50:00,15.962,15.962,15.962,15.962,61,0
2016-04-26,15:00:00,15.962,15.962,15.962,15.962,110,0
2016-04-26,15:30:00,15.962,15.962,15.962,15.962,6124,0
2016-04-26,15:45:00,15.962,15.962,15.962,15.962,919,0
2016-04-26,15:50:00,15.962,15.962,15.962,15.962,2260,0
2016-04-26,15:55:00,15.962,15.962,15.962,15.962,2946,0
2016-04-26,16:05:00,15.962,15.962,15.962,15.962,729,0
2016-04-26,16:10:00,15.962,15.962,15.962,15.962,490,0
2016-04-26,16:35:00,15.962,15.962,15.962,15.962,980,0
2016-04-26,16:40:00,15.962,15.962,15.962,15.962,1225,0
2016-04-26,16:45:00,15.962,15.962,15.962,15.962,122,0
2016-04-26,16:50:00,15.962,15.962,15.962,15.962,3008,0
2016-04-27,09:50:00,15.979,15.979,15.962,15.962,402,0
2016-04-27,10:30:00,15.946,15.946,15.946,15.946,61,0
2016-04-27,10:40:00,15.962,15.962,15.962,15.962,61,0
2016-04-27,11:00:00,15.962,15.962,15.962,15.962,2449,0
2016-04-27,11:25:00,15.962,15.962,15.962,15.962,490,0
2016-04-27,11:30:00,15.946,15.946,15.946,15.946,184,0
2016-04-27,11:50:00,15.962,15.962,15.962,15.962,1694,0
2016-04-27,12:05:00,15.962,15.962,15.962,15.962,3266,0
2016-04-27,12:40:00,15.962,15.962,15.962,15.962,3265,0
2016-04-27,13:15:00,15.946,15.946,15.946,15.946,306,0
2016-04-27,13:40:00,15.946,15.946,15.946,15.946,2246,0
2016-04-27,13:50:00,15.946,15.946,15.946,15.946,130,0
2016-04-27,14:25:00,15.946,15.946,15.946,15.946,4899,0
2016-04-27,14:40:00,15.946,15.946,15.946,15.946,164,0
2016-04-27,14:50:00,15.946,15.946,15.946,15.946,1633,0
2016-04-27,15:35:00,15.946,15.946,15.946,15.946,3176,0
2016-04-27,16:05:00,15.962,15.962,15.962,15.962,17164,0
2016-04-27,16:15:00,15.946,15.946,15.946,15.946,2519,0
2016-04-27,16:20:00,15.946,15.946,15.946,15.946,3604,0
2016-04-27,16:30:00,15.946,15.946,15.946,15.946,70,0
2016-04-27,16:40:00,15.946,15.946,15.946,15.946,4899,0
2016-04-27,16:50:00,15.962,15.962,15.962,15.962,9798,0
2016-04-28,09:50:00,15.946,15.946,15.946,15.946,61,0
2016-04-28,10:15:00,15.922,15.922,15.922,15.922,350,0
2016-04-28,10:30:00,15.922,15.922,15.922,15.922,262,0
2016-04-28,10:35:00,15.922,15.922,15.922,15.922,81,0
2016-04-28,11:05:00,15.922,15.922,15.922,15.922,17,0
2016-04-28,11:15:00,15.922,15.922,15.922,15.922,49,0
2016-04-28,11:25:00,15.922,15.922,15.84,15.84,184,0
2016-04-28,11:30:00,15.922,15.922,15.922,15.922,122,0
2016-04-28,11:50:00,15.922,15.922,15.922,15.922,245,0
2016-04-28,12:25:00,15.922,15.922,15.922,15.922,122,0
2016-04-28,12:35:00,15.922,15.922,15.922,15.922,238,0
2016-04-28,13:25:00,15.922,15.922,15.922,15.922,318,0
2016-04-28,14:30:00,15.922,15.962,15.922,15.962,12247,0
2016-04-28,14:45:00,15.922,15.922,15.84,15.84,2854,0
2016-04-28,14:50:00,15.84,15.922,15.84,15.922,2062,0
2016-04-28,14:55:00,15.922,15.922,15.922,15.922,963,0
2016-04-28,15:15:00,15.84,15.84,15.84,15.84,2572,0
2016-04-28,15:35:00,15.84,15.84,15.84,15.84,465,0
2016-04-28,15:40:00,15.84,15.84,15.84,15.84,49,0
2016-04-28,15:45:00,15.84,15.84,15.84,15.84,49,0
2016-04-28,16:50:00,15.84,15.84,15.84,15.84,2078,0
2016-04-29,09:05:00,15.922,15.922,15.922,15.922,676,0
2016-04-29,09:15:00,15.922,16.248,15.922,16.248,6124,0
2016-04-29,09:55:00,15.922,15.922,15.922,15.922,83,0
2016-04-29,10:00:00,15.922,15.922,15.922,15.922,808,0
2016-04-29,10:10:00,15.922,15.922,15.922,15.922,2449,0
2016-04-29,10:25:00,15.922,15.922,15.922,15.922,24,0
2016-04-29,10:40:00,15.922,15.922,15.922,15.922,919,0
2016-04-29,10:50:00,15.922,15.922,15.922,15.922,294,0
2016-04-29,11:05:00,15.922,15.922,15.922,15.922,122,0
2016-04-29,11:10:00,15.922,15.922,15.922,15.922,974,0
2016-04-29,11:35:00,15.922,15.962,15.922,15.962,502,0
2016-04-29,12:30:00,15.922,15.922,15.922,15.922,61,0
2016-04-29,12:40:00,15.922,15.922,15.922,15.922,294,0
2016-04-29,12:50:00,15.922,15.922,15.922,15.922,612,0
2016-04-29,12:55:00,15.922,15.922,15.922,15.922,122,0
2016-04-29,13:10:00,15.922,15.922,15.922,15.922,153,0
2016-04-29,13:45:00,15.922,15.922,15.922,15.922,67,0
2016-04-29,15:00:00,15.922,15.922,15.922,15.922,61,0
2016-04-29,15:05:00,15.922,15.922,15.922,15.922,2449,0
2016-04-29,15:10:00,15.922,15.922,15.922,15.922,2205,0
2016-04-29,15:15:00,15.913,15.913,15.913,15.913,245,0
2016-04-29,15:25:00,15.913,15.913,15.913,15.913,443,0
2016-04-29,15:30:00,15.913,15.913,15.913,15.913,650,0
2016-04-29,15:35:00,15.913,15.913,15.913,15.913,451,0
2016-04-29,15:40:00,15.913,15.913,15.913,15.913,573,0
2016-04-29,15:45:00,15.913,15.913,15.913,15.913,1557,0
2016-04-29,15:50:00,15.913,15.962,15.913,15.922,2719,0
2016-04-29,15:55:00,15.922,15.922,15.922,15.922,3674,0
2016-04-29,16:05:00,15.922,15.922,15.922,15.922,2303,0
2016-04-29,16:10:00,15.922,15.922,15.922,15.922,147,0
2016-04-29,16:15:00,15.922,15.922,15.922,15.922,1225,0
2016-04-29,16:35:00,15.922,15.922,15.922,15.922,55,0
2016-04-29,16:40:00,15.922,15.922,15.922,15.922,81,0
2016-04-29,16:45:00,15.922,15.922,15.922,15.922,1102,0
2016-04-29,16:50:00,15.922,15.962,15.922,15.962,11476,0
2016-05-02,09:05:00,16.297,16.297,16.167,16.167,3412,0
2016-05-02,09:10:00,16.167,16.167,16.167,16.167,245,0
2016-05-02,09:15:00,16.003,16.044,16.003,16.044,1164,0
2016-05-02,09:20:00,16.085,16.085,16.003,16.003,1347,0
2016-05-02,09:40:00,16.24,16.24,16.24,16.24,17,0
2016-05-02,09:45:00,16.24,16.24,16.24,16.24,122,0
2016-05-02,09:50:00,16.085,16.24,16.085,16.24,997,0
2016-05-02,09:55:00,16.24,16.24,16.24,16.24,267,0
2016-05-02,10:00:00,16.24,16.24,16.24,16.24,451,0
2016-05-02,10:10:00,16.24,16.24,16.24,16.24,110,0
2016-05-02,10:15:00,16.24,16.24,16.24,16.24,122,0
2016-05-02,11:00:00,16.232,16.232,16.232,16.232,86,0
2016-05-02,11:25:00,16.126,16.126,16.126,16.126,2981,0
2016-05-02,11:30:00,16.126,16.126,16.126,16.126,1722,0
2016-05-02,12:05:00,16.126,16.126,16.126,16.126,1673,0
2016-05-02,12:10:00,16.126,16.126,16.126,16.126,1407,0
2016-05-02,12:20:00,16.232,16.24,16.232,16.24,336,0
2016-05-02,12:25:00,16.24,16.24,16.126,16.126,1225,0
2016-05-02,12:30:00,16.126,16.207,16.126,16.207,2320,0
2016-05-02,12:35:00,16.207,16.207,16.207,16.207,245,0
2016-05-02,12:55:00,16.207,16.207,16.207,16.207,245,0
2016-05-02,13:00:00,16.207,16.207,16.207,16.207,490,0
2016-05-02,13:05:00,16.232,16.232,16.232,16.232,1400,0
2016-05-02,13:15:00,16.232,16.248,16.232,16.248,871,0
2016-05-02,13:20:00,16.167,16.232,16.134,16.232,2109,0
2016-05-02,13:25:00,16.232,16.232,16.232,16.232,329,0
2016-05-02,13:35:00,16.216,16.232,16.216,16.232,436,0
2016-05-02,13:50:00,16.224,16.224,16.224,16.224,429,0
2016-05-02,13:55:00,16.142,16.142,16.134,16.134,1625,0
2016-05-02,14:05:00,16.134,16.134,16.134,16.134,612,0
2016-05-02,14:10:00,16.224,16.224,16.224,16.224,122,0
2016-05-02,14:20:00,16.134,16.134,16.126,16.126,18540,0
2016-05-02,14:25:00,16.126,16.126,16.093,16.093,9831,0
2016-05-02,14:30:00,16.085,16.085,16.011,16.011,1369,0
2016-05-02,14:35:00,16.011,16.085,16.003,16.003,1002,0
2016-05-02,14:40:00,16.003,16.003,15.962,15.962,649,0
2016-05-02,14:45:00,15.962,15.962,15.962,15.962,26,0
2016-05-02,14:50:00,15.962,15.962,15.962,15.962,61,0
2016-05-02,15:05:00,15.962,15.962,15.962,15.962,65,0
2016-05-02,15:20:00,15.962,16.003,15.962,16.003,2742,0
2016-05-02,15:35:00,16.003,16.003,16.003,16.003,1837,0
2016-05-02,15:55:00,15.995,15.995,15.971,15.971,1286,0
2016-05-02,16:00:00,15.995,15.995,15.995,15.995,200,0
2016-05-02,16:40:00,15.995,15.995,15.995,15.995,367,0
2016-05-02,16:50:00,15.995,15.995,15.995,15.995,1468,0
2016-05-04,09:05:00,15.954,15.962,15.954,15.962,1668,0
2016-05-04,09:10:00,15.938,15.938,15.938,15.938,367,0
2016-05-04,09:25:00,15.93,15.93,15.93,15.93,1225,0
2016-05-04,09:30:00,15.922,15.922,15.84,15.84,551,0
2016-05-04,09:45:00,15.954,15.954,15.954,15.954,1437,0
2016-05-04,10:00:00,15.954,15.954,15.954,15.954,122,0
2016-05-04,10:10:00,15.954,15.954,15.954,15.954,100,0
2016-05-04,10:30:00,15.954,15.962,15.954,15.954,6230,0
2016-05-04,10:35:00,15.954,15.954,15.954,15.954,184,0
2016-05-04,10:40:00,15.93,15.93,15.93,15.93,184,0
2016-05-04,10:50:00,15.93,15.93,15.93,15.93,37,0
2016-05-04,11:05:00,15.93,15.93,15.93,15.93,122,0
2016-05-04,11:25:00,15.93,15.93,15.93,15.93,122,0
2016-05-04,11:30:00,15.922,15.93,15.922,15.93,3062,0
2016-05-04,12:05:00,15.922,15.922,15.922,15.922,122,0
2016-05-04,12:20:00,15.954,15.954,15.954,15.954,257,0
2016-05-04,12:35:00,15.946,15.946,15.946,15.946,24,0
2016-05-04,12:40:00,15.922,15.922,15.922,15.922,9,0
2016-05-04,12:50:00,15.954,15.962,15.954,15.954,18494,0
2016-05-04,13:00:00,15.922,15.922,15.922,15.922,64,0
2016-05-04,13:25:00,15.922,15.922,15.922,15.922,113,0
2016-05-04,13:50:00,15.922,15.922,15.922,15.922,122,0
2016-05-04,14:15:00,15.954,15.954,15.954,15.954,294,0
2016-05-04,15:45:00,15.954,15.954,15.954,15.954,152,0
2016-05-04,16:00:00,15.938,15.938,15.938,15.938,153,0
2016-05-04,16:15:00,15.938,15.938,15.922,15.922,245,0
2016-05-04,16:30:00,15.938,15.938,15.938,15.938,612,0
2016-05-04,16:35:00,15.905,15.905,15.905,15.905,857,0
2016-05-04,16:45:00,15.881,15.881,15.881,15.881,141,0
2016-05-04,16:50:00,15.922,15.922,15.922,15.922,306,0
2016-05-05,09:05:00,16.028,16.028,16.028,16.028,206,0
2016-05-05,09:10:00,15.922,15.922,15.922,15.922,312,0
2016-05-05,10:10:00,15.962,15.962,15.962,15.962,96,0
2016-05-05,10:25:00,15.922,15.922,15.922,15.922,533,0
2016-05-05,10:40:00,15.962,15.962,15.962,15.962,269,0
2016-05-05,12:10:00,15.922,15.922,15.922,15.922,31,0
2016-05-05,13:20:00,15.962,15.962,15.962,15.962,367,0
2016-05-05,13:25:00,15.962,15.962,15.962,15.962,126,0
2016-05-05,13:30:00,15.962,15.962,15.962,15.962,118,0
2016-05-05,13:45:00,15.962,15.962,15.962,15.962,272,0
2016-05-05,13:55:00,15.962,15.962,15.962,15.962,216,0
2016-05-05,14:15:00,15.962,15.962,15.962,15.962,116,0
2016-05-05,14:20:00,15.962,15.962,15.962,15.962,429,0
2016-05-05,14:25:00,15.962,15.962,15.962,15.962,425,0
2016-05-05,14:45:00,15.922,15.922,15.922,15.922,227,0
2016-05-05,14:50:00,15.905,15.905,15.905,15.905,256,0
2016-05-05,15:00:00,15.905,15.905,15.905,15.905,612,0
2016-05-05,15:15:00,15.905,16.02,15.905,16.02,992,0
2016-05-05,15:25:00,16.02,16.02,16.02,16.02,23,0
2016-05-05,16:00:00,16.02,16.02,16.02,16.02,894,0
2016-05-05,16:25:00,16.02,16.02,16.02,16.02,61,0
2016-05-05,16:30:00,16.02,16.02,16.02,16.02,171,0
2016-05-05,16:35:00,16.02,16.02,16.02,16.02,980,0
2016-05-06,09:05:00,15.954,15.954,15.913,15.913,1041,0
2016-05-06,09:10:00,15.905,15.913,15.84,15.84,1264,0
2016-05-06,09:20:00,15.922,15.922,15.922,15.922,135,0
2016-05-06,09:55:00,15.922,15.922,15.922,15.922,306,0
2016-05-06,10:20:00,15.922,15.922,15.922,15.922,27,0
2016-05-06,10:30:00,15.922,15.922,15.922,15.922,152,0
2016-05-06,10:50:00,15.873,15.873,15.84,15.84,1800,0
2016-05-06,11:30:00,15.913,15.913,15.913,15.913,122,0
2016-05-06,11:40:00,15.905,15.905,15.905,15.905,82,0
2016-05-06,11:45:00,15.905,15.905,15.905,15.905,122,0
2016-05-06,11:50:00,15.897,15.897,15.84,15.84,404,0
2016-05-06,11:55:00,15.905,15.905,15.905,15.905,143,0
2016-05-06,12:15:00,15.905,15.913,15.905,15.913,208,0
2016-05-06,13:40:00,15.913,15.913,15.913,15.913,88,0
2016-05-06,13:45:00,15.922,15.922,15.922,15.922,34,0
2016-05-06,13:50:00,15.922,15.922,15.922,15.922,585,0
2016-05-06,14:00:00,15.922,15.922,15.922,15.922,309,0
2016-05-06,14:10:00,15.881,15.881,15.881,15.881,799,0
2016-05-06,14:25:00,15.954,15.954,15.954,15.954,305,0
2016-05-06,14:40:00,15.954,15.954,15.954,15.954,612,0
2016-05-06,14:45:00,15.954,15.954,15.954,15.954,122,0
2016-05-06,15:25:00,15.954,15.954,15.954,15.954,178,0
2016-05-06,15:35:00,15.954,15.954,15.954,15.954,868,0
2016-05-06,15:40:00,15.848,15.848,15.848,15.848,67,0
2016-05-06,15:45:00,15.848,15.848,15.848,15.848,176,0
2016-05-06,15:50:00,15.954,15.954,15.954,15.954,916,0
2016-05-06,16:20:00,15.954,15.954,15.954,15.954,464,0
2016-05-06,16:25:00,15.954,15.954,15.954,15.954,122,0
2016-05-06,16:50:00,15.954,15.954,15.954,15.954,380,0
2016-05-09,09:05:00,16.126,16.126,16.126,16.126,343,0
2016-05-09,09:10:00,16.126,16.126,16.126,16.126,56,0
2016-05-09,09:20:00,16.085,16.207,16.085,16.207,3554,0
2016-05-09,09:25:00,16.207,16.207,16.207,16.207,980,0
2016-05-09,09:55:00,16.167,16.167,16.044,16.044,184,0
2016-05-09,10:30:00,16.044,16.044,16.044,16.044,156,0
2016-05-09,10:35:00,16.02,16.02,16.02,16.02,149,0
2016-05-09,10:40:00,16.167,16.167,16.167,16.167,6124,0
2016-05-09,10:45:00,16.167,16.167,16.167,16.167,612,0
2016-05-09,10:55:00,16.126,16.126,16.126,16.126,306,0
2016-05-09,11:35:00,16.126,16.126,16.126,16.126,80,0
2016-05-09,11:40:00,16.126,16.126,16.126,16.126,20,0
2016-05-09,11:50:00,16.085,16.085,16.085,16.085,289,0
2016-05-09,12:05:00,16.085,16.085,16.085,16.085,170,0
2016-05-09,12:10:00,16.085,16.134,16.085,16.134,622,0
2016-05-09,12:20:00,16.134,16.134,16.134,16.134,9,0
2016-05-09,12:40:00,16.134,16.134,16.134,16.134,121,0
2016-05-09,12:50:00,16.134,16.134,16.134,16.134,86,0
2016-05-09,12:55:00,16.134,16.134,16.134,16.134,100,0
2016-05-09,13:05:00,16.134,16.134,16.134,16.134,31,0
2016-05-09,13:30:00,16.109,16.109,16.109,16.109,122,0
2016-05-09,13:45:00,16.109,16.109,16.085,16.109,810,0
2016-05-09,13:50:00,16.101,16.101,16.085,16.085,220,0
2016-05-09,13:55:00,16.085,16.101,16.085,16.101,283,0
2016-05-09,14:20:00,16.085,16.085,16.085,16.085,7,0
2016-05-09,14:35:00,16.101,16.101,16.101,16.101,43,0
2016-05-09,14:45:00,16.101,16.101,16.101,16.101,245,0
2016-05-09,14:50:00,16.101,16.101,16.101,16.101,2076,0
2016-05-09,15:15:00,16.101,16.101,16.101,16.101,367,0
2016-05-09,15:30:00,16.101,16.101,16.101,16.101,184,0
2016-05-09,15:35:00,16.101,16.101,16.101,16.101,184,0
2016-05-09,15:40:00,16.101,16.101,16.101,16.101,184,0
2016-05-09,16:05:00,16.085,16.085,16.085,16.085,122,0
2016-05-09,16:15:00,16.069,16.069,16.044,16.044,582,0
2016-05-09,16:20:00,16.069,16.069,16.069,16.069,6,0
2016-05-09,16:50:00,16.069,16.069,16.069,16.069,61,0
2016-05-10,09:05:00,16.109,16.109,16.044,16.085,10156,0
2016-05-10,09:10:00,16.044,16.044,16.044,16.044,4697,0
2016-05-10,09:15:00,16.028,16.028,16.028,16.028,122,0
2016-05-10,09:30:00,16.02,16.02,16.02,16.02,147,0
2016-05-10,09:45:00,16.044,16.044,16.044,16.044,2449,0
2016-05-10,10:00:00,16.044,16.044,16.044,16.044,61,0
2016-05-10,10:05:00,16.044,16.044,16.044,16.044,980,0
2016-05-10,10:15:00,16.044,16.044,16.02,16.02,452,0
2016-05-10,10:20:00,16.02,16.044,16.02,16.044,420,0
2016-05-10,10:25:00,15.962,15.962,15.962,15.962,110,0
2016-05-10,10:40:00,16.003,16.003,16.003,16.003,22,0
2016-05-10,10:55:00,16.003,16.003,16.003,16.003,61,0
2016-05-10,11:10:00,15.987,15.987,15.987,15.987,759,0
2016-05-10,11:15:00,15.962,15.987,15.962,15.962,926,0
2016-05-10,11:30:00,15.962,15.962,15.93,15.93,122,0
2016-05-10,11:45:00,15.962,15.962,15.962,15.962,612,0
2016-05-10,12:20:00,15.995,15.995,15.995,15.995,544,0
2016-05-10,12:30:00,15.979,15.979,15.93,15.93,86,0
2016-05-10,12:35:00,15.995,16.028,15.995,16.028,6258,0
2016-05-10,12:45:00,16.003,16.003,16.003,16.003,12,0
2016-05-10,12:50:00,15.93,15.93,15.93,15.93,33,0
2016-05-10,13:00:00,16.003,16.003,16.003,16.003,47,0
2016-05-10,13:05:00,16.003,16.003,16.003,16.003,458,0
2016-05-10,13:20:00,16.003,16.003,16.003,16.003,61,0
2016-05-10,13:40:00,15.946,15.946,15.946,15.946,490,0
2016-05-10,14:05:00,15.938,15.938,15.922,15.922,595,0
2016-05-10,14:10:00,15.922,15.922,15.922,15.922,21628,0
2016-05-10,14:15:00,15.922,15.922,15.922,15.922,3389,0
2016-05-10,14:20:00,15.922,15.922,15.922,15.922,103,0
2016-05-10,14:25:00,15.922,15.922,15.922,15.922,182,0
2016-05-10,14:30:00,15.962,15.962,15.962,15.962,1,0
2016-05-10,14:40:00,15.881,15.881,15.84,15.84,612,0
2016-05-10,14:50:00,15.922,15.922,15.922,15.922,194,0
2016-05-10,15:05:00,15.84,15.84,15.84,15.84,24,0
2016-05-10,15:25:00,15.922,15.922,15.922,15.922,61,0
2016-05-10,15:30:00,15.922,15.922,15.922,15.922,67,0
2016-05-10,15:40:00,15.922,15.922,15.922,15.922,122,0
2016-05-10,16:10:00,15.922,15.922,15.922,15.922,245,0
2016-05-10,16:15:00,15.922,15.922,15.922,15.922,6,0
2016-05-10,16:25:00,15.913,15.913,15.913,15.913,32,0
2016-05-10,16:45:00,15.913,15.913,15.913,15.913,227,0
2016-05-10,16:50:00,15.913,15.913,15.881,15.905,1837,0
2016-05-11,09:05:00,16.003,16.003,15.922,15.93,2413,0
2016-05-11,09:10:00,15.93,15.93,15.93,15.93,73,0
2016-05-11,09:15:00,15.962,15.962,15.922,15.922,732,0
2016-05-11,09:20:00,15.962,16.003,15.93,15.93,3221,0
2016-05-11,09:25:00,15.962,15.962,15.962,15.962,37,0
2016-05-11,09:30:00,15.962,15.962,15.962,15.962,55,0
2016-05-11,09:35:00,15.922,15.922,15.922,15.922,233,0
2016-05-11,09:40:00,15.954,15.954,15.954,15.954,153,0
2016-05-11,09:50:00,15.93,15.938,15.93,15.938,122,0
2016-05-11,09:55:00,15.922,15.922,15.922,15.922,164,0
2016-05-11,10:00:00,15.938,15.938,15.938,15.938,80,0
2016-05-11,10:05:00,15.938,15.962,15.938,15.962,3062,0
2016-05-11,10:10:00,15.954,15.954,15.954,15.954,147,0
2016-05-11,10:15:00,15.938,15.938,15.93,15.93,148,0
2016-05-11,10:20:00,15.922,15.922,15.922,15.922,100,0
2016-05-11,10:25:00,15.922,15.922,15.922,15.922,245,0
2016-05-11,10:30:00,15.922,15.922,15.922,15.922,47,0
2016-05-11,10:35:00,15.922,15.954,15.913,15.954,578,0
2016-05-11,10:40:00,15.913,15.946,15.913,15.922,2062,0
2016-05-11,10:45:00,15.905,15.905,15.905,15.905,612,0
2016-05-11,10:50:00,15.905,15.905,15.905,15.905,61,0
2016-05-11,11:10:00,15.93,15.93,15.93,15.93,92,0
2016-05-11,11:25:00,15.922,15.922,15.922,15.922,13,0
2016-05-11,11:30:00,15.922,15.922,15.922,15.922,855,0
2016-05-11,11:35:00,15.922,15.922,15.922,15.922,463,0
2016-05-11,11:40:00,15.922,15.922,15.922,15.922,229,0
2016-05-11,11:50:00,15.922,15.922,15.889,15.922,364,0
2016-05-11,12:00:00,15.922,15.922,15.922,15.922,196,0
2016-05-11,12:10:00,15.913,15.913,15.913,15.913,735,0
2016-05-11,12:20:00,15.913,15.913,15.913,15.913,263,0
2016-05-11,12:30:00,15.913,15.913,15.913,15.913,122,0
2016-05-11,12:45:00,15.913,15.913,15.913,15.913,18,0
2016-05-11,12:50:00,15.913,15.922,15.913,15.922,1176,0
2016-05-11,13:25:00,15.922,15.922,15.922,15.922,284,0
2016-05-11,13:30:00,15.922,15.922,15.922,15.922,233,0
2016-05-11,13:35:00,15.897,15.913,15.897,15.913,365,0
2016-05-11,13:45:00,15.913,15.913,15.913,15.913,44,0
2016-05-11,14:05:00,15.913,15.913,15.913,15.913,274,0
2016-05-11,14:15:00,15.913,15.913,15.913,15.913,86,0
2016-05-11,14:30:00,15.897,15.897,15.889,15.889,367,0
2016-05-11,14:35:00,15.913,15.913,15.913,15.913,1540,0
2016-05-11,14:40:00,15.913,15.913,15.913,15.913,70,0
2016-05-11,14:45:00,15.913,15.913,15.913,15.913,316,0
2016-05-11,14:50:00,15.913,15.913,15.913,15.913,578,0
2016-05-11,15:05:00,15.913,15.913,15.913,15.913,269,0
2016-05-11,15:10:00,15.913,15.913,15.913,15.913,429,0
2016-05-11,15:15:00,15.913,15.913,15.913,15.913,61,0
2016-05-11,15:20:00,15.913,15.913,15.913,15.913,1225,0
2016-05-11,15:25:00,15.913,15.913,15.913,15.913,2972,0
2016-05-11,15:30:00,15.913,15.913,15.913,15.913,113,0
2016-05-11,15:35:00,15.913,15.913,15.913,15.913,311,0
2016-05-11,15:45:00,15.913,15.913,15.913,15.913,160,0
2016-05-11,15:50:00,15.905,15.905,15.905,15.905,89,0
2016-05-11,15:55:00,15.905,15.905,15.905,15.905,2449,0
2016-05-11,16:05:00,15.897,15.897,15.897,15.897,1724,0
2016-05-11,16:15:00,15.889,15.889,15.881,15.881,196,0
2016-05-11,16:25:00,15.881,15.881,15.848,15.848,1655,0
2016-05-11,16:30:00,15.84,15.84,15.84,15.84,86,0
2016-05-11,16:35:00,15.848,15.848,15.848,15.848,110,0
2016-05-11,16:40:00,15.856,15.856,15.848,15.848,312,0
2016-05-11,16:45:00,15.873,15.873,15.873,15.873,1715,0
2016-05-11,16:50:00,15.873,15.873,15.84,15.84,961,0
2016-05-12,09:05:00,15.53,15.95,15.41,15.95,1780,0
2016-05-12,09:10:00,15.7,15.7,15.69,15.69,161,0
2016-05-12,10:05:00,15.6,15.6,15.6,15.6,85,0
2016-05-12,10:10:00,15.55,15.69,15.55,15.69,577,0
2016-05-12,10:20:00,15.69,15.69,15.69,15.69,34,0
2016-05-12,10:25:00,15.69,15.7,15.69,15.7,680,0
2016-05-12,10:30:00,15.7,15.7,15.7,15.7,402,0
2016-05-12,11:00:00,15.97,15.98,15.97,15.98,8000,0
2016-05-12,11:05:00,15.98,15.98,15.98,15.98,291,0
2016-05-12,11:25:00,15.85,15.85,15.85,15.85,1300,0
2016-05-12,11:30:00,15.85,15.85,15.85,15.85,200,0
2016-05-12,12:05:00,15.9,15.9,15.9,15.9,30,0
2016-05-12,12:10:00,15.9,15.9,15.9,15.9,42,0
2016-05-12,13:05:00,15.9,15.9,15.9,15.9,300,0
2016-05-12,14:35:00,15.86,15.86,15.86,15.86,10,0
2016-05-12,15:20:00,15.86,15.9,15.86,15.9,340,0
2016-05-12,15:25:00,15.86,15.86,15.86,15.86,460,0
2016-05-12,16:50:00,15.76,15.86,15.76,15.86,330,0
2016-05-13,10:50:00,15.86,15.86,15.86,15.86,85,0
2016-05-13,10:55:00,15.86,15.86,15.81,15.81,50,0
2016-05-13,11:25:00,15.9,15.9,15.9,15.9,100,0
2016-05-13,12:30:00,15.9,15.9,15.86,15.86,135,0
2016-05-13,12:35:00,15.86,15.86,15.86,15.86,100,0
2016-05-13,15:30:00,15.9,15.9,15.9,15.9,499,0
2016-05-13,15:35:00,15.9,15.9,15.9,15.9,300,0
2016-05-13,16:25:00,15.9,15.9,15.9,15.9,69,0
2016-05-13,16:40:00,15.9,15.9,15.9,15.9,1077,0
2016-05-13,16:50:00,15.86,15.9,15.86,15.9,571,0
