2016-03-07,09:05:00,8.18,8.18,8.18,8.18,130,0
2016-03-07,09:10:00,8.18,8.5,8.18,8.5,1760,0
2016-03-07,09:15:00,8.36,8.36,8.36,8.36,450,0
2016-03-07,09:25:00,8.47,8.5,8.47,8.5,5546,0
2016-03-07,09:30:00,8.6,8.6,8.6,8.6,5,0
2016-03-07,10:40:00,8.55,8.55,8.55,8.55,250,0
2016-03-07,11:00:00,8.55,8.55,8.55,8.55,250,0
2016-03-07,12:20:00,8.41,8.41,8.4,8.4,975,0
2016-03-07,12:55:00,8.55,8.55,8.55,8.55,5,0
2016-03-07,13:40:00,8.37,8.37,8.37,8.37,250,0
2016-03-07,14:55:00,8.49,8.49,8.49,8.49,5,0
2016-03-07,16:50:00,8.45,8.45,8.38,8.38,938,0
2016-03-08,09:05:00,8.49,8.49,8.49,8.49,1,0
2016-03-08,09:15:00,8.39,8.39,8.21,8.21,651,0
2016-03-08,10:05:00,8.48,8.48,8.48,8.48,5,0
2016-03-08,10:40:00,8.29,8.29,8.23,8.23,500,0
2016-03-08,14:30:00,8.31,8.31,8.31,8.31,150,0
2016-03-08,15:30:00,8.32,8.32,8.32,8.32,199,0
2016-03-08,16:50:00,8.32,8.32,8.32,8.32,1,0
2016-03-09,09:05:00,8.48,8.48,8.48,8.48,1,0
2016-03-09,09:40:00,8.3,8.3,8.3,8.3,150,0
2016-03-09,11:45:00,8.3,8.3,8.3,8.3,290,0
2016-03-09,12:25:00,8.3,8.3,8.3,8.3,10,0
2016-03-09,15:45:00,8.31,8.31,8.31,8.31,200,0
2016-03-09,16:50:00,8.31,8.31,8.3,8.3,476,0
2016-03-10,09:05:00,7.71,8.39,7.71,8.39,1302,0
2016-03-10,09:25:00,8.31,8.48,8.31,8.31,1222,0
2016-03-10,09:30:00,8.31,8.31,8.31,8.31,469,0
2016-03-10,11:10:00,8.33,8.33,8.33,8.33,135,0
2016-03-10,11:15:00,8.43,8.43,8.43,8.43,5,0
2016-03-10,13:20:00,8.42,8.42,8.42,8.42,64,0
2016-03-10,15:10:00,8.4,8.42,8.4,8.42,115,0
2016-03-10,15:40:00,8.33,8.33,8.33,8.33,70000,0
2016-03-10,15:55:00,8.3,8.3,8.3,8.3,250,0
2016-03-10,16:50:00,8.42,8.42,8.42,8.42,6,0
2016-03-11,09:05:00,8.06,8.06,8.06,8.06,250,0
2016-03-11,16:00:00,8.4,8.4,8.4,8.4,5,0
2016-03-11,16:50:00,8.2,8.39,8.2,8.39,195,0
2016-03-14,09:05:00,8.39,8.39,8.39,8.39,1,0
2016-03-14,11:50:00,8.34,8.35,8.34,8.35,393,0
2016-03-14,12:55:00,8.35,8.35,8.35,8.35,600,0
2016-03-14,13:55:00,8.35,8.35,8.35,8.35,7,0
2016-03-14,15:10:00,8.15,8.15,8.03,8.03,51,0
2016-03-14,15:25:00,8.04,8.04,8.04,8.04,100,0
2016-03-14,15:45:00,8.39,8.39,8.39,8.39,1,0
2016-03-14,16:50:00,8.39,8.39,8.39,8.39,1,0
2016-03-15,09:05:00,8.49,8.49,8.49,8.49,1,0
2016-03-15,15:15:00,8.4,8.4,8.4,8.4,46,0
2016-03-15,16:50:00,8.46,8.46,8.46,8.46,1,0
2016-03-16,09:05:00,8.47,8.47,8.47,8.47,1,0
2016-03-16,11:35:00,8.46,8.46,8.46,8.46,277,0
2016-03-16,12:05:00,8.46,8.46,8.46,8.46,3423,0
2016-03-16,16:50:00,8.44,8.44,8.44,8.44,1,0
2016-03-17,09:05:00,8.44,8.44,8.44,8.44,1,0
2016-03-17,09:15:00,8.18,8.18,8.18,8.18,950,0
2016-03-17,09:20:00,8.18,8.18,8.18,8.18,50,0
2016-03-17,09:50:00,8.43,8.43,8.43,8.43,5,0
2016-03-17,12:55:00,8.18,8.18,8.18,8.18,1,0
2016-03-17,16:30:00,8.35,8.35,8.35,8.35,706,0
2016-03-17,16:50:00,8.35,8.35,8.35,8.35,1,0
2016-03-18,09:05:00,8.35,8.47,8.35,8.47,351,0
2016-03-18,15:50:00,8.2,8.2,8.2,8.2,50,0
2016-03-18,15:55:00,8.2,8.45,8.2,8.45,116,0
2016-03-18,16:50:00,8.45,8.45,8.45,8.45,1,0
2016-03-21,09:05:00,8.47,8.47,8.47,8.47,1,0
2016-03-21,13:40:00,8.21,8.21,8.21,8.21,100,0
2016-03-21,15:45:00,8.4,8.4,8.4,8.4,5,0
2016-03-21,16:50:00,8.4,8.4,8.4,8.4,1,0
2016-03-22,09:05:00,8.43,8.43,8.43,8.43,1,0
2016-03-22,09:30:00,8.2,8.2,8.2,8.2,389,0
2016-03-22,09:35:00,8.18,8.18,8.18,8.18,611,0
2016-03-22,09:45:00,8.18,8.18,8.18,8.18,648,0
2016-03-22,10:10:00,8.19,8.19,8.19,8.19,112,0
2016-03-22,11:00:00,8.25,8.25,8.25,8.25,500,0
2016-03-22,11:45:00,8.19,8.19,8.19,8.19,1285,0
2016-03-22,14:00:00,8.29,8.29,8.29,8.29,1,0
2016-03-22,16:50:00,8.27,8.27,8.27,8.27,1,0
2016-03-23,09:05:00,8.43,8.43,8.43,8.43,1,0
2016-03-23,13:30:00,8.4,8.4,8.4,8.4,30,0
2016-03-23,13:35:00,8.4,8.4,8.4,8.4,16,0
2016-03-23,16:50:00,8.3,8.3,8.3,8.3,1,0
2016-03-24,09:05:00,8.3,8.3,8.3,8.3,251,0
2016-03-24,11:25:00,8.28,8.28,8.08,8.08,2222,0
2016-03-24,16:00:00,7.9,7.9,7.75,7.75,261,0
2016-03-24,16:50:00,8.15,8.15,8.15,8.15,6,0
2016-03-29,09:05:00,8.19,8.19,8.19,8.19,1,0
2016-03-29,11:10:00,7.95,7.95,7.95,7.95,1214,0
2016-03-29,16:05:00,8.05,8.05,8.05,8.05,5,0
2016-03-29,16:45:00,8.05,8.05,8.05,8.05,886,0
2016-03-29,16:50:00,8.09,8.09,8.09,8.09,1,0
2016-03-30,09:05:00,8,8,8,8,1,0
2016-03-30,15:00:00,8.09,8.09,8.09,8.09,5,0
2016-03-30,16:00:00,7.83,7.83,7.67,7.67,1903,0
2016-03-30,16:05:00,7.52,7.52,7.52,7.52,1000,0
2016-03-30,16:15:00,7.52,7.52,7.5,7.5,2000,0
2016-03-30,16:35:00,7.87,7.87,7.87,7.87,100,0
2016-03-30,16:50:00,7.85,7.85,7.85,7.85,1,0
2016-03-31,09:05:00,7.85,7.85,7.85,7.85,1,0
2016-03-31,09:30:00,7.56,7.56,7.56,7.56,160,0
2016-03-31,11:25:00,7.74,7.74,7.74,7.74,10,0
2016-03-31,16:45:00,7.55,7.55,7.55,7.55,1314,0
2016-03-31,16:50:00,7.55,7.74,7.55,7.74,1401,0
2016-04-01,09:05:00,7.85,7.85,7.85,7.85,1,0
2016-04-01,11:50:00,7.74,8.18,7.74,8.18,1991,0
2016-04-01,12:05:00,7.8,7.8,7.8,7.8,1000,0
2016-04-01,13:30:00,8,8,8,8,5,0
2016-04-01,14:55:00,7.7,8,7.7,8,1401,0
2016-04-01,15:30:00,8,8,8,8,1500,0
2016-04-01,15:35:00,7.8,7.8,7.8,7.8,3500,0
2016-04-01,15:55:00,7.8,8,7.8,8,1545,0
2016-04-01,16:35:00,7.8,7.8,7.8,7.8,494,0
2016-04-01,16:50:00,8.15,8.15,8.15,8.15,1,0
2016-04-04,09:05:00,8.19,8.19,8.19,8.19,1,0
2016-04-04,09:15:00,8.19,8.39,7.71,8.2,2084,0
2016-04-04,09:20:00,8.1,8.1,8.1,8.1,83,0
2016-04-04,10:00:00,8.1,8.1,8.1,8.1,320,0
2016-04-04,12:10:00,8.09,8.09,8.09,8.09,569,0
2016-04-04,12:15:00,8.1,8.1,8.1,8.1,131,0
2016-04-04,15:00:00,7.82,7.82,7.82,7.82,500,0
2016-04-04,16:50:00,8.1,8.1,8.1,8.1,1,0
2016-04-05,09:05:00,8.1,8.1,8.1,8.1,1,0
2016-04-05,16:50:00,8.08,8.08,8.08,8.08,1,0
2016-04-06,09:05:00,8.08,8.08,8.08,8.08,1,0
2016-04-06,16:50:00,7.98,7.98,7.98,7.98,1,0
2016-04-07,09:05:00,7.98,7.98,7.98,7.98,1,0
2016-04-07,12:45:00,7.81,7.81,7.81,7.81,90,0
2016-04-07,12:50:00,7.8,7.8,7.8,7.8,50,0
2016-04-07,15:50:00,7.98,7.98,7.98,7.98,5,0
2016-04-07,16:50:00,7.98,7.98,7.98,7.98,1,0
2016-04-08,09:05:00,7.98,7.98,7.98,7.98,1,0
2016-04-08,10:15:00,7.8,7.8,7.8,7.8,253,0
2016-04-08,11:25:00,7.98,7.98,7.98,7.98,5,0
2016-04-08,16:50:00,7.98,7.98,7.98,7.98,1,0
2016-04-11,09:05:00,8.05,8.05,8.05,8.05,1,0
2016-04-11,16:50:00,7.99,7.99,7.99,7.99,1,0
2016-04-12,09:05:00,7.99,7.99,7.99,7.99,1,0
2016-04-12,12:55:00,7.8,7.8,7.8,7.8,349,0
2016-04-12,16:20:00,7.8,7.8,7.77,7.77,1310,0
2016-04-12,16:50:00,7.77,7.99,7.38,7.38,1003,0
2016-04-13,09:05:00,7.42,7.6,7.42,7.6,1700,0
2016-04-13,09:20:00,7.73,7.73,7.73,7.73,1125,0
2016-04-13,09:25:00,7.97,7.97,7.79,7.79,1001,0
2016-04-13,09:30:00,7.99,7.99,7.99,7.99,5,0
2016-04-13,09:45:00,7.73,7.98,7.42,7.98,1333,0
2016-04-13,11:35:00,7.52,7.52,7.51,7.51,2927,0
2016-04-13,14:25:00,7.86,7.86,7.86,7.86,5,0
2016-04-13,16:10:00,7.86,7.86,7.86,7.86,1464,0
2016-04-13,16:50:00,7.86,7.86,7.86,7.86,1,0
2016-04-14,09:05:00,7.85,7.85,7.85,7.85,1,0
2016-04-14,16:50:00,7.79,7.79,7.79,7.79,1,0
2016-04-15,09:05:00,7.79,7.79,7.79,7.79,1,0
2016-04-15,10:25:00,7.7,7.7,7.7,7.7,450,0
2016-04-15,16:25:00,7.84,7.84,7.84,7.84,5,0
2016-04-15,16:50:00,7.84,7.84,7.84,7.84,1,0
2016-04-18,09:05:00,7.84,7.84,7.84,7.84,1,0
2016-04-18,09:15:00,7.5,7.5,7.38,7.38,6199,0
2016-04-18,09:20:00,7.7,7.7,7.7,7.7,1,0
2016-04-18,10:10:00,7.65,7.65,7.65,7.65,800,0
2016-04-18,10:25:00,7.65,7.65,7.65,7.65,750,0
2016-04-18,10:50:00,7.63,7.63,7.63,7.63,340,0
2016-04-18,11:10:00,7.51,7.51,7.51,7.51,1100,0
2016-04-18,16:30:00,7.63,7.65,7.63,7.65,1500,0
2016-04-18,16:35:00,7.65,7.65,7.65,7.65,884,0
2016-04-18,16:40:00,7.65,7.65,7.65,7.65,1200,0
2016-04-18,16:45:00,7.65,7.65,7.63,7.63,2322,0
2016-04-18,16:50:00,7.63,7.63,7.63,7.63,4159,0
2016-04-19,09:05:00,7.63,7.68,7.63,7.68,2453,0
2016-04-19,10:35:00,7.68,7.68,7.68,7.68,500,0
2016-04-19,10:50:00,7.68,7.68,7.68,7.68,130,0
2016-04-19,12:20:00,7.67,7.67,7.67,7.67,518,0
2016-04-19,12:30:00,7.67,7.67,7.67,7.67,508,0
2016-04-19,12:55:00,7.67,7.67,7.67,7.67,240,0
2016-04-19,15:35:00,7.63,7.63,7.63,7.63,955,0
2016-04-19,16:00:00,7.63,7.63,7.63,7.63,795,0
2016-04-19,16:25:00,7.63,7.63,7.63,7.63,205,0
2016-04-19,16:30:00,7.63,7.63,7.63,7.63,795,0
2016-04-19,16:45:00,7.67,7.67,7.67,7.67,1500,0
2016-04-19,16:50:00,7.67,7.67,7.67,7.67,603,0
2016-04-20,09:05:00,7.55,7.55,7.55,7.55,58,0
2016-04-20,09:25:00,7.7,7.7,7.7,7.7,280,0
2016-04-20,10:05:00,7.56,7.56,7.55,7.55,2220,0
2016-04-20,10:55:00,7.56,7.56,7.56,7.56,200,0
2016-04-20,11:45:00,7.63,7.63,7.63,7.63,750,0
2016-04-20,11:50:00,7.63,7.63,7.63,7.63,180,0
2016-04-20,12:00:00,7.63,7.63,7.63,7.63,570,0
2016-04-20,13:45:00,7.69,7.69,7.69,7.69,1,0
2016-04-20,16:50:00,7.63,7.63,7.63,7.63,1557,0
2016-04-21,09:05:00,7.84,7.84,7.84,7.84,1,0
2016-04-21,14:50:00,7.69,7.69,7.69,7.69,979,0
2016-04-21,15:25:00,7.65,7.65,7.65,7.65,1800,0
2016-04-21,15:40:00,7.65,7.65,7.65,7.65,329,0
2016-04-21,16:45:00,7.64,7.84,7.64,7.84,1930,0
2016-04-21,16:50:00,7.84,7.84,7.84,7.84,1,0
2016-04-22,09:05:00,7.84,7.84,7.84,7.84,1,0
2016-04-22,09:45:00,7.84,7.84,7.84,7.84,150,0
2016-04-22,13:25:00,7.7,7.7,7.7,7.7,1000,0
2016-04-22,16:15:00,7.65,7.65,7.65,7.65,400,0
2016-04-22,16:50:00,7.7,7.7,7.7,7.7,1,0
2016-04-25,09:05:00,7.7,7.7,7.7,7.7,701,0
2016-04-25,09:15:00,7.56,7.56,7.56,7.56,100,0
2016-04-25,10:25:00,7.56,7.56,7.51,7.51,1698,0
2016-04-25,10:30:00,7.51,7.51,7.51,7.51,802,0
2016-04-25,10:40:00,7.52,7.52,7.52,7.52,1224,0
2016-04-25,11:20:00,7.7,7.7,7.7,7.7,5,0
2016-04-25,11:25:00,7.7,7.77,7.7,7.77,5,0
2016-04-25,16:50:00,7.77,7.77,7.77,7.77,1,0
2016-04-26,09:05:00,7.77,7.77,7.77,7.77,1,0
2016-04-26,09:10:00,7.53,7.53,7.53,7.53,800,0
2016-04-26,09:35:00,7.52,7.52,7.52,7.52,1700,0
2016-04-26,14:45:00,7.71,7.71,7.71,7.71,5,0
2016-04-26,16:50:00,7.71,7.71,7.71,7.71,1,0
2016-04-27,09:05:00,7.77,7.77,7.51,7.51,2501,0
2016-04-27,09:10:00,7.51,7.77,7.51,7.77,653,0
2016-04-27,13:00:00,7.48,7.48,7.48,7.48,1000,0
2016-04-27,13:30:00,7.47,7.47,7.47,7.47,200,0
2016-04-27,15:10:00,7.65,7.65,7.65,7.65,5,0
2016-04-27,16:05:00,7.7,7.7,7.7,7.7,695,0
2016-04-27,16:50:00,7.77,7.77,7.77,7.77,5,0
2016-04-28,09:05:00,7.77,7.77,7.77,7.77,1,0
2016-04-28,10:25:00,7.48,7.48,7.47,7.47,2499,0
2016-04-28,16:10:00,7.5,7.5,7.5,7.5,3900,0
2016-04-28,16:50:00,7.47,7.47,7.47,7.47,1700,0
2016-04-29,09:05:00,7.6,7.6,7.6,7.6,1,0
2016-04-29,09:30:00,7.48,7.48,7.46,7.46,2500,0
2016-04-29,09:55:00,7.45,7.45,7.45,7.45,46,0
2016-04-29,10:25:00,7.46,7.46,7.46,7.46,1000,0
2016-04-29,13:00:00,7.55,7.55,7.55,7.55,50,0
2016-04-29,16:50:00,7.55,7.55,7.55,7.55,1,0
