2016-04-11,09:05:00,186,186,186,186,77,0
2016-04-11,09:15:00,185.4,185.4,185.4,185.4,8,0
2016-04-11,09:35:00,185.05,185.05,182.95,182.95,254,0
2016-04-11,09:40:00,182.45,184.6,180.55,182.45,1355,0
2016-04-11,09:45:00,181.5,182.3,181.5,182.3,4,0
2016-04-11,09:50:00,181.8,182.05,181.8,182.05,127,0
2016-04-11,10:00:00,181.9,181.9,181.9,181.9,30,0
2016-04-11,10:10:00,181.9,182.6,181.9,182.45,475,0
2016-04-11,10:15:00,182.5,182.5,182,182,132,0
2016-04-11,10:20:00,181.6,181.6,181.6,181.6,232,0
2016-04-11,10:25:00,181,181.1,181,181,308,0
2016-04-11,10:30:00,181.25,181.3,181.25,181.3,89,0
2016-04-11,10:35:00,180.8,180.8,180.75,180.75,97,0
2016-04-11,10:40:00,180.75,180.75,180.75,180.75,251,0
2016-04-11,10:45:00,180.8,180.8,180.8,180.8,9,0
2016-04-11,10:50:00,181,181.05,181,181.05,54,0
2016-04-11,11:00:00,181,181,180.85,180.85,86,0
2016-04-11,11:05:00,180.85,181,180.85,181,19,0
2016-04-11,11:10:00,181,181,180.85,180.85,26,0
2016-04-11,11:20:00,180.8,180.8,180.8,180.8,44,0
2016-04-11,11:25:00,180.9,180.9,180.9,180.9,1,0
2016-04-11,11:30:00,180.75,180.75,180.75,180.75,43,0
2016-04-11,11:35:00,180.75,180.75,180.75,180.75,20,0
2016-04-11,11:45:00,180.75,180.75,180.75,180.75,8,0
2016-04-11,11:50:00,180.85,180.85,180.1,180.5,282,0
2016-04-11,12:00:00,180.1,180.1,178.6,178.65,294,0
2016-04-11,12:05:00,179.85,179.9,179.7,179.8,403,0
2016-04-11,12:10:00,179.7,179.7,179.7,179.7,111,0
2016-04-11,12:15:00,179.5,180.85,179.5,180.85,1608,0
2016-04-11,12:20:00,180.85,181.95,180.85,181.95,84,0
2016-04-11,12:50:00,181.05,181.1,180.5,181.1,256,0
2016-04-11,12:55:00,181.2,181.2,181.2,181.2,1,0
2016-04-11,13:05:00,180.6,181.05,180.6,181.05,43,0
2016-04-11,13:15:00,181,181,181,181,54,0
2016-04-11,13:25:00,181.05,181.05,181.05,181.05,1,0
2016-04-11,13:40:00,181,181,180.6,180.6,39,0
2016-04-11,13:45:00,181.05,181.05,181.05,181.05,11,0
2016-04-11,13:50:00,180.65,181.05,180.65,181.05,143,0
2016-04-11,14:15:00,180.6,180.6,180.6,180.6,12,0
2016-04-11,14:20:00,180.55,180.55,180.55,180.55,70,0
2016-04-11,14:25:00,180.85,180.85,180.5,180.5,57,0
2016-04-11,14:30:00,180.5,181.9,180.5,181.9,705,0
2016-04-11,14:35:00,181.9,181.9,181.6,181.9,62,0
2016-04-11,14:40:00,181.9,182,181.75,181.85,1203,0
2016-04-11,14:45:00,181.95,181.95,181.85,181.9,110,0
2016-04-11,14:50:00,181.9,182.2,181.85,182.1,2559,0
2016-04-11,14:55:00,182.1,182.1,182,182,425,0
2016-04-11,15:00:00,181.85,182.05,181.85,182.05,115,0
2016-04-11,15:05:00,182,182,182,182,771,0
2016-04-11,15:10:00,181.7,181.95,181.7,181.95,38,0
2016-04-11,15:15:00,181.95,181.95,181.65,181.65,108,0
2016-04-11,15:20:00,181.65,181.65,181.65,181.65,1,0
2016-04-11,15:35:00,181.05,181.05,181.05,181.05,22,0
2016-04-11,15:40:00,181.05,181.05,181,181,80,0
2016-04-11,15:45:00,180.7,180.7,180.7,180.7,41,0
2016-04-11,15:50:00,180.7,182,180.55,181.85,490,0
2016-04-11,15:55:00,181.05,181.85,180.55,180.85,23,0
2016-04-11,16:00:00,180.85,181.9,180.8,181.9,390,0
2016-04-11,16:05:00,181.9,181.9,181,181.9,23,0
2016-04-11,16:10:00,181.8,181.9,181.1,181.1,16,0
2016-04-11,16:15:00,181.85,181.85,181,181.75,139,0
2016-04-11,16:20:00,181.75,181.75,180.2,180.2,571,0
2016-04-11,16:30:00,180.3,180.3,180.2,180.25,106,0
2016-04-11,16:35:00,180.5,181.6,180.25,181.5,364,0
2016-04-11,16:40:00,181.6,181.6,180.2,180.25,531,0
2016-04-11,16:50:00,180.3,181,180.3,180.5,1421,0
2016-04-12,09:05:00,181,181,181,181,44,0
2016-04-12,09:20:00,180.15,180.9,180.15,180.9,29,0
2016-04-12,09:30:00,180.9,183.75,180.15,180.65,782,0
2016-04-12,09:35:00,180.5,180.5,180.5,180.5,2,0
2016-04-12,09:40:00,180.7,181.65,180.7,181.65,135,0
2016-04-12,09:45:00,180.75,181.35,180.75,181.35,35,0
2016-04-12,09:50:00,181.1,181.1,181.1,181.1,92,0
2016-04-12,09:55:00,181.1,181.1,181.1,181.1,31,0
2016-04-12,10:00:00,181.05,181.7,181,181.45,895,0
2016-04-12,10:05:00,180.85,180.85,180.65,180.65,390,0
2016-04-12,10:10:00,180.65,180.95,180.65,180.95,139,0
2016-04-12,10:15:00,180.5,180.55,180.5,180.55,413,0
2016-04-12,10:20:00,180.5,180.6,180.5,180.5,1443,0
2016-04-12,10:25:00,180.7,181,180.7,181,150,0
2016-04-12,10:40:00,180.6,181,180.6,180.65,206,0
2016-04-12,10:45:00,181.35,181.35,181.35,181.35,33,0
2016-04-12,10:50:00,180.75,181.75,180.75,181.75,338,0
2016-04-12,10:55:00,181.6,181.7,181.6,181.7,62,0
2016-04-12,11:00:00,181.7,181.7,181.65,181.65,126,0
2016-04-12,11:05:00,181.7,181.7,181.7,181.7,31,0
2016-04-12,11:10:00,181.7,181.75,181.55,181.75,594,0
2016-04-12,11:15:00,181.65,181.75,181.65,181.75,467,0
2016-04-12,11:20:00,181.7,181.75,181.5,181.5,367,0
2016-04-12,11:25:00,181.6,181.65,181.5,181.65,155,0
2016-04-12,11:30:00,181.7,181.7,181.65,181.65,156,0
2016-04-12,11:35:00,181.75,181.75,181.3,181.3,384,0
2016-04-12,11:45:00,181.4,181.4,181.4,181.4,8,0
2016-04-12,11:50:00,181.35,181.35,181.35,181.35,36,0
2016-04-12,11:55:00,181.4,181.4,181.4,181.4,35,0
2016-04-12,12:00:00,181.4,181.4,181.4,181.4,91,0
2016-04-12,12:05:00,181.4,181.4,181,181,275,0
2016-04-12,12:10:00,181,181,180.85,180.85,313,0
2016-04-12,12:15:00,181,181,181,181,20,0
2016-04-12,12:20:00,181,181,181,181,148,0
2016-04-12,12:25:00,181.2,181.2,181.2,181.2,44,0
2016-04-12,12:30:00,181.2,181.2,181.2,181.2,30,0
2016-04-12,12:35:00,181,181,180.95,180.95,186,0
2016-04-12,12:45:00,181,181,181,181,308,0
2016-04-12,12:55:00,181.15,181.15,181.15,181.15,78,0
2016-04-12,13:05:00,181.15,181.15,181,181.15,162,0
2016-04-12,13:15:00,181.15,181.2,181.05,181.05,73,0
2016-04-12,13:20:00,181.15,181.15,181,181,165,0
2016-04-12,13:25:00,181,181,181,181,80,0
2016-04-12,13:30:00,181,181,181,181,59,0
2016-04-12,13:40:00,181,181,181,181,193,0
2016-04-12,13:45:00,181,181,181,181,280,0
2016-04-12,13:50:00,181.05,181.05,181,181,198,0
2016-04-12,13:55:00,181.05,181.55,181.05,181.45,1572,0
2016-04-12,14:00:00,181.45,181.45,181.2,181.2,332,0
2016-04-12,14:05:00,181.35,181.35,181.35,181.35,41,0
2016-04-12,14:10:00,181.35,181.35,181.35,181.35,87,0
2016-04-12,14:15:00,181.35,181.35,181.35,181.35,25,0
2016-04-12,14:20:00,181.35,181.35,181.1,181.35,355,0
2016-04-12,14:25:00,181.3,181.35,181.1,181.1,161,0
2016-04-12,14:30:00,181.15,181.15,181,181.05,690,0
2016-04-12,14:35:00,181.1,181.15,180.85,181,8795,0
2016-04-12,14:40:00,181.25,181.25,181.25,181.25,32,0
2016-04-12,14:50:00,181.15,181.15,181.1,181.1,421,0
2016-04-12,14:55:00,181.1,181.1,181.1,181.1,30,0
2016-04-12,15:00:00,181.1,181.3,181.1,181.3,370,0
2016-04-12,15:05:00,181.3,181.4,181.1,181.1,565,0
2016-04-12,15:10:00,181.15,181.2,181.15,181.2,564,0
2016-04-12,15:15:00,181.2,181.2,181,181,1623,0
2016-04-12,15:20:00,181,181,180.85,181,5172,0
2016-04-12,15:25:00,180.95,180.95,180.8,180.8,130,0
2016-04-12,15:30:00,181,181,181,181,298,0
2016-04-12,15:35:00,181,181,180.95,180.95,100,0
2016-04-12,15:40:00,180.8,180.9,180.5,180.9,585,0
2016-04-12,15:45:00,180.6,181,180.6,180.95,272,0
2016-04-12,15:50:00,180.95,181,180.8,180.95,339,0
2016-04-12,15:55:00,181,181.1,181,181.1,70,0
2016-04-12,16:00:00,181.1,181.1,181.05,181.1,642,0
2016-04-12,16:05:00,181.1,181.1,181.1,181.1,182,0
2016-04-12,16:10:00,181.05,181.05,181,181,333,0
2016-04-12,16:15:00,180.95,180.95,180.8,180.8,159,0
2016-04-12,16:20:00,180.8,180.8,180.55,180.55,364,0
2016-04-12,16:25:00,180.55,180.55,180.55,180.55,53,0
2016-04-12,16:30:00,180.55,180.8,180.55,180.8,116,0
2016-04-12,16:35:00,180.8,181,180.8,181,131,0
2016-04-12,16:40:00,181,181,181,181,247,0
2016-04-12,16:50:00,180.95,181,180.85,181,8424,0
2016-04-13,09:05:00,180,181.9,180,181.9,33,0
2016-04-13,09:10:00,181.85,181.85,180.35,180.4,158,0
2016-04-13,09:15:00,181.9,181.9,180.65,180.65,3,0
2016-04-13,09:25:00,181.8,181.85,181.8,181.85,14,0
2016-04-13,09:30:00,181.85,181.85,181.75,181.75,40,0
2016-04-13,09:40:00,181.6,181.6,181.6,181.6,5,0
2016-04-13,09:45:00,181.6,181.6,181.6,181.6,77,0
2016-04-13,09:50:00,181.6,181.6,181.6,181.6,10,0
2016-04-13,09:55:00,181.5,181.5,181.5,181.5,189,0
2016-04-13,10:05:00,181.45,182,181.45,182,469,0
2016-04-13,10:10:00,181.55,183.85,181.55,183.85,3226,0
2016-04-13,10:15:00,185,185,182,182.9,3092,0
2016-04-13,10:20:00,182.05,182.9,182.05,182.05,31,0
2016-04-13,10:25:00,182.75,182.75,182.1,182.7,39,0
2016-04-13,10:30:00,182.15,182.75,182.15,182.3,35,0
2016-04-13,10:35:00,182.3,182.5,182.3,182.5,182,0
2016-04-13,10:40:00,182.3,182.3,182,182,359,0
2016-04-13,10:45:00,182.1,182.1,182,182,858,0
2016-04-13,10:50:00,182,182.1,182,182,107,0
2016-04-13,10:55:00,182,182.15,181.55,182,409,0
2016-04-13,11:00:00,182,182.25,182,182.25,182,0
2016-04-13,11:05:00,182.25,182.35,182.25,182.3,379,0
2016-04-13,11:15:00,182.3,182.75,182.3,182.7,1306,0
2016-04-13,11:20:00,182.75,182.75,182.75,182.75,1,0
2016-04-13,11:25:00,182.7,182.7,182.5,182.5,93,0
2016-04-13,11:30:00,182.55,182.55,182.55,182.55,15,0
2016-04-13,11:40:00,182.55,182.55,182.5,182.5,132,0
2016-04-13,11:45:00,182.15,182.15,182.15,182.15,2,0
2016-04-13,11:50:00,182.7,182.7,182.7,182.7,2,0
2016-04-13,11:55:00,182.65,182.8,182.05,182.15,697,0
2016-04-13,12:10:00,182.7,182.7,182.7,182.7,17,0
2016-04-13,12:15:00,182.8,182.8,182.8,182.8,21,0
2016-04-13,12:30:00,182.7,182.7,182.7,182.7,6,0
2016-04-13,12:35:00,182.25,182.65,182.25,182.65,112,0
2016-04-13,12:40:00,182.55,182.55,182.55,182.55,642,0
2016-04-13,12:50:00,182.3,182.55,182.3,182.55,422,0
2016-04-13,12:55:00,182.55,182.55,182,182,798,0
2016-04-13,13:00:00,182.5,182.6,182.45,182.6,833,0
2016-04-13,13:05:00,182.55,182.95,182.55,182.95,790,0
2016-04-13,13:20:00,182.5,182.5,182.25,182.25,510,0
2016-04-13,13:30:00,182.55,182.55,182.55,182.55,229,0
2016-04-13,13:35:00,182.55,182.55,182.55,182.55,142,0
2016-04-13,13:45:00,182.6,182.6,182.6,182.6,2,0
2016-04-13,13:55:00,182.6,182.6,182.6,182.6,48,0
2016-04-13,14:05:00,182.7,182.7,182.7,182.7,8,0
2016-04-13,14:10:00,182.55,182.55,182.55,182.55,60,0
2016-04-13,14:15:00,182.55,182.55,182.3,182.3,566,0
2016-04-13,14:25:00,182.55,182.55,182.3,182.3,204,0
2016-04-13,14:30:00,182.65,182.8,182.65,182.8,203,0
2016-04-13,14:35:00,182.35,182.35,182.35,182.35,1,0
2016-04-13,14:40:00,182.35,182.65,182.35,182.35,112,0
2016-04-13,14:45:00,182.35,182.35,182.35,182.35,1426,0
2016-04-13,15:00:00,182.35,182.35,182.15,182.15,223,0
2016-04-13,15:05:00,182.2,182.2,182.15,182.15,198,0
2016-04-13,15:10:00,182.35,182.35,182.35,182.35,53,0
2016-04-13,15:15:00,182.35,182.45,182.25,182.45,6,0
2016-04-13,15:20:00,182.25,182.4,182.25,182.25,127,0
2016-04-13,15:25:00,182.25,182.25,182.25,182.25,44,0
2016-04-13,15:30:00,182.25,182.25,182.15,182.15,149,0
2016-04-13,15:50:00,182.15,182.6,182.15,182.6,799,0
2016-04-13,15:55:00,182.55,182.6,182.5,182.6,507,0
2016-04-13,16:00:00,182.6,182.6,182.5,182.5,128,0
2016-04-13,16:15:00,182.4,182.5,182.2,182.2,575,0
2016-04-13,16:20:00,182.2,182.2,182.2,182.2,145,0
2016-04-13,16:25:00,182.2,182.45,182.2,182.45,131,0
2016-04-13,16:30:00,182.45,182.55,182.45,182.55,106,0
2016-04-13,16:35:00,182.5,182.5,182.5,182.5,22,0
2016-04-13,16:40:00,182.45,182.45,182.45,182.45,2,0
2016-04-13,16:45:00,182.4,182.4,181.55,182.15,2062,0
2016-04-13,16:50:00,182,187.45,182,187.45,15499,0
2016-04-14,09:05:00,186.1,186.1,186,186,151,0
2016-04-14,09:15:00,185.9,185.9,185.9,185.9,73,0
2016-04-14,09:25:00,185.3,185.3,185.3,185.3,80,0
2016-04-14,09:35:00,184.9,185.3,184.45,185.3,103,0
2016-04-14,09:40:00,185.25,185.5,183.7,183.7,454,0
2016-04-14,09:55:00,185,185.55,185,185.55,275,0
2016-04-14,10:00:00,185.5,185.5,185.5,185.5,65,0
2016-04-14,10:05:00,184.9,184.9,184.9,184.9,99,0
2016-04-14,10:10:00,185,185,185,185,17,0
2016-04-14,10:15:00,185.5,185.5,185.5,185.5,62,0
2016-04-14,10:25:00,185.5,185.5,185.5,185.5,104,0
2016-04-14,10:35:00,185.45,185.45,185.45,185.45,30,0
2016-04-14,10:40:00,185.5,185.5,185.5,185.5,140,0
2016-04-14,10:45:00,185.35,185.5,185.35,185.5,260,0
2016-04-14,10:50:00,185.5,185.65,185.45,185.45,226,0
2016-04-14,10:55:00,185.45,185.45,185.45,185.45,6,0
2016-04-14,11:00:00,185.45,185.8,185.45,185.6,227,0
2016-04-14,11:05:00,185.45,185.8,185.45,185.8,29,0
2016-04-14,11:10:00,185.8,186,184.6,185,1549,0
2016-04-14,11:15:00,184.65,185,184.65,184.65,14,0
2016-04-14,11:20:00,185,185.6,185,185.55,350,0
2016-04-14,11:25:00,185.15,185.5,183.15,185.15,890,0
2016-04-14,11:30:00,183.75,185,183.75,184.95,3,0
2016-04-14,11:45:00,184.75,185.5,184.75,185.45,362,0
2016-04-14,11:50:00,185.45,185.5,184.8,185.35,476,0
2016-04-14,11:55:00,184.2,184.5,183.75,184.5,186,0
2016-04-14,12:00:00,184.2,184.2,184.2,184.2,20,0
2016-04-14,12:05:00,184,184,184,184,20,0
2016-04-14,12:10:00,183.65,183.65,183.65,183.65,2,0
2016-04-14,12:15:00,184.15,184.25,183.75,183.75,243,0
2016-04-14,12:20:00,184.3,185,184.3,184.65,481,0
2016-04-14,12:25:00,184.6,184.65,184,184,205,0
2016-04-14,12:30:00,184.4,184.65,184.4,184.6,158,0
2016-04-14,12:45:00,184.15,184.45,184,184.45,472,0
2016-04-14,12:50:00,183.85,184.45,183.85,184.45,31,0
2016-04-14,12:55:00,184.5,184.5,184.5,184.5,11,0
2016-04-14,13:00:00,184.45,184.45,184.45,184.45,39,0
2016-04-14,13:05:00,184.5,184.5,184.5,184.5,155,0
2016-04-14,13:10:00,184.5,184.5,184.45,184.5,351,0
2016-04-14,13:15:00,184.45,184.45,184.45,184.45,105,0
2016-04-14,13:20:00,184.5,184.5,184.5,184.5,28,0
2016-04-14,13:30:00,184.35,184.5,184.35,184.5,156,0
2016-04-14,13:45:00,184.5,184.5,184.5,184.5,104,0
2016-04-14,13:50:00,184.45,184.45,184.45,184.45,114,0
2016-04-14,13:55:00,184.45,184.6,184.45,184.55,446,0
2016-04-14,14:00:00,184.5,184.5,184.45,184.45,237,0
2016-04-14,14:05:00,184.45,184.45,184.45,184.45,1,0
2016-04-14,14:10:00,184.4,184.4,184.4,184.4,192,0
2016-04-14,14:20:00,184.4,184.5,184.4,184.5,57,0
2016-04-14,14:30:00,184.45,184.5,184.45,184.5,196,0
2016-04-14,14:35:00,184.5,184.6,184.5,184.55,499,0
2016-04-14,14:40:00,184.5,184.5,184.5,184.5,125,0
2016-04-14,14:50:00,184.5,184.5,184.5,184.5,147,0
2016-04-14,14:55:00,184.55,184.55,184.5,184.5,346,0
2016-04-14,15:00:00,184.5,184.65,184.45,184.65,666,0
2016-04-14,15:05:00,184.7,185.25,184.35,184.95,564,0
2016-04-14,15:10:00,184.4,184.4,184.4,184.4,72,0
2016-04-14,15:15:00,184.5,184.65,184.45,184.55,1783,0
2016-04-14,15:20:00,184.5,184.55,184.5,184.55,243,0
2016-04-14,15:25:00,184.55,184.55,184.45,184.55,555,0
2016-04-14,15:30:00,184.45,184.55,184.45,184.5,160,0
2016-04-14,15:35:00,184.55,185.45,184.5,185.45,873,0
2016-04-14,15:40:00,185.4,185.5,185,185.5,389,0
2016-04-14,15:45:00,185.4,185.5,185.4,185.4,153,0
2016-04-14,15:55:00,185.4,185.4,185.4,185.4,20,0
2016-04-14,16:00:00,185.35,185.5,184.15,185.5,694,0
2016-04-14,16:05:00,185.5,185.9,184.55,185.65,1231,0
2016-04-14,16:10:00,185.85,185.85,185.8,185.85,390,0
2016-04-14,16:15:00,185.85,185.85,185.8,185.8,61,0
2016-04-14,16:20:00,185.85,185.9,185.85,185.85,167,0
2016-04-14,16:35:00,185.9,185.9,185.9,185.9,31,0
2016-04-14,16:40:00,185.9,185.9,185.45,185.8,388,0
2016-04-14,16:45:00,185.9,185.9,185.9,185.9,116,0
2016-04-14,16:50:00,185.9,185.9,185.9,185.9,693,0
2016-04-15,09:05:00,185.9,185.9,185.9,185.9,42,0
2016-04-15,09:15:00,185.15,185.75,184.3,184.3,1456,0
2016-04-15,09:20:00,185,185,184.35,184.8,9,0
2016-04-15,09:25:00,184.75,184.85,184.35,184.4,599,0
2016-04-15,09:30:00,184.85,185.9,184.45,185.85,1853,0
2016-04-15,09:35:00,185.7,185.7,185.6,185.6,80,0
2016-04-15,09:40:00,185.6,185.9,185.6,185.8,547,0
2016-04-15,09:55:00,185.65,185.7,185.65,185.7,15,0
2016-04-15,10:00:00,185.75,185.85,185.6,185.6,544,0
2016-04-15,10:05:00,185.65,185.65,185.65,185.65,10,0
2016-04-15,10:10:00,185.65,185.65,185.55,185.55,840,0
2016-04-15,10:15:00,185.4,185.7,184.4,184.4,792,0
2016-04-15,10:20:00,184.45,185.6,184.4,185.5,422,0
2016-04-15,10:30:00,185.3,185.5,185.3,185.45,160,0
2016-04-15,10:35:00,185.5,185.55,185.25,185.25,271,0
2016-04-15,10:40:00,185.55,185.85,185.25,185.8,650,0
2016-04-15,10:45:00,185.5,185.8,184.65,185.35,530,0
2016-04-15,10:55:00,185.25,185.25,185.25,185.25,40,0
2016-04-15,11:05:00,185.25,185.8,185.25,185.8,299,0
2016-04-15,11:10:00,185.8,186.5,184.85,186.35,23040,0
2016-04-15,11:15:00,186.9,186.9,186.05,186.75,54,0
2016-04-15,11:35:00,186.3,186.3,186.3,186.3,43,0
2016-04-15,11:50:00,186.15,186.15,186.15,186.15,2,0
2016-04-15,11:55:00,186,186,185.9,186,56,0
2016-04-15,12:05:00,186,186,185.95,185.95,444,0
2016-04-15,12:25:00,185.9,185.9,184.45,185.4,1159,0
2016-04-15,12:50:00,184.45,185.25,184.45,185.25,3,0
2016-04-15,13:15:00,184.45,184.45,184.45,184.45,8,0
2016-04-15,13:20:00,185,185,185,185,12,0
2016-04-15,13:30:00,185.15,185.15,185.15,185.15,44,0
2016-04-15,13:50:00,185,185.15,185,185.15,1289,0
2016-04-15,13:55:00,185.3,185.35,185.3,185.35,50,0
2016-04-15,14:00:00,185.35,185.35,185.35,185.35,4,0
2016-04-15,14:15:00,185.1,185.35,185,185.35,748,0
2016-04-15,14:20:00,185.35,185.35,185,185,165,0
2016-04-15,14:30:00,185.3,185.35,185,185,648,0
2016-04-15,14:35:00,185,185,185,185,53,0
2016-04-15,14:45:00,185.2,185.3,185.2,185.3,215,0
2016-04-15,14:50:00,185.1,185.1,185,185,25,0
2016-04-15,15:10:00,185.2,185.2,185.2,185.2,239,0
2016-04-15,15:15:00,185.2,185.2,185.2,185.2,42,0
2016-04-15,15:20:00,185.2,185.3,185,185,1651,0
2016-04-15,15:45:00,185.05,185.35,185.05,185.35,346,0
2016-04-15,15:50:00,185.35,185.35,185.35,185.35,5,0
2016-04-15,16:10:00,185.25,185.3,185.2,185.3,96,0
2016-04-15,16:15:00,185.3,185.3,185.15,185.15,282,0
2016-04-15,16:20:00,185.15,185.15,185.1,185.1,153,0
2016-04-15,16:25:00,185.1,185.1,185.1,185.1,53,0
2016-04-15,16:35:00,185.2,185.85,185.2,185.85,806,0
2016-04-15,16:40:00,185.8,185.8,185.65,185.7,500,0
2016-04-15,16:50:00,185.35,185.6,185.05,185.35,437,0
2016-04-18,09:05:00,185.35,185.35,184.2,184.2,21,0
2016-04-18,09:10:00,184.2,184.2,184.2,184.2,20,0
2016-04-18,09:20:00,184.3,185,184.3,184.3,25,0
2016-04-18,09:25:00,185,185.05,185,185.05,30,0
2016-04-18,09:35:00,185.2,185.5,185.05,185.45,354,0
2016-04-18,09:40:00,185.1,185.1,184.55,184.95,715,0
2016-04-18,09:45:00,185,185,184.55,184.9,31,0
2016-04-18,09:50:00,184.9,185.5,184.9,185.5,620,0
2016-04-18,09:55:00,185.5,185.5,183.2,183.2,2113,0
2016-04-18,10:00:00,183.15,185.35,183.15,185.35,157,0
2016-04-18,10:05:00,185.3,185.5,183.25,185.45,427,0
2016-04-18,10:10:00,185.45,185.5,185.1,185.45,43,0
2016-04-18,10:15:00,185.5,185.5,185,185.5,226,0
2016-04-18,10:20:00,184.85,184.85,183.4,183.45,301,0
2016-04-18,10:25:00,183.45,185,183.45,185,154,0
2016-04-18,10:30:00,184.5,185.25,184,184.15,139,0
2016-04-18,10:50:00,185.4,186,183.05,186,2054,0
2016-04-18,10:55:00,186,186.8,185.5,185.55,1510,0
2016-04-18,11:00:00,186.8,186.8,186,186,8,0
2016-04-18,11:05:00,186.6,186.6,185.05,185.1,88,0
2016-04-18,11:10:00,185.15,186.55,185.15,186.55,118,0
2016-04-18,11:15:00,186.4,186.4,186.3,186.3,46,0
2016-04-18,11:20:00,186.3,186.3,186.25,186.25,64,0
2016-04-18,11:25:00,185.95,185.95,183.1,183.4,538,0
2016-04-18,11:30:00,184,186,183.45,186,1588,0
2016-04-18,11:35:00,186,186,184.3,184.3,1133,0
2016-04-18,11:45:00,184.4,184.4,184.4,184.4,52,0
2016-04-18,11:50:00,184.5,185,184.5,185,2,0
2016-04-18,12:00:00,185.6,186,185.6,186,257,0
2016-04-18,12:05:00,185.95,186,185.55,186,297,0
2016-04-18,12:10:00,186,186,186,186,43,0
2016-04-18,12:20:00,186,186,186,186,15,0
2016-04-18,12:30:00,186,186,185.7,185.7,80,0
2016-04-18,12:40:00,186,186,186,186,38,0
2016-04-18,12:50:00,185.9,185.9,185.9,185.9,100,0
2016-04-18,12:55:00,185.95,185.95,185.95,185.95,38,0
2016-04-18,13:00:00,185.75,186,183.5,185.9,1884,0
2016-04-18,13:05:00,185.75,185.85,185.75,185.85,293,0
2016-04-18,13:10:00,185.85,186,185.7,185.9,433,0
2016-04-18,13:15:00,185.9,185.9,185.6,185.6,227,0
2016-04-18,13:25:00,185.7,185.9,185.6,185.9,44,0
2016-04-18,13:30:00,185.55,185.9,185.55,185.9,120,0
2016-04-18,13:35:00,185.6,186,185.5,185.85,86,0
2016-04-18,13:40:00,185.85,186,185.85,186,81,0
2016-04-18,13:45:00,186,186,183.5,186,406,0
2016-04-18,13:55:00,185.75,186,185.15,186,220,0
2016-04-18,14:05:00,185.9,185.9,185.9,185.9,30,0
2016-04-18,14:15:00,185.95,185.95,185.95,185.95,44,0
2016-04-18,14:20:00,185.65,185.65,185.3,185.3,163,0
2016-04-18,14:40:00,185.75,185.95,185.75,185.95,208,0
2016-04-18,14:45:00,185.95,186,185.95,186,95,0
2016-04-18,14:50:00,186,186,186,186,44,0
2016-04-18,14:55:00,186,186,186,186,84,0
2016-04-18,15:00:00,186,186,186,186,38,0
2016-04-18,15:05:00,186,186.4,186,186.4,99,0
2016-04-18,15:10:00,186.45,186.5,186.45,186.5,74,0
2016-04-18,15:15:00,186.5,186.5,186.35,186.5,908,0
2016-04-18,15:20:00,186.35,186.35,186.35,186.35,14,0
2016-04-18,15:25:00,186.4,186.4,186.4,186.4,18,0
2016-04-18,15:30:00,186.9,186.9,186.8,186.9,438,0
2016-04-18,15:35:00,186.85,186.95,186.85,186.95,207,0
2016-04-18,15:40:00,186.85,186.95,186.85,186.85,258,0
2016-04-18,15:45:00,186.85,186.95,186,186,343,0
2016-04-18,15:50:00,186,186.95,185.35,186.9,999,0
2016-04-18,15:55:00,186.95,187,185.9,187,484,0
2016-04-18,16:00:00,185.85,187.45,185.75,187.4,682,0
2016-04-18,16:05:00,187.4,187.4,187.4,187.4,168,0
2016-04-18,16:10:00,187.4,187.45,185.85,187.45,327,0
2016-04-18,16:15:00,187.4,187.45,187.4,187.45,206,0
2016-04-18,16:20:00,187.45,187.45,186.9,186.9,158,0
2016-04-18,16:40:00,187,187.45,187,187.15,124,0
2016-04-18,16:45:00,187.15,187.15,186.65,186.65,100,0
2016-04-18,16:50:00,187.15,187.5,187.15,187.45,300,0
2016-04-19,09:05:00,187,187,186.4,186.4,6,0
2016-04-19,09:10:00,186.65,186.65,186.65,186.65,24,0
2016-04-19,09:15:00,186.9,186.9,186.8,186.8,29,0
2016-04-19,09:20:00,186.8,186.8,186.8,186.8,14,0
2016-04-19,09:25:00,186.65,186.65,186.65,186.65,43,0
2016-04-19,09:30:00,186.65,186.65,186.65,186.65,14,0
2016-04-19,09:35:00,186.65,186.95,186.65,186.95,36,0
2016-04-19,09:40:00,186.95,187,186.65,186.65,458,0
2016-04-19,09:45:00,186.75,187,186.7,186.7,47,0
2016-04-19,09:50:00,186.75,187.85,186.4,187.55,995,0
2016-04-19,09:55:00,187.55,187.85,186.55,187.2,532,0
2016-04-19,10:00:00,187.05,188,187.05,188,282,0
2016-04-19,10:05:00,188.35,188.35,188.35,188.35,14,0
2016-04-19,10:10:00,188.35,188.35,188.3,188.35,125,0
2016-04-19,10:15:00,188.5,188.5,187.8,187.8,40,0
2016-04-19,10:20:00,188.5,188.5,188.5,188.5,14,0
2016-04-19,10:25:00,188.4,188.4,188.4,188.4,14,0
2016-04-19,10:30:00,188.4,188.4,187.9,187.9,233,0
2016-04-19,10:35:00,187.9,188.4,187.6,188.4,536,0
2016-04-19,10:40:00,188.3,188.3,185.9,186,624,0
2016-04-19,10:45:00,186.25,187.45,186.25,187.45,296,0
2016-04-19,10:50:00,187.65,187.8,187.65,187.8,42,0
2016-04-19,10:55:00,187.8,187.8,187.8,187.8,14,0
2016-04-19,11:00:00,187.8,187.8,187.8,187.8,14,0
2016-04-19,11:05:00,187.8,187.8,187.8,187.8,47,0
2016-04-19,11:10:00,187.8,187.8,187.8,187.8,52,0
2016-04-19,11:15:00,187.7,187.7,187.7,187.7,14,0
2016-04-19,11:20:00,187.7,187.7,187.7,187.7,14,0
2016-04-19,11:25:00,187.35,187.35,187.35,187.35,12,0
2016-04-19,11:30:00,187.7,187.7,187.7,187.7,2,0
2016-04-19,11:35:00,187.7,187.7,187.7,187.7,14,0
2016-04-19,11:40:00,187.7,187.8,187.7,187.8,360,0
2016-04-19,11:45:00,187.8,187.8,187.75,187.8,62,0
2016-04-19,11:50:00,187.8,187.8,187.8,187.8,15,0
2016-04-19,11:55:00,187.8,187.8,187.8,187.8,116,0
2016-04-19,12:00:00,187.8,187.8,187.8,187.8,15,0
2016-04-19,12:05:00,187.75,187.75,187.75,187.75,15,0
2016-04-19,12:10:00,187.75,187.75,187.75,187.75,25,0
2016-04-19,12:15:00,187.8,187.8,187.8,187.8,286,0
2016-04-19,12:20:00,187.8,187.8,187.8,187.8,87,0
2016-04-19,12:25:00,187.8,187.8,187.8,187.8,15,0
2016-04-19,12:30:00,187.8,187.8,187.8,187.8,25,0
2016-04-19,12:35:00,187.8,187.8,187.8,187.8,61,0
2016-04-19,12:40:00,187.8,187.8,187.8,187.8,15,0
2016-04-19,12:45:00,187.7,187.7,186,186,989,0
2016-04-19,12:50:00,186,186,186,186,1,0
2016-04-19,12:55:00,186,186,186,186,15,0
2016-04-19,13:00:00,186,186.4,186,186.4,50,0
2016-04-19,13:05:00,186.4,186.4,186,186,297,0
2016-04-19,13:10:00,186,186,185.95,185.95,51,0
2016-04-19,13:15:00,186,186,185.95,185.95,20,0
2016-04-19,13:20:00,186,187.6,186,187.6,786,0
2016-04-19,13:25:00,187.5,187.5,187.5,187.5,31,0
2016-04-19,13:30:00,187.5,187.7,187.5,187.7,152,0
2016-04-19,13:35:00,187.7,187.7,187.7,187.7,15,0
2016-04-19,13:40:00,187.7,187.7,187.7,187.7,15,0
2016-04-19,13:45:00,187.75,187.75,187.3,187.65,209,0
2016-04-19,13:50:00,187.65,187.65,187.65,187.65,15,0
2016-04-19,13:55:00,187.65,187.7,187.65,187.7,109,0
2016-04-19,14:05:00,187.75,187.75,187.65,187.75,80,0
2016-04-19,14:10:00,187.7,187.7,187.4,187.4,56,0
2016-04-19,14:15:00,187.4,187.7,187.15,187.15,369,0
2016-04-19,14:20:00,187.15,187.65,186.55,187.5,156,0
2016-04-19,14:25:00,186.55,187.5,186.55,187.5,20,0
2016-04-19,14:30:00,187.5,187.5,187.5,187.5,16,0
2016-04-19,14:35:00,187.5,187.5,187.5,187.5,90,0
2016-04-19,14:40:00,187.5,187.5,187.5,187.5,9,0
2016-04-19,14:45:00,187.65,187.65,187.65,187.65,1,0
2016-04-19,14:50:00,187.65,187.65,187.65,187.65,19,0
2016-04-19,14:55:00,187.7,187.7,187.7,187.7,16,0
2016-04-19,15:00:00,187.7,187.7,187.7,187.7,25,0
2016-04-19,15:05:00,187.4,187.75,187.4,187.75,96,0
2016-04-19,15:10:00,187.75,187.75,187.75,187.75,21,0
2016-04-19,15:15:00,187.75,187.75,187.75,187.75,103,0
2016-04-19,15:20:00,187.8,187.8,187.5,187.5,116,0
2016-04-19,15:25:00,187.75,187.75,187.75,187.75,547,0
2016-04-19,15:30:00,187.75,187.75,187.75,187.75,30,0
2016-04-19,15:35:00,187.45,187.6,187.45,187.6,301,0
2016-04-19,15:40:00,187.55,187.55,187.55,187.55,61,0
2016-04-19,15:45:00,187.55,187.55,187.45,187.55,238,0
2016-04-19,15:50:00,187.55,187.55,187.55,187.55,19,0
2016-04-19,15:55:00,187.55,187.55,187.45,187.45,418,0
2016-04-19,16:00:00,187.45,187.45,187.25,187.25,83,0
2016-04-19,16:05:00,187.3,187.3,187.3,187.3,30,0
2016-04-19,16:10:00,187.25,187.35,187.2,187.2,137,0
2016-04-19,16:15:00,187.15,187.3,187.05,187.3,163,0
2016-04-19,16:20:00,186.95,187.2,186.95,187.2,90,0
2016-04-19,16:25:00,187,187,187,187,50,0
2016-04-19,16:30:00,187,187,187,187,31,0
2016-04-19,16:35:00,186.75,187,186.75,187,62,0
2016-04-19,16:40:00,186.6,187,185.9,186.85,998,0
2016-04-19,16:45:00,186.85,186.85,186.2,186.2,148,0
2016-04-19,16:50:00,186.1,187.25,186.1,187.25,1319,0
2016-04-20,09:05:00,187.35,187.35,187.35,187.35,60,0
2016-04-20,09:15:00,186.1,186.1,186.1,186.1,47,0
2016-04-20,09:30:00,187.5,187.5,187.25,187.4,322,0
2016-04-20,09:35:00,187.4,187.45,187.15,187.15,292,0
2016-04-20,09:45:00,187.2,187.2,187.15,187.15,500,0
2016-04-20,09:50:00,187.45,187.5,187.45,187.5,622,0
2016-04-20,09:55:00,187.45,187.45,187.4,187.4,277,0
2016-04-20,10:00:00,187.45,187.45,187.45,187.45,19,0
2016-04-20,10:05:00,187.45,187.5,187.4,187.5,196,0
2016-04-20,10:15:00,187.5,187.5,187.45,187.45,31,0
2016-04-20,10:20:00,187.5,187.5,187.45,187.5,1628,0
2016-04-20,10:25:00,187.45,187.45,187.45,187.45,109,0
2016-04-20,10:30:00,187.45,187.45,187.25,187.25,26,0
2016-04-20,10:35:00,187.2,187.45,187.2,187.45,176,0
2016-04-20,10:50:00,187.45,187.45,187.45,187.45,38,0
2016-04-20,10:55:00,187.35,187.5,187.35,187.4,44,0
2016-04-20,11:00:00,187.2,187.2,187,187,171,0
2016-04-20,11:05:00,187,187,187,187,18,0
2016-04-20,11:10:00,187,187.45,187,187.25,111,0
2016-04-20,11:15:00,187.4,187.5,186.95,187.05,143,0
2016-04-20,11:20:00,187.5,187.5,187.5,187.5,76,0
2016-04-20,11:25:00,187.5,187.5,187.5,187.5,60,0
2016-04-20,11:30:00,187.15,187.15,187.15,187.15,2,0
2016-04-20,11:35:00,187.5,187.5,187.4,187.4,183,0
2016-04-20,11:40:00,187.4,187.5,187.35,187.35,62,0
2016-04-20,11:55:00,187.45,187.45,187.45,187.45,45,0
2016-04-20,12:00:00,187.5,187.5,187.35,187.45,279,0
2016-04-20,12:05:00,187.45,187.45,187,187.2,224,0
2016-04-20,12:10:00,187.1,187.1,187.1,187.1,1,0
2016-04-20,12:25:00,187.1,187.1,186.05,186.05,426,0
2016-04-20,12:30:00,186,186.55,185.25,186.55,537,0
2016-04-20,12:35:00,186.1,187.45,186.05,187.1,1781,0
2016-04-20,12:40:00,187.4,187.45,187.35,187.4,282,0
2016-04-20,12:45:00,187.4,187.45,187.35,187.35,177,0
2016-04-20,12:50:00,187.45,187.45,187.45,187.45,121,0
2016-04-20,12:55:00,187.4,187.45,187.35,187.35,602,0
2016-04-20,13:00:00,187.4,187.4,187.35,187.4,138,0
2016-04-20,13:05:00,187.4,187.4,187.35,187.35,90,0
2016-04-20,13:10:00,187.5,187.5,187.5,187.5,122,0
2016-04-20,13:15:00,187.5,187.5,187.5,187.5,47,0
2016-04-20,13:25:00,187.5,187.5,187.5,187.5,29,0
2016-04-20,13:30:00,187.4,187.4,187.4,187.4,100,0
2016-04-20,13:35:00,187.5,187.5,187.5,187.5,178,0
2016-04-20,13:40:00,187.4,187.4,187.4,187.4,100,0
2016-04-20,13:50:00,187.5,187.5,187.4,187.4,71,0
2016-04-20,13:55:00,187.4,187.4,187.4,187.4,82,0
2016-04-20,14:00:00,187.35,187.35,187.35,187.35,33,0
2016-04-20,14:10:00,187.3,187.3,187.3,187.3,65,0
2016-04-20,14:20:00,187.25,187.25,187.2,187.2,73,0
2016-04-20,14:25:00,187.15,187.15,187.1,187.1,62,0
2016-04-20,14:30:00,187.45,187.45,187.4,187.4,77,0
2016-04-20,14:35:00,187.45,187.45,187.45,187.45,24,0
2016-04-20,14:45:00,187.4,187.5,187.3,187.5,311,0
2016-04-20,14:50:00,187.45,187.5,187.45,187.45,475,0
2016-04-20,14:55:00,187.45,187.45,187.35,187.35,82,0
2016-04-20,15:05:00,187.5,187.5,187.5,187.5,32,0
2016-04-20,15:10:00,187.45,187.5,187.45,187.5,178,0
2016-04-20,15:15:00,187.5,187.5,187.45,187.5,573,0
2016-04-20,15:25:00,187.5,187.5,187.5,187.5,83,0
2016-04-20,15:30:00,187.5,187.5,187.45,187.45,657,0
2016-04-20,15:35:00,187.5,187.5,187.45,187.45,55,0
2016-04-20,15:40:00,187.45,187.5,187.2,187.5,582,0
2016-04-20,15:45:00,187.45,187.5,186.85,186.85,638,0
2016-04-20,15:50:00,186.55,186.8,186.55,186.8,232,0
2016-04-20,15:55:00,187.3,187.5,187.3,187.5,187,0
2016-04-20,16:00:00,187.9,188,187.9,188,64,0
2016-04-20,16:05:00,187.9,189,187.9,189,839,0
2016-04-20,16:10:00,189,189.5,189,189.5,432,0
2016-04-20,16:15:00,189.4,189.85,189.4,189.7,643,0
2016-04-20,16:20:00,189.7,189.7,188.35,189.65,677,0
2016-04-20,16:25:00,188.55,190,188.55,190,1500,0
2016-04-20,16:30:00,190,191,190,190.85,2792,0
2016-04-20,16:35:00,190.9,191.3,190.9,191.3,494,0
2016-04-20,16:40:00,191.45,191.45,190.95,191.2,288,0
2016-04-20,16:45:00,191.05,191.35,190.55,190.55,1770,0
2016-04-20,16:50:00,190.95,190.95,190.35,190.5,1337,0
2016-04-21,09:05:00,190,190,190,190,284,0
2016-04-21,09:10:00,189.95,190,188.65,190,161,0
2016-04-21,09:15:00,189.95,189.95,189.2,189.2,40,0
2016-04-21,09:20:00,189.9,189.9,188.4,188.4,138,0
2016-04-21,09:25:00,188.9,189,188.9,189,32,0
2016-04-21,09:30:00,188.6,188.6,188.6,188.6,12,0
2016-04-21,09:35:00,188.65,189.9,188.65,189.05,35,0
2016-04-21,09:40:00,189.2,189.2,189.2,189.2,66,0
2016-04-21,09:50:00,189.6,191,189.3,191,1702,0
2016-04-21,09:55:00,191.5,192,190,190.85,1836,0
2016-04-21,10:00:00,191.25,191.9,190.1,191.75,585,0
2016-04-21,10:05:00,190.95,191.75,190.95,190.95,41,0
2016-04-21,10:10:00,191.3,191.75,190.95,191.6,529,0
2016-04-21,10:15:00,191.55,191.55,191.15,191.55,298,0
2016-04-21,10:20:00,191.5,191.5,190.5,190.5,232,0
2016-04-21,10:25:00,191.35,191.35,189.2,191,263,0
2016-04-21,10:30:00,190.7,190.95,189.35,189.35,133,0
2016-04-21,10:35:00,190.7,191.55,189.15,191.55,301,0
2016-04-21,10:40:00,191,191.75,191,191.7,85,0
2016-04-21,10:45:00,191.65,191.7,190.85,191.7,140,0
2016-04-21,10:50:00,191,191.7,191,191.7,23,0
2016-04-21,10:55:00,191.7,191.7,190.75,191.65,94,0
2016-04-21,11:00:00,191.25,191.25,190.8,190.8,4,0
2016-04-21,11:05:00,190.75,191.25,190,191.1,248,0
2016-04-21,11:10:00,190.8,191.1,190.7,191,100,0
2016-04-21,11:15:00,191,191,189.25,191,176,0
2016-04-21,11:20:00,190.15,191,190.15,190.6,178,0
2016-04-21,11:25:00,190.5,190.95,189.55,189.7,494,0
2016-04-21,11:30:00,189.7,189.7,189.7,189.7,22,0
2016-04-21,11:40:00,190,190,190,190,10,0
2016-04-21,11:45:00,190,190,188.95,188.95,51,0
2016-04-21,11:50:00,188.65,188.85,188.65,188.85,63,0
2016-04-21,11:55:00,188.9,188.9,188.9,188.9,4,0
2016-04-21,12:00:00,188.9,189.75,188.9,189.75,59,0
2016-04-21,12:10:00,189,189.65,189,189.65,117,0
2016-04-21,12:15:00,189.5,189.5,188.9,188.9,54,0
2016-04-21,12:30:00,189.5,189.5,188.9,188.9,77,0
2016-04-21,12:50:00,188.95,189.3,188.9,189.3,123,0
2016-04-21,12:55:00,189,189,189,189,8,0
2016-04-21,13:05:00,189,189,188.95,188.95,57,0
2016-04-21,13:15:00,189.15,189.3,189,189.3,72,0
2016-04-21,13:20:00,189.15,189.15,189.15,189.15,42,0
2016-04-21,13:25:00,189.1,189.1,189,189,57,0
2016-04-21,13:35:00,189.05,189.1,189.05,189.1,37,0
2016-04-21,13:40:00,189.05,189.25,189.05,189.25,92,0
2016-04-21,13:45:00,189.25,189.45,189.05,189.45,185,0
2016-04-21,13:55:00,189.1,189.25,189.1,189.25,46,0
2016-04-21,14:05:00,189.1,189.1,188.9,188.9,84,0
2016-04-21,14:20:00,189.25,189.25,189.25,189.25,10,0
2016-04-21,14:25:00,189.25,189.25,189.05,189.05,134,0
2016-04-21,14:35:00,189.05,189.25,189.05,189.25,139,0
2016-04-21,14:40:00,189.25,189.25,189.25,189.25,167,0
2016-04-21,14:45:00,189.05,189.05,189,189.05,233,0
2016-04-21,14:50:00,189,189.25,189,189,1531,0
2016-04-21,14:55:00,188.95,188.95,188.95,188.95,114,0
2016-04-21,15:10:00,189.2,189.35,189,189.3,585,0
2016-04-21,15:15:00,189.35,189.35,189,189.15,688,0
2016-04-21,15:20:00,189.1,189.3,189,189.25,399,0
2016-04-21,15:25:00,189,189,189,189,190,0
2016-04-21,15:30:00,189.25,189.25,188.5,188.5,651,0
2016-04-21,15:35:00,188.2,188.2,188.2,188.2,1,0
2016-04-21,15:45:00,188.5,188.5,188.5,188.5,500,0
2016-04-21,15:50:00,188.4,190,188.4,189.9,740,0
2016-04-21,15:55:00,188.25,189.5,188.25,189.5,28,0
2016-04-21,16:00:00,188.3,189,188.3,189,123,0
2016-04-21,16:05:00,189,189,188.3,188.3,19,0
2016-04-21,16:10:00,188.55,189,188.55,188.75,905,0
2016-04-21,16:15:00,189,189.4,189,189,1752,0
2016-04-21,16:20:00,189.1,189.4,188.8,188.8,556,0
2016-04-21,16:30:00,189.2,189.2,189.2,189.2,34,0
2016-04-21,16:35:00,189.1,189.8,189.1,189.8,165,0
2016-04-21,16:40:00,189,189.9,188.95,188.95,2477,0
2016-04-21,16:45:00,189,190.25,189,189.9,1381,0
2016-04-21,16:50:00,189.9,189.9,186.5,187.45,2052,0
2016-04-22,09:05:00,187.4,187.4,187.2,187.2,98,0
2016-04-22,09:10:00,187,187,186.95,186.95,40,0
2016-04-22,09:15:00,186.9,187.45,186.5,187.45,303,0
2016-04-22,09:30:00,187.5,191,187.4,190.85,1241,0
2016-04-22,09:35:00,190.85,191.4,190.05,190.95,1983,0
2016-04-22,09:40:00,190.9,190.95,190.9,190.95,81,0
2016-04-22,09:45:00,190.95,190.95,190.95,190.95,3,0
2016-04-22,09:50:00,190.95,190.95,190.55,190.55,341,0
2016-04-22,09:55:00,190.35,190.35,190.35,190.35,5,0
2016-04-22,10:00:00,190.15,190.15,190.15,190.15,5,0
2016-04-22,10:05:00,190.55,190.9,190.55,190.9,397,0
2016-04-22,10:10:00,190.9,191.3,190.9,191,262,0
2016-04-22,10:15:00,191.35,192.3,191.35,192.25,2755,0
2016-04-22,10:20:00,192.2,192.95,191.7,192.2,1305,0
2016-04-22,10:25:00,192.15,192.15,188.4,190.1,1793,0
2016-04-22,10:30:00,188.5,192.5,188.5,192.5,1558,0
2016-04-22,10:35:00,192.5,192.5,189.3,190.45,1314,0
2016-04-22,10:45:00,190,190,189.75,189.75,112,0
2016-04-22,10:50:00,189.75,189.75,189.75,189.75,30,0
2016-04-22,11:00:00,190.05,190.05,190.05,190.05,100,0
2016-04-22,11:05:00,189.75,189.75,189.75,189.75,8,0
2016-04-22,11:10:00,189.75,189.75,189.5,189.5,132,0
2016-04-22,11:15:00,189.35,189.35,188.2,188.2,1375,0
2016-04-22,11:20:00,189,189.35,188,189.35,4403,0
2016-04-22,11:25:00,189.35,189.35,189.35,189.35,33,0
2016-04-22,11:35:00,189.15,189.85,189,189.85,2363,0
2016-04-22,11:40:00,189.1,189.1,188.8,188.8,1373,0
2016-04-22,11:50:00,188.8,188.8,188.55,188.55,40,0
2016-04-22,11:55:00,188.55,188.55,188.35,188.35,122,0
2016-04-22,12:00:00,188.35,188.35,188,188,249,0
2016-04-22,12:05:00,187.65,187.65,187.65,187.65,10,0
2016-04-22,12:10:00,187.75,187.75,187.75,187.75,42,0
2016-04-22,12:15:00,187.7,187.7,187.7,187.7,50,0
2016-04-22,12:20:00,188,188,188,188,50,0
2016-04-22,12:30:00,187.8,187.8,187.65,187.65,79,0
2016-04-22,12:35:00,188,188,188,188,60,0
2016-04-22,12:45:00,187.7,187.7,187.7,187.7,190,0
2016-04-22,12:50:00,187.7,187.7,187.7,187.7,83,0
2016-04-22,12:55:00,187.7,187.7,187.7,187.7,218,0
2016-04-22,13:00:00,187.55,187.55,187.55,187.55,63,0
2016-04-22,13:05:00,187.55,187.6,187.45,187.45,512,0
2016-04-22,13:15:00,187.55,187.6,187.2,187.6,134,0
2016-04-22,13:20:00,187.55,187.55,187.55,187.55,12,0
2016-04-22,13:25:00,187.55,187.55,187.05,187.05,101,0
2016-04-22,13:40:00,187.5,187.5,187.05,187.05,91,0
2016-04-22,13:45:00,187.1,187.1,187.1,187.1,30,0
2016-04-22,13:50:00,187.15,187.15,187,187,290,0
2016-04-22,13:55:00,187.15,187.6,187.15,187.6,235,0
2016-04-22,14:00:00,187.6,187.6,187.6,187.6,55,0
2016-04-22,14:05:00,187.4,187.4,187.4,187.4,55,0
2016-04-22,14:15:00,187.4,187.4,187.4,187.4,109,0
2016-04-22,14:20:00,187.4,187.4,187.4,187.4,226,0
2016-04-22,14:25:00,187.4,187.4,187.35,187.35,671,0
2016-04-22,14:30:00,187.15,187.15,186.55,186.55,215,0
2016-04-22,14:35:00,186.5,186.5,186.2,186.2,455,0
2016-04-22,14:40:00,186.4,186.4,186.2,186.2,28,0
2016-04-22,14:45:00,186.3,186.3,186.25,186.25,124,0
2016-04-22,15:05:00,186.6,186.6,186.6,186.6,138,0
2016-04-22,15:10:00,186.3,186.3,186.3,186.3,10,0
2016-04-22,15:20:00,186.35,186.7,186.35,186.7,202,0
2016-04-22,15:25:00,186.75,186.75,186.75,186.75,232,0
2016-04-22,15:30:00,186.7,186.7,186.7,186.7,20,0
2016-04-22,15:35:00,186.7,186.7,186.7,186.7,134,0
2016-04-22,15:45:00,186.65,186.7,186.65,186.7,117,0
2016-04-22,16:00:00,186.65,186.65,186.65,186.65,74,0
2016-04-22,16:05:00,186.6,186.65,186.45,186.65,226,0
2016-04-22,16:10:00,186.3,186.3,186.3,186.3,48,0
2016-04-22,16:15:00,186.3,186.3,186,186,163,0
2016-04-22,16:20:00,185.25,185.25,185.2,185.25,169,0
2016-04-22,16:25:00,185.25,185.25,185.25,185.25,18,0
2016-04-22,16:30:00,185.25,185.25,185.25,185.25,25,0
2016-04-22,16:35:00,185.25,186,185.25,186,1024,0
2016-04-22,16:40:00,186,186,186,186,100,0
2016-04-22,16:50:00,185.85,186,185.25,185.25,884,0
2016-04-25,09:05:00,186.2,186.2,186.2,186.2,10,0
2016-04-25,09:25:00,185.6,185.95,185.5,185.7,65,0
2016-04-25,09:35:00,185.5,185.5,185.5,185.5,48,0
2016-04-25,09:40:00,185.3,185.7,185.3,185.7,131,0
2016-04-25,10:00:00,185.3,185.45,185.2,185.45,303,0
2016-04-25,10:05:00,185.25,185.65,184.1,184.1,754,0
2016-04-25,10:10:00,184.85,184.85,184.35,184.35,19,0
2016-04-25,10:15:00,184.35,185.5,184.35,184.35,182,0
2016-04-25,10:20:00,185.5,185.7,185.5,185.55,369,0
2016-04-25,10:25:00,184.2,184.2,184.2,184.2,5,0
2016-04-25,10:30:00,184.3,184.3,184.2,184.2,50,0
2016-04-25,10:40:00,185.7,185.7,185.7,185.7,12,0
2016-04-25,10:45:00,185.05,185.05,185.05,185.05,1,0
2016-04-25,11:00:00,185,185,184.1,184.1,79,0
2016-04-25,11:05:00,185,185.7,184.3,185.7,826,0
2016-04-25,11:10:00,184.3,184.3,184.3,184.3,1,0
2016-04-25,12:05:00,185.3,185.95,185.3,185.9,343,0
2016-04-25,12:10:00,185.85,185.9,185.85,185.9,153,0
2016-04-25,12:15:00,185.9,186.2,185.85,186.2,186,0
2016-04-25,12:20:00,185.95,186.45,185.95,186.35,228,0
2016-04-25,12:35:00,186.5,186.5,186.35,186.35,4,0
2016-04-25,12:50:00,186.4,187.35,186.4,186.75,354,0
2016-04-25,13:10:00,187.35,187.35,187.35,187.35,59,0
2016-04-25,13:15:00,187.6,187.6,187.35,187.35,34,0
2016-04-25,13:20:00,187.6,187.6,187.6,187.6,102,0
2016-04-25,13:35:00,187.15,187.15,187.15,187.15,28,0
2016-04-25,13:40:00,187.15,187.15,187.15,187.15,8,0
2016-04-25,13:45:00,187.15,187.2,187.15,187.15,52,0
2016-04-25,13:50:00,187.2,187.65,187.15,187.15,205,0
2016-04-25,13:55:00,187.2,187.2,187.15,187.15,87,0
2016-04-25,14:00:00,187.15,187.15,187.1,187.1,58,0
2016-04-25,14:05:00,187.1,187.1,185.5,185.5,177,0
2016-04-25,14:10:00,186.75,186.75,185.6,185.6,153,0
2016-04-25,14:15:00,185.6,185.65,185.5,185.5,273,0
2016-04-25,14:25:00,186.05,186.05,186,186,91,0
2016-04-25,14:30:00,186,186.65,185.7,185.7,134,0
2016-04-25,14:35:00,185.5,185.5,185.5,185.5,2,0
2016-04-25,14:40:00,185.6,186.4,185.1,185.1,227,0
2016-04-25,14:45:00,185.2,186.6,185.1,186.6,755,0
2016-04-25,14:50:00,186.65,187.65,186.5,187.65,230,0
2016-04-25,14:55:00,187.65,187.8,187.65,187.8,159,0
2016-04-25,15:00:00,187.7,187.75,187.65,187.65,612,0
2016-04-25,15:05:00,187.65,187.65,187.65,187.65,1,0
2016-04-25,15:10:00,187,187.55,186.7,187.55,78,0
2016-04-25,15:15:00,186.65,187.35,186.65,187.35,175,0
2016-04-25,15:40:00,186.7,186.7,186.7,186.7,80,0
2016-04-25,15:45:00,186.65,186.65,186.2,186.25,236,0
2016-04-25,15:50:00,186.25,186.25,186,186,425,0
2016-04-25,15:55:00,185.6,185.6,185.35,185.35,191,0
2016-04-25,16:00:00,185.35,185.95,185.2,185.2,163,0
2016-04-25,16:05:00,185.1,185.1,185,185,42,0
2016-04-25,16:10:00,185.1,185.1,184.6,185.1,195,0
2016-04-25,16:20:00,184.75,185.8,184.75,185.8,617,0
2016-04-25,16:25:00,185.8,186,185.8,186,52,0
2016-04-25,16:30:00,185.5,185.55,185.5,185.55,250,0
2016-04-25,16:35:00,185.4,185.4,185.4,185.4,108,0
2016-04-25,16:40:00,185.3,186,185.3,186,217,0
2016-04-25,16:45:00,185.8,185.8,185.3,185.7,277,0
2016-04-25,16:50:00,185.55,185.8,185.3,185.3,955,0
2016-04-26,09:05:00,186.9,186.9,186.8,186.8,14,0
2016-04-26,09:15:00,186.5,186.8,185.4,186.8,370,0
2016-04-26,09:25:00,186.8,186.9,186.5,186.9,235,0
2016-04-26,09:30:00,186.6,187.7,186.6,187.7,213,0
2016-04-26,09:35:00,187.7,187.8,187.7,187.8,52,0
2016-04-26,09:40:00,187.75,187.75,187.75,187.75,90,0
2016-04-26,09:45:00,188,188,188,188,32,0
2016-04-26,09:50:00,188,188.2,188,188,184,0
2016-04-26,10:00:00,188.15,188.15,188.15,188.15,12,0
2016-04-26,10:05:00,187.75,187.75,187.75,187.75,5,0
2016-04-26,10:10:00,188.15,188.15,188.15,188.15,76,0
2016-04-26,10:15:00,187.75,187.8,187.75,187.8,6,0
2016-04-26,10:20:00,188.1,188.1,188.1,188.1,120,0
2016-04-26,10:25:00,187.8,187.8,187.8,187.8,4,0
2016-04-26,10:30:00,188.25,188.25,188.25,188.25,33,0
2016-04-26,10:35:00,188.3,188.3,188.25,188.25,219,0
2016-04-26,10:40:00,188.25,188.3,188.05,188.3,113,0
2016-04-26,10:45:00,188.25,188.25,188.25,188.25,24,0
2016-04-26,10:50:00,188.25,188.3,188.25,188.3,55,0
2016-04-26,10:55:00,188.3,188.3,188.3,188.3,11,0
2016-04-26,11:00:00,188.45,188.45,188.25,188.25,31,0
2016-04-26,11:05:00,188.5,188.5,188.25,188.25,19,0
2016-04-26,11:10:00,188.55,188.55,188.55,188.55,80,0
2016-04-26,11:15:00,188.25,188.25,188.25,188.25,1,0
2016-04-26,11:20:00,188.45,188.45,188.25,188.25,307,0
2016-04-26,11:25:00,188,188,188,188,2,0
2016-04-26,11:35:00,188,188.1,188,188.1,9,0
2016-04-26,11:40:00,188.1,188.1,188,188,90,0
2016-04-26,11:45:00,188.1,188.1,188.1,188.1,169,0
2016-04-26,11:50:00,188.2,188.35,188.2,188.35,146,0
2016-04-26,12:00:00,188.6,188.75,188.6,188.75,177,0
2016-04-26,12:05:00,188.6,188.6,188.35,188.35,216,0
2016-04-26,12:10:00,188.45,188.5,188.45,188.5,93,0
2016-04-26,12:15:00,188.6,188.6,188.6,188.6,34,0
2016-04-26,12:20:00,188.6,188.9,188.6,188.6,164,0
2016-04-26,12:25:00,188.65,188.95,188.65,188.95,6,0
2016-04-26,12:30:00,189,189,189,189,124,0
2016-04-26,12:35:00,189.05,189.4,189,189.4,25140,0
2016-04-26,12:40:00,189.4,189.4,189.4,189.4,2618,0
2016-04-26,12:45:00,189.4,189.4,189.2,189.2,12562,0
2016-04-26,12:50:00,189.3,189.5,188.85,189,931,0
2016-04-26,12:55:00,189,189,188.85,188.85,10005,0
2016-04-26,13:00:00,189,189,189,189,75,0
2016-04-26,13:05:00,188.95,188.95,188.8,188.8,308,0
2016-04-26,13:10:00,188.25,188.25,188,188,400,0
2016-04-26,13:15:00,187.7,187.7,187.65,187.65,36,0
2016-04-26,13:20:00,187.65,187.65,187.55,187.55,20,0
2016-04-26,13:25:00,187.6,187.8,187.6,187.8,138,0
2016-04-26,13:35:00,187.8,188,187.8,188,390,0
2016-04-26,13:40:00,187.95,188,187.85,187.85,107,0
2016-04-26,13:45:00,187.9,187.9,187.15,187.15,171,0
2016-04-26,13:50:00,187.1,187.3,187.1,187.1,106,0
2016-04-26,13:55:00,187.4,187.4,187.4,187.4,65,0
2016-04-26,14:05:00,187.7,187.7,187.7,187.7,111,0
2016-04-26,14:10:00,187.7,187.7,187.7,187.7,31,0
2016-04-26,14:15:00,187.7,187.7,187.7,187.7,99,0
2016-04-26,14:20:00,187.45,187.45,187.45,187.45,1,0
2016-04-26,14:25:00,187.75,187.75,187.75,187.75,54,0
2016-04-26,14:35:00,187.95,187.95,187.5,187.5,126,0
2016-04-26,14:45:00,187.95,187.95,187.7,187.7,98,0
2016-04-26,14:55:00,187.95,188,187.65,188,493,0
2016-04-26,15:05:00,188,188,188,188,144,0
2016-04-26,15:10:00,187.95,187.95,187.75,187.75,122,0
2016-04-26,15:15:00,187.95,188,187.95,188,434,0
2016-04-26,15:25:00,187.95,187.95,187.95,187.95,31,0
2016-04-26,15:30:00,187.8,187.8,187.8,187.8,20,0
2016-04-26,15:35:00,187.8,187.9,187.8,187.8,307,0
2016-04-26,15:40:00,187.95,187.95,187.95,187.95,75,0
2016-04-26,15:45:00,187.95,188,187.95,187.95,657,0
2016-04-26,15:50:00,187.95,188,187.95,187.95,659,0
2016-04-26,15:55:00,187.75,187.75,187.75,187.75,181,0
2016-04-26,16:05:00,187.5,187.5,187.5,187.5,40,0
2016-04-26,16:10:00,187.3,187.3,187.05,187.05,259,0
2016-04-26,16:15:00,186.9,186.9,186.9,186.9,142,0
2016-04-26,16:20:00,186.65,186.65,186.45,186.45,552,0
2016-04-26,16:25:00,186.5,186.5,186.5,186.5,21,0
2016-04-26,16:30:00,186.5,186.75,186.5,186.75,353,0
2016-04-26,16:35:00,186.75,186.75,186.5,186.55,264,0
2016-04-26,16:40:00,186.75,187.45,186.75,187.45,209,0
2016-04-26,16:45:00,187.45,187.75,186.7,187.75,306,0
2016-04-26,16:50:00,187.2,187.2,185.9,185.9,11876,0
2016-04-27,09:05:00,188.4,188.4,188.4,188.4,12,0
2016-04-27,09:25:00,186.5,187.5,186.5,187.5,18,0
2016-04-27,09:30:00,187.5,187.5,187.5,187.5,18,0
2016-04-27,09:45:00,188.2,188.2,188.2,188.2,21,0
2016-04-27,09:50:00,187.6,187.6,187.6,187.6,1,0
2016-04-27,09:55:00,188.2,188.2,187.7,187.7,58,0
2016-04-27,10:00:00,187.65,188.2,187.65,188.2,24,0
2016-04-27,10:05:00,187.75,187.75,187.75,187.75,10,0
2016-04-27,10:15:00,187.7,188.1,187.7,188.1,10,0
2016-04-27,10:25:00,187.65,187.65,187.65,187.65,6,0
2016-04-27,10:40:00,187.65,187.65,187.65,187.65,31,0
2016-04-27,10:45:00,187.65,187.65,187.5,187.5,23,0
2016-04-27,10:50:00,187.55,187.55,187.55,187.55,21,0
2016-04-27,10:55:00,187.5,187.5,187.5,187.5,91,0
2016-04-27,11:30:00,187,187,187,187,84,0
2016-04-27,11:45:00,186.9,186.9,186.75,186.75,16,0
2016-04-27,11:50:00,186.65,186.65,186.5,186.5,114,0
2016-04-27,12:00:00,186.5,186.5,186.4,186.4,10,0
2016-04-27,12:05:00,186.45,186.45,186.45,186.45,20,0
2016-04-27,12:35:00,186.45,186.45,186.45,186.45,53,0
2016-04-27,12:40:00,186.4,186.4,185.3,185.3,41,0
2016-04-27,12:50:00,185.4,185.4,185.3,185.3,142,0
2016-04-27,13:05:00,185,185,185,185,3,0
2016-04-27,13:10:00,185,185,185,185,14,0
2016-04-27,13:15:00,185,185,185,185,22,0
2016-04-27,13:20:00,185,185,185,185,90,0
2016-04-27,13:25:00,184.9,185.1,184.9,185.1,158,0
2016-04-27,13:30:00,185.1,185.55,185.1,185.55,1865,0
2016-04-27,13:35:00,185.5,185.55,184.8,185.2,458,0
2016-04-27,13:40:00,184.8,184.8,184.8,184.8,1,0
2016-04-27,13:45:00,184.8,184.8,184.75,184.75,85,0
2016-04-27,13:50:00,185.05,185.2,185.05,185.2,70,0
2016-04-27,13:55:00,185.2,185.8,185.05,185.05,254,0
2016-04-27,14:00:00,185.2,185.2,185.2,185.2,53,0
2016-04-27,14:20:00,186,186,186,186,24,0
2016-04-27,14:25:00,186.15,186.7,186.15,186.7,105,0
2016-04-27,14:30:00,186.7,186.7,186.7,186.7,10,0
2016-04-27,14:50:00,186.8,186.8,186.75,186.75,53,0
2016-04-27,14:55:00,186.85,186.85,186.85,186.85,60,0
2016-04-27,15:00:00,186.85,186.85,186.85,186.85,97,0
2016-04-27,15:05:00,186.85,186.85,186.85,186.85,53,0
2016-04-27,15:10:00,187.1,187.25,187.1,187.25,68,0
2016-04-27,15:20:00,187.25,187.85,187.05,187.05,372,0
2016-04-27,15:25:00,187.2,187.65,187.15,187.2,222,0
2016-04-27,15:40:00,187.25,187.25,187.2,187.2,65,0
2016-04-27,15:45:00,187.5,187.5,187.5,187.5,16,0
2016-04-27,15:50:00,187.65,187.65,187.65,187.65,184,0
2016-04-27,15:55:00,187.65,187.7,187.65,187.7,156,0
2016-04-27,16:00:00,187.8,187.8,187.8,187.8,75,0
2016-04-27,16:05:00,187.75,188,187.75,187.75,163,0
2016-04-27,16:15:00,188,188.25,187.85,187.85,310,0
2016-04-27,16:20:00,187.9,187.9,187.9,187.9,32,0
2016-04-27,16:30:00,188.05,188.45,188.05,188.45,164,0
2016-04-27,16:35:00,188.45,188.5,188.05,188.05,103,0
2016-04-27,16:40:00,188.55,189.4,188.55,189.4,461,0
2016-04-27,16:45:00,189.4,189.4,188.6,188.6,106,0
2016-04-27,16:50:00,189.4,189.4,188.6,189,702,0
2016-04-28,09:05:00,189,189,188.95,188.95,35,0
2016-04-28,09:10:00,187.3,187.3,187.3,187.3,51,0
2016-04-28,09:35:00,188.7,188.75,188.2,188.2,135,0
2016-04-28,09:40:00,188.8,189,188.4,189,565,0
2016-04-28,09:45:00,189.45,189.5,189.45,189.5,50,0
2016-04-28,09:50:00,189.15,189.15,188,188,362,0
2016-04-28,09:55:00,188,188.85,187.5,187.5,63,0
2016-04-28,10:05:00,188.65,190,188.65,189.55,1131,0
2016-04-28,10:10:00,190,190.05,189.7,189.7,6481,0
2016-04-28,10:15:00,190,190.05,190,190,3108,0
2016-04-28,10:20:00,190.05,190.05,189.85,190,374,0
2016-04-28,10:25:00,190,190,189.55,189.55,8338,0
2016-04-28,10:30:00,190,190,189.55,189.55,754,0
2016-04-28,10:40:00,189.65,189.65,189.65,189.65,76,0
2016-04-28,10:50:00,189.65,189.65,189.65,189.65,1,0
2016-04-28,10:55:00,189.65,189.7,189.15,189.15,190,0
2016-04-28,11:00:00,189.2,189.25,189.2,189.25,56,0
2016-04-28,11:05:00,189.25,189.25,189.25,189.25,344,0
2016-04-28,11:10:00,189.25,189.25,188.8,188.8,167,0
2016-04-28,11:20:00,188.9,188.9,188.9,188.9,74,0
2016-04-28,11:35:00,189.2,189.2,189,189,164,0
2016-04-28,11:40:00,189,189,189,189,28,0
2016-04-28,11:45:00,188.95,188.95,187.95,187.95,135,0
2016-04-28,11:55:00,188.2,188.2,188.2,188.2,30,0
2016-04-28,12:15:00,187.4,187.4,187.35,187.35,221,0
2016-04-28,12:20:00,187.3,187.3,187.3,187.3,40,0
2016-04-28,12:25:00,187.1,187.1,186.8,186.8,202,0
2016-04-28,12:35:00,186.9,186.9,186.9,186.9,15,0
2016-04-28,12:45:00,186.9,186.9,186.5,186.5,95,0
2016-04-28,13:00:00,186.6,186.7,186.6,186.7,34,0
2016-04-28,13:10:00,186.7,186.7,186.7,186.7,10,0
2016-04-28,13:15:00,187.1,187.1,187.1,187.1,1,0
2016-04-28,13:35:00,186.65,186.65,186.4,186.4,258,0
2016-04-28,13:55:00,186.1,186.1,186.1,186.1,3,0
2016-04-28,14:00:00,186.05,186.05,185.45,185.6,175,0
2016-04-28,14:05:00,185.5,185.5,185.45,185.45,45,0
2016-04-28,14:10:00,185.5,185.55,185.5,185.55,52,0
2016-04-28,14:15:00,185.55,186.05,185.55,186.05,243,0
2016-04-28,14:20:00,186.3,186.3,186.3,186.3,26,0
2016-04-28,14:25:00,186.3,186.3,186.3,186.3,30,0
2016-04-28,14:45:00,186.55,186.55,186.55,186.55,29,0
2016-04-28,14:50:00,186.55,186.65,186.2,186.6,472,0
2016-04-28,14:55:00,186.6,186.8,186.45,186.55,792,0
2016-04-28,15:00:00,186.85,187,186.85,187,83,0
2016-04-28,15:05:00,187,187,185.8,186.05,1086,0
2016-04-28,15:10:00,185.8,186,185.75,185.75,528,0
2016-04-28,15:20:00,185.75,185.75,185.5,185.75,350,0
2016-04-28,15:25:00,185.75,185.75,185.75,185.75,28,0
2016-04-28,15:30:00,185.8,185.8,185.5,185.65,1421,0
2016-04-28,15:35:00,185.65,185.65,185.65,185.65,104,0
2016-04-28,15:40:00,185.85,186.1,185.85,186.1,364,0
2016-04-28,15:45:00,186.1,186.1,186.1,186.1,59,0
2016-04-28,15:55:00,186.65,186.65,186.65,186.65,18,0
2016-04-28,16:00:00,186.25,186.25,186.25,186.25,39,0
2016-04-28,16:05:00,186.3,186.5,186.3,186.45,135,0
2016-04-28,16:10:00,186.3,186.4,186.25,186.25,318,0
2016-04-28,16:15:00,186.25,186.25,186.25,186.25,5,0
2016-04-28,16:20:00,186.15,186.15,186.1,186.1,165,0
2016-04-28,16:30:00,186.05,186.05,186.05,186.05,55,0
2016-04-28,16:40:00,186.1,186.3,186.05,186.15,314,0
2016-04-28,16:45:00,186.1,186.1,186,186,95,0
2016-04-28,16:50:00,186.2,186.2,186,186,5210,0
2016-04-29,09:05:00,185.15,185.3,185.15,185.2,117,0
2016-04-29,09:10:00,185.4,185.4,185.4,185.4,53,0
2016-04-29,09:15:00,186.4,186.4,186.4,186.4,10,0
2016-04-29,09:25:00,185.5,186.2,185.5,186.2,660,0
2016-04-29,09:30:00,185.85,186.15,185.85,186.15,39,0
2016-04-29,09:35:00,185.85,185.85,185.85,185.85,29,0
2016-04-29,09:40:00,185.95,185.95,185.65,185.65,129,0
2016-04-29,09:50:00,185.65,185.8,185.65,185.8,61,0
2016-04-29,09:55:00,185.8,185.8,185.65,185.8,246,0
2016-04-29,10:00:00,185.8,185.8,185.8,185.8,52,0
2016-04-29,10:05:00,185.75,185.8,185.5,185.75,428,0
2016-04-29,10:10:00,185.75,185.8,185.7,185.7,195,0
2016-04-29,10:15:00,185.7,185.7,185.5,185.7,2436,0
2016-04-29,10:20:00,185.5,185.7,185.5,185.6,203,0
2016-04-29,10:25:00,185.55,185.6,185.5,185.6,339,0
2016-04-29,10:30:00,185.5,185.6,185.5,185.6,71,0
2016-04-29,10:35:00,185.5,185.7,185.5,185.7,3158,0
2016-04-29,10:40:00,185.7,185.9,185.7,185.9,698,0
2016-04-29,10:45:00,185.9,185.9,185.8,185.8,96,0
2016-04-29,10:50:00,185.8,187.65,185.8,187.6,4508,0
2016-04-29,10:55:00,187.8,187.8,187.75,187.75,30,0
2016-04-29,11:05:00,187,187,186.95,186.95,45,0
2016-04-29,11:15:00,186.95,187.75,186.95,187.75,41,0
2016-04-29,11:20:00,187.75,188.5,187.75,188.5,121,0
2016-04-29,11:25:00,188.5,188.65,187.8,187.8,376,0
2016-04-29,11:30:00,187.8,187.8,187.8,187.8,10,0
2016-04-29,11:35:00,187.35,187.35,187.35,187.35,29,0
2016-04-29,11:45:00,187.3,187.3,187.3,187.3,29,0
2016-04-29,11:50:00,187.4,187.75,187.4,187.4,58,0
2016-04-29,11:55:00,187.4,187.65,187.3,187.65,142,0
2016-04-29,12:00:00,187.25,187.65,187.1,187.4,284,0
2016-04-29,12:05:00,187.65,187.65,187.4,187.4,61,0
2016-04-29,12:10:00,187.8,188.5,187.4,188.3,267,0
2016-04-29,12:15:00,188.1,188.1,188.1,188.1,2,0
2016-04-29,12:20:00,188.3,188.3,187.8,187.9,191,0
2016-04-29,12:25:00,187.8,187.8,187.8,187.8,16,0
2016-04-29,12:30:00,188.05,188.05,188,188,110,0
2016-04-29,12:35:00,188,188.05,187.9,188,173,0
2016-04-29,12:40:00,188.1,188.3,188,188,81,0
2016-04-29,12:50:00,188,188,188,188,29,0
2016-04-29,12:55:00,188.3,188.3,188,188,11,0
2016-04-29,13:00:00,188,188,188,188,30,0
2016-04-29,13:05:00,188,188.45,188,188.45,336,0
2016-04-29,13:10:00,188.45,189.5,188.45,189.25,501,0
2016-04-29,13:15:00,189.5,189.5,189.5,189.5,112,0
2016-04-29,13:20:00,189.4,189.4,189,189,129,0
2016-04-29,13:25:00,189.1,189.1,189,189,42,0
2016-04-29,13:35:00,189,189.4,189,189,67,0
2016-04-29,13:45:00,189.25,189.25,189.25,189.25,32,0
2016-04-29,13:50:00,189.45,189.75,189.45,189.5,118,0
2016-04-29,13:55:00,189.5,189.9,189.5,189.9,60,0
2016-04-29,14:00:00,189.65,189.85,189.65,189.85,75,0
2016-04-29,14:05:00,189.85,190,189.85,190,5239,0
2016-04-29,14:10:00,190,190,189.6,189.6,193,0
2016-04-29,14:15:00,189.6,189.8,189.2,189.7,421,0
2016-04-29,14:25:00,189.5,189.65,189.4,189.65,61,0
2016-04-29,14:30:00,189.65,189.65,189.5,189.5,123,0
2016-04-29,14:35:00,189.45,189.45,189.1,189.25,313,0
2016-04-29,14:40:00,189.2,189.2,189.1,189.15,106,0
2016-04-29,14:45:00,189.15,189.25,189.15,189.25,87,0
2016-04-29,14:50:00,189.15,189.25,189.15,189.25,135,0
2016-04-29,14:55:00,189.15,189.15,188.85,188.9,942,0
2016-04-29,15:00:00,188.5,188.5,188.5,188.5,29,0
2016-04-29,15:05:00,188.5,188.9,188.5,188.9,74,0
2016-04-29,15:10:00,188.55,188.9,188.55,188.9,51,0
2016-04-29,15:15:00,188.9,188.9,188.55,188.55,403,0
2016-04-29,15:25:00,188.9,188.9,188.55,188.55,52,0
2016-04-29,15:30:00,188.9,188.9,188.9,188.9,36,0
2016-04-29,15:35:00,188.9,188.9,188.9,188.9,41,0
2016-04-29,15:40:00,188.9,189.4,188.9,189.4,530,0
2016-04-29,15:45:00,189.4,189.4,189.3,189.3,86,0
2016-04-29,15:50:00,189.3,189.3,189.3,189.3,21,0
2016-04-29,15:55:00,189.3,189.3,189.2,189.2,44,0
2016-04-29,16:00:00,189.2,189.2,189.1,189.1,72,0
2016-04-29,16:05:00,189.25,189.55,189.25,189.55,85,0
2016-04-29,16:10:00,189.55,189.55,189.55,189.55,10,0
2016-04-29,16:15:00,189.65,189.65,189.65,189.65,149,0
2016-04-29,16:20:00,189.65,189.65,189.65,189.65,66,0
2016-04-29,16:35:00,189.6,189.6,189.5,189.5,559,0
2016-04-29,16:40:00,189.5,190,189.2,190,7206,0
2016-04-29,16:45:00,190,190,189.8,190,137,0
2016-04-29,16:50:00,190,190.5,189.75,190.5,1462,0
