2016-03-29,09:05:00,309,309,309,309,106,0
2016-03-29,09:10:00,309,310,308.95,310,196,0
2016-03-29,09:15:00,310,310,310,310,19,0
2016-03-29,09:20:00,310,310,306.65,310,34,0
2016-03-29,09:25:00,310,310,310,310,1,0
2016-03-29,09:35:00,310,310,310,310,11,0
2016-03-29,09:40:00,308.5,308.5,306.15,306.15,26,0
2016-03-29,09:45:00,308.75,310,308.75,310,3,0
2016-03-29,09:50:00,308.5,311.8,308.5,311.8,383,0
2016-03-29,09:55:00,311.8,311.8,311.8,311.8,13,0
2016-03-29,10:00:00,311.8,311.8,310.95,310.95,7,0
2016-03-29,10:05:00,311.75,311.8,311.75,311.8,99,0
2016-03-29,10:10:00,311.8,311.8,311.4,311.4,40,0
2016-03-29,10:15:00,311.6,312.05,311.6,312.05,65,0
2016-03-29,10:20:00,312.05,312.05,312,312,22,0
2016-03-29,10:25:00,312.05,313,312.05,312.5,35,0
2016-03-29,10:30:00,312,312,312,312,10,0
2016-03-29,10:35:00,312.5,312.5,312.5,312.5,1,0
2016-03-29,10:40:00,313,313.85,313,313.4,106,0
2016-03-29,10:45:00,313.85,313.85,313.85,313.85,2,0
2016-03-29,10:55:00,313,313.45,313,313.45,17,0
2016-03-29,11:00:00,313.05,313.45,313.05,313.45,65,0
2016-03-29,11:05:00,313.9,314.9,313.9,314.9,213,0
2016-03-29,11:10:00,314.9,315,314.25,314.25,16,0
2016-03-29,11:15:00,314.75,315,314.75,315,40,0
2016-03-29,11:25:00,315.7,317,315.45,315.45,169,0
2016-03-29,11:35:00,315.6,316,315.45,316,212,0
2016-03-29,11:40:00,316.25,316.25,315.75,315.9,39,0
2016-03-29,11:55:00,315.8,315.8,315.8,315.8,1,0
2016-03-29,12:00:00,315.75,315.9,315.75,315.75,36,0
2016-03-29,12:05:00,315.9,315.9,315.75,315.75,6,0
2016-03-29,12:10:00,316,316,316,316,68,0
2016-03-29,12:15:00,316.25,316.25,316,316.25,137,0
2016-03-29,12:20:00,316.4,317,316.4,317,180,0
2016-03-29,12:25:00,317,317.4,317,317.4,235,0
2016-03-29,12:30:00,317.4,317.4,317.4,317.4,3,0
2016-03-29,12:45:00,317,317,317,317,77,0
2016-03-29,12:50:00,317.25,317.25,317,317,43,0
2016-03-29,13:00:00,317.25,317.25,317.25,317.25,9,0
2016-03-29,13:05:00,317.25,317.25,317.25,317.25,36,0
2016-03-29,13:10:00,317.25,317.25,317.25,317.25,24,0
2016-03-29,13:15:00,317.25,317.25,317.25,317.25,9,0
2016-03-29,13:20:00,317.25,317.25,317.2,317.25,30,0
2016-03-29,13:40:00,317.25,317.25,317.25,317.25,70,0
2016-03-29,13:45:00,317.25,317.25,317.25,317.25,8,0
2016-03-29,13:50:00,317.25,317.45,317.25,317.45,30,0
2016-03-29,13:55:00,317.45,317.45,317.45,317.45,81,0
2016-03-29,14:00:00,317.95,317.95,317.95,317.95,75,0
2016-03-29,14:05:00,317.95,319,317.95,319,184,0
2016-03-29,14:10:00,319,319,319,319,15,0
2016-03-29,14:15:00,319,319,319,319,22,0
2016-03-29,14:20:00,319.25,319.25,319.25,319.25,96,0
2016-03-29,14:30:00,319.95,319.95,319.65,319.95,67,0
2016-03-29,14:50:00,319.3,319.3,319,319,30,0
2016-03-29,15:00:00,319.2,319.2,319,319,156,0
2016-03-29,15:10:00,318.75,319,318.75,319,8,0
2016-03-29,15:20:00,319,319,319,319,4,0
2016-03-29,15:25:00,319,319,319,319,2,0
2016-03-29,15:35:00,319,319,319,319,1,0
2016-03-29,15:40:00,319,319,319,319,1,0
2016-03-29,15:45:00,318.75,318.75,318.75,318.75,84,0
2016-03-29,15:50:00,318.65,318.65,318.5,318.5,39,0
2016-03-29,15:55:00,318,318,318,318,8,0
2016-03-29,16:00:00,318.1,318.1,316.65,316.65,576,0
2016-03-29,16:05:00,316.65,316.75,316.65,316.75,65,0
2016-03-29,16:20:00,316.9,316.9,316.65,316.65,11,0
2016-03-29,16:25:00,316.9,316.9,316.9,316.9,5,0
2016-03-29,16:30:00,316.9,316.9,316.9,316.9,40,0
2016-03-29,16:35:00,317,317,317,317,1,0
2016-03-29,16:40:00,316.9,316.9,316.9,316.9,43,0
2016-03-29,16:45:00,317,317,317,317,39,0
2016-03-29,16:50:00,318.5,319.1,318.5,319.1,160,0
2016-03-30,09:05:00,320,321.4,320,321.4,132,0
2016-03-30,09:10:00,323,324,323,324,18,0
2016-03-30,09:15:00,324.25,324.95,324,324.95,114,0
2016-03-30,09:20:00,324,324,324,324,1,0
2016-03-30,09:25:00,324,324,324,324,3,0
2016-03-30,09:30:00,324,324.95,324,324,51,0
2016-03-30,09:35:00,324.95,324.95,324.95,324.95,3,0
2016-03-30,09:50:00,324,324.95,324,324.95,101,0
2016-03-30,10:00:00,324.95,324.95,324.95,324.95,14,0
2016-03-30,10:05:00,324.95,324.95,324.95,324.95,40,0
2016-03-30,10:10:00,324.95,324.95,324.95,324.95,18,0
2016-03-30,10:20:00,324.95,324.95,324.95,324.95,14,0
2016-03-30,10:25:00,324,324,324,324,292,0
2016-03-30,10:35:00,324.95,325,324.95,325,14,0
2016-03-30,10:40:00,325,325,325,325,14,0
2016-03-30,10:50:00,324.95,324.95,324.95,324.95,23,0
2016-03-30,10:55:00,324.95,324.95,322.5,322.5,35,0
2016-03-30,11:10:00,325,325,325,325,14,0
2016-03-30,11:15:00,325,325,325,325,4,0
2016-03-30,11:20:00,325,325,325,325,20,0
2016-03-30,11:25:00,322.6,325,322.6,325,72,0
2016-03-30,11:35:00,324.95,324.95,324.95,324.95,11,0
2016-03-30,11:40:00,324.9,324.9,324.9,324.9,2,0
2016-03-30,11:45:00,324.9,324.9,324.9,324.9,40,0
2016-03-30,11:55:00,324.9,324.9,324.9,324.9,7,0
2016-03-30,12:00:00,323.05,323.05,323.05,323.05,81,0
2016-03-30,12:10:00,323.05,323.05,322.7,322.7,20,0
2016-03-30,12:15:00,322.7,322.7,322.65,322.65,21,0
2016-03-30,12:25:00,322.65,322.65,322.65,322.65,5,0
2016-03-30,12:30:00,322.65,322.65,322.65,322.65,11,0
2016-03-30,12:35:00,322.9,322.9,322.9,322.9,15,0
2016-03-30,12:40:00,322.65,322.65,322.65,322.65,72,0
2016-03-30,12:50:00,322.6,322.6,322.25,322.25,22,0
2016-03-30,13:00:00,322.25,322.25,321.4,321.4,78,0
2016-03-30,13:05:00,321.4,321.4,321.4,321.4,27,0
2016-03-30,13:20:00,322,322,322,322,2,0
2016-03-30,13:25:00,321,321,321,321,32,0
2016-03-30,13:35:00,322,322,321,321,90,0
2016-03-30,13:50:00,321,321,321,321,22,0
2016-03-30,13:55:00,321,321,321,321,2,0
2016-03-30,14:00:00,321,321,320.75,320.75,31,0
2016-03-30,14:10:00,321,321,321,321,15,0
2016-03-30,14:20:00,321,321,321,321,2,0
2016-03-30,14:25:00,321,321,321,321,47,0
2016-03-30,14:35:00,321,321,320.7,320.95,20,0
2016-03-30,14:50:00,320.95,320.95,320.95,320.95,2,0
2016-03-30,14:55:00,320,320,316,318.55,202,0
2016-03-30,15:00:00,318.45,318.45,318.45,318.45,10,0
2016-03-30,15:05:00,318.45,318.45,318.45,318.45,21,0
2016-03-30,15:10:00,318.7,320.95,318.7,320.95,68,0
2016-03-30,15:15:00,320.9,321,320.9,320.9,49,0
2016-03-30,15:20:00,320,320.8,320,320.8,29,0
2016-03-30,15:30:00,320,320,320,320,14,0
2016-03-30,15:35:00,320.8,320.9,320.8,320.9,8,0
2016-03-30,15:40:00,320.8,320.8,320.8,320.8,17,0
2016-03-30,15:45:00,320.75,320.8,316.3,317.5,40,0
2016-03-30,15:50:00,318,321,316.3,320.2,99,0
2016-03-30,15:55:00,318.65,321.55,318.65,319.1,73,0
2016-03-30,16:05:00,320.5,320.5,320.5,320.5,23,0
2016-03-30,16:10:00,320.5,320.5,320.5,320.5,22,0
2016-03-30,16:20:00,319.95,320,319.95,320,6,0
2016-03-30,16:35:00,320,320.5,319.25,319.25,135,0
2016-03-30,16:45:00,320.5,320.5,319.5,319.5,18,0
2016-03-30,16:50:00,320.5,320.5,319,319,36,0
2016-03-31,09:05:00,320.5,320.5,320.5,320.5,3,0
2016-03-31,09:10:00,320.5,320.5,320.5,320.5,10,0
2016-03-31,09:15:00,320.5,320.5,320,320,68,0
2016-03-31,09:30:00,320,320,320,320,50,0
2016-03-31,09:35:00,319.05,320,319,320,89,0
2016-03-31,09:45:00,318,318,318,318,12,0
2016-03-31,10:00:00,318.5,318.5,318,318,32,0
2016-03-31,10:05:00,317.95,317.95,317,317,50,0
2016-03-31,10:20:00,316.25,316.25,316,316,136,0
2016-03-31,10:30:00,315.95,316,315.95,316,257,0
2016-03-31,10:35:00,317.85,317.9,317.85,317.9,75,0
2016-03-31,10:50:00,318.15,319,318.15,319,160,0
2016-03-31,10:55:00,319,319,319,319,233,0
2016-03-31,11:00:00,319,319.95,319,319.95,47,0
2016-03-31,11:25:00,319.95,319.95,319.95,319.95,18,0
2016-03-31,11:40:00,319.95,320,319.95,320,300,0
2016-03-31,11:45:00,320,320,320,320,10,0
2016-03-31,11:50:00,320,320.25,320,320,147,0
2016-03-31,12:00:00,320,321.9,320,321.9,255,0
2016-03-31,12:05:00,321.5,321.5,321.5,321.5,18,0
2016-03-31,12:10:00,321.5,321.5,321.5,321.5,30,0
2016-03-31,12:15:00,321.5,321.5,321.5,321.5,100,0
2016-03-31,12:30:00,321.5,321.5,321.5,321.5,200,0
2016-03-31,12:45:00,321.5,321.75,321.5,321.5,172,0
2016-03-31,13:00:00,321.5,321.5,321.5,321.5,4,0
2016-03-31,13:15:00,321.5,321.5,321.5,321.5,69,0
2016-03-31,13:20:00,321.9,321.9,321.9,321.9,224,0
2016-03-31,13:40:00,321.6,321.6,321.5,321.5,255,0
2016-03-31,14:00:00,321.9,322,321.9,322,180,0
2016-03-31,14:05:00,322,322.4,322,322.4,205,0
2016-03-31,14:20:00,322.4,322.4,322.4,322.4,76,0
2016-03-31,14:25:00,323,323,322.4,322.4,45,0
2016-03-31,14:30:00,323,323,323,323,56,0
2016-03-31,14:50:00,323,323.25,323,323.25,80,0
2016-03-31,15:15:00,323,323,323,323,452,0
2016-03-31,15:40:00,323,323,323,323,100,0
2016-03-31,15:45:00,322.45,322.45,322,322,11,0
2016-03-31,15:55:00,322,322,322,322,15,0
2016-03-31,16:20:00,321,321,320.5,320.5,28,0
2016-03-31,16:30:00,320,320,320,320,22,0
2016-03-31,16:35:00,320,320,320,320,50,0
2016-03-31,16:40:00,320,320,320,320,100,0
2016-03-31,16:50:00,320,320.4,320,320,712,0
2016-04-01,09:05:00,320.5,320.5,320.5,320.5,67,0
2016-04-01,09:10:00,320.5,320.5,320,320,35,0
2016-04-01,09:25:00,319,319,319,319,9,0
2016-04-01,09:35:00,319.05,319.05,319.05,319.05,2,0
2016-04-01,10:20:00,319,319,319,319,10,0
2016-04-01,10:55:00,319.5,319.5,319.5,319.5,1,0
2016-04-01,11:05:00,319.2,319.2,319.2,319.2,15,0
2016-04-01,11:20:00,319.5,319.5,319.5,319.5,17,0
2016-04-01,11:30:00,319.5,319.5,319.5,319.5,28,0
2016-04-01,11:35:00,319.5,319.5,319.15,319.15,30,0
2016-04-01,11:40:00,319.1,319.1,319.1,319.1,26,0
2016-04-01,11:45:00,319.5,319.5,319.5,319.5,26,0
2016-04-01,12:00:00,319.2,319.2,319.2,319.2,23,0
2016-04-01,12:05:00,319.5,319.5,319.5,319.5,40,0
2016-04-01,12:30:00,319.5,319.5,319.5,319.5,21,0
2016-04-01,12:35:00,319.5,320,319.5,320,76,0
2016-04-01,12:40:00,319.5,319.5,319.5,319.5,38,0
2016-04-01,13:10:00,319.6,320,319.6,320,76,0
2016-04-01,13:25:00,319.5,319.5,319.5,319.5,123,0
2016-04-01,13:35:00,319.25,319.5,319.25,319.25,48,0
2016-04-01,13:40:00,319.25,319.25,319.25,319.25,12,0
2016-04-01,13:55:00,319.75,320,319,320,325,0
2016-04-01,14:05:00,320,320,320,320,15,0
2016-04-01,14:15:00,320,320,320,320,9,0
2016-04-01,14:30:00,320,320,320,320,25,0
2016-04-01,14:55:00,318.5,318.5,318.5,318.5,21,0
2016-04-01,15:15:00,319,319,319,319,22,0
2016-04-01,15:25:00,319,319,319,319,118,0
2016-04-01,15:50:00,317.75,317.75,316.55,316.55,10,0
2016-04-01,16:00:00,316.75,316.75,316.75,316.75,3,0
2016-04-01,16:05:00,317.05,317.05,317.05,317.05,6,0
2016-04-01,16:10:00,319,319,317.15,317.15,9,0
2016-04-01,16:45:00,317.45,317.45,317.45,317.45,17,0
2016-04-01,16:50:00,318.1,319,318.1,319,35,0
2016-04-04,09:05:00,318,318,318,318,30,0
2016-04-04,09:20:00,318,318,318,318,12,0
2016-04-04,09:25:00,318,318,317.45,317.45,10,0
2016-04-04,09:55:00,317.45,317.45,317.45,317.45,15,0
2016-04-04,10:00:00,317.45,317.45,317.45,317.45,32,0
2016-04-04,10:15:00,317.5,317.5,317.5,317.5,6,0
2016-04-04,10:20:00,317.5,317.5,317.5,317.5,10,0
2016-04-04,10:25:00,317.7,317.7,317.5,317.5,29,0
2016-04-04,10:40:00,317.5,317.5,317.4,317.4,9,0
2016-04-04,10:55:00,317.4,317.4,317.4,317.4,1,0
2016-04-04,11:05:00,317.95,317.95,317.95,317.95,15,0
2016-04-04,11:20:00,317.55,317.55,317.55,317.55,9,0
2016-04-04,11:35:00,317.55,317.55,317.5,317.5,10,0
2016-04-04,12:00:00,317.9,317.9,317.9,317.9,33,0
2016-04-04,12:10:00,317.9,319.9,317.9,319.9,14,0
2016-04-04,12:20:00,317.9,317.9,317.9,317.9,8,0
2016-04-04,12:55:00,317.9,317.9,317.9,317.9,3,0
2016-04-04,13:10:00,317.9,317.9,317.9,317.9,3,0
2016-04-04,13:15:00,317.9,317.9,317.9,317.9,3,0
2016-04-04,14:25:00,317.95,318,317.95,318,77,0
2016-04-04,14:35:00,318,318,318,318,10,0
2016-04-04,14:55:00,318.05,318.05,318.05,318.05,12,0
2016-04-04,15:20:00,318.3,318.3,318.3,318.3,11,0
2016-04-04,15:30:00,318.05,318.05,318.05,318.05,7,0
2016-04-04,15:35:00,318.05,318.05,318.05,318.05,3,0
2016-04-04,15:40:00,318,318,318,318,45,0
2016-04-04,15:55:00,318.5,319,318.5,319,217,0
2016-04-04,16:00:00,318,318,318,318,46,0
2016-04-04,16:05:00,318,318,318,318,15,0
2016-04-04,16:10:00,318,318,318,318,24,0
2016-04-04,16:15:00,318.2,318.2,318.2,318.2,20,0
2016-04-04,16:20:00,318.2,318.2,318.2,318.2,20,0
2016-04-04,16:30:00,318,318,318,318,6,0
2016-04-04,16:40:00,318.2,318.2,318.2,318.2,12,0
2016-04-04,16:45:00,318,318,317.9,317.9,20,0
2016-04-04,16:50:00,317.9,319.55,317.9,319.55,22,0
2016-04-05,09:05:00,319.8,319.8,319.8,319.8,6,0
2016-04-05,10:00:00,317.55,317.55,317.55,317.55,7,0
2016-04-05,10:05:00,318.95,318.95,318.95,318.95,4,0
2016-04-05,10:15:00,317.5,317.5,317.5,317.5,21,0
2016-04-05,10:20:00,317.5,317.5,317.05,317.05,10,0
2016-04-05,10:25:00,317.05,317.05,317.05,317.05,6,0
2016-04-05,10:30:00,318,318,318,318,8,0
2016-04-05,10:40:00,317.05,317.95,317.05,317.95,13,0
2016-04-05,10:45:00,317.5,317.5,317.5,317.5,10,0
2016-04-05,10:50:00,317.5,317.5,316,316,14,0
2016-04-05,11:10:00,316.95,316.95,316.95,316.95,23,0
2016-04-05,12:25:00,316.05,316.05,316.05,316.05,3,0
2016-04-05,12:35:00,316.05,316.05,316,316,15,0
2016-04-05,12:40:00,316,316,316,316,12,0
2016-04-05,12:50:00,316,316,311.1,312.75,280,0
2016-04-05,13:00:00,312.75,312.75,312.75,312.75,5,0
2016-04-05,13:05:00,312.75,312.75,312.75,312.75,7,0
2016-04-05,13:10:00,312.75,312.75,312.75,312.75,4,0
2016-04-05,13:25:00,312.75,312.75,312.75,312.75,20,0
2016-04-05,13:40:00,312.75,312.75,312.75,312.75,20,0
2016-04-05,13:50:00,310.45,310.45,310.45,310.45,3,0
2016-04-05,14:50:00,310.5,310.55,310.5,310.55,18,0
2016-04-05,14:55:00,311,311,310.5,310.5,18,0
2016-04-05,15:10:00,310.7,310.7,310.7,310.7,10,0
2016-04-05,15:15:00,310.5,310.5,310.5,310.5,6,0
2016-04-05,15:30:00,310.75,310.75,310.6,310.6,44,0
2016-04-05,15:40:00,310.6,310.6,310.6,310.6,42,0
2016-04-05,15:45:00,310.6,310.6,310.45,310.45,45,0
2016-04-05,15:50:00,310.45,310.45,303.1,305.9,898,0
2016-04-05,15:55:00,305.9,306.2,305.7,306.2,131,0
2016-04-05,16:00:00,306.2,306.2,306.2,306.2,30,0
2016-04-05,16:05:00,306,306,306,306,50,0
2016-04-05,16:10:00,306.5,306.5,306.5,306.5,5,0
2016-04-05,16:15:00,306.6,306.6,306.5,306.5,30,0
2016-04-05,16:20:00,306,306,306,306,60,0
2016-04-05,16:25:00,306,306,306,306,26,0
2016-04-05,16:30:00,305.7,306.4,305.7,306.4,54,0
2016-04-05,16:35:00,306.05,306.05,306.05,306.05,8,0
2016-04-05,16:40:00,306.05,306.05,306.05,306.05,39,0
2016-04-05,16:45:00,306.15,306.6,306.1,306.6,20,0
2016-04-05,16:50:00,306.5,306.7,306.5,306.7,230,0
2016-04-06,09:05:00,307,310,307,310,41,0
2016-04-06,09:10:00,311.85,311.85,311.85,311.85,45,0
2016-04-06,09:20:00,310,310,310,310,96,0
2016-04-06,09:35:00,310.5,310.5,310.5,310.5,30,0
2016-04-06,09:40:00,312.4,312.55,312.4,312.55,110,0
2016-04-06,09:50:00,311,311,311,311,7,0
2016-04-06,09:55:00,310.55,310.9,310.55,310.9,23,0
2016-04-06,10:00:00,310.6,310.6,310.5,310.5,33,0
2016-04-06,10:10:00,310.5,310.5,310.5,310.5,27,0
2016-04-06,10:20:00,310.5,310.5,310.5,310.5,39,0
2016-04-06,10:30:00,310.6,310.6,310.6,310.6,7,0
2016-04-06,10:35:00,310.5,310.5,310.5,310.5,5,0
2016-04-06,10:45:00,310.6,310.6,310.5,310.5,2870,0
2016-04-06,11:15:00,310,310,310,310,47,0
2016-04-06,11:35:00,310.5,310.5,309.85,310.5,245,0
2016-04-06,11:50:00,310.6,310.85,310.6,310.85,21,0
2016-04-06,12:20:00,312.7,312.75,312.7,312.75,8,0
2016-04-06,12:30:00,310,310,310,310,200,0
2016-04-06,12:55:00,310.4,310.4,310,310,151,0
2016-04-06,13:00:00,310.5,310.5,310.5,310.5,99,0
2016-04-06,13:05:00,310,310,310,310,47,0
2016-04-06,13:20:00,309.05,309.05,309.05,309.05,61,0
2016-04-06,13:25:00,309.45,309.45,309.45,309.45,10,0
2016-04-06,13:30:00,309.05,309.05,309.05,309.05,4,0
2016-04-06,13:35:00,309.1,309.45,309.1,309.45,261,0
2016-04-06,14:30:00,311,311,311,311,268,0
2016-04-06,14:35:00,311,311,310,310,29,0
2016-04-06,14:40:00,309.1,309.1,309.1,309.1,119,0
2016-04-06,14:45:00,309.05,309.05,309.05,309.05,85,0
2016-04-06,14:55:00,309.05,309.1,309.05,309.1,172,0
2016-04-06,15:00:00,309.15,309.15,309.1,309.1,33,0
2016-04-06,15:15:00,309.1,309.1,309.1,309.1,15,0
2016-04-06,15:20:00,309,309,309,309,4,0
2016-04-06,15:25:00,309,309,309,309,33,0
2016-04-06,15:30:00,309,309,309,309,63,0
2016-04-06,15:50:00,308.65,308.65,308.65,308.65,99,0
2016-04-06,16:00:00,308.65,308.65,308.6,308.6,7,0
2016-04-06,16:15:00,308.35,308.35,308,308,152,0
2016-04-06,16:20:00,308,308,308,308,41,0
2016-04-06,16:25:00,308,308,308,308,51,0
2016-04-06,16:40:00,307.55,308,307.55,308,241,0
2016-04-06,16:45:00,307.55,307.55,307.55,307.55,35,0
2016-04-06,16:50:00,307.55,307.95,304.4,304.4,1315,0
2016-04-07,09:05:00,310,310,310,310,35,0
2016-04-07,09:20:00,309.9,309.9,309.9,309.9,5,0
2016-04-07,10:00:00,309.9,310,309.9,309.9,98,0
2016-04-07,10:05:00,309.9,309.9,309.9,309.9,14,0
2016-04-07,10:10:00,310,310,310,310,10,0
2016-04-07,10:15:00,309.9,309.9,309.9,309.9,2,0
2016-04-07,10:20:00,309.9,309.9,309.9,309.9,12,0
2016-04-07,11:15:00,309.85,309.9,309.85,309.85,72,0
2016-04-07,11:25:00,309.8,309.8,309.8,309.8,32,0
2016-04-07,11:30:00,308.2,308.2,308.1,308.1,483,0
2016-04-07,11:35:00,308.1,308.1,308.1,308.1,60,0
2016-04-07,11:40:00,308.1,308.1,308.1,308.1,7,0
2016-04-07,11:45:00,308.1,308.1,308.1,308.1,66,0
2016-04-07,11:50:00,308.1,308.4,308.1,308.4,78,0
2016-04-07,12:00:00,308.4,308.4,308.1,308.1,150,0
2016-04-07,12:10:00,309.8,309.8,309.8,309.8,3,0
2016-04-07,12:20:00,309.8,309.8,309.8,309.8,5,0
2016-04-07,12:50:00,308.15,308.2,308.15,308.2,5,0
2016-04-07,12:55:00,308.15,308.15,308.15,308.15,4,0
2016-04-07,13:00:00,308.15,308.15,308.1,308.1,65,0
2016-04-07,13:05:00,308.1,308.15,308.1,308.1,24,0
2016-04-07,13:10:00,308.1,308.15,308.1,308.15,70,0
2016-04-07,13:15:00,308.1,308.15,308.1,308.1,7,0
2016-04-07,13:20:00,308.1,308.1,308.1,308.1,5,0
2016-04-07,13:25:00,308.1,308.1,308.1,308.1,4,0
2016-04-07,13:30:00,308.1,308.1,308.1,308.1,6,0
2016-04-07,13:35:00,308.1,308.1,308.1,308.1,37,0
2016-04-07,13:40:00,308.1,309.7,308.1,308.1,115,0
2016-04-07,13:45:00,308.1,308.1,308.1,308.1,4,0
2016-04-07,13:50:00,308.1,308.1,308.1,308.1,5,0
2016-04-07,13:55:00,308.1,308.15,308.1,308.15,6,0
2016-04-07,14:00:00,308.15,308.15,308.15,308.15,4,0
2016-04-07,14:05:00,308.1,308.15,308.1,308.15,6,0
2016-04-07,14:10:00,308.15,308.15,308.15,308.15,5,0
2016-04-07,14:15:00,308.1,308.1,308.1,308.1,4,0
2016-04-07,14:20:00,308.1,308.1,308.1,308.1,5,0
2016-04-07,14:25:00,308.1,308.1,308.1,308.1,15,0
2016-04-07,14:30:00,308.1,308.1,308.1,308.1,6,0
2016-04-07,14:35:00,308.1,309.2,308,308,67,0
2016-04-07,14:40:00,308,308,308,308,5,0
2016-04-07,14:45:00,308,308,307,307,6,0
2016-04-07,14:50:00,307,307.05,307,307.05,30,0
2016-04-07,14:55:00,307.1,307.2,307.1,307.15,6,0
2016-04-07,15:00:00,307.15,307.15,307,307.05,4,0
2016-04-07,15:05:00,307,307,307,307,38,0
2016-04-07,15:10:00,307.1,307.15,307.1,307.1,15,0
2016-04-07,15:15:00,307.1,307.3,307.1,307.25,36,0
2016-04-07,15:20:00,307.25,307.3,307.25,307.25,76,0
2016-04-07,15:25:00,307.25,307.25,307.25,307.25,5,0
2016-04-07,15:30:00,307.25,307.25,307,307,71,0
2016-04-07,15:35:00,306,307.4,306,307.15,6,0
2016-04-07,15:40:00,307.5,307.5,307.5,307.5,4,0
2016-04-07,15:45:00,307.5,307.5,307.5,307.5,6,0
2016-04-07,15:50:00,307.5,308.65,306.05,308,2991,0
2016-04-07,15:55:00,308,308,308,308,5,0
2016-04-07,16:00:00,308,308,308,308,6,0
2016-04-07,16:05:00,308,308,308,308,4,0
2016-04-07,16:10:00,308,308,308,308,5,0
2016-04-07,16:15:00,307.05,307.1,307,307,6,0
2016-04-07,16:20:00,307,307,306.15,306.15,12,0
2016-04-07,16:25:00,306.15,306.15,306,306,6,0
2016-04-07,16:30:00,306,306.35,305.5,305.5,138,0
2016-04-07,16:35:00,305.5,305.5,305.5,305.5,5,0
2016-04-07,16:40:00,305.5,305.5,305.5,305.5,73,0
2016-04-07,16:45:00,306,306,305,305.05,306,0
2016-04-07,16:50:00,305.05,307.6,305.05,307.6,102,0
2016-04-08,09:05:00,310,310.1,310,310.1,10,0
2016-04-08,09:30:00,310.5,310.5,310.5,310.5,83,0
2016-04-08,09:35:00,310.45,310.5,310.45,310.5,108,0
2016-04-08,09:40:00,310.55,310.55,310.55,310.55,13,0
2016-04-08,09:45:00,312.8,312.8,312.8,312.8,1,0
2016-04-08,09:55:00,310.65,310.65,310.65,310.65,1,0
2016-04-08,10:05:00,310.65,310.65,310.65,310.65,30,0
2016-04-08,10:10:00,310.65,310.65,310.65,310.65,3,0
2016-04-08,10:15:00,311.95,311.95,311.95,311.95,6,0
2016-04-08,11:10:00,310.55,310.55,310.55,310.55,50,0
2016-04-08,11:20:00,310.65,310.65,310.65,310.65,258,0
2016-04-08,11:25:00,310.7,310.7,310.7,310.7,33,0
2016-04-08,11:55:00,310.85,311.7,310.85,311.7,69,0
2016-04-08,12:25:00,311.65,311.65,311.65,311.65,33,0
2016-04-08,12:45:00,311.7,312.55,310.85,312.55,339,0
2016-04-08,12:50:00,312.5,312.5,312.5,312.5,21,0
2016-04-08,13:15:00,310.9,312.5,310.85,312.5,185,0
2016-04-08,13:20:00,312.45,312.5,312.45,312.5,30,0
2016-04-08,13:35:00,312.2,312.55,312.2,312.5,177,0
2016-04-08,13:40:00,312.8,312.8,312.8,312.8,3,0
2016-04-08,13:45:00,312.55,312.55,312.55,312.55,10,0
2016-04-08,13:50:00,312.55,312.55,312.55,312.55,33,0
2016-04-08,14:05:00,312.55,312.55,312.55,312.55,112,0
2016-04-08,14:10:00,312.55,312.55,312.55,312.55,229,0
2016-04-08,14:40:00,312.8,312.8,312.8,312.8,32,0
2016-04-08,15:05:00,313,313,313,313,14,0
2016-04-08,15:20:00,313.5,313.5,313.5,313.5,6,0
2016-04-08,15:35:00,313.6,313.6,313.6,313.6,31,0
2016-04-08,15:40:00,313.6,313.65,313.6,313.65,155,0
2016-04-08,15:45:00,313.7,313.7,313.7,313.7,10,0
2016-04-08,16:05:00,315,315,315,315,7,0
2016-04-08,16:10:00,315,315,315,315,38,0
2016-04-08,16:15:00,315.3,316,315.3,316,28,0
2016-04-08,16:25:00,316.75,317,316.75,317,32,0
2016-04-08,16:30:00,317.05,317.05,317.05,317.05,14,0
2016-04-08,16:40:00,317.8,317.9,317.8,317.9,32,0
2016-04-08,16:45:00,317.6,317.6,317.6,317.6,13,0
2016-04-08,16:50:00,316.75,325,316.75,325,2739,0
2016-04-11,09:05:00,323.65,323.65,320,320,26,0
2016-04-11,09:15:00,320,320,320,320,2,0
2016-04-11,09:20:00,319.95,319.95,319.95,319.95,13,0
2016-04-11,09:25:00,320,320,320,320,1,0
2016-04-11,09:30:00,321.95,321.95,318,318,80,0
2016-04-11,09:45:00,319.95,319.95,319.95,319.95,10,0
2016-04-11,09:55:00,319,319,319,319,10,0
2016-04-11,10:00:00,319.95,319.95,319.95,319.95,3,0
2016-04-11,10:05:00,319.95,319.95,319.95,319.95,25,0
2016-04-11,10:10:00,319.95,319.95,318,318,39,0
2016-04-11,10:55:00,318.05,318.05,318.05,318.05,1,0
2016-04-11,11:55:00,318.05,318.05,318.05,318.05,8,0
2016-04-11,13:10:00,319,319,319,319,10,0
2016-04-11,13:15:00,319,319,319,319,31,0
2016-04-11,13:20:00,319,319.2,319,319.2,43,0
2016-04-11,13:35:00,320,320,320,320,7,0
2016-04-11,14:10:00,320,320,320,320,8,0
2016-04-11,14:15:00,320,320,320,320,5,0
2016-04-11,14:25:00,319,319,319,319,2,0
2016-04-11,14:30:00,319.05,319.95,319.05,319.95,70,0
2016-04-11,14:45:00,320,321.9,320,320,67,0
2016-04-11,15:05:00,320,320,320,320,33,0
2016-04-11,15:25:00,322,322,322,322,1,0
2016-04-11,15:30:00,321.05,321.05,321.05,321.05,2,0
2016-04-11,15:35:00,321.05,321.05,321.05,321.05,33,0
2016-04-11,15:45:00,321.05,321.05,321.05,321.05,20,0
2016-04-11,16:05:00,320.3,320.3,320.3,320.3,20,0
2016-04-11,16:10:00,320.3,320.3,320.3,320.3,3,0
2016-04-11,16:15:00,320.3,320.3,320.3,320.3,33,0
2016-04-11,16:25:00,320,320,320,320,6,0
2016-04-11,16:30:00,320,320,320,320,66,0
2016-04-11,16:45:00,321.95,321.95,321.85,321.85,13,0
2016-04-11,16:50:00,321.85,321.85,320,320,111,0
2016-04-12,09:05:00,320,320,320,320,37,0
2016-04-12,09:10:00,319.95,320,319.95,320,40,0
2016-04-12,09:20:00,319,319,319,319,6,0
2016-04-12,09:40:00,319,319,319,319,141,0
2016-04-12,10:15:00,318.85,318.85,318.8,318.8,43,0
2016-04-12,10:20:00,318.4,318.4,318,318,18,0
2016-04-12,10:35:00,318.75,318.75,318.75,318.75,27,0
2016-04-12,10:55:00,318,318,318,318,1,0
2016-04-12,11:00:00,318,318.75,318,318.75,36,0
2016-04-12,11:30:00,318,318,318,318,33,0
2016-04-12,11:35:00,318,318,318,318,22,0
2016-04-12,11:45:00,318,318,318,318,5,0
2016-04-12,12:20:00,316.4,316.4,315.05,315.05,12,0
2016-04-12,12:30:00,315.1,315.1,315.1,315.1,10,0
2016-04-12,12:50:00,317.3,317.3,317.3,317.3,14,0
2016-04-12,12:55:00,317.9,317.9,317.9,317.9,27,0
2016-04-12,13:00:00,317.9,317.9,317.9,317.9,10,0
2016-04-12,13:25:00,318,318,318,318,10,0
2016-04-12,13:30:00,317.9,317.9,317.9,317.9,20,0
2016-04-12,13:40:00,317.9,317.9,317,317,52,0
2016-04-12,13:45:00,318,318,318,318,19,0
2016-04-12,14:50:00,317.95,317.95,317.95,317.95,14,0
2016-04-12,14:55:00,317,317,315.05,315.1,147,0
2016-04-12,15:15:00,315.1,315.1,315.1,315.1,33,0
2016-04-12,15:25:00,317.55,317.55,315.6,315.6,58,0
2016-04-12,16:05:00,317,317,315.1,315.1,25,0
2016-04-12,16:10:00,315.1,315.1,315.1,315.1,33,0
2016-04-12,16:15:00,315.05,315.05,315,315,54,0
2016-04-12,16:20:00,314.5,314.5,314.15,314.15,40,0
2016-04-12,16:25:00,312.15,312.65,311.75,312.65,102,0
2016-04-12,16:30:00,312.65,312.65,311,312,121,0
2016-04-12,16:35:00,312.65,314.65,312.65,314.65,8,0
2016-04-12,16:40:00,312.6,312.6,312.6,312.6,17,0
2016-04-12,16:50:00,311,311,311,311,108,0
2016-04-13,09:05:00,315,315,315,315,3,0
2016-04-13,09:45:00,316.45,317.9,315,317.9,174,0
2016-04-13,09:50:00,317.9,318,315,315,29,0
2016-04-13,09:55:00,317.65,317.65,315.2,315.2,25,0
2016-04-13,10:00:00,316.2,316.2,316.2,316.2,51,0
2016-04-13,10:25:00,316.95,316.95,316.95,316.95,57,0
2016-04-13,10:30:00,316.8,316.8,316.8,316.8,50,0
2016-04-13,10:35:00,316.8,317.9,316.8,317.9,27,0
2016-04-13,10:45:00,316.55,316.55,315.3,315.3,50,0
2016-04-13,10:50:00,317.9,317.9,317.9,317.9,2,0
2016-04-13,10:55:00,317.9,317.9,317.9,317.9,15,0
2016-04-13,11:05:00,317,317,317,317,18,0
2016-04-13,11:10:00,317,317,317,317,30,0
2016-04-13,11:25:00,317,317,317,317,27,0
2016-04-13,11:35:00,316.2,316.2,312.1,314.1,276,0
2016-04-13,11:40:00,314.1,314.1,312.15,314.1,60,0
2016-04-13,12:05:00,313,313,312.8,312.8,70,0
2016-04-13,12:30:00,314,314.1,312.75,312.75,440,0
2016-04-13,12:45:00,313,313,313,313,5,0
2016-04-13,12:55:00,314.1,314.1,312.55,312.55,97,0
2016-04-13,13:00:00,312.55,312.55,312.55,312.55,15,0
2016-04-13,13:05:00,312.55,312.55,312.55,312.55,122,0
2016-04-13,13:10:00,312.55,312.55,312.55,312.55,3,0
2016-04-13,13:20:00,312.55,312.55,312.55,312.55,13,0
2016-04-13,13:25:00,312.55,312.55,312.55,312.55,2,0
2016-04-13,13:30:00,312.5,312.55,312.5,312.55,4,0
2016-04-13,13:40:00,312.5,312.5,312.5,312.5,13,0
2016-04-13,13:50:00,312.55,312.55,312.55,312.55,33,0
2016-04-13,14:00:00,312.55,312.55,312.55,312.55,29,0
2016-04-13,14:05:00,312.55,312.55,312.55,312.55,13,0
2016-04-13,14:50:00,312.55,312.55,312,312,67,0
2016-04-13,14:55:00,312,312,312,312,33,0
2016-04-13,15:50:00,313.3,314.6,313.3,314.6,1523,0
2016-04-13,15:55:00,314.6,314.6,314.6,314.6,86,0
2016-04-13,16:20:00,314.6,314.8,314.6,314.8,193,0
2016-04-13,16:25:00,316,316,316,316,3,0
2016-04-13,16:40:00,316,316,316,316,70,0
2016-04-13,16:50:00,317.1,317.1,317.1,317.1,104,0
2016-04-14,09:05:00,317.55,317.55,316,316,2,0
2016-04-14,12:50:00,316.15,316.15,316.1,316.1,11,0
2016-04-14,13:20:00,317.2,317.2,316.85,316.85,43,0
2016-04-14,13:30:00,316.85,317.45,316.05,317.45,192,0
2016-04-14,13:45:00,317,317,316,316,144,0
2016-04-14,13:50:00,317.4,317.4,317.4,317.4,9,0
2016-04-14,13:55:00,317.4,317.55,317.4,317.55,18,0
2016-04-14,14:05:00,318,318,318,318,17,0
2016-04-14,14:10:00,318,318,318,318,4,0
2016-04-14,14:45:00,317.4,317.4,317.4,317.4,35,0
2016-04-14,14:55:00,317.4,317.5,317.4,317.5,63,0
2016-04-14,15:05:00,318,318.1,318,318.1,108,0
2016-04-14,15:15:00,318.1,318.1,318.1,318.1,40,0
2016-04-14,15:35:00,318.8,318.8,318.8,318.8,9,0
2016-04-14,16:20:00,318.8,318.8,318.8,318.8,33,0
2016-04-14,16:25:00,318.8,318.8,318.8,318.8,7,0
2016-04-14,16:35:00,318.8,318.8,318.8,318.8,7,0
2016-04-14,16:40:00,318.8,318.8,318.8,318.8,59,0
2016-04-14,16:45:00,316.15,316.15,316.1,316.1,41,0
2016-04-14,16:50:00,318.75,318.9,318.75,318.85,154,0
2016-04-15,09:05:00,318.2,318.2,318.2,318.2,1,0
2016-04-15,09:50:00,318.2,318.2,318.2,318.2,3,0
2016-04-15,11:00:00,318.2,318.2,318.2,318.2,10,0
2016-04-15,11:15:00,317.1,317.1,317.1,317.1,7,0
2016-04-15,11:55:00,317.1,317.1,317.1,317.1,1,0
2016-04-15,12:10:00,318.2,318.2,318.2,318.2,85,0
2016-04-15,12:15:00,318.25,318.25,318.25,318.25,5,0
2016-04-15,12:50:00,317.1,317.1,317.1,317.1,1,0
2016-04-15,14:35:00,317.5,317.5,317.1,317.1,33,0
2016-04-15,14:55:00,318.25,318.9,318.25,318.9,81,0
2016-04-15,15:10:00,318.2,318.2,318.2,318.2,12,0
2016-04-15,16:00:00,318.2,318.2,318.2,318.2,33,0
2016-04-15,16:15:00,318.15,318.2,318.15,318.2,66,0
2016-04-15,16:25:00,318.15,318.15,318.15,318.15,8,0
2016-04-15,16:30:00,318.1,319.4,318.1,319.4,64,0
2016-04-15,16:50:00,321.95,321.95,321.95,321.95,125,0
2016-04-18,09:05:00,321,321,319.05,319.05,8,0
2016-04-18,09:10:00,319.05,319.05,316.05,317,16,0
2016-04-18,09:15:00,317,317,317,317,36,0
2016-04-18,09:40:00,317,317,317,317,37,0
2016-04-18,10:35:00,317.75,317.75,317.75,317.75,3700,0
2016-04-18,10:55:00,318,318,318,318,8,0
2016-04-18,11:45:00,317.35,321.3,317.35,321.3,599,0
2016-04-18,11:50:00,320,321.25,318.9,321.25,167,0
2016-04-18,11:55:00,319,321.25,319,321.25,92,0
2016-04-18,12:05:00,321.25,321.25,321.25,321.25,3,0
2016-04-18,12:15:00,321.2,321.2,321.2,321.2,21,0
2016-04-18,12:55:00,320.75,321.3,317.25,319,660,0
2016-04-18,13:00:00,321.25,321.25,317.25,317.25,478,0
2016-04-18,15:00:00,317.5,317.5,317.4,317.5,294,0
2016-04-18,15:05:00,318,318,318,318,20,0
2016-04-18,15:30:00,318,318,318,318,6,0
2016-04-18,16:30:00,318,318,318,318,40,0
2016-04-18,16:50:00,320.95,320.95,320.95,320.95,11,0
2016-04-19,09:05:00,320.35,320.35,320.3,320.35,22,0
2016-04-19,09:10:00,317.35,317.35,317.35,317.35,6,0
2016-04-19,09:25:00,320,320.6,320,320.6,18,0
2016-04-19,10:15:00,320.55,320.55,319.05,319.05,24,0
2016-04-19,11:30:00,320.6,320.6,320.6,320.6,9,0
2016-04-19,11:50:00,320.15,320.6,320.15,320.6,22,0
2016-04-19,13:00:00,319.25,319.25,319.25,319.25,40,0
2016-04-19,13:30:00,319.25,319.25,319.25,319.25,1,0
2016-04-19,13:45:00,319.8,319.8,319.8,319.8,13,0
2016-04-19,14:10:00,319.2,319.9,319,319,39,0
2016-04-19,14:20:00,319.5,319.5,319.5,319.5,13,0
2016-04-19,14:25:00,319.5,319.5,319.5,319.5,30,0
2016-04-19,14:30:00,319.5,319.5,319.5,319.5,2,0
2016-04-19,14:50:00,319.9,319.9,319.9,319.9,8,0
2016-04-19,15:35:00,319.9,319.9,319.9,319.9,14,0
2016-04-19,15:50:00,319.9,319.9,319.25,319.9,391,0
2016-04-19,15:55:00,319.9,319.9,319.25,319.25,40,0
2016-04-19,16:10:00,319.3,319.8,319.3,319.8,1260,0
2016-04-19,16:25:00,319.8,319.8,319.8,319.8,8,0
2016-04-19,16:40:00,319.75,319.75,319.75,319.75,9,0
2016-04-19,16:45:00,319.75,319.75,319.35,319.35,169,0
2016-04-19,16:50:00,319.95,319.95,319.95,319.95,431,0
2016-04-20,09:05:00,320,321.15,320,321.15,192,0
2016-04-20,09:10:00,321.75,322.55,321.75,322.55,71,0
2016-04-20,09:15:00,322.1,322.1,322.05,322.05,32,0
2016-04-20,09:25:00,323.85,323.85,323.85,323.85,1,0
2016-04-20,09:30:00,323.8,323.8,323.8,323.8,6,0
2016-04-20,09:35:00,323.8,323.8,323.8,323.8,4,0
2016-04-20,09:40:00,323,323,322.2,322.2,85,0
2016-04-20,09:45:00,322.25,322.25,322.25,322.25,20,0
2016-04-20,10:00:00,323.8,323.8,323.8,323.8,5,0
2016-04-20,10:05:00,323.8,324,323.8,324,375,0
2016-04-20,10:10:00,323.9,323.9,323.9,323.9,13,0
2016-04-20,10:20:00,323.8,323.8,323.25,323.25,80,0
2016-04-20,10:35:00,323,323,323,323,4,0
2016-04-20,10:40:00,323,323,323,323,90,0
2016-04-20,10:45:00,322.65,322.65,322.65,322.65,34,0
2016-04-20,10:55:00,322.6,322.6,322.6,322.6,29,0
2016-04-20,11:00:00,322.6,322.6,322.6,322.6,29,0
2016-04-20,11:10:00,323,323,323,323,20,0
2016-04-20,12:00:00,323.85,323.85,323.85,323.85,48,0
2016-04-20,12:45:00,323.85,325,323.85,325,992,0
2016-04-20,12:50:00,324,324.8,324,324.8,29,0
2016-04-20,13:15:00,324.8,324.8,324.8,324.8,10,0
2016-04-20,13:20:00,325.5,326.95,325.5,326.95,160,0
2016-04-20,13:25:00,325.5,325.5,325.5,325.5,18,0
2016-04-20,13:35:00,325.05,325.5,325,325,95,0
2016-04-20,13:40:00,325.5,325.5,325.5,325.5,84,0
2016-04-20,13:50:00,326.9,326.9,326,326.8,3019,0
2016-04-20,13:55:00,326.85,327.4,326.85,327.4,597,0
2016-04-20,14:05:00,328,328,328,328,6,0
2016-04-20,14:10:00,327.95,327.95,327.95,327.95,15,0
2016-04-20,14:15:00,328,328,328,328,6,0
2016-04-20,14:20:00,328,328,328,328,5,0
2016-04-20,14:30:00,328,328,328,328,39,0
2016-04-20,14:35:00,328,328,328,328,322,0
2016-04-20,14:45:00,327.85,328,327.85,328,503,0
2016-04-20,14:50:00,328.15,328.15,328.1,328.1,30,0
2016-04-20,15:05:00,327.95,327.95,327.95,327.95,37,0
2016-04-20,15:10:00,328,329,328,328.5,385,0
2016-04-20,15:15:00,328.5,328.5,328,328,34,0
2016-04-20,15:20:00,329.1,329.1,329.1,329.1,15,0
2016-04-20,15:30:00,329.2,329.2,329.2,329.2,7,0
2016-04-20,15:35:00,329.25,329.25,329.25,329.25,29,0
2016-04-20,15:55:00,328.9,329.95,328.9,329.95,100,0
2016-04-20,16:05:00,329.55,330,329.55,330,1421,0
2016-04-20,16:10:00,330.05,331.2,330.05,331,177,0
2016-04-20,16:15:00,331,331.2,331,331.2,122,0
2016-04-20,16:20:00,331.2,333,331.2,333,95,0
2016-04-20,16:25:00,332.95,333,332.6,333,90,0
2016-04-20,16:30:00,332.8,333,332.55,333,298,0
2016-04-20,16:35:00,333,333,332.95,333,110,0
2016-04-20,16:40:00,333,335,333,335,130,0
2016-04-20,16:45:00,335,335,335,335,85,0
2016-04-20,16:50:00,335,335,334.85,334.95,457,0
2016-04-21,09:05:00,334.95,335,334.95,335,149,0
2016-04-21,09:10:00,335,335.6,335,335.6,26,0
2016-04-21,09:15:00,335.6,335.6,335,335,79,0
2016-04-21,09:20:00,335,335,335,335,15,0
2016-04-21,09:30:00,335.6,335.6,335,335,273,0
2016-04-21,09:40:00,335.6,336,335.6,336,201,0
2016-04-21,09:45:00,336.35,336.35,336.35,336.35,30,0
2016-04-21,09:55:00,337.6,337.7,337.6,337.7,9,0
2016-04-21,10:00:00,338,338.15,337.9,337.9,388,0
2016-04-21,10:05:00,335.15,335.15,333.3,333.3,147,0
2016-04-21,10:15:00,334,334,334,334,16,0
2016-04-21,10:20:00,334,334,334,334,40,0
2016-04-21,10:25:00,334,334,334,334,55,0
2016-04-21,10:35:00,336.7,336.75,336.7,336.75,10,0
2016-04-21,10:40:00,334,334,334,334,16,0
2016-04-21,10:45:00,334,334,334,334,1,0
2016-04-21,10:50:00,334,334,334,334,18,0
2016-04-21,11:00:00,334,334,334,334,16,0
2016-04-21,11:10:00,334,334,333.3,333.3,43,0
2016-04-21,11:20:00,333.3,333.3,333.3,333.3,16,0
2016-04-21,11:30:00,333.3,333.3,333.3,333.3,34,0
2016-04-21,11:45:00,333.3,333.3,333.3,333.3,16,0
2016-04-21,11:55:00,333.3,333.3,333.3,333.3,16,0
2016-04-21,12:05:00,333.3,333.3,333.3,333.3,15,0
2016-04-21,12:15:00,334,334,333.3,333.3,43,0
2016-04-21,12:25:00,333.35,333.35,333.3,333.3,50,0
2016-04-21,12:35:00,333.3,333.3,333.3,333.3,16,0
2016-04-21,12:50:00,333.3,333.3,333.3,333.3,16,0
2016-04-21,12:55:00,333.9,334,333.9,334,55,0
2016-04-21,13:00:00,333.5,333.5,333.4,333.4,22,0
2016-04-21,13:05:00,333.4,333.4,333.4,333.4,2,0
2016-04-21,13:15:00,333.45,333.45,333.45,333.45,17,0
2016-04-21,13:25:00,333.45,333.45,333.45,333.45,17,0
2016-04-21,13:30:00,333.45,333.45,333.45,333.45,10,0
2016-04-21,13:35:00,333.45,333.45,333.45,333.45,15,0
2016-04-21,13:45:00,333.45,333.45,333.45,333.45,9,0
2016-04-21,13:55:00,333.4,333.4,333.4,333.4,41,0
2016-04-21,14:00:00,333.45,333.45,333.45,333.45,25,0
2016-04-21,14:05:00,333.4,333.4,333.4,333.4,16,0
2016-04-21,14:10:00,333.4,333.4,333.3,333.3,19,0
2016-04-21,14:20:00,333.3,333.3,333.3,333.3,16,0
2016-04-21,14:25:00,333.4,333.4,333.3,333.3,23,0
2016-04-21,14:40:00,333.3,333.3,333.3,333.3,16,0
2016-04-21,14:45:00,333.2,333.2,333.2,333.2,17,0
2016-04-21,14:55:00,333.2,333.2,333.2,333.2,485,0
2016-04-21,15:00:00,333.2,333.2,333.2,333.2,6,0
2016-04-21,15:05:00,333.2,333.2,333.2,333.2,13,0
2016-04-21,15:10:00,333.2,333.2,333,333,357,0
2016-04-21,15:15:00,333,333,333,333,3,0
2016-04-21,15:20:00,333,334.75,333,334.75,133,0
2016-04-21,15:25:00,333,333,333,333,17,0
2016-04-21,15:30:00,333,333,333,333,16,0
2016-04-21,15:35:00,333,333,333,333,7,0
2016-04-21,15:40:00,333,333,333,333,17,0
2016-04-21,15:45:00,334.8,334.8,334.8,334.8,29,0
2016-04-21,15:55:00,333.1,333.1,333.1,333.1,1,0
2016-04-21,16:05:00,333.1,335,333.1,335,9,0
2016-04-21,16:10:00,333.1,333.1,333.1,333.1,3,0
2016-04-21,16:15:00,333.15,333.15,333.15,333.15,16,0
2016-04-21,16:20:00,333.15,333.15,333.15,333.15,12,0
2016-04-21,16:25:00,334.7,335.1,333.3,333.3,32,0
2016-04-21,16:30:00,336,336.05,336,336.05,36,0
2016-04-21,16:40:00,335.5,337.55,335.5,337.55,1128,0
2016-04-21,16:45:00,335.5,335.5,335.5,335.5,487,0
2016-04-21,16:50:00,337.5,337.9,335.5,337.5,370,0
2016-04-22,09:05:00,337.5,337.5,337.5,337.5,1,0
2016-04-22,09:15:00,337.5,338,337.5,337.5,105,0
2016-04-22,09:20:00,337.5,338,337.5,338,78,0
2016-04-22,09:40:00,336,336,336,336,18,0
2016-04-22,09:50:00,338,338,338,338,68,0
2016-04-22,10:00:00,338.3,338.5,338.3,338.5,40,0
2016-04-22,10:05:00,338,338.5,338,338.5,56,0
2016-04-22,10:10:00,337.5,337.5,337.5,337.5,3,0
2016-04-22,10:15:00,339,339,339,339,20,0
2016-04-22,10:20:00,339,339,339,339,2,0
2016-04-22,10:35:00,339,339,337.5,337.5,80,0
2016-04-22,10:45:00,337.5,337.5,337.5,337.5,28,0
2016-04-22,10:50:00,337.5,337.5,337.5,337.5,18,0
2016-04-22,11:00:00,337.5,337.5,337.5,337.5,71,0
2016-04-22,11:05:00,337.5,337.5,337.5,337.5,61,0
2016-04-22,11:10:00,337.5,337.5,337.5,337.5,19,0
2016-04-22,11:20:00,338.95,339,338.95,339,196,0
2016-04-22,11:25:00,339.2,339.95,339.2,339.95,23,0
2016-04-22,11:40:00,337.55,337.55,337.55,337.55,210,0
2016-04-22,11:50:00,339.95,339.95,339.95,339.95,50,0
2016-04-22,12:10:00,338,338,338,338,63,0
2016-04-22,12:40:00,338,338,338,338,9,0
2016-04-22,12:45:00,339.9,340,339.9,340,351,0
2016-04-22,13:05:00,340,340,340,340,12,0
2016-04-22,13:20:00,339.5,340,339.5,340,51,0
2016-04-22,13:45:00,340.95,340.95,340.95,340.95,14,0
2016-04-22,14:10:00,340.95,341,340.95,341,41,0
2016-04-22,14:20:00,339,341.5,339,339,35,0
2016-04-22,14:30:00,339,339,339,339,7,0
2016-04-22,14:35:00,339,339,339,339,4,0
2016-04-22,14:40:00,339,339,339,339,17,0
2016-04-22,15:05:00,341.5,342.9,341.5,342.9,100,0
2016-04-22,15:30:00,340,343.5,340,343.5,167,0
2016-04-22,15:35:00,343.5,344,343.5,344,10,0
2016-04-22,15:45:00,342,342,342,342,11,0
2016-04-22,15:50:00,342.05,342.05,342.05,342.05,4,0
2016-04-22,16:00:00,342.1,342.1,342.1,342.1,3,0
2016-04-22,16:05:00,343,343,343,343,10,0
2016-04-22,16:15:00,343.85,345,343.85,345,118,0
2016-04-22,16:30:00,343,347,343,347,260,0
2016-04-22,16:35:00,347,348,346.5,346.5,105,0
2016-04-22,16:40:00,345.2,345.2,345.2,345.2,3,0
2016-04-22,16:50:00,345.2,345.2,345.2,345.2,10,0
2016-04-25,09:05:00,348,348,345.25,345.25,45,0
2016-04-25,09:10:00,345.25,345.25,345.25,345.25,237,0
2016-04-25,09:15:00,345.25,345.25,345.25,345.25,33,0
2016-04-25,09:20:00,345.25,345.25,345.25,345.25,33,0
2016-04-25,09:30:00,345.25,345.25,345,345,43,0
2016-04-25,09:45:00,344,344,344,344,14,0
2016-04-25,09:55:00,343.05,343.05,343.05,343.05,6,0
2016-04-25,10:05:00,343.05,343.05,343.05,343.05,261,0
2016-04-25,10:15:00,343.05,343.05,343.05,343.05,132,0
2016-04-25,10:20:00,343.05,343.05,343.05,343.05,63,0
2016-04-25,10:25:00,343.05,343.05,343.05,343.05,17,0
2016-04-25,10:30:00,342.05,342.05,342.05,342.05,10,0
2016-04-25,10:35:00,341.8,341.8,341.8,341.8,4,0
2016-04-25,10:45:00,342,342,341,341,50,0
2016-04-25,10:50:00,341,341,339.8,339.8,146,0
2016-04-25,10:55:00,339,339,339,339,12,0
2016-04-25,11:00:00,339.8,339.8,339.5,339.5,112,0
2016-04-25,11:05:00,339.1,339.1,339,339,137,0
2016-04-25,11:15:00,340.15,340.15,340,340,22,0
2016-04-25,11:25:00,340,340,340,340,3,0
2016-04-25,11:30:00,340.75,340.75,340.75,340.75,25,0
2016-04-25,11:35:00,340.75,341,340.75,341,46,0
2016-04-25,11:40:00,340.95,343,340.95,343,46,0
2016-04-25,11:45:00,342.95,343,342.95,342.95,40,0
2016-04-25,11:50:00,342.95,343,342.95,343,50,0
2016-04-25,11:55:00,343,343,339.55,339.8,40,0
2016-04-25,12:00:00,343,343,343,343,40,0
2016-04-25,12:05:00,343,343,343,343,104,0
2016-04-25,12:10:00,343.85,343.85,343.85,343.85,40,0
2016-04-25,12:15:00,343.9,343.9,339.5,339.5,42,0
2016-04-25,12:20:00,340,344.8,340,344.8,106,0
2016-04-25,12:25:00,344.95,346.75,340,345,191,0
2016-04-25,12:30:00,346.3,346.7,346.25,346.25,40,0
2016-04-25,12:35:00,346.7,346.7,345.95,345.95,30,0
2016-04-25,12:40:00,345.95,347,345.95,347,71,0
2016-04-25,12:45:00,347,347,347,347,14,0
2016-04-25,12:50:00,347,347,343.25,343.25,49,0
2016-04-25,12:55:00,346.05,346.9,346.05,346.9,40,0
2016-04-25,13:00:00,346.85,346.85,346.8,346.8,40,0
2016-04-25,13:05:00,343.15,346.9,343.15,346.85,46,0
2016-04-25,13:10:00,346.55,346.55,346.45,346.45,40,0
2016-04-25,13:15:00,346.4,346.5,346.4,346.45,32,0
2016-04-25,13:20:00,346.45,346.45,346,346.25,47,0
2016-04-25,13:25:00,346.25,346.95,346.25,346.95,40,0
2016-04-25,13:30:00,347,347,347,347,15,0
2016-04-25,13:35:00,347,347,347,347,3,0
2016-04-25,13:40:00,347.8,347.8,347,347,12,0
2016-04-25,13:45:00,347,347,347,347,82,0
2016-04-25,14:10:00,347.8,347.8,347.8,347.8,14,0
2016-04-25,14:30:00,347,347,347,347,6,0
2016-04-25,14:35:00,347,347.8,347,347.8,10,0
2016-04-25,14:50:00,347,347,347,347,12,0
2016-04-25,14:55:00,347,347,347,347,58,0
2016-04-25,15:10:00,347,347,347,347,1,0
2016-04-25,15:25:00,347,347,347,347,4,0
2016-04-25,15:30:00,347,347,347,347,50,0
2016-04-25,15:35:00,347,347,347,347,19,0
2016-04-25,15:55:00,347.05,347.05,347.05,347.05,2,0
2016-04-25,16:00:00,347.5,347.5,347.5,347.5,35,0
2016-04-25,16:15:00,347.5,348,347.5,347.5,154,0
2016-04-25,16:25:00,348,348,348,348,215,0
2016-04-25,16:45:00,348,349,348,349,143,0
2016-04-25,16:50:00,349,350,348.05,350,101,0
2016-04-26,09:05:00,350,350,350,350,43,0
2016-04-26,09:10:00,350.5,351,350.5,351,170,0
2016-04-26,09:15:00,348,348,348,348,37,0
2016-04-26,09:20:00,348,348,348,348,36,0
2016-04-26,09:30:00,351,351,351,351,44,0
2016-04-26,09:35:00,351,351,351,351,1,0
2016-04-26,09:40:00,351,351,351,351,24,0
2016-04-26,09:45:00,351.15,351.15,351.15,351.15,31,0
2016-04-26,09:50:00,351,351,351,351,2,0
2016-04-26,09:55:00,351,351,351,351,6,0
2016-04-26,10:00:00,348,348,348,348,14,0
2016-04-26,10:10:00,348.1,348.1,348.1,348.1,9,0
2016-04-26,10:20:00,349,351.95,349,351.25,83,0
2016-04-26,10:25:00,351.7,353.95,351.7,353.95,142,0
2016-04-26,10:40:00,352,353.85,351,353.8,43,0
2016-04-26,10:45:00,353.8,353.8,353.8,353.8,10,0
2016-04-26,10:50:00,350,350,350,350,6,0
2016-04-26,10:55:00,348.25,348.25,348.25,348.25,4,0
2016-04-26,11:00:00,348.3,348.3,348.15,348.15,68,0
2016-04-26,11:05:00,348.35,348.35,348.15,348.15,33,0
2016-04-26,11:10:00,348.65,348.65,348.65,348.65,32,0
2016-04-26,11:15:00,349,349,349,349,21,0
2016-04-26,11:20:00,348.65,348.65,348.2,348.2,50,0
2016-04-26,11:25:00,348.5,348.65,348.5,348.65,70,0
2016-04-26,11:40:00,348,348,348,348,12,0
2016-04-26,11:50:00,348.65,348.65,348.65,348.65,10,0
2016-04-26,11:55:00,349,349,349,349,6,0
2016-04-26,12:05:00,349,349,349,349,33,0
2016-04-26,12:10:00,349,349,349,349,1,0
2016-04-26,12:15:00,349,349,349,349,6,0
2016-04-26,12:20:00,349,349,349,349,9,0
2016-04-26,12:25:00,349.5,349.5,349.5,349.5,6,0
2016-04-26,12:35:00,348.95,348.95,347,347,20,0
2016-04-26,12:40:00,347,347,344.15,344.15,266,0
2016-04-26,12:45:00,345,345,340.5,340.5,28,0
2016-04-26,12:50:00,342,342,342,342,2,0
2016-04-26,12:55:00,342.2,342.2,342.2,342.2,10,0
2016-04-26,13:05:00,342.15,342.15,340,340,171,0
2016-04-26,13:10:00,340,341,339.1,339.1,123,0
2016-04-26,13:25:00,339.1,339.1,339,339,8,0
2016-04-26,13:30:00,337.1,337.1,337,337,9,0
2016-04-26,13:35:00,337,337.1,337,337.1,209,0
2016-04-26,13:40:00,337.1,337.1,337.1,337.1,5,0
2016-04-26,13:45:00,337.1,337.1,337.1,337.1,26,0
2016-04-26,13:55:00,337.2,337.2,337.2,337.2,14,0
2016-04-26,14:00:00,337.2,337.2,337.2,337.2,7,0
2016-04-26,14:15:00,337.1,337.1,337.1,337.1,20,0
2016-04-26,14:20:00,337,337,337,337,2,0
2016-04-26,14:25:00,337.9,337.9,337.9,337.9,10,0
2016-04-26,14:30:00,337.9,337.9,337.9,337.9,5,0
2016-04-26,14:35:00,337.2,337.9,337.2,337.9,21,0
2016-04-26,14:40:00,337.25,337.25,337.25,337.25,3,0
2016-04-26,14:45:00,337.25,337.25,337.25,337.25,21,0
2016-04-26,14:50:00,338.05,341.25,338.05,341.25,34,0
2016-04-26,15:00:00,342.85,342.85,342.85,342.85,11,0
2016-04-26,15:05:00,340.5,340.5,338,338.35,51,0
2016-04-26,15:10:00,337.25,337.25,337.25,337.25,2,0
2016-04-26,15:20:00,337.4,337.4,337,337,71,0
2016-04-26,15:25:00,337,337,337,337,8,0
2016-04-26,15:35:00,336,336,335.9,335.9,21,0
2016-04-26,15:40:00,335.9,335.9,335.9,335.9,31,0
2016-04-26,15:55:00,336.05,336.05,335.9,336,49,0
2016-04-26,16:00:00,336.05,336.05,336.05,336.05,4,0
2016-04-26,16:10:00,336.75,336.75,336.3,336.3,23,0
2016-04-26,16:15:00,336.75,336.75,336.75,336.75,91,0
2016-04-26,16:20:00,336.7,336.7,336.7,336.7,10,0
2016-04-26,16:25:00,336.1,336.1,335.35,335.35,25,0
2016-04-26,16:30:00,335.35,335.4,335.35,335.35,96,0
2016-04-26,16:35:00,335.3,335.3,335.3,335.3,13,0
2016-04-26,16:40:00,335.35,340,335.35,336.3,451,0
2016-04-26,16:45:00,340,340,340,340,363,0
2016-04-26,16:50:00,336.55,339.9,336.5,339.9,1033,0
2016-04-27,09:05:00,340,340,340,340,28,0
2016-04-27,09:45:00,343,343,343,343,10,0
2016-04-27,09:50:00,343,343,340,340,144,0
2016-04-27,10:00:00,340,340,340,340,21,0
2016-04-27,10:05:00,340,340,340,340,23,0
2016-04-27,10:10:00,340,340,340,340,18,0
2016-04-27,10:15:00,339.95,339.95,339.95,339.95,21,0
2016-04-27,10:35:00,337,337,337,337,29,0
2016-04-27,10:45:00,337,337,337,337,11,0
2016-04-27,10:50:00,339.95,339.95,339.95,339.95,2,0
2016-04-27,10:55:00,337,337.45,337,337.45,29,0
2016-04-27,11:00:00,339.95,339.95,339,339,8,0
2016-04-27,11:05:00,337.2,337.2,337,337.2,21,0
2016-04-27,11:10:00,337.2,337.2,337.2,337.2,1,0
2016-04-27,11:20:00,337.05,337.05,337.05,337.05,2,0
2016-04-27,11:40:00,337.05,337.05,337.05,337.05,8,0
2016-04-27,11:50:00,337,337,333.3,333.3,84,0
2016-04-27,11:55:00,333.05,333.05,333.05,333.05,6,0
2016-04-27,12:05:00,333.1,333.1,333.1,333.1,6,0
2016-04-27,12:20:00,333.1,333.1,333.1,333.1,2,0
2016-04-27,12:35:00,333.1,333.1,333.1,333.1,8,0
2016-04-27,12:40:00,333.2,333.2,333.2,333.2,12,0
2016-04-27,13:20:00,333.3,333.3,333,333,204,0
2016-04-27,13:25:00,333,333,333,333,17,0
2016-04-27,13:30:00,333,333,333,333,3,0
2016-04-27,13:35:00,333,333,333,333,33,0
2016-04-27,13:40:00,334,334,334,334,20,0
2016-04-27,13:55:00,333,333,333,333,4,0
2016-04-27,14:00:00,333,333,333,333,33,0
2016-04-27,14:10:00,333.05,333.05,333.05,333.05,3,0
2016-04-27,14:15:00,333.05,334,333.05,334,6,0
2016-04-27,14:40:00,334,334,334,334,5,0
2016-04-27,14:50:00,334,334,334,334,10,0
2016-04-27,14:55:00,333.15,333.15,333.1,333.1,45,0
2016-04-27,15:00:00,333.1,333.1,333.1,333.1,42,0
2016-04-27,15:05:00,333.15,333.15,333.1,333.1,33,0
2016-04-27,15:10:00,334,334,334,334,20,0
2016-04-27,15:15:00,333.1,333.1,333.1,333.1,44,0
2016-04-27,15:35:00,334,334,333.9,333.9,92,0
2016-04-27,15:40:00,333.15,333.15,333,333,157,0
2016-04-27,15:45:00,333.2,333.2,333.2,333.2,9,0
2016-04-27,15:50:00,333,333,333,333,37,0
2016-04-27,16:00:00,333,333,333,333,18,0
2016-04-27,16:15:00,333,333,333,333,50,0
2016-04-27,16:25:00,333.05,333.05,333,333,12,0
2016-04-27,16:30:00,333.95,333.95,333,333,5,0
2016-04-27,16:35:00,333,333,333,333,33,0
2016-04-27,16:40:00,333.95,333.95,333.95,333.95,11,0
2016-04-27,16:45:00,333.95,333.95,333,333,66,0
2016-04-27,16:50:00,333,333,333,333,381,0
2016-04-28,09:05:00,333,333,333,333,1,0
2016-04-28,09:10:00,332.55,332.55,332.55,332.55,1,0
2016-04-28,09:15:00,333,333,333,333,19,0
2016-04-28,09:35:00,333,333,333,333,2060,0
2016-04-28,09:45:00,332.6,332.6,332.6,332.6,3,0
2016-04-28,10:00:00,332.6,332.6,332.6,332.6,6,0
2016-04-28,10:15:00,332.6,332.6,332.6,332.6,49,0
2016-04-28,10:45:00,332.6,332.6,332.6,332.6,3,0
2016-04-28,10:55:00,332.6,332.6,332.6,332.6,76,0
2016-04-28,11:00:00,332.6,332.6,332.3,332.55,76,0
2016-04-28,11:10:00,332.55,332.55,332.5,332.5,43,0
2016-04-28,11:25:00,332.05,332.05,332.05,332.05,22,0
2016-04-28,11:30:00,332.5,333,332.5,333,172,0
2016-04-28,12:00:00,332.55,332.55,332.55,332.55,4,0
2016-04-28,12:30:00,332.55,332.55,332.55,332.55,12,0
2016-04-28,12:50:00,332.55,332.55,332.5,332.5,275,0
2016-04-28,13:15:00,332,332,332,332,175,0
2016-04-28,13:30:00,331.7,331.7,331.7,331.7,33,0
2016-04-28,13:35:00,331.7,331.7,330.1,330.1,66,0
2016-04-28,13:55:00,330.1,330.1,330.1,330.1,2,0
2016-04-28,14:00:00,330.1,330.1,330.1,330.1,3,0
2016-04-28,14:05:00,330.1,330.1,329,329,87,0
2016-04-28,14:25:00,328.6,328.6,328.6,328.6,13,0
2016-04-28,14:45:00,330.2,331,330.2,331,18,0
2016-04-28,15:05:00,331,331,331,331,12,0
2016-04-28,15:35:00,328.8,328.8,328.6,328.6,8,0
2016-04-28,15:50:00,330.5,330.5,330.5,330.5,792,0
2016-04-28,16:05:00,329.1,329.1,329.1,329.1,80,0
2016-04-28,16:10:00,329.1,329.1,329.1,329.1,2,0
2016-04-28,16:15:00,330,331.5,330,331.5,65,0
2016-04-28,16:35:00,330,330,330,330,59,0
2016-04-28,16:40:00,329.15,329.15,329.15,329.15,4,0
2016-04-28,16:50:00,330,330,330,330,748,0
2016-04-29,09:05:00,326.05,326.05,326.05,326.05,101,0
2016-04-29,09:10:00,328.9,328.9,328.9,328.9,10,0
2016-04-29,09:20:00,328.75,328.75,328.65,328.65,90,0
2016-04-29,09:35:00,328.45,328.45,328.45,328.45,36,0
2016-04-29,09:40:00,326.1,326.1,326.1,326.1,39,0
2016-04-29,09:55:00,328,328,328,328,18,0
2016-04-29,10:00:00,328,328,327.5,327.5,66,0
2016-04-29,10:35:00,327.5,327.5,327.5,327.5,39,0
2016-04-29,10:40:00,326.3,326.3,326.1,326.1,135,0
2016-04-29,10:45:00,328,328,328,328,4,0
2016-04-29,11:00:00,326.2,326.2,326.2,326.2,39,0
2016-04-29,11:40:00,326.4,326.4,326.4,326.4,4,0
2016-04-29,12:10:00,326.5,326.5,326.1,326.1,66,0
2016-04-29,12:20:00,326.4,326.4,326.4,326.4,30,0
2016-04-29,12:25:00,326.2,326.2,326,326,59,0
2016-04-29,12:40:00,326,326,326,326,10,0
2016-04-29,13:05:00,326,326,326,326,49,0
2016-04-29,13:10:00,326,326,326,326,6,0
2016-04-29,13:15:00,325.8,325.8,325.8,325.8,9,0
2016-04-29,13:25:00,326,326,326,326,3,0
2016-04-29,13:40:00,326,326,326,326,11,0
2016-04-29,13:50:00,326,326,326,326,29,0
2016-04-29,13:55:00,326,326,326,326,15,0
2016-04-29,14:00:00,325.5,326.25,321,326,370,0
2016-04-29,14:05:00,324.9,325,324.9,325,27,0
2016-04-29,14:10:00,325.8,325.8,321.5,321.6,88,0
2016-04-29,14:15:00,322,325,322,325,8,0
2016-04-29,14:20:00,325,325.85,325,325.85,20,0
2016-04-29,14:45:00,325,325,325,325,10,0
2016-04-29,14:50:00,325,325,325,325,20,0
2016-04-29,15:10:00,322.5,322.5,322.45,322.45,14,0
2016-04-29,15:15:00,322.1,322.1,322,322,61,0
2016-04-29,15:35:00,322.05,322.05,322,322,39,0
2016-04-29,15:45:00,324.95,325,324.95,325,52,0
2016-04-29,15:50:00,325,325,325,325,39,0
2016-04-29,15:55:00,325.9,326,325.9,326,49,0
2016-04-29,16:05:00,326,326,326,326,7,0
2016-04-29,16:10:00,326.15,326.15,326,326.15,93,0
2016-04-29,16:20:00,326.25,326.25,325.15,325.15,122,0
2016-04-29,16:45:00,326.35,326.95,326,326.95,67,0
2016-04-29,16:50:00,326.95,329,326.95,329,192,0
