2016-03-07,09:05:00,3.1,3.1,3.1,3.1,1319,0
2016-03-07,09:10:00,3.1,3.14,3.1,3.14,365,0
2016-03-07,09:15:00,3.07,3.07,3.07,3.07,339,0
2016-03-07,09:50:00,3.07,3.07,3.07,3.07,350,0
2016-03-07,10:00:00,3.08,3.08,3.08,3.08,4,0
2016-03-07,10:20:00,3.12,3.12,3.12,3.12,441,0
2016-03-07,10:35:00,3.12,3.12,3.12,3.12,559,0
2016-03-07,11:20:00,3.11,3.11,3.11,3.11,500,0
2016-03-07,11:30:00,3.08,3.08,3.08,3.08,8,0
2016-03-07,11:50:00,3.1,3.1,3.1,3.1,2,0
2016-03-07,12:00:00,3.1,3.1,3.1,3.1,5,0
2016-03-07,12:45:00,3.12,3.12,3.12,3.12,2,0
2016-03-07,12:50:00,3.1,3.1,3.1,3.1,400,0
2016-03-07,12:55:00,3.1,3.1,3.1,3.1,150,0
2016-03-07,14:05:00,3.1,3.1,3.1,3.1,150,0
2016-03-07,14:20:00,3.12,3.2,3.12,3.2,6582,0
2016-03-07,14:40:00,3.26,3.3,3.26,3.3,250,0
2016-03-07,14:45:00,3.23,3.23,3.2,3.2,4750,0
2016-03-07,14:50:00,3.2,3.21,3.2,3.21,3550,0
2016-03-07,15:00:00,3.2,3.2,3.2,3.2,1000,0
2016-03-07,15:05:00,3.2,3.2,3.2,3.2,1968,0
2016-03-07,15:20:00,3.11,3.11,3.11,3.11,800,0
2016-03-07,15:40:00,3.14,3.14,3.14,3.14,10,0
2016-03-07,16:40:00,3.16,3.16,3.16,3.16,10,0
2016-03-07,16:50:00,3.2,3.2,3.2,3.2,34,0
2016-03-08,09:05:00,3.28,3.28,3.28,3.28,100,0
2016-03-08,10:05:00,3.2,3.2,3.15,3.15,1428,0
2016-03-08,10:20:00,3.25,3.25,3.25,3.25,800,0
2016-03-08,10:35:00,3.16,3.16,3.15,3.15,1400,0
2016-03-08,10:40:00,3.16,3.16,3.16,3.16,2,0
2016-03-08,11:15:00,3.19,3.19,3.19,3.19,600,0
2016-03-08,11:35:00,3.19,3.19,3.19,3.19,200,0
2016-03-08,11:40:00,3.19,3.19,3.19,3.19,400,0
2016-03-08,12:30:00,3.2,3.2,3.2,3.2,216,0
2016-03-08,12:35:00,3.2,3.2,3.2,3.2,400,0
2016-03-08,12:40:00,3.25,3.25,3.25,3.25,831,0
2016-03-08,12:55:00,3.25,3.33,3.25,3.33,2800,0
2016-03-08,13:10:00,3.33,3.48,3.33,3.48,3436,0
2016-03-08,13:35:00,3.29,3.29,3.29,3.29,507,0
2016-03-08,13:45:00,3.45,3.45,3.39,3.39,1088,0
2016-03-08,13:55:00,3.29,3.29,3.29,3.29,880,0
2016-03-08,14:05:00,3.28,3.28,3.28,3.28,37,0
2016-03-08,14:10:00,3.28,3.28,3.28,3.28,14,0
2016-03-08,14:25:00,3.28,3.28,3.28,3.28,4,0
2016-03-08,14:30:00,3.28,3.29,3.28,3.29,904,0
2016-03-08,14:40:00,3.29,3.29,3.29,3.29,196,0
2016-03-08,14:45:00,3.29,3.37,3.28,3.28,683,0
2016-03-08,15:00:00,3.28,3.28,3.28,3.28,400,0
2016-03-08,15:15:00,3.28,3.35,3.23,3.35,3400,0
2016-03-08,15:35:00,3.24,3.33,3.2,3.33,5025,0
2016-03-08,15:45:00,3.28,3.28,3.28,3.28,547,0
2016-03-08,15:50:00,3.25,3.26,3.25,3.26,4057,0
2016-03-08,15:55:00,3.28,3.28,3.28,3.28,800,0
2016-03-08,16:00:00,3.28,3.28,3.28,3.28,653,0
2016-03-08,16:45:00,3.26,3.26,3.26,3.26,600,0
2016-03-08,16:50:00,3.26,3.26,3.21,3.21,4667,0
2016-03-09,09:05:00,3.21,3.21,3.21,3.21,2701,0
2016-03-09,09:10:00,3.2,3.2,3.2,3.2,430,0
2016-03-09,09:15:00,3.2,3.2,3.2,3.2,400,0
2016-03-09,09:20:00,3.21,3.32,3.21,3.32,291,0
2016-03-09,09:25:00,3.23,3.31,3.23,3.31,206,0
2016-03-09,09:40:00,3.24,3.31,3.2,3.2,9345,0
2016-03-09,09:45:00,3.31,3.31,3.31,3.31,6,0
2016-03-09,10:00:00,3.22,3.3,3.22,3.3,806,0
2016-03-09,10:25:00,3.22,3.22,3.22,3.22,9,0
2016-03-09,11:10:00,3.22,3.27,3.2,3.27,707,0
2016-03-09,11:25:00,3.2,3.2,3.2,3.2,200,0
2016-03-09,12:40:00,3.2,3.2,3.2,3.2,300,0
2016-03-09,13:10:00,3.2,3.2,3.2,3.2,25,0
2016-03-09,13:15:00,3.2,3.2,3.2,3.2,5,0
2016-03-09,14:15:00,3.2,3.2,3.2,3.2,9,0
2016-03-09,15:30:00,3.2,3.2,3.2,3.2,105,0
2016-03-09,16:50:00,3.2,3.2,3.2,3.2,175,0
2016-03-10,09:05:00,3.12,3.12,3.12,3.12,285,0
2016-03-10,09:15:00,3.2,3.2,3.2,3.2,15,0
2016-03-10,09:20:00,3.2,3.2,3.2,3.2,435,0
2016-03-10,09:30:00,3.13,3.13,3,3.03,3915,0
2016-03-10,09:35:00,3.04,3.04,3.04,3.04,100,0
2016-03-10,09:55:00,3.04,3.04,3.04,3.04,500,0
2016-03-10,10:00:00,3.08,3.09,3.08,3.09,1179,0
2016-03-10,10:10:00,3.08,3.08,3.08,3.08,149,0
2016-03-10,10:20:00,3.1,3.1,3.1,3.1,791,0
2016-03-10,10:25:00,3.14,3.14,3.14,3.14,3,0
2016-03-10,10:30:00,3.1,3.1,3.1,3.1,2,0
2016-03-10,10:45:00,3.06,3.13,3.05,3.13,2300,0
2016-03-10,12:15:00,3.13,3.15,3.13,3.15,996,0
2016-03-10,12:20:00,3.07,3.07,3.07,3.07,90,0
2016-03-10,12:40:00,3.1,3.1,3.1,3.1,48,0
2016-03-10,12:55:00,3.07,3.07,3.07,3.07,78,0
2016-03-10,13:10:00,3.1,3.1,3.1,3.1,42,0
2016-03-10,13:15:00,3.12,3.12,3.1,3.1,223,0
2016-03-10,14:00:00,3.1,3.11,3.1,3.11,1610,0
2016-03-10,14:05:00,3.1,3.1,3.1,3.1,160,0
2016-03-10,14:55:00,3.1,3.1,3.1,3.1,100,0
2016-03-10,16:00:00,3.07,3.07,3.07,3.07,3,0
2016-03-10,16:35:00,3.07,3.07,3.07,3.07,360,0
2016-03-10,16:40:00,3.06,3.06,3.05,3.05,251,0
2016-03-10,16:45:00,3.05,3.05,3.05,3.05,900,0
2016-03-10,16:50:00,3.05,3.05,3.05,3.05,959,0
2016-03-11,09:05:00,3.05,3.05,3.05,3.05,100,0
2016-03-11,09:10:00,3.14,3.14,3.14,3.14,100,0
2016-03-11,09:15:00,3.05,3.05,3.02,3.02,460,0
2016-03-11,09:20:00,3.02,3.02,3.02,3.02,400,0
2016-03-11,09:25:00,3.02,3.02,3.02,3.02,75,0
2016-03-11,09:35:00,3.14,3.14,3.03,3.03,288,0
2016-03-11,09:45:00,3.14,3.14,3.14,3.14,100,0
2016-03-11,09:55:00,3.04,3.04,3.04,3.04,4,0
2016-03-11,10:20:00,3.04,3.04,3.03,3.03,1800,0
2016-03-11,11:40:00,3.04,3.04,3.04,3.04,3,0
2016-03-11,13:05:00,3.04,3.04,3.03,3.03,1000,0
2016-03-11,13:50:00,3.05,3.05,3.05,3.05,460,0
2016-03-11,13:55:00,3.05,3.05,3.05,3.05,1200,0
2016-03-11,14:05:00,3.05,3.05,3.03,3.03,145,0
2016-03-11,14:40:00,3.05,3.05,3.05,3.05,3000,0
2016-03-11,15:05:00,3.03,3.03,3.03,3.03,122,0
2016-03-11,16:15:00,3.03,3.03,3,3,2650,0
2016-03-11,16:20:00,3.08,3.08,3.08,3.08,150,0
2016-03-11,16:45:00,3.01,3.01,3,3,1367,0
2016-03-11,16:50:00,2.99,3,2.96,2.96,1857,0
2016-03-14,09:05:00,2.98,2.98,2.97,2.97,1050,0
2016-03-14,09:10:00,2.97,3.04,2.96,3.04,782,0
2016-03-14,09:55:00,2.98,2.98,2.98,2.98,43,0
2016-03-14,10:20:00,2.99,3.04,2.99,3.04,600,0
2016-03-14,10:25:00,3,3.04,3,3.04,1043,0
2016-03-14,11:10:00,3.04,3.04,3.04,3.04,330,0
2016-03-14,11:20:00,3.04,3.04,3.04,3.04,1500,0
2016-03-14,11:25:00,3.04,3.05,3.04,3.05,13170,0
2016-03-14,11:30:00,3.04,3.1,3.04,3.1,11430,0
2016-03-14,11:40:00,3.05,3.1,3.04,3.1,1400,0
2016-03-14,11:45:00,3,3,3,3,6,0
2016-03-14,12:10:00,3,3,3,3,3,0
2016-03-14,12:50:00,3,3,3,3,4,0
2016-03-14,14:25:00,3.04,3.04,3.04,3.04,213,0
2016-03-14,15:00:00,3.04,3.04,3.04,3.04,1100,0
2016-03-14,15:05:00,3.05,3.05,3.05,3.05,120,0
2016-03-14,15:20:00,3.04,3.04,3.04,3.04,11,0
2016-03-14,15:45:00,3.04,3.04,3.04,3.04,650,0
2016-03-14,15:50:00,3.04,3.04,3.04,3.04,854,0
2016-03-14,16:20:00,3.04,3.04,3.04,3.04,180,0
2016-03-14,16:50:00,3.04,3.04,3.04,3.04,3992,0
2016-03-15,10:40:00,3.04,3.04,3.04,3.04,140,0
2016-03-15,12:00:00,2.99,2.99,2.99,2.99,7,0
2016-03-15,12:20:00,2.99,2.99,2.92,2.92,1000,0
2016-03-15,12:35:00,2.98,2.98,2.98,2.98,300,0
2016-03-15,12:55:00,2.98,3.06,2.98,3.06,300,0
2016-03-15,13:20:00,2.94,2.94,2.94,2.94,5,0
2016-03-15,14:20:00,2.94,2.94,2.94,2.94,20,0
2016-03-15,14:35:00,3.05,3.05,3.05,3.05,1,0
2016-03-15,16:35:00,2.95,2.95,2.95,2.95,125,0
2016-03-15,16:45:00,2.95,2.95,2.95,2.95,15,0
2016-03-15,16:50:00,2.95,3.05,2.94,3.05,4120,0
2016-03-16,09:05:00,3.05,3.05,3.05,3.05,1,0
2016-03-16,09:25:00,3,3,3,3,4,0
2016-03-16,09:30:00,3.05,3.05,2.93,2.93,350,0
2016-03-16,10:00:00,2.95,2.95,2.95,2.95,140,0
2016-03-16,12:15:00,2.95,2.95,2.94,2.94,416,0
2016-03-16,12:20:00,2.93,2.93,2.93,2.93,84,0
2016-03-16,12:35:00,2.93,2.93,2.93,2.93,6,0
2016-03-16,12:40:00,2.93,2.93,2.93,2.93,13,0
2016-03-16,13:55:00,2.94,2.94,2.94,2.94,200,0
2016-03-16,14:10:00,2.94,3.04,2.94,3.04,52,0
2016-03-16,14:50:00,2.95,2.95,2.95,2.95,300,0
2016-03-16,15:25:00,2.96,2.96,2.96,2.96,2000,0
2016-03-16,16:50:00,3.04,3.04,3.04,3.04,140,0
2016-03-17,09:05:00,3.03,3.03,3.03,3.03,77,0
2016-03-17,10:10:00,2.96,2.96,2.96,2.96,449,0
2016-03-17,10:25:00,2.96,2.96,2.96,2.96,240,0
2016-03-17,10:35:00,2.95,2.95,2.95,2.95,640,0
2016-03-17,11:00:00,2.92,2.92,2.92,2.92,1313,0
2016-03-17,11:40:00,2.93,2.93,2.93,2.93,5,0
2016-03-17,12:15:00,2.93,2.93,2.93,2.93,2,0
2016-03-17,12:35:00,2.93,2.93,2.93,2.93,4,0
2016-03-17,12:50:00,2.93,2.93,2.93,2.93,5,0
2016-03-17,14:00:00,2.95,2.95,2.95,2.95,2,0
2016-03-17,15:25:00,2.96,3,2.95,3,4200,0
2016-03-17,15:40:00,2.96,2.96,2.96,2.96,100,0
2016-03-18,09:05:00,2.97,3,2.97,3,903,0
2016-03-18,09:10:00,2.99,2.99,2.98,2.98,430,0
2016-03-18,09:25:00,2.97,2.97,2.96,2.96,202,0
2016-03-18,09:35:00,3,3,3,3,100,0
2016-03-18,10:00:00,2.97,2.97,2.96,2.96,345,0
2016-03-18,10:05:00,2.96,2.96,2.96,2.96,5,0
2016-03-18,11:00:00,2.96,3,2.96,3,287,0
2016-03-18,12:50:00,3,3,3,3,20,0
2016-03-18,13:25:00,3,3,3,3,5,0
2016-03-18,13:30:00,3,3,3,3,95,0
2016-03-18,14:00:00,2.96,2.96,2.96,2.96,28,0
2016-03-18,14:10:00,2.93,2.93,2.93,2.93,200,0
2016-03-18,14:25:00,2.93,2.93,2.92,2.92,3100,0
2016-03-18,14:30:00,2.93,2.96,2.9,2.96,1660,0
2016-03-18,14:50:00,2.91,2.91,2.91,2.91,420,0
2016-03-18,15:00:00,2.9,2.9,2.9,2.9,157,0
2016-03-18,15:15:00,2.88,2.91,2.88,2.91,283,0
2016-03-18,15:50:00,2.91,2.91,2.91,2.91,80,0
2016-03-18,16:00:00,2.91,2.91,2.91,2.91,100,0
2016-03-18,16:10:00,2.91,2.91,2.91,2.91,135,0
2016-03-18,16:40:00,2.91,2.91,2.91,2.91,385,0
2016-03-21,09:05:00,3,3,3,3,250,0
2016-03-21,09:20:00,2.94,2.94,2.94,2.94,300,0
2016-03-21,10:25:00,2.94,2.94,2.94,2.94,1000,0
2016-03-21,12:30:00,2.94,2.94,2.94,2.94,6,0
2016-03-21,12:45:00,2.94,2.94,2.94,2.94,10,0
2016-03-21,13:05:00,2.94,2.94,2.94,2.94,47,0
2016-03-21,14:40:00,2.97,2.97,2.97,2.97,62,0
2016-03-21,15:55:00,2.97,2.97,2.97,2.97,415,0
2016-03-22,09:05:00,2.95,2.95,2.95,2.95,300,0
2016-03-22,09:10:00,2.91,2.94,2.8,2.94,4363,0
2016-03-22,10:35:00,2.92,2.94,2.92,2.94,1605,0
2016-03-22,10:40:00,2.94,3,2.94,3,235,0
2016-03-22,10:55:00,3,3,3,3,500,0
2016-03-22,11:00:00,2.82,2.82,2.82,2.82,2,0
2016-03-22,11:15:00,2.98,2.98,2.98,2.98,150,0
2016-03-22,11:20:00,2.98,2.99,2.98,2.99,101,0
2016-03-22,11:35:00,2.98,2.99,2.98,2.99,121,0
2016-03-22,16:10:00,2.85,2.85,2.85,2.85,600,0
2016-03-22,16:20:00,2.98,2.98,2.98,2.98,735,0
2016-03-23,09:05:00,2.97,2.97,2.97,2.97,2,0
2016-03-23,10:05:00,2.83,2.83,2.83,2.83,10,0
2016-03-23,10:15:00,2.83,2.83,2.83,2.83,11,0
2016-03-23,10:30:00,2.83,2.83,2.83,2.83,500,0
2016-03-23,10:35:00,2.83,2.83,2.83,2.83,500,0
2016-03-23,10:45:00,2.83,2.83,2.83,2.83,109,0
2016-03-23,11:30:00,2.83,2.83,2.83,2.83,904,0
2016-03-23,11:50:00,2.98,2.98,2.98,2.98,28,0
2016-03-23,12:15:00,2.84,2.84,2.84,2.84,17,0
2016-03-23,12:25:00,2.84,2.97,2.83,2.97,5400,0
2016-03-23,12:50:00,2.87,2.97,2.86,2.97,1510,0
2016-03-23,14:15:00,2.9,2.9,2.9,2.9,8,0
2016-03-23,15:10:00,2.9,2.9,2.9,2.9,300,0
2016-03-23,15:15:00,2.9,2.9,2.9,2.9,33,0
2016-03-23,15:40:00,2.9,2.9,2.9,2.9,659,0
2016-03-24,09:05:00,2.85,2.85,2.85,2.85,316,0
2016-03-24,09:10:00,2.84,2.84,2.84,2.84,1,0
2016-03-24,11:10:00,2.85,2.85,2.85,2.85,18,0
2016-03-24,14:35:00,2.89,2.89,2.89,2.89,100,0
2016-03-24,14:55:00,2.88,2.88,2.88,2.88,1600,0
2016-03-24,15:00:00,2.88,2.88,2.88,2.88,650,0
2016-03-24,15:30:00,2.85,2.85,2.85,2.85,7,0
2016-03-24,15:35:00,2.85,2.85,2.85,2.85,3,0
2016-03-29,09:05:00,2.86,2.89,2.86,2.89,1057,0
2016-03-29,09:10:00,2.85,2.89,2.81,2.81,5793,0
2016-03-29,09:50:00,2.81,2.81,2.8,2.8,1300,0
2016-03-29,10:45:00,2.79,2.79,2.79,2.79,7,0
2016-03-29,11:20:00,2.79,2.79,2.79,2.79,9,0
2016-03-29,11:35:00,2.79,2.79,2.79,2.79,1300,0
2016-03-29,11:55:00,2.8,2.8,2.75,2.75,1412,0
2016-03-29,12:10:00,2.8,2.8,2.8,2.8,365,0
2016-03-29,12:25:00,2.79,2.79,2.79,2.79,20,0
2016-03-29,13:55:00,2.89,2.89,2.89,2.89,30,0
2016-03-29,14:35:00,2.82,2.89,2.82,2.89,683,0
2016-03-29,15:30:00,2.82,2.82,2.82,2.82,64,0
2016-03-29,15:40:00,2.82,2.82,2.82,2.82,3,0
2016-03-29,15:55:00,2.88,2.88,2.88,2.88,625,0
2016-03-30,10:30:00,2.86,2.86,2.86,2.86,44,0
2016-03-30,11:00:00,2.86,2.86,2.86,2.86,2,0
2016-03-30,11:35:00,2.86,2.86,2.86,2.86,10,0
2016-03-30,12:25:00,2.86,2.86,2.86,2.86,944,0
2016-03-30,13:35:00,2.86,2.86,2.82,2.82,732,0
2016-03-30,14:20:00,2.82,2.82,2.82,2.82,8,0
2016-03-30,15:00:00,2.82,2.82,2.82,2.82,4,0
2016-03-30,15:10:00,2.82,2.82,2.79,2.79,2000,0
2016-03-30,15:30:00,2.79,2.79,2.79,2.79,12,0
2016-03-30,15:35:00,2.79,2.79,2.75,2.75,1200,0
2016-03-30,16:30:00,2.76,2.76,2.76,2.76,631,0
2016-03-30,16:40:00,2.75,2.85,2.75,2.85,1552,0
2016-03-30,16:50:00,2.76,2.84,2.76,2.84,1897,0
2016-03-31,09:05:00,2.85,2.94,2.85,2.94,300,0
2016-03-31,09:20:00,2.85,2.85,2.85,2.85,300,0
2016-03-31,09:35:00,2.85,2.85,2.85,2.85,191,0
2016-03-31,09:55:00,2.85,2.85,2.85,2.85,8,0
2016-03-31,10:40:00,2.85,2.85,2.85,2.85,6,0
2016-03-31,12:20:00,2.85,2.85,2.85,2.85,3,0
2016-03-31,12:30:00,2.93,2.93,2.93,2.93,700,0
2016-03-31,12:35:00,2.94,2.94,2.94,2.94,999,0
2016-03-31,13:35:00,2.85,2.85,2.85,2.85,4,0
2016-03-31,14:30:00,2.85,2.85,2.85,2.85,4,0
2016-03-31,15:30:00,2.95,2.95,2.85,2.85,719,0
2016-03-31,16:10:00,2.86,2.86,2.86,2.86,8,0
2016-03-31,16:50:00,2.94,2.94,2.94,2.94,32,0
2016-04-01,09:05:00,2.91,2.91,2.91,2.91,1000,0
2016-04-01,09:10:00,2.9,2.9,2.9,2.9,230,0
2016-04-01,09:40:00,2.9,2.9,2.9,2.9,3000,0
2016-04-01,09:55:00,2.86,2.86,2.86,2.86,6,0
2016-04-01,10:35:00,2.95,2.95,2.95,2.95,600,0
2016-04-01,14:00:00,2.86,2.86,2.86,2.86,1179,0
2016-04-01,14:40:00,2.95,3,2.95,3,12209,0
2016-04-01,14:45:00,3,3.05,3,3,2845,0
2016-04-01,14:50:00,3,3,3,3,624,0
2016-04-01,14:55:00,3,3.07,3,3,1200,0
2016-04-01,15:00:00,3,3,3,3,1200,0
2016-04-01,15:05:00,3,3,3,3,832,0
2016-04-01,15:10:00,3,3,3,3,3843,0
2016-04-01,15:15:00,3,3,3,3,612,0
2016-04-01,15:20:00,3,3.19,3,3.19,11765,0
2016-04-01,15:25:00,3.2,3.2,3.2,3.2,4666,0
2016-04-01,15:30:00,3.2,3.2,3.2,3.2,1523,0
2016-04-01,15:35:00,3.2,3.2,3.2,3.2,500,0
2016-04-01,15:40:00,3.2,3.2,3.2,3.2,1008,0
2016-04-01,15:45:00,3.2,3.2,3.2,3.2,2305,0
2016-04-01,15:50:00,3.2,3.2,3.2,3.2,1950,0
2016-04-01,15:55:00,3.2,3.2,3.2,3.2,4945,0
2016-04-01,16:00:00,3.2,3.2,3.2,3.2,2047,0
2016-04-01,16:35:00,3.3,3.4,3.3,3.4,20347,0
2016-04-01,16:40:00,3.4,3.5,3.3,3.49,20732,0
2016-04-01,16:45:00,3.36,3.38,3.35,3.38,8567,0
2016-04-01,16:50:00,3.39,3.5,3.39,3.5,27834,0
2016-04-04,09:05:00,3.6,3.6,3.6,3.6,2500,0
2016-04-04,09:15:00,3.51,3.51,3.4,3.4,6170,0
2016-04-04,09:20:00,3.41,3.53,3.41,3.44,5490,0
2016-04-04,09:25:00,3.44,3.45,3.43,3.43,3770,0
2016-04-04,09:55:00,3.44,3.44,3.4,3.4,2457,0
2016-04-04,10:00:00,3.42,3.51,3.42,3.51,100,0
2016-04-04,11:10:00,3.5,3.5,3.5,3.5,1000,0
2016-04-04,11:15:00,3.5,3.5,3.5,3.5,3664,0
2016-04-04,11:20:00,3.5,3.51,3.5,3.51,4938,0
2016-04-04,11:55:00,3.43,3.47,3.43,3.47,111,0
2016-04-04,12:00:00,3.47,3.6,3.47,3.6,17807,0
2016-04-04,12:05:00,3.6,3.61,3.6,3.61,1050,0
2016-04-04,12:20:00,3.6,3.6,3.6,3.6,349,0
2016-04-04,12:25:00,3.6,3.61,3.6,3.6,1015,0
2016-04-04,12:30:00,3.6,3.6,3.6,3.6,250,0
2016-04-04,12:35:00,3.6,3.6,3.6,3.6,1000,0
2016-04-04,12:40:00,3.6,3.6,3.6,3.6,200,0
2016-04-04,12:45:00,3.6,3.6,3.6,3.6,300,0
2016-04-04,12:50:00,3.6,3.61,3.6,3.61,521,0
2016-04-04,12:55:00,3.54,3.54,3.44,3.44,615,0
2016-04-04,13:25:00,3.45,3.5,3.45,3.5,500,0
2016-04-04,13:55:00,3.49,3.5,3.49,3.5,900,0
2016-04-04,14:10:00,3.44,3.44,3.44,3.44,102,0
2016-04-04,14:15:00,3.44,3.44,3.38,3.38,2399,0
2016-04-04,14:20:00,3.38,3.38,3.38,3.38,501,0
2016-04-04,14:35:00,3.38,3.38,3.36,3.36,600,0
2016-04-04,14:40:00,3.35,3.35,3.25,3.35,5434,0
2016-04-04,15:15:00,3.35,3.4,3.35,3.4,266,0
2016-04-04,15:25:00,3.4,3.4,3.32,3.4,272,0
2016-04-04,15:30:00,3.4,3.46,3.4,3.46,968,0
2016-04-04,15:35:00,3.4,3.4,3.4,3.4,531,0
2016-04-04,16:25:00,3.4,3.4,3.4,3.4,790,0
2016-04-04,16:50:00,3.39,3.39,3.39,3.39,300,0
2016-04-05,09:05:00,3.39,3.39,3.3,3.3,301,0
2016-04-05,09:10:00,3.3,3.3,3.3,3.3,500,0
2016-04-05,09:55:00,3.3,3.3,3.23,3.23,1236,0
2016-04-05,10:25:00,3.25,3.25,3.25,3.25,450,0
2016-04-05,10:40:00,3.34,3.4,3.34,3.4,10000,0
2016-04-05,10:55:00,3.39,3.4,3.31,3.31,2370,0
2016-04-05,11:45:00,3.39,3.4,3.39,3.4,360,0
2016-04-05,12:05:00,3.31,3.31,3.31,3.31,15,0
2016-04-05,12:20:00,3.35,3.35,3.35,3.35,260,0
2016-04-05,12:40:00,3.35,3.35,3.35,3.35,647,0
2016-04-05,12:55:00,3.35,3.35,3.35,3.35,293,0
2016-04-05,13:45:00,3.31,3.31,3.31,3.31,3,0
2016-04-05,14:30:00,3.31,3.39,3.31,3.39,1000,0
2016-04-05,14:40:00,3.31,3.31,3.31,3.31,6,0
2016-04-05,15:10:00,3.35,3.35,3.35,3.35,200,0
2016-04-05,15:15:00,3.39,3.39,3.39,3.39,44,0
2016-04-05,15:25:00,3.39,3.39,3.39,3.39,300,0
2016-04-05,15:55:00,3.38,3.38,3.36,3.36,150,0
2016-04-05,16:50:00,3.38,3.38,3.38,3.38,396,0
2016-04-06,09:05:00,3.38,3.38,3.38,3.38,211,0
2016-04-06,09:10:00,3.38,3.45,3.38,3.45,641,0
2016-04-06,09:15:00,3.33,3.33,3.33,3.33,4,0
2016-04-06,10:05:00,3.33,3.33,3.33,3.33,5,0
2016-04-06,10:10:00,3.33,3.33,3.33,3.33,374,0
2016-04-06,10:15:00,3.39,3.39,3.39,3.39,200,0
2016-04-06,10:40:00,3.28,3.28,3.28,3.28,1,0
2016-04-06,11:00:00,3.28,3.28,3.28,3.28,1967,0
2016-04-06,11:05:00,3.27,3.27,3.27,3.27,1000,0
2016-04-06,11:10:00,3.28,3.28,3.28,3.28,1448,0
2016-04-06,11:20:00,3.28,3.28,3.28,3.28,300,0
2016-04-06,11:35:00,3.28,3.28,3.28,3.28,17500,0
2016-04-06,11:40:00,3.28,3.28,3.27,3.28,3325,0
2016-04-06,11:45:00,3.28,3.28,3.28,3.28,500,0
2016-04-06,11:50:00,3.28,3.28,3.28,3.28,333,0
2016-04-06,12:10:00,3.28,3.28,3.28,3.28,1900,0
2016-04-06,12:40:00,3.26,3.26,3.24,3.24,1925,0
2016-04-06,12:50:00,3.23,3.23,3.23,3.23,264,0
2016-04-06,12:55:00,3.24,3.24,3.24,3.24,250,0
2016-04-06,13:15:00,3.24,3.24,3.24,3.24,258,0
2016-04-06,13:35:00,3.2,3.2,3.18,3.18,950,0
2016-04-06,14:20:00,3.24,3.24,3.24,3.24,1306,0
2016-04-06,14:45:00,3.19,3.19,3.16,3.16,1400,0
2016-04-06,15:05:00,3.17,3.17,3.17,3.17,1010,0
2016-04-06,15:15:00,3.23,3.28,3.23,3.28,17622,0
2016-04-06,15:20:00,3.25,3.25,3.25,3.25,800,0
2016-04-06,15:40:00,3.25,3.28,3.25,3.28,1840,0
2016-04-06,15:45:00,3.25,3.28,3.25,3.25,604,0
2016-04-06,15:50:00,3.28,3.39,3.28,3.39,5105,0
2016-04-06,16:25:00,3.3,3.37,3.3,3.37,300,0
2016-04-06,16:30:00,3.37,3.44,3.37,3.44,9317,0
2016-04-06,16:35:00,3.4,3.44,3.4,3.44,1490,0
2016-04-06,16:50:00,3.4,3.48,3.4,3.48,5167,0
2016-04-07,09:05:00,3.5,3.5,3.5,3.5,7060,0
2016-04-07,09:20:00,3.5,3.5,3.5,3.5,100,0
2016-04-07,09:25:00,3.48,3.48,3.48,3.48,231,0
2016-04-07,09:50:00,3.43,3.48,3.42,3.48,3011,0
2016-04-07,10:00:00,3.45,3.5,3.45,3.5,4787,0
2016-04-07,10:05:00,3.5,3.5,3.5,3.5,442,0
2016-04-07,10:20:00,3.46,3.5,3.45,3.5,867,0
2016-04-07,10:25:00,3.5,3.5,3.5,3.5,121,0
2016-04-07,10:35:00,3.5,3.5,3.5,3.5,540,0
2016-04-07,10:40:00,3.5,3.59,3.5,3.59,6134,0
2016-04-07,10:45:00,3.59,3.66,3.59,3.63,3733,0
2016-04-07,10:50:00,3.64,3.65,3.54,3.54,980,0
2016-04-07,10:55:00,3.54,3.55,3.54,3.55,542,0
2016-04-07,11:00:00,3.55,3.55,3.54,3.54,379,0
2016-04-07,11:05:00,3.59,3.64,3.59,3.64,4225,0
2016-04-07,11:10:00,3.55,3.65,3.55,3.63,8410,0
2016-04-07,11:15:00,3.64,3.64,3.55,3.55,5011,0
2016-04-07,11:25:00,3.6,3.6,3.6,3.6,111,0
2016-04-07,11:30:00,3.6,3.63,3.6,3.63,6089,0
2016-04-07,11:35:00,3.63,3.63,3.63,3.63,2400,0
2016-04-07,11:40:00,3.63,3.63,3.55,3.55,2272,0
2016-04-07,11:45:00,3.55,3.55,3.55,3.55,3,0
2016-04-07,12:00:00,3.57,3.57,3.55,3.55,3046,0
2016-04-07,12:05:00,3.55,3.55,3.55,3.55,300,0
2016-04-07,12:10:00,3.55,3.55,3.55,3.55,484,0
2016-04-07,12:15:00,3.62,3.63,3.55,3.55,8900,0
2016-04-07,12:20:00,3.62,3.62,3.62,3.62,15,0
2016-04-07,12:25:00,3.61,3.73,3.61,3.68,19074,0
2016-04-07,12:30:00,3.65,3.72,3.65,3.65,8450,0
2016-04-07,12:35:00,3.65,3.65,3.55,3.55,8162,0
2016-04-07,12:40:00,3.7,3.72,3.69,3.7,19993,0
2016-04-07,12:45:00,3.57,3.69,3.55,3.68,12160,0
2016-04-07,13:00:00,3.56,3.56,3.56,3.56,1111,0
2016-04-07,13:05:00,3.56,3.56,3.54,3.54,1214,0
2016-04-07,13:10:00,3.53,3.6,3.5,3.6,62527,0
2016-04-07,13:15:00,3.55,3.6,3.55,3.6,46689,0
2016-04-07,13:20:00,3.6,3.6,3.6,3.6,211,0
2016-04-07,13:25:00,3.54,3.65,3.54,3.65,6188,0
2016-04-07,13:30:00,3.6,3.6,3.6,3.6,1600,0
2016-04-07,13:35:00,3.6,3.6,3.6,3.6,1385,0
2016-04-07,13:45:00,3.6,3.6,3.6,3.6,227,0
2016-04-07,14:00:00,3.65,3.67,3.65,3.67,2004,0
2016-04-07,14:05:00,3.67,3.67,3.6,3.67,6730,0
2016-04-07,14:10:00,3.61,3.61,3.6,3.6,2540,0
2016-04-07,14:15:00,3.61,3.61,3.61,3.61,198,0
2016-04-07,14:20:00,3.61,3.61,3.61,3.61,20,0
2016-04-07,14:25:00,3.61,3.61,3.61,3.61,2085,0
2016-04-07,14:30:00,3.65,3.65,3.6,3.6,1600,0
2016-04-07,14:45:00,3.66,3.67,3.6,3.67,2580,0
2016-04-07,14:50:00,3.6,3.67,3.6,3.67,638,0
2016-04-07,14:55:00,3.61,3.61,3.6,3.6,1240,0
2016-04-07,15:00:00,3.65,3.65,3.65,3.65,138,0
2016-04-07,15:05:00,3.65,3.65,3.65,3.65,189,0
2016-04-07,15:25:00,3.65,3.65,3.64,3.65,1168,0
2016-04-07,15:30:00,3.61,3.61,3.61,3.61,9,0
2016-04-07,15:35:00,3.65,3.65,3.65,3.65,250,0
2016-04-07,15:40:00,3.65,3.68,3.62,3.68,3421,0
2016-04-07,15:45:00,3.68,3.68,3.68,3.68,1803,0
2016-04-07,15:50:00,3.68,3.68,3.68,3.68,2000,0
2016-04-07,16:00:00,3.63,3.68,3.62,3.63,7329,0
2016-04-07,16:05:00,3.67,3.68,3.67,3.68,300,0
2016-04-07,16:10:00,3.68,3.68,3.68,3.68,459,0
2016-04-07,16:20:00,3.67,3.76,3.67,3.76,4946,0
2016-04-07,16:25:00,3.77,3.85,3.72,3.85,15317,0
2016-04-07,16:30:00,3.85,3.85,3.85,3.85,3200,0
2016-04-07,16:35:00,3.85,3.85,3.84,3.85,17585,0
2016-04-07,16:50:00,4,4,4,4,13239,0
2016-04-08,09:05:00,3.95,3.97,3.95,3.97,2873,0
2016-04-08,09:10:00,3.97,3.97,3.96,3.97,2634,0
2016-04-08,09:15:00,3.97,4.14,3.97,4.1,9921,0
2016-04-08,09:20:00,4.1,4.1,4.1,4.1,450,0
2016-04-08,09:25:00,4.08,4.1,3.88,3.88,10182,0
2016-04-08,09:30:00,3.88,3.95,3.88,3.95,602,0
2016-04-08,09:35:00,4,4.07,4,4.07,1819,0
2016-04-08,09:40:00,3.97,4.05,3.95,4.05,3029,0
2016-04-08,09:45:00,4.05,4.05,4.05,4.05,2054,0
2016-04-08,09:50:00,4.04,4.09,4.04,4.09,3000,0
2016-04-08,09:55:00,4,4.08,4,4.08,2061,0
2016-04-08,10:10:00,4.03,4.03,3.95,3.99,6483,0
2016-04-08,10:15:00,3.99,3.99,3.99,3.99,150,0
2016-04-08,10:20:00,4,4,4,4,679,0
2016-04-08,10:25:00,4.05,4.05,4.05,4.05,300,0
2016-04-08,10:35:00,4,4,4,4,1000,0
2016-04-08,10:50:00,4.05,4.08,4.05,4.08,2500,0
2016-04-08,11:00:00,4.08,4.08,4.08,4.08,480,0
2016-04-08,11:15:00,4.02,4.02,4.02,4.02,8,0
2016-04-08,11:40:00,4.02,4.02,4,4,2491,0
2016-04-08,11:45:00,4,4.08,4,4.08,194,0
2016-04-08,11:50:00,4.07,4.14,4.07,4.14,6552,0
2016-04-08,11:55:00,4.14,4.14,4.1,4.1,10221,0
2016-04-08,12:00:00,4.1,4.1,4.1,4.1,32,0
2016-04-08,12:10:00,4.14,4.14,4.09,4.14,5066,0
2016-04-08,12:15:00,4.14,4.14,4.14,4.14,80,0
2016-04-08,12:30:00,4.1,4.14,4.1,4.11,1657,0
2016-04-08,12:35:00,4.11,4.11,4.09,4.09,2400,0
2016-04-08,12:40:00,4.14,4.15,4.14,4.15,1016,0
2016-04-08,12:45:00,4.15,4.17,4.14,4.17,2748,0
2016-04-08,12:50:00,4.12,4.12,4.12,4.12,340,0
2016-04-08,12:55:00,4.12,4.19,4.09,4.19,3170,0
2016-04-08,13:00:00,4.09,4.1,4.09,4.1,2860,0
2016-04-08,13:05:00,4.11,4.11,4.11,4.11,700,0
2016-04-08,13:50:00,4.1,4.1,4.1,4.1,1300,0
2016-04-08,14:05:00,4.1,4.1,4.1,4.1,700,0
2016-04-08,14:10:00,4.1,4.1,4.05,4.05,2100,0
2016-04-08,14:15:00,4.05,4.11,4.01,4.11,5090,0
2016-04-08,14:20:00,4.11,4.11,4.11,4.11,1280,0
2016-04-08,14:25:00,4.11,4.11,4.11,4.11,1000,0
2016-04-08,14:30:00,4.11,4.11,4.11,4.11,4,0
2016-04-08,15:00:00,4.12,4.12,4.11,4.11,2384,0
2016-04-08,15:25:00,4.11,4.11,4.11,4.11,100,0
2016-04-08,15:30:00,4.11,4.16,4.11,4.16,1513,0
2016-04-08,15:40:00,4.11,4.11,4.11,4.11,970,0
2016-04-08,15:55:00,4.11,4.11,4.11,4.11,2500,0
2016-04-08,16:05:00,4.11,4.11,4.11,4.11,2986,0
2016-04-08,16:10:00,4.11,4.11,4.11,4.11,1790,0
2016-04-08,16:15:00,4.11,4.15,4.11,4.15,3750,0
2016-04-08,16:20:00,4.11,4.15,4.11,4.15,44759,0
2016-04-08,16:25:00,4.12,4.15,4.12,4.15,600,0
2016-04-08,16:35:00,4.15,4.15,4.15,4.15,711,0
2016-04-08,16:40:00,4.15,4.18,4.15,4.18,1956,0
2016-04-08,16:45:00,4.18,4.18,4.18,4.18,311,0
2016-04-08,16:50:00,4.18,4.19,4.18,4.19,5204,0
2016-04-11,09:05:00,4.19,4.19,4.19,4.19,1620,0
2016-04-11,09:10:00,4.16,4.16,4.16,4.16,200,0
2016-04-11,09:15:00,4.19,4.21,4.19,4.21,1065,0
2016-04-11,09:20:00,4.22,4.22,4.22,4.22,300,0
2016-04-11,09:25:00,4.2,4.22,4.2,4.22,2047,0
2016-04-11,10:05:00,4.2,4.29,4.2,4.28,6953,0
2016-04-11,10:15:00,4.29,4.3,4.23,4.23,1090,0
2016-04-11,10:20:00,4.23,4.23,4.23,4.23,160,0
2016-04-11,10:45:00,4.21,4.21,4.17,4.17,2980,0
2016-04-11,10:50:00,4.17,4.25,4.17,4.25,1699,0
2016-04-11,11:00:00,4.25,4.25,4.25,4.25,300,0
2016-04-11,11:05:00,4.18,4.18,4.18,4.18,4,0
2016-04-11,11:10:00,4.18,4.18,4.18,4.18,336,0
2016-04-11,11:15:00,4.16,4.16,4.14,4.14,969,0
2016-04-11,12:05:00,4.13,4.13,4.11,4.11,3691,0
2016-04-11,12:15:00,4.11,4.11,4.11,4.11,2268,0
2016-04-11,12:40:00,4.12,4.12,4.12,4.12,24,0
2016-04-11,13:10:00,4.19,4.2,4.19,4.2,2000,0
2016-04-11,13:20:00,4.2,4.2,4.2,4.2,312,0
2016-04-11,13:35:00,4.13,4.19,4.12,4.19,2156,0
2016-04-11,14:30:00,4.19,4.19,4.19,4.19,100,0
2016-04-11,14:50:00,4.12,4.12,4.12,4.12,1,0
2016-04-11,15:10:00,4.12,4.12,4.1,4.1,1099,0
2016-04-11,15:15:00,4.08,4.08,4.06,4.06,860,0
2016-04-11,15:45:00,4.09,4.11,4.09,4.11,500,0
2016-04-11,16:05:00,4.07,4.07,4.07,4.07,5,0
2016-04-11,16:10:00,4.07,4.07,4.07,4.07,1195,0
2016-04-11,16:15:00,4.06,4.06,4.06,4.06,2,0
2016-04-11,16:20:00,4.07,4.07,4.05,4.05,498,0
2016-04-11,16:25:00,4.03,4.03,4,4,2488,0
2016-04-11,16:30:00,4,4,4,4,2,0
2016-04-11,16:35:00,4,4,4,4,330,0
2016-04-11,16:40:00,4,4,4,4,320,0
2016-04-11,16:45:00,4,4,4,4,1500,0
2016-04-11,16:50:00,4,4,3.92,3.92,1960,0
2016-04-12,09:05:00,3.93,3.93,3.93,3.93,314,0
2016-04-12,09:10:00,4,4,4,4,600,0
2016-04-12,09:45:00,3.93,3.93,3.93,3.93,250,0
2016-04-12,09:50:00,3.93,3.93,3.86,3.86,1598,0
2016-04-12,10:10:00,3.87,3.87,3.87,3.87,352,0
2016-04-12,10:20:00,3.87,3.87,3.82,3.82,1716,0
2016-04-12,10:40:00,3.82,3.82,3.82,3.82,758,0
2016-04-12,10:45:00,3.92,3.92,3.92,3.92,8,0
2016-04-12,10:55:00,3.81,3.81,3.81,3.81,14,0
2016-04-12,11:25:00,3.81,3.81,3.81,3.81,7,0
2016-04-12,11:45:00,3.81,3.81,3.81,3.81,90,0
2016-04-12,12:50:00,3.82,3.82,3.76,3.76,4779,0
2016-04-12,14:15:00,3.89,3.89,3.89,3.89,90,0
2016-04-12,14:30:00,3.8,3.8,3.8,3.8,8,0
2016-04-12,15:35:00,3.8,3.8,3.8,3.8,3,0
2016-04-12,15:45:00,3.82,3.82,3.82,3.82,220,0
2016-04-12,15:50:00,3.9,3.95,3.9,3.95,5759,0
2016-04-12,16:00:00,3.98,3.98,3.95,3.95,696,0
2016-04-12,16:05:00,3.95,3.95,3.95,3.95,27,0
2016-04-12,16:25:00,3.95,3.95,3.95,3.95,300,0
2016-04-12,16:30:00,3.95,3.95,3.95,3.95,700,0
2016-04-12,16:35:00,3.95,3.95,3.95,3.95,340,0
2016-04-12,16:45:00,3.95,3.95,3.95,3.95,85,0
2016-04-12,16:50:00,3.98,3.98,3.98,3.98,3300,0
2016-04-13,09:05:00,3.91,3.99,3.91,3.99,350,0
2016-04-13,09:30:00,3.94,3.94,3.94,3.94,350,0
2016-04-13,09:45:00,3.94,3.94,3.92,3.92,300,0
2016-04-13,10:55:00,3.92,3.92,3.9,3.9,350,0
2016-04-13,11:25:00,3.95,3.95,3.95,3.95,600,0
2016-04-13,11:30:00,3.94,3.94,3.94,3.94,130,0
2016-04-13,12:00:00,3.94,3.95,3.94,3.95,470,0
2016-04-13,12:05:00,3.95,3.95,3.95,3.95,2,0
2016-04-13,12:10:00,3.98,3.98,3.98,3.98,70,0
2016-04-13,12:55:00,3.95,3.95,3.95,3.95,994,0
2016-04-13,13:10:00,3.98,4,3.98,4,2035,0
2016-04-13,13:20:00,3.98,3.98,3.98,3.98,900,0
2016-04-13,13:25:00,4,4.07,4,4.07,5828,0
2016-04-13,13:30:00,4.07,4.13,4.04,4.04,8972,0
2016-04-13,13:45:00,4.04,4.04,4.03,4.03,679,0
2016-04-13,13:50:00,4.03,4.03,4.01,4.01,500,0
2016-04-13,13:55:00,4.12,4.12,4.12,4.12,123,0
2016-04-13,14:05:00,4.11,4.11,4.11,4.11,1723,0
2016-04-13,14:25:00,4.12,4.15,4.12,4.15,8000,0
2016-04-13,14:30:00,4.18,4.18,4.18,4.18,500,0
2016-04-13,14:45:00,4.15,4.15,4.15,4.15,199,0
2016-04-13,14:55:00,4.1,4.1,4.1,4.1,4500,0
2016-04-13,15:30:00,4.07,4.13,4.03,4.13,8283,0
2016-04-13,15:55:00,4.03,4.03,4.03,4.03,5,0
2016-04-13,16:35:00,4.11,4.15,4.11,4.15,14000,0
2016-04-13,16:40:00,4.06,4.06,4.06,4.06,395,0
2016-04-13,16:50:00,4.1,4.15,4.05,4.15,26502,0
2016-04-14,09:05:00,4.14,4.3,4.14,4.3,8457,0
2016-04-14,09:10:00,4.28,4.34,4.26,4.26,5284,0
2016-04-14,09:15:00,4.22,4.24,4.22,4.24,1300,0
2016-04-14,09:20:00,4.33,4.33,4.33,4.33,104,0
2016-04-14,09:25:00,4.3,4.33,4.3,4.33,1088,0
2016-04-14,09:30:00,4.34,4.34,4.33,4.34,1900,0
2016-04-14,09:35:00,4.33,4.33,4.33,4.33,112,0
2016-04-14,09:45:00,4.25,4.25,4.25,4.25,1250,0
2016-04-14,09:50:00,4.25,4.26,4.25,4.25,1805,0
2016-04-14,09:55:00,4.25,4.25,4.25,4.25,297,0
2016-04-14,10:00:00,4.29,4.29,4.29,4.29,197,0
2016-04-14,10:05:00,4.26,4.26,4.26,4.26,999,0
2016-04-14,10:10:00,4.26,4.26,4.26,4.26,101,0
2016-04-14,10:15:00,4.29,4.33,4.29,4.32,8150,0
2016-04-14,10:25:00,4.26,4.26,4.26,4.26,700,0
2016-04-14,10:35:00,4.3,4.33,4.3,4.33,1990,0
2016-04-14,10:40:00,4.33,4.34,4.32,4.34,2811,0
2016-04-14,10:45:00,4.32,4.32,4.32,4.32,1210,0
2016-04-14,11:00:00,4.26,4.26,4.26,4.26,1600,0
2016-04-14,11:10:00,4.26,4.26,4.25,4.25,1637,0
2016-04-14,11:15:00,4.31,4.31,4.21,4.21,2700,0
2016-04-14,11:25:00,4.21,4.21,4.21,4.21,290,0
2016-04-14,11:40:00,4.21,4.21,4.21,4.21,792,0
2016-04-14,12:25:00,4.3,4.3,4.3,4.3,1000,0
2016-04-14,12:35:00,4.2,4.2,4.2,4.2,1000,0
2016-04-14,12:55:00,4.2,4.2,4.2,4.2,2,0
2016-04-14,13:25:00,4.29,4.3,4.29,4.3,5000,0
2016-04-14,13:30:00,4.3,4.3,4.3,4.3,120,0
2016-04-14,13:55:00,4.22,4.22,4.22,4.22,373,0
2016-04-14,14:40:00,4.22,4.22,4.22,4.22,5,0
2016-04-14,14:45:00,4.22,4.22,4.21,4.21,1000,0
2016-04-14,14:55:00,4.21,4.21,4.21,4.21,100000,0
2016-04-14,15:00:00,4.28,4.28,4.28,4.28,800,0
2016-04-14,15:50:00,4.27,4.27,4.23,4.23,520,0
2016-04-14,16:00:00,4.23,4.23,4.23,4.23,1476,0
2016-04-14,16:10:00,4.23,4.23,4.23,4.23,1333,0
2016-04-14,16:15:00,4.23,4.23,4.23,4.23,917,0
2016-04-14,16:40:00,4.24,4.24,4.24,4.24,1000,0
2016-04-14,16:45:00,4.23,4.23,4.2,4.2,6415,0
2016-04-14,16:50:00,4.24,4.27,4.24,4.27,2055,0
2016-04-15,09:05:00,4.21,4.21,4.21,4.21,462,0
2016-04-15,09:10:00,4.22,4.26,4.22,4.26,470,0
2016-04-15,09:15:00,4.21,4.21,4.21,4.21,1740,0
2016-04-15,09:20:00,4.21,4.21,4.21,4.21,500,0
2016-04-15,09:30:00,4.21,4.21,4.21,4.21,300,0
2016-04-15,09:35:00,4.2,4.2,4.2,4.2,4252,0
2016-04-15,09:55:00,4.2,4.2,4.2,4.2,320,0
2016-04-15,10:00:00,4.2,4.21,4.2,4.21,81,0
2016-04-15,10:20:00,4.2,4.2,4.2,4.2,800,0
2016-04-15,10:25:00,4.21,4.27,4.21,4.27,534,0
2016-04-15,10:30:00,4.27,4.27,4.27,4.27,500,0
2016-04-15,10:35:00,4.27,4.3,4.27,4.3,2000,0
2016-04-15,10:40:00,4.27,4.27,4.27,4.27,200,0
2016-04-15,10:50:00,4.29,4.3,4.29,4.3,1200,0
2016-04-15,11:00:00,4.29,4.38,4.29,4.38,5722,0
2016-04-15,11:05:00,4.37,4.38,4.37,4.37,1595,0
2016-04-15,11:10:00,4.37,4.37,4.37,4.37,300,0
2016-04-15,11:15:00,4.37,4.37,4.37,4.37,565,0
2016-04-15,11:40:00,4.32,4.32,4.32,4.32,1300,0
2016-04-15,11:45:00,4.35,4.35,4.35,4.35,1600,0
2016-04-15,12:05:00,4.35,4.36,4.35,4.35,4753,0
2016-04-15,12:25:00,4.34,4.34,4.34,4.34,850,0
2016-04-15,12:45:00,4.24,4.24,4.24,4.24,550,0
2016-04-15,12:50:00,4.24,4.34,4.22,4.22,3980,0
2016-04-15,12:55:00,4.31,4.31,4.31,4.31,618,0
2016-04-15,13:05:00,4.21,4.21,4.2,4.2,1223,0
2016-04-15,13:40:00,4.25,4.3,4.25,4.3,2000,0
2016-04-15,14:05:00,4.22,4.22,4.21,4.21,640,0
2016-04-15,14:15:00,4.25,4.27,4.25,4.27,1500,0
2016-04-15,14:40:00,4.19,4.19,4.18,4.18,1870,0
2016-04-15,14:45:00,4.18,4.18,4.18,4.18,400,0
2016-04-15,15:05:00,4.16,4.18,4.16,4.16,701,0
2016-04-15,15:15:00,4.15,4.15,4.15,4.15,3800,0
2016-04-15,15:25:00,4.13,4.13,4.13,4.13,200,0
2016-04-15,15:35:00,4.15,4.2,4.15,4.2,3000,0
2016-04-15,15:55:00,4.22,4.22,4.22,4.22,1291,0
2016-04-15,16:00:00,4.22,4.22,4.22,4.22,1140,0
2016-04-15,16:05:00,4.22,4.22,4.22,4.22,400,0
2016-04-15,16:10:00,4.22,4.22,4.22,4.22,169,0
2016-04-15,16:35:00,4.12,4.12,4.12,4.12,6,0
2016-04-15,16:40:00,4.12,4.12,4.12,4.12,1244,0
2016-04-15,16:50:00,4.18,4.28,4.18,4.28,13183,0
2016-04-18,09:05:00,4.13,4.25,4.13,4.25,3040,0
2016-04-18,09:20:00,4.26,4.26,4.26,4.26,100,0
2016-04-18,09:50:00,4.14,4.25,4.14,4.25,840,0
2016-04-18,09:55:00,4.25,4.27,4.25,4.27,1100,0
2016-04-18,10:00:00,4.27,4.28,4.2,4.28,2345,0
2016-04-18,10:05:00,4.29,4.3,4.29,4.3,1100,0
2016-04-18,10:10:00,4.2,4.29,4.2,4.29,3200,0
2016-04-18,10:15:00,4.21,4.21,4.21,4.21,3,0
2016-04-18,10:20:00,4.28,4.28,4.28,4.28,1,0
2016-04-18,10:40:00,4.21,4.21,4.21,4.21,6,0
2016-04-18,10:50:00,4.27,4.27,4.27,4.27,136,0
2016-04-18,11:30:00,4.21,4.21,4.19,4.19,646,0
2016-04-18,12:05:00,4.24,4.24,4.24,4.24,95,0
2016-04-18,12:10:00,4.23,4.23,4.23,4.23,6354,0
2016-04-18,12:15:00,4.23,4.27,4.23,4.27,8596,0
2016-04-18,12:20:00,4.25,4.25,4.25,4.25,200,0
2016-04-18,12:25:00,4.27,4.27,4.27,4.27,100,0
2016-04-18,12:35:00,4.24,4.27,4.24,4.27,413,0
2016-04-18,13:15:00,4.23,4.23,4.19,4.19,191,0
2016-04-18,13:20:00,4.16,4.16,4.14,4.14,809,0
2016-04-18,14:05:00,4.25,4.25,4.25,4.25,50,0
2016-04-18,14:20:00,4.2,4.2,4.2,4.2,903,0
2016-04-18,14:50:00,4.2,4.2,4.2,4.2,97,0
2016-04-18,14:55:00,4.15,4.15,4.14,4.14,903,0
2016-04-18,15:00:00,4.14,4.14,4.13,4.13,1000,0
2016-04-18,15:35:00,4.2,4.2,4.2,4.2,150,0
2016-04-18,16:20:00,4.14,4.14,4.14,4.14,88,0
2016-04-18,16:40:00,4.14,4.2,4.14,4.2,440,0
2016-04-18,16:45:00,4.15,4.21,4.15,4.21,420,0
2016-04-18,16:50:00,4.16,4.21,4.14,4.21,467,0
2016-04-19,09:05:00,4.2,4.2,4.11,4.11,1437,0
2016-04-19,09:10:00,4.11,4.11,4.1,4.1,1381,0
2016-04-19,09:15:00,4.11,4.11,4.1,4.1,368,0
2016-04-19,09:20:00,4.1,4.11,4.1,4.1,4432,0
2016-04-19,09:25:00,4.1,4.11,4.1,4.11,3414,0
2016-04-19,09:35:00,4.09,4.11,4.05,4.11,6376,0
2016-04-19,09:40:00,4.06,4.06,4.04,4.04,800,0
2016-04-19,09:50:00,4.09,4.09,4.09,4.09,500,0
2016-04-19,10:00:00,4.09,4.09,4.09,4.09,475,0
2016-04-19,10:05:00,4.1,4.1,4.1,4.1,1200,0
2016-04-19,10:15:00,4.11,4.11,4.11,4.11,500,0
2016-04-19,10:30:00,4.09,4.09,4.05,4.05,1500,0
2016-04-19,10:35:00,4.1,4.11,4.1,4.11,2000,0
2016-04-19,10:40:00,4.1,4.11,4.1,4.11,6000,0
2016-04-19,10:50:00,4.11,4.16,4.08,4.16,2286,0
2016-04-19,11:00:00,4.16,4.16,4.16,4.16,2000,0
2016-04-19,13:15:00,4.1,4.1,4.1,4.1,675,0
2016-04-19,13:25:00,4.11,4.11,4.1,4.1,500,0
2016-04-19,14:00:00,4.1,4.1,4.1,4.1,3,0
2016-04-19,14:05:00,4.1,4.1,4.1,4.1,1000,0
2016-04-19,14:10:00,4.1,4.1,4.1,4.1,3,0
2016-04-19,14:20:00,4.1,4.1,4.1,4.1,100,0
2016-04-19,15:15:00,4.09,4.09,4.09,4.09,160,0
2016-04-19,15:25:00,4.07,4.07,4.06,4.06,1111,0
2016-04-19,16:25:00,4.06,4.06,4.06,4.06,800,0
2016-04-19,16:35:00,4.07,4.07,4.05,4.05,780,0
2016-04-19,16:40:00,4.05,4.08,4.04,4.08,2190,0
2016-04-19,16:50:00,4.09,4.09,4.09,4.09,222,0
2016-04-20,09:05:00,3.99,4.07,3.99,4,2881,0
2016-04-20,09:10:00,4,4,4,4,232,0
2016-04-20,09:15:00,4.01,4.01,3.95,3.95,4200,0
2016-04-20,09:20:00,3.97,3.98,3.97,3.98,868,0
2016-04-20,09:45:00,3.98,3.98,3.91,3.91,2000,0
2016-04-20,09:55:00,3.98,3.98,3.95,3.95,800,0
2016-04-20,10:00:00,3.92,3.94,3.91,3.92,2090,0
2016-04-20,10:05:00,3.94,3.98,3.92,3.98,3470,0
2016-04-20,10:10:00,3.97,4,3.97,4,3626,0
2016-04-20,10:15:00,3.96,4,3.94,3.96,2703,0
2016-04-20,10:20:00,4,4,4,4,2122,0
2016-04-20,10:25:00,4.04,4.06,4.03,4.06,1572,0
2016-04-20,10:30:00,4.06,4.07,4.06,4.07,1000,0
2016-04-20,11:15:00,4.01,4.01,4.01,4.01,1000,0
2016-04-20,11:55:00,4.01,4.01,4.01,4.01,335,0
2016-04-20,13:30:00,4.01,4.01,4.01,4.01,165,0
2016-04-20,13:35:00,4,4,4,4,8,0
2016-04-20,13:40:00,4,4,4,4,312,0
2016-04-20,14:30:00,4.02,4.02,4.02,4.02,6,0
2016-04-20,14:55:00,4.02,4.02,4.02,4.02,3,0
2016-04-20,15:20:00,4.02,4.02,4,4,401,0
2016-04-20,15:25:00,3.99,3.99,3.98,3.98,2042,0
2016-04-20,15:50:00,4.01,4.06,4.01,4.06,350,0
2016-04-20,16:20:00,4.01,4.01,4.01,4.01,250,0
2016-04-20,16:40:00,3.97,3.97,3.97,3.97,215,0
2016-04-20,16:45:00,3.97,4,3.97,4,1024,0
2016-04-20,16:50:00,4.01,4.09,4.01,4.09,2600,0
2016-04-21,09:05:00,4.13,4.14,4.12,4.12,3392,0
2016-04-21,09:10:00,4.12,4.12,4.1,4.1,319,0
2016-04-21,09:15:00,4.1,4.1,4.09,4.09,500,0
2016-04-21,09:50:00,4.02,4.02,4.02,4.02,590,0
2016-04-21,09:55:00,4.02,4.02,4.02,4.02,500,0
2016-04-21,10:00:00,4.02,4.02,4.01,4.01,421,0
2016-04-21,10:10:00,4.01,4.01,4.01,4.01,106,0
2016-04-21,10:35:00,4,4,4,4,71,0
2016-04-21,10:45:00,4,4,3.96,3.96,900,0
2016-04-21,11:05:00,3.96,3.96,3.96,3.96,1100,0
2016-04-21,11:20:00,4.07,4.07,4.01,4.01,500,0
2016-04-21,11:30:00,3.98,3.98,3.96,3.96,1000,0
2016-04-21,12:00:00,4.02,4.02,3.96,3.96,200,0
2016-04-21,12:05:00,4.05,4.05,4.05,4.05,100,0
2016-04-21,12:20:00,3.96,3.96,3.96,3.96,4,0
2016-04-21,12:30:00,4.04,4.04,4.04,4.04,200,0
2016-04-21,12:45:00,4.02,4.02,4.02,4.02,100,0
2016-04-21,13:00:00,4.02,4.02,4.02,4.02,650,0
2016-04-21,14:10:00,4,4,3.99,3.99,260,0
2016-04-21,14:25:00,3.99,3.99,3.99,3.99,958,0
2016-04-21,14:30:00,4.04,4.04,4.04,4.04,100,0
2016-04-21,15:30:00,4.02,4.02,4.02,4.02,340,0
2016-04-21,15:40:00,4,4,4,4,2,0
2016-04-21,16:35:00,4,4,3.99,3.99,2215,0
2016-04-21,16:45:00,3.98,3.99,3.98,3.99,1743,0
2016-04-21,16:50:00,3.99,3.99,3.98,3.98,2397,0
2016-04-22,09:05:00,3.97,3.98,3.97,3.97,1350,0
2016-04-22,09:10:00,4,4,4,4,1428,0
2016-04-22,09:15:00,4.02,4.02,4.01,4.02,571,0
2016-04-22,09:20:00,4.02,4.02,4,4.02,3537,0
2016-04-22,09:30:00,4,4,4,4,136,0
2016-04-22,09:35:00,4.01,4.01,4.01,4.01,200,0
2016-04-22,09:40:00,4.01,4.01,4.01,4.01,133,0
2016-04-22,10:05:00,4,4.02,4,4,2224,0
2016-04-22,10:10:00,4.02,4.02,4.02,4.02,1426,0
2016-04-22,10:40:00,4.01,4.01,4,4,213,0
2016-04-22,10:50:00,3.99,3.99,3.99,3.99,3,0
2016-04-22,11:25:00,3.99,3.99,3.97,3.97,520,0
2016-04-22,11:40:00,3.97,3.97,3.97,3.97,5,0
2016-04-22,12:30:00,4.01,4.01,4.01,4.01,118,0
2016-04-22,12:40:00,3.98,3.98,3.98,3.98,2,0
2016-04-22,13:10:00,4.01,4.01,4.01,4.01,100,0
2016-04-22,14:10:00,3.99,3.99,3.99,3.99,8,0
2016-04-22,16:00:00,3.99,3.99,3.97,3.97,1000,0
2016-04-22,16:05:00,3.97,3.97,3.97,3.97,1000,0
2016-04-22,16:25:00,3.98,3.98,3.97,3.97,471,0
2016-04-22,16:35:00,3.97,3.97,3.97,3.97,1100,0
2016-04-22,16:45:00,3.97,4,3.97,4,758,0
2016-04-22,16:50:00,4.01,4.01,4.01,4.01,3046,0
2016-04-25,09:05:00,4,4,4,4,200,0
2016-04-25,09:20:00,3.95,3.95,3.95,3.95,400,0
2016-04-25,09:25:00,4.01,4.01,4.01,4.01,100,0
2016-04-25,09:30:00,3.95,3.95,3.95,3.95,2,0
2016-04-25,09:55:00,3.96,4.01,3.96,3.97,952,0
2016-04-25,10:20:00,3.97,3.97,3.97,3.97,2,0
2016-04-25,11:45:00,3.97,3.97,3.97,3.97,2,0
2016-04-25,11:50:00,4.01,4.01,4.01,4.01,100,0
2016-04-25,12:40:00,3.97,3.97,3.97,3.97,12,0
2016-04-25,12:45:00,3.97,3.97,3.97,3.97,4,0
2016-04-25,14:40:00,3.97,3.97,3.97,3.97,148,0
2016-04-25,15:20:00,3.96,4.01,3.96,4.01,1002,0
2016-04-25,16:05:00,3.96,4,3.96,4,1900,0
2016-04-25,16:40:00,3.97,3.97,3.97,3.97,200,0
2016-04-25,16:45:00,3.96,3.96,3.96,3.96,251,0
2016-04-26,09:05:00,4.01,4.01,4.01,4.01,1000,0
2016-04-26,09:20:00,3.92,3.92,3.92,3.92,925,0
2016-04-26,09:35:00,3.99,4,3.99,4,925,0
2016-04-26,09:55:00,3.94,3.94,3.94,3.94,15,0
2016-04-26,10:35:00,3.94,4,3.94,4,440,0
2016-04-26,11:00:00,3.95,3.95,3.94,3.94,305,0
2016-04-26,11:25:00,4,4,4,4,400,0
2016-04-26,11:50:00,3.94,3.94,3.94,3.94,500,0
2016-04-26,12:00:00,3.94,3.94,3.94,3.94,23,0
2016-04-26,12:15:00,3.94,4,3.94,4,905,0
2016-04-26,12:40:00,3.95,3.95,3.95,3.95,200,0
2016-04-26,12:50:00,3.94,3.95,3.92,3.95,2920,0
2016-04-26,13:10:00,3.93,3.93,3.92,3.92,489,0
2016-04-26,13:15:00,3.9,3.9,3.79,3.79,1946,0
2016-04-26,13:30:00,3.87,3.87,3.87,3.87,500,0
2016-04-26,13:35:00,3.87,3.87,3.87,3.87,644,0
2016-04-26,13:40:00,3.87,3.87,3.87,3.87,84,0
2016-04-26,13:45:00,3.87,3.88,3.87,3.88,1728,0
2016-04-26,13:50:00,3.88,3.88,3.85,3.88,1600,0
2016-04-26,14:10:00,3.93,3.95,3.93,3.95,1435,0
2016-04-26,15:30:00,3.95,3.95,3.95,3.95,185,0
2016-04-26,15:35:00,3.95,3.95,3.95,3.95,415,0
2016-04-26,16:00:00,3.9,3.95,3.9,3.95,88,0
2016-04-26,16:05:00,3.9,3.9,3.9,3.9,497,0
2016-04-26,16:10:00,3.87,3.87,3.87,3.87,100,0
2016-04-26,16:35:00,3.92,3.95,3.92,3.95,130,0
2016-04-26,16:40:00,3.88,3.88,3.85,3.85,1503,0
2016-04-26,16:45:00,3.89,3.89,3.89,3.89,831,0
2016-04-26,16:50:00,3.95,4,3.95,3.99,2200,0
2016-04-27,09:05:00,3.99,3.99,3.99,3.99,300,0
2016-04-27,10:25:00,3.99,4.08,3.99,4.06,1247,0
2016-04-27,10:40:00,4,4,4,4,3,0
2016-04-27,10:45:00,4.03,4.03,4.03,4.03,100,0
2016-04-27,11:00:00,4.02,4.03,4.02,4.03,3502,0
2016-04-27,11:05:00,4.01,4.03,4.01,4.03,1200,0
2016-04-27,11:40:00,4.03,4.04,4.03,4.04,350,0
2016-04-27,11:55:00,4.04,4.04,4.04,4.04,84,0
2016-04-27,12:00:00,4.04,4.04,4.04,4.04,27,0
2016-04-27,12:20:00,4.01,4.01,4,4,650,0
2016-04-27,12:25:00,4,4,4,4,1000,0
2016-04-27,14:40:00,3.99,3.99,3.99,3.99,6,0
2016-04-27,15:45:00,3.99,3.99,3.99,3.99,4,0
2016-04-27,16:15:00,3.99,3.99,3.99,3.99,564,0
2016-04-27,16:50:00,4.04,4.04,4.04,4.04,1124,0
2016-04-28,09:05:00,4,4,4,4,260,0
2016-04-28,10:05:00,3.93,3.93,3.93,3.93,107,0
2016-04-28,10:15:00,4,4.03,4,4.03,2200,0
2016-04-28,10:20:00,3.94,3.94,3.94,3.94,3,0
2016-04-28,10:35:00,4.03,4.03,4.03,4.03,1000,0
2016-04-28,13:50:00,3.95,3.95,3.95,3.95,1,0
2016-04-28,14:55:00,3.95,3.95,3.94,3.94,350,0
2016-04-28,15:05:00,4,4.02,4,4.02,619,0
2016-04-28,15:15:00,3.94,3.94,3.94,3.94,339,0
2016-04-28,15:40:00,3.94,3.94,3.93,3.93,540,0
2016-04-28,16:20:00,4,4,4,4,200,0
2016-04-28,16:35:00,4,4,4,4,500,0
2016-04-28,16:50:00,4,4.04,3.91,4.04,10574,0
2016-04-29,09:05:00,4,4.04,4,4.04,962,0
2016-04-29,09:10:00,4,4,4,4,138,0
2016-04-29,09:25:00,3.98,3.98,3.98,3.98,100,0
2016-04-29,09:35:00,3.99,3.99,3.99,3.99,5,0
2016-04-29,09:40:00,4,4,3.98,3.98,400,0
2016-04-29,09:50:00,3.98,3.98,3.98,3.98,4,0
2016-04-29,10:35:00,4.04,4.04,4.04,4.04,100,0
2016-04-29,11:50:00,4.04,4.08,4.04,4.08,6783,0
2016-04-29,11:55:00,4.08,4.14,4.08,4.14,1307,0
2016-04-29,12:00:00,4.14,4.14,4.14,4.14,538,0
2016-04-29,12:05:00,4.14,4.15,4.14,4.15,2394,0
2016-04-29,12:15:00,4.15,4.19,4.15,4.19,4107,0
2016-04-29,12:30:00,4.21,4.21,4.15,4.15,2214,0
2016-04-29,12:35:00,4.15,4.22,4.15,4.18,4373,0
2016-04-29,12:55:00,4.15,4.15,4.15,4.15,116,0
2016-04-29,13:10:00,4.2,4.2,4.2,4.2,36,0
2016-04-29,13:15:00,4.15,4.15,4.15,4.15,696,0
2016-04-29,13:40:00,4.19,4.19,4.19,4.19,390,0
2016-04-29,13:50:00,4.16,4.16,4.16,4.16,700,0
2016-04-29,13:55:00,4.2,4.21,4.2,4.21,2464,0
2016-04-29,14:30:00,4.23,4.24,4.23,4.23,3200,0
2016-04-29,14:40:00,4.21,4.24,4.21,4.24,337,0
2016-04-29,14:45:00,4.24,4.24,4.24,4.24,2613,0
2016-04-29,15:05:00,4.24,4.24,4.24,4.24,305,0
2016-04-29,15:10:00,4.24,4.24,4.16,4.16,1132,0
2016-04-29,15:15:00,4.15,4.15,4.15,4.15,754,0
2016-04-29,15:25:00,4.2,4.26,4.2,4.26,4885,0
2016-04-29,15:30:00,4.26,4.3,4.26,4.3,7115,0
2016-04-29,15:35:00,4.25,4.25,4.25,4.25,510,0
2016-04-29,15:45:00,4.3,4.34,4.3,4.34,5598,0
2016-04-29,15:50:00,4.36,4.36,4.34,4.34,3385,0
2016-04-29,15:55:00,4.36,4.4,4.34,4.4,7750,0
2016-04-29,16:00:00,4.4,4.4,4.4,4.4,1100,0
2016-04-29,16:05:00,4.4,4.4,4.4,4.4,878,0
2016-04-29,16:25:00,4.44,4.44,4.44,4.44,3700,0
2016-04-29,16:30:00,4.44,4.44,4.4,4.41,6779,0
2016-04-29,16:35:00,4.4,4.42,4.4,4.42,7890,0
2016-04-29,16:40:00,4.41,4.42,4.41,4.42,700,0
2016-04-29,16:50:00,4.4,4.42,4.4,4.42,13375,0
