2015-09-10,09:25:00,8.31,8.32,8.31,8.32,3500,0
2015-09-10,09:30:00,8.33,8.35,8.33,8.35,2051,0
2015-09-10,09:35:00,8.36,8.36,8.36,8.36,500,0
2015-09-10,09:40:00,8.33,8.33,8.33,8.33,150,0
2015-09-10,09:45:00,8.36,8.4,8.36,8.4,3175,0
2015-09-10,09:50:00,8.4,8.4,8.4,8.4,300,0
2015-09-10,10:20:00,8.39,8.4,8.39,8.4,1045,0
2015-09-10,10:25:00,8.42,8.42,8.42,8.42,1095,0
2015-09-10,10:45:00,8.4,8.4,8.4,8.4,450,0
2015-09-10,11:05:00,8.44,8.45,8.44,8.45,1472,0
2015-09-10,11:30:00,8.49,8.49,8.49,8.49,484,0
2015-09-10,11:45:00,8.5,8.5,8.5,8.5,100,0
2015-09-10,11:50:00,8.53,8.54,8.53,8.54,950,0
2015-09-10,11:55:00,8.54,8.6,8.54,8.6,5361,0
2015-09-10,12:00:00,8.59,8.59,8.49,8.49,1844,0
2015-09-10,12:05:00,8.51,8.51,8.51,8.51,500,0
2015-09-10,12:55:00,8.56,8.57,8.56,8.57,15110,0
2015-09-10,13:10:00,8.55,8.57,8.55,8.57,2989,0
2015-09-10,13:15:00,8.53,8.53,8.53,8.53,805,0
2015-09-10,13:20:00,8.57,8.57,8.57,8.57,5505,0
2015-09-10,13:30:00,8.57,8.57,8.53,8.57,6825,0
2015-09-10,13:55:00,8.57,8.57,8.57,8.57,160,0
2015-09-10,14:15:00,8.57,8.57,8.57,8.57,57,0
2015-09-10,14:35:00,8.57,8.57,8.53,8.53,10038,0
2015-09-10,14:55:00,8.59,8.6,8.59,8.6,2870,0
2015-09-10,16:00:00,8.58,8.58,8.58,8.58,1000,0
2015-09-10,16:50:00,8.54,8.54,8.54,8.54,29,0
2015-09-11,09:15:00,8.6,8.6,8.57,8.57,1320,0
2015-09-11,09:20:00,8.6,8.63,8.6,8.63,98,0
2015-09-11,09:25:00,8.58,8.58,8.57,8.57,844,0
2015-09-11,09:50:00,8.57,8.57,8.57,8.57,111,0
2015-09-11,10:05:00,8.62,8.65,8.62,8.65,9493,0
2015-09-11,10:35:00,8.66,8.66,8.66,8.66,500,0
2015-09-11,10:40:00,8.66,8.66,8.65,8.65,1625,0
2015-09-11,10:50:00,8.65,8.65,8.65,8.65,2000,0
2015-09-11,10:55:00,8.65,8.65,8.65,8.65,240,0
2015-09-11,11:00:00,8.66,8.66,8.66,8.66,2000,0
2015-09-11,11:10:00,8.65,8.65,8.65,8.65,252,0
2015-09-11,11:15:00,8.66,8.66,8.66,8.66,92,0
2015-09-11,11:20:00,8.68,8.7,8.68,8.7,1908,0
2015-09-11,11:35:00,8.7,8.7,8.7,8.7,1533,0
2015-09-11,11:50:00,8.73,8.73,8.73,8.73,7000,0
2015-09-11,11:55:00,8.7,8.7,8.69,8.69,170,0
2015-09-11,12:00:00,8.69,8.69,8.69,8.69,150,0
2015-09-11,12:15:00,8.7,8.7,8.7,8.7,600,0
2015-09-11,12:35:00,8.72,8.75,8.72,8.75,15429,0
2015-09-11,12:50:00,8.75,8.75,8.71,8.71,264,0
2015-09-11,12:55:00,8.75,8.75,8.75,8.75,2000,0
2015-09-11,13:20:00,8.75,8.75,8.75,8.75,173,0
2015-09-11,13:30:00,8.75,8.75,8.75,8.75,500,0
2015-09-11,13:40:00,8.75,8.75,8.75,8.75,1800,0
2015-09-11,13:45:00,8.75,8.75,8.75,8.75,2499,0
2015-09-11,14:15:00,8.78,8.78,8.78,8.78,618,0
2015-09-11,14:20:00,8.79,8.81,8.79,8.81,9069,0
2015-09-11,14:40:00,8.81,8.81,8.81,8.81,2300,0
2015-09-11,14:55:00,8.82,8.82,8.82,8.82,1100,0
2015-09-11,15:00:00,8.82,8.82,8.81,8.81,966,0
2015-09-11,15:10:00,8.84,8.86,8.84,8.86,2100,0
2015-09-11,15:20:00,8.88,8.89,8.87,8.87,1810,0
2015-09-11,15:25:00,8.87,8.87,8.87,8.87,50,0
2015-09-11,15:40:00,8.88,8.88,8.88,8.88,1000,0
2015-09-11,15:50:00,8.87,8.87,8.87,8.87,1340,0
2015-09-11,15:55:00,8.87,8.87,8.87,8.87,388,0
2015-09-11,16:00:00,8.88,8.88,8.88,8.88,1000,0
2015-09-11,16:15:00,8.89,8.89,8.88,8.89,6325,0
2015-09-11,16:30:00,8.89,8.9,8.89,8.9,2132,0
2015-09-11,16:35:00,8.9,8.9,8.9,8.9,1120,0
2015-09-11,16:40:00,8.9,8.92,8.9,8.92,1502,0
2015-09-11,16:45:00,8.94,9.04,8.94,9.01,17149,0
2015-09-11,16:50:00,9.01,9.19,9.01,9.19,8490,0
2015-09-14,09:05:00,9.15,9.15,9.1,9.1,12586,0
2015-09-14,09:20:00,9.07,9.07,9.07,9.07,400,0
2015-09-14,09:25:00,9.08,9.08,9.08,9.08,251,0
2015-09-14,09:30:00,9.08,9.13,9.08,9.13,530,0
2015-09-14,09:35:00,9.1,9.18,9.1,9.18,5349,0
2015-09-14,09:40:00,9.15,9.15,9.15,9.15,100,0
2015-09-14,09:50:00,9.15,9.15,9.15,9.15,1000,0
2015-09-14,10:00:00,9.15,9.15,9.15,9.15,101,0
2015-09-14,10:15:00,9.08,9.13,9.08,9.13,670,0
2015-09-14,10:20:00,9.08,9.08,9.08,9.08,355,0
2015-09-14,10:45:00,9.12,9.12,9.12,9.12,220,0
2015-09-14,11:00:00,9.12,9.12,9.12,9.12,620,0
2015-09-14,11:05:00,9.13,9.13,9.13,9.13,455,0
2015-09-14,11:10:00,9.13,9.17,9.13,9.17,3393,0
2015-09-14,11:15:00,9.15,9.15,9.15,9.15,471,0
2015-09-14,11:20:00,9.15,9.15,9.15,9.15,265,0
2015-09-14,11:35:00,9.15,9.17,9.15,9.17,250,0
2015-09-14,11:45:00,9.18,9.19,9.18,9.19,2472,0
2015-09-14,11:55:00,9.18,9.2,9.18,9.2,5251,0
2015-09-14,12:00:00,9.2,9.25,9.2,9.21,1016,0
2015-09-14,12:15:00,9.21,9.21,9.21,9.21,120,0
2015-09-14,12:35:00,9.21,9.21,9.21,9.21,1300,0
2015-09-14,12:45:00,9.21,9.21,9.21,9.21,1000,0
2015-09-14,12:55:00,9.2,9.2,9.2,9.2,400,0
2015-09-14,13:05:00,9.2,9.2,9.2,9.2,400,0
2015-09-14,13:30:00,9.24,9.25,9.24,9.25,12733,0
2015-09-14,13:35:00,9.25,9.25,9.21,9.21,4816,0
2015-09-14,13:40:00,9.21,9.21,9.21,9.21,600,0
2015-09-14,13:45:00,9.21,9.21,9.21,9.21,9584,0
2015-09-14,13:50:00,9.2,9.2,9.15,9.15,399,0
2015-09-14,14:25:00,9.18,9.2,9.18,9.2,701,0
2015-09-14,15:05:00,9.17,9.17,9.15,9.15,5424,0
2015-09-14,15:25:00,9.2,9.2,9.2,9.2,250,0
2015-09-14,15:35:00,9.2,9.2,9.2,9.2,449,0
2015-09-14,15:50:00,9.2,9.2,9.2,9.2,252,0
2015-09-14,16:00:00,9.2,9.2,9.2,9.2,97,0
2015-09-14,16:45:00,9.17,9.2,9.16,9.16,5608,0
2015-09-14,16:50:00,9.2,9.2,9.2,9.2,9551,0
2015-09-15,09:05:00,9.23,9.23,9.23,9.23,400,0
2015-09-15,09:35:00,9.18,9.18,9.18,9.18,150,0
2015-09-15,09:45:00,9.17,9.17,9.17,9.17,175,0
2015-09-15,10:00:00,9.17,9.17,9.17,9.17,365,0
2015-09-15,10:15:00,9.18,9.18,9.17,9.17,1015,0
2015-09-15,10:20:00,9.17,9.17,9.17,9.17,2217,0
2015-09-15,11:00:00,9.17,9.17,9.17,9.17,160,0
2015-09-15,11:05:00,9.17,9.17,9.15,9.15,21047,0
2015-09-15,11:20:00,9.09,9.09,9.07,9.07,800,0
2015-09-15,11:25:00,9.02,9.02,9.02,9.02,80,0
2015-09-15,11:40:00,9.01,9.02,9.01,9.02,850,0
2015-09-15,12:40:00,8.98,9,8.92,9,568,0
2015-09-15,12:45:00,8.92,8.92,8.88,8.9,695,0
2015-09-15,13:15:00,8.9,8.9,8.9,8.9,100,0
2015-09-15,13:20:00,8.9,8.9,8.9,8.9,200,0
2015-09-15,14:00:00,8.89,8.9,8.89,8.9,200,0
2015-09-15,14:15:00,8.9,8.9,8.9,8.9,216,0
2015-09-15,15:05:00,8.87,8.87,8.86,8.86,900,0
2015-09-15,15:30:00,8.86,8.86,8.86,8.86,157,0
2015-09-15,15:35:00,8.87,8.99,8.87,8.99,1711,0
2015-09-15,15:40:00,8.99,9,8.99,9,13380,0
2015-09-15,15:45:00,9.02,9.02,9.02,9.02,125,0
2015-09-15,15:50:00,9,9.02,8.9,9,35992,0
2015-09-15,15:55:00,8.91,8.91,8.9,8.9,1396,0
2015-09-15,16:05:00,8.99,9,8.99,9,1312,0
2015-09-15,16:10:00,9,9.01,9,9,7291,0
2015-09-15,16:15:00,9,9,9,9,23413,0
2015-09-15,16:20:00,8.9,8.9,8.9,8.9,500,0
2015-09-15,16:40:00,8.99,8.99,8.99,8.99,8581,0
2015-09-15,16:50:00,8.98,8.98,8.98,8.98,50,0
2015-09-16,10:05:00,8.81,8.81,8.81,8.81,344,0
2015-09-16,11:10:00,8.93,8.93,8.93,8.93,222,0
2015-09-16,12:15:00,8.82,8.82,8.81,8.81,445,0
2015-09-16,12:50:00,8.81,8.81,8.81,8.81,174,0
2015-09-16,13:25:00,8.81,8.89,8.81,8.89,200,0
2015-09-16,13:35:00,8.76,8.76,8.71,8.71,1150,0
2015-09-16,13:50:00,8.71,8.71,8.71,8.71,200,0
2015-09-16,13:55:00,8.72,8.72,8.71,8.71,1631,0
2015-09-16,14:40:00,8.75,8.75,8.73,8.73,436,0
2015-09-16,15:00:00,8.75,8.75,8.75,8.75,228,0
2015-09-16,15:15:00,8.75,8.75,8.75,8.75,471,0
2015-09-16,15:30:00,8.77,8.77,8.77,8.77,147,0
2015-09-16,15:35:00,8.78,8.78,8.78,8.78,350,0
2015-09-16,15:50:00,8.77,8.77,8.77,8.77,353,0
2015-09-16,16:00:00,8.77,8.77,8.77,8.77,320,0
2015-09-16,16:10:00,8.77,8.77,8.77,8.77,200,0
2015-09-16,16:45:00,8.77,8.77,8.77,8.77,230,0
2015-09-16,16:50:00,8.84,8.84,8.84,8.84,10,0
2015-09-17,09:05:00,8.76,8.76,8.76,8.76,500,0
2015-09-17,09:15:00,8.78,8.78,8.75,8.75,625,0
2015-09-17,09:25:00,8.76,8.76,8.75,8.75,500,0
2015-09-17,10:45:00,8.76,8.76,8.75,8.75,2448,0
2015-09-17,11:15:00,8.75,8.75,8.75,8.75,300,0
2015-09-17,11:30:00,8.75,8.75,8.75,8.75,636,0
2015-09-17,11:35:00,8.8,8.8,8.8,8.8,1444,0
2015-09-17,13:05:00,8.76,8.79,8.76,8.79,297,0
2015-09-17,14:05:00,8.76,8.76,8.76,8.76,90,0
2015-09-17,14:15:00,8.79,8.9,8.79,8.9,5222,0
2015-09-17,14:30:00,8.95,8.95,8.95,8.95,215,0
2015-09-17,14:35:00,9,9,9,9,77,0
2015-09-17,14:50:00,8.95,8.95,8.95,8.95,1909,0
2015-09-17,16:50:00,8.95,9,8.95,9,804,0
2015-09-18,09:55:00,8.99,8.99,8.99,8.99,100,0
2015-09-18,10:55:00,8.94,8.94,8.94,8.94,1000,0
2015-09-18,11:15:00,8.94,8.94,8.94,8.94,7343,0
2015-09-18,11:40:00,8.88,8.88,8.81,8.81,1545,0
2015-09-18,11:55:00,8.81,8.81,8.8,8.8,742,0
2015-09-18,12:00:00,8.79,8.79,8.79,8.79,8,0
2015-09-18,12:35:00,8.92,8.92,8.92,8.92,2,0
2015-09-18,12:50:00,8.85,8.85,8.85,8.85,50,0
2015-09-18,12:55:00,8.85,8.85,8.85,8.85,100,0
2015-09-18,13:50:00,8.85,8.85,8.85,8.85,750,0
2015-09-18,14:55:00,8.92,8.92,8.92,8.92,74,0
2015-09-18,15:00:00,8.88,8.88,8.85,8.85,2000,0
2015-09-18,15:40:00,8.86,8.86,8.86,8.86,100,0
2015-09-18,15:45:00,8.86,8.92,8.86,8.92,300,0
2015-09-18,15:50:00,8.85,8.85,8.85,8.85,250,0
2015-09-18,16:25:00,8.86,8.86,8.85,8.85,704,0
2015-09-18,16:50:00,8.83,8.83,8.83,8.83,942,0
2015-09-21,10:40:00,8.8,8.8,8.8,8.8,340,0
2015-09-21,10:45:00,8.8,8.8,8.8,8.8,500,0
2015-09-21,11:05:00,8.81,8.81,8.8,8.8,500,0
2015-09-21,11:25:00,8.8,8.8,8.8,8.8,280,0
2015-09-21,11:50:00,8.8,8.8,8.8,8.8,189,0
2015-09-21,12:00:00,8.8,8.8,8.8,8.8,111,0
2015-09-21,12:50:00,8.84,8.84,8.84,8.84,800,0
2015-09-21,13:05:00,8.85,8.85,8.84,8.84,1291,0
2015-09-21,15:00:00,8.81,8.81,8.81,8.81,350,0
2015-09-21,15:30:00,8.81,8.81,8.81,8.81,869,0
2015-09-21,16:50:00,8.8,8.8,8.8,8.8,1081,0
2015-09-22,09:05:00,8.78,8.78,8.78,8.78,200,0
2015-09-22,10:10:00,8.78,8.78,8.78,8.78,270,0
2015-09-22,10:30:00,8.78,8.78,8.78,8.78,222,0
2015-09-22,12:20:00,8.74,8.74,8.73,8.73,497,0
2015-09-22,14:30:00,8.75,8.75,8.75,8.75,153,0
2015-09-22,14:35:00,8.7,8.7,8.7,8.7,259,0
2015-09-22,14:45:00,8.68,8.68,8.68,8.68,248,0
2015-09-22,15:20:00,8.67,8.67,8.61,8.61,1412,0
2015-09-23,09:05:00,8.5,8.5,8.5,8.5,1115,0
2015-09-23,09:10:00,8.49,8.49,8.22,8.22,728,0
2015-09-23,09:20:00,8.24,8.24,8.24,8.24,805,0
2015-09-23,10:35:00,8.35,8.35,8.35,8.35,85,0
2015-09-23,12:15:00,8.45,8.45,8.45,8.45,1000,0
2015-09-23,12:25:00,8.49,8.49,8.49,8.49,95,0
2015-09-23,13:20:00,8.48,8.5,8.48,8.5,1500,0
2015-09-23,15:10:00,8.45,8.45,8.45,8.45,798,0
2015-09-23,15:15:00,8.45,8.45,8.45,8.45,1202,0
2015-09-23,15:35:00,8.41,8.41,8.36,8.36,1254,0
2015-09-23,16:40:00,8.49,8.49,8.49,8.49,10,0
2015-09-23,16:45:00,8.49,8.49,8.49,8.49,120,0
2015-09-23,16:50:00,8.48,8.48,8.48,8.48,600,0
2015-09-24,09:05:00,8.5,8.5,8.5,8.5,590,0
2015-09-24,09:10:00,8.5,8.65,8.5,8.65,3000,0
2015-09-24,09:40:00,8.59,8.6,8.59,8.6,1725,0
2015-09-24,16:45:00,8.4,8.49,8.4,8.49,610,0
2015-09-24,16:50:00,8.49,8.49,8.49,8.49,410,0
2015-09-25,09:05:00,8.37,8.37,8.37,8.37,13,0
2015-09-25,09:40:00,8.49,8.49,8.49,8.49,100,0
2015-09-25,14:55:00,8.41,8.41,8.35,8.35,5655,0
2015-09-25,15:15:00,8.35,8.35,8.35,8.35,178,0
2015-09-25,15:30:00,8.39,8.39,8.39,8.39,170,0
2015-09-25,15:35:00,8.3,8.3,8.3,8.3,153,0
2015-09-25,15:40:00,8.3,8.3,8.3,8.3,74,0
2015-09-25,16:10:00,8.32,8.32,8.32,8.32,74,0
2015-09-25,16:40:00,8.33,8.33,8.33,8.33,72,0
2015-09-25,16:45:00,8.38,8.38,8.38,8.38,221,0
2015-09-25,16:50:00,8.4,8.4,8.4,8.4,30,0
2015-09-28,09:05:00,8.39,8.39,8.36,8.36,497,0
2015-09-28,09:10:00,8.39,8.39,8.39,8.39,114,0
2015-09-28,09:40:00,8.38,8.4,8.38,8.4,7000,0
2015-09-28,09:50:00,8.35,8.39,8.35,8.39,562,0
2015-09-28,09:55:00,8.39,8.4,8.39,8.4,1300,0
2015-09-28,10:20:00,8.4,8.4,8.4,8.4,2125,0
2015-09-28,10:25:00,8.5,8.5,8.5,8.5,1085,0
2015-09-28,10:30:00,8.57,8.66,8.57,8.66,3703,0
2015-09-28,10:35:00,8.66,8.66,8.66,8.66,317,0
2015-09-28,10:40:00,8.58,8.68,8.58,8.68,722,0
2015-09-28,10:50:00,8.68,8.68,8.68,8.68,500,0
2015-09-28,10:55:00,8.68,8.68,8.68,8.68,500,0
2015-09-28,11:55:00,8.6,8.6,8.6,8.6,150,0
2015-09-28,12:15:00,8.59,8.59,8.59,8.59,300,0
2015-09-28,12:40:00,8.59,8.59,8.59,8.59,50,0
2015-09-28,13:15:00,8.67,8.67,8.67,8.67,116,0
2015-09-28,16:05:00,8.6,8.9,8.6,8.9,5000,0
2015-09-29,09:35:00,8.51,8.6,8.51,8.6,690,0
2015-09-29,11:35:00,8.84,8.84,8.84,8.84,390,0
2015-09-29,12:05:00,8.82,8.82,8.82,8.82,340,0
2015-09-29,15:20:00,8.77,8.77,8.77,8.77,200,0
2015-09-29,15:40:00,8.65,8.65,8.65,8.65,220,0
2015-09-29,16:20:00,8.66,8.66,8.66,8.66,240,0
2015-09-29,16:50:00,8.77,8.79,8.77,8.79,610,0
2015-09-30,10:20:00,8.77,8.77,8.77,8.77,459,0
2015-09-30,10:40:00,8.77,8.77,8.77,8.77,1200,0
2015-09-30,10:45:00,8.77,8.77,8.77,8.77,3217,0
2015-09-30,11:00:00,8.79,8.79,8.79,8.79,240,0
2015-09-30,11:15:00,8.79,8.79,8.79,8.79,2060,0
2015-09-30,11:20:00,8.77,8.77,8.77,8.77,313,0
2015-09-30,11:45:00,8.77,8.77,8.77,8.77,400,0
2015-09-30,12:00:00,8.77,8.77,8.77,8.77,2,0
2015-09-30,12:50:00,8.77,8.77,8.77,8.77,442,0
2015-09-30,13:05:00,8.77,8.77,8.77,8.77,78,0
2015-09-30,13:35:00,8.78,8.78,8.78,8.78,2350,0
2015-09-30,14:50:00,8.81,8.81,8.81,8.81,2466,0
2015-09-30,15:05:00,8.79,8.79,8.79,8.79,199,0
2015-09-30,16:05:00,8.79,8.79,8.79,8.79,103,0
2015-09-30,16:15:00,8.79,8.79,8.79,8.79,119,0
2015-09-30,16:35:00,8.79,8.79,8.54,8.54,185,0
2015-09-30,16:50:00,8.56,8.82,8.55,8.82,522,0
2015-10-01,09:20:00,8.9,8.9,8.9,8.9,358,0
2015-10-01,10:35:00,8.9,8.91,8.9,8.91,6022,0
2015-10-01,11:45:00,8.85,8.85,8.85,8.85,1000,0
2015-10-01,12:30:00,8.85,8.85,8.85,8.85,200,0
2015-10-01,15:00:00,8.82,8.82,8.82,8.82,100,0
2015-10-01,16:25:00,8.82,8.82,8.82,8.82,100,0
2015-10-01,16:50:00,8.78,8.85,8.78,8.85,19317,0
2015-10-02,09:45:00,8.85,8.85,8.85,8.85,100,0
2015-10-02,11:10:00,8.85,8.85,8.85,8.85,107,0
2015-10-02,11:40:00,8.85,8.85,8.85,8.85,893,0
2015-10-02,12:30:00,8.85,8.85,8.85,8.85,230,0
2015-10-02,13:35:00,8.9,8.9,8.9,8.9,100,0
2015-10-02,13:55:00,8.8,8.8,8.8,8.8,800,0
2015-10-02,14:35:00,8.85,8.85,8.85,8.85,350,0
2015-10-02,15:00:00,8.8,8.85,8.8,8.85,1500,0
2015-10-02,15:50:00,8.85,8.85,8.85,8.85,390,0
2015-10-02,16:15:00,8.85,8.85,8.85,8.85,1,0
2015-10-02,16:40:00,8.85,8.85,8.85,8.85,15,0
2015-10-05,09:25:00,8.85,8.85,8.85,8.85,300,0
2015-10-05,09:35:00,8.9,8.9,8.9,8.9,1294,0
2015-10-05,09:45:00,8.9,8.91,8.9,8.91,1000,0
2015-10-05,10:10:00,8.91,8.91,8.91,8.91,1550,0
2015-10-05,10:15:00,8.91,8.92,8.91,8.92,2619,0
2015-10-05,10:55:00,8.92,8.92,8.92,8.92,34,0
2015-10-05,11:50:00,8.86,8.86,8.86,8.86,1000,0
2015-10-05,12:30:00,8.85,8.85,8.85,8.85,815,0
2015-10-05,13:30:00,8.81,8.81,8.81,8.81,1970,0
2015-10-05,13:35:00,8.85,8.85,8.85,8.85,1060,0
2015-10-05,13:50:00,8.82,8.82,8.82,8.82,2300,0
2015-10-06,09:05:00,8.85,8.85,8.85,8.85,230,0
2015-10-06,09:35:00,8.85,8.85,8.85,8.85,10,0
2015-10-06,09:40:00,8.85,8.85,8.85,8.85,445,0
2015-10-06,10:15:00,8.85,8.85,8.85,8.85,28,0
2015-10-06,10:30:00,8.85,8.85,8.85,8.85,7201,0
2015-10-06,10:40:00,8.92,8.92,8.92,8.92,160,0
2015-10-06,11:15:00,8.92,8.92,8.92,8.92,1843,0
2015-10-06,11:25:00,8.92,8.92,8.92,8.92,300,0
2015-10-06,14:30:00,8.84,8.84,8.84,8.84,2870,0
2015-10-06,14:50:00,8.89,8.89,8.89,8.89,150,0
2015-10-06,15:00:00,8.84,8.84,8.84,8.84,5141,0
2015-10-06,16:40:00,8.84,8.84,8.84,8.84,151,0
2015-10-06,16:50:00,8.89,8.89,8.89,8.89,420,0
2015-10-07,09:35:00,8.89,8.89,8.89,8.89,100,0
2015-10-07,09:40:00,8.89,8.9,8.89,8.9,200,0
2015-10-07,09:50:00,8.85,8.85,8.85,8.85,512,0
2015-10-07,11:10:00,8.9,8.9,8.9,8.9,1160,0
2015-10-07,11:30:00,8.94,8.94,8.94,8.94,100,0
2015-10-07,11:35:00,8.94,8.94,8.94,8.94,1161,0
2015-10-07,12:20:00,8.94,8.94,8.94,8.94,120,0
2015-10-07,12:25:00,8.94,8.95,8.94,8.95,300,0
2015-10-07,13:35:00,8.87,8.87,8.85,8.85,3727,0
2015-10-07,14:10:00,8.87,8.87,8.87,8.87,351,0
2015-10-07,14:45:00,8.9,8.9,8.9,8.9,1293,0
2015-10-07,14:55:00,8.87,8.87,8.86,8.86,80,0
2015-10-07,15:55:00,8.86,8.86,8.86,8.86,500,0
2015-10-07,16:15:00,8.89,8.89,8.89,8.89,707,0
2015-10-07,16:30:00,8.9,8.9,8.87,8.87,777,0
2015-10-07,16:50:00,8.86,8.89,8.86,8.89,356,0
2015-10-08,09:05:00,9,9,9,9,1644,0
2015-10-08,09:25:00,9,9,9,9,380,0
2015-10-08,09:30:00,9,9,9,9,120,0
2015-10-08,09:50:00,9,9,9,9,300,0
2015-10-08,10:45:00,8.9,8.9,8.9,8.9,371,0
2015-10-08,11:55:00,8.94,8.95,8.94,8.95,190,0
2015-10-08,12:05:00,8.95,8.95,8.95,8.95,2356,0
2015-10-08,13:15:00,8.99,9,8.99,9,1032,0
2015-10-08,13:35:00,9,9,9,9,1252,0
2015-10-08,13:40:00,9,9,9,9,3,0
2015-10-08,14:10:00,9,9,9,9,1000,0
2015-10-08,14:30:00,9,9,9,9,150,0
2015-10-08,15:10:00,9,9,8.91,8.91,3433,0
2015-10-08,16:05:00,9,9,9,9,190,0
2015-10-08,16:15:00,9,9,9,9,500,0
2015-10-08,16:45:00,9.04,9.04,9.04,9.04,100,0
2015-10-08,16:50:00,9.04,9.05,9.04,9.05,950,0
2015-10-09,09:05:00,9,9,9,9,1400,0
2015-10-09,10:45:00,9,9,9,9,1000,0
2015-10-09,11:20:00,9.03,9.03,9.03,9.03,200,0
2015-10-09,11:25:00,9.03,9.03,9.03,9.03,110,0
2015-10-09,12:00:00,9,9,9,9,50,0
2015-10-09,12:10:00,9.03,9.03,9.03,9.03,200,0
2015-10-09,13:05:00,9.03,9.03,9.03,9.03,1069,0
2015-10-09,13:20:00,9.04,9.04,9,9,1646,0
2015-10-09,14:55:00,9,9,9,9,1000,0
2015-10-09,15:20:00,9.01,9.01,9.01,9.01,1500,0
2015-10-09,15:40:00,9.01,9.01,9.01,9.01,500,0
2015-10-09,16:10:00,9.03,9.03,9.03,9.03,806,0
2015-10-09,16:35:00,9.03,9.03,9.03,9.03,954,0
2015-10-09,16:40:00,9.01,9.01,9,9,600,0
2015-10-09,16:45:00,9,9,9,9,1000,0
2015-10-09,16:50:00,9.05,9.05,9.05,9.05,1100,0
2015-10-12,09:20:00,8.96,8.96,8.96,8.96,564,0
2015-10-12,10:05:00,8.96,8.96,8.9,8.9,1859,0
2015-10-12,11:00:00,8.95,8.95,8.95,8.95,98,0
2015-10-12,11:35:00,8.95,8.95,8.95,8.95,300,0
2015-10-12,13:05:00,8.91,8.91,8.91,8.91,260,0
2015-10-12,15:45:00,8.98,8.98,8.96,8.96,160,0
2015-10-12,16:50:00,9.05,9.05,9.05,9.05,10,0
2015-10-13,09:05:00,9.04,9.04,9.04,9.04,110,0
2015-10-13,10:25:00,8.82,8.82,8.82,8.82,895,0
2015-10-13,11:45:00,8.84,8.84,8.83,8.83,544,0
2015-10-13,12:05:00,8.82,8.82,8.82,8.82,34,0
2015-10-13,12:15:00,8.82,8.82,8.82,8.82,690,0
2015-10-13,12:35:00,8.82,8.82,8.8,8.8,4207,0
2015-10-13,12:40:00,8.85,8.85,8.85,8.85,5,0
2015-10-13,16:50:00,8.9,8.9,8.9,8.9,295,0
2015-10-14,09:05:00,8.9,8.9,8.9,8.9,300,0
2015-10-14,13:50:00,8.85,8.85,8.85,8.85,510,0
2015-10-14,14:50:00,8.9,8.9,8.9,8.9,250,0
2015-10-14,15:45:00,8.82,8.82,8.82,8.82,400,0
2015-10-14,16:00:00,8.9,8.9,8.9,8.9,221,0
2015-10-14,16:50:00,9.03,9.03,9.03,9.03,21,0
2015-10-15,09:05:00,8.99,8.99,8.99,8.99,55,0
2015-10-15,09:35:00,8.99,8.99,8.99,8.99,200,0
2015-10-15,10:45:00,8.99,9,8.99,9,5877,0
2015-10-15,11:45:00,9,9,9,9,1000,0
2015-10-15,11:50:00,9.03,9.03,9.03,9.03,360,0
2015-10-15,11:55:00,9,9,9,9,1100,0
2015-10-15,12:55:00,9,9,9,9,130,0
2015-10-15,13:25:00,9,9,9,9,1000,0
2015-10-15,14:35:00,9,9,9,9,1736,0
2015-10-15,15:10:00,9.02,9.02,9.02,9.02,166,0
2015-10-15,15:35:00,9,9,9,9,1400,0
2015-10-15,15:45:00,9.02,9.02,9.02,9.02,584,0
2015-10-15,15:50:00,9.02,9.02,9.02,9.02,1500,0
2015-10-15,16:00:00,9.02,9.02,9.02,9.02,600,0
2015-10-15,16:10:00,9.02,9.02,9,9,348,0
2015-10-15,16:40:00,9,9,9,9,1000,0
2015-10-15,16:50:00,8.91,8.91,8.91,8.91,1380,0
2015-10-16,09:40:00,8.86,8.86,8.82,8.82,974,0
2015-10-16,10:00:00,8.88,8.88,8.88,8.88,300,0
2015-10-16,10:25:00,8.99,9,8.99,9,800,0
2015-10-16,10:35:00,9,9,9,9,200,0
2015-10-16,10:50:00,9,9,9,9,621,0
2015-10-16,11:00:00,9,9,9,9,1069,0
2015-10-16,12:20:00,9,9,9,9,300,0
2015-10-16,15:10:00,9,9,9,9,1400,0
2015-10-16,15:25:00,9,9,9,9,600,0
2015-10-16,15:30:00,9,9,9,9,13993,0
2015-10-16,16:10:00,8.95,8.95,8.95,8.95,221,0
2015-10-16,16:15:00,8.95,8.95,8.9,8.9,2579,0
2015-10-16,16:25:00,8.9,8.9,8.89,8.89,2706,0
2015-10-16,16:50:00,8.94,8.95,8.94,8.95,800,0
2015-10-19,16:05:00,8.93,8.93,8.91,8.91,100,0
2015-10-19,16:20:00,8.91,8.91,8.9,8.9,588,0
2015-10-19,16:50:00,8.89,8.89,8.89,8.89,200,0
2015-10-20,10:25:00,8.89,8.89,8.89,8.89,168,0
2015-10-20,16:20:00,8.85,8.85,8.85,8.85,350,0
2015-10-20,16:40:00,8.84,8.84,8.84,8.84,350,0
2015-10-20,16:50:00,8.88,8.88,8.88,8.88,194,0
2015-10-21,09:55:00,8.84,8.84,8.84,8.84,400,0
2015-10-21,10:00:00,8.81,8.81,8.81,8.81,50,0
2015-10-21,10:25:00,8.83,8.83,8.83,8.83,250,0
2015-10-21,11:45:00,8.89,8.9,8.89,8.9,485,0
2015-10-21,11:55:00,8.89,8.89,8.89,8.89,90,0
2015-10-21,12:00:00,8.89,8.89,8.89,8.89,1225,0
2015-10-21,12:35:00,8.89,8.89,8.89,8.89,110,0
2015-10-21,14:15:00,8.89,8.95,8.89,8.95,10825,0
2015-10-21,14:50:00,8.95,8.95,8.95,8.95,500,0
2015-10-21,16:25:00,8.9,8.9,8.9,8.9,1627,0
2015-10-21,16:40:00,8.98,9,8.98,9,3622,0
2015-10-21,16:45:00,9,9,9,9,150,0
2015-10-22,10:55:00,9,9,9,9,189,0
2015-10-22,12:10:00,9,9,9,9,150,0
2015-10-22,13:25:00,8.96,8.96,8.96,8.96,225,0
2015-10-22,13:30:00,9,9,9,9,1000,0
2015-10-22,13:35:00,9,9.01,9,9.01,2152,0
2015-10-22,13:45:00,9.01,9.01,9.01,9.01,153,0
2015-10-22,14:35:00,9,9,9,9,800,0
2015-10-22,14:40:00,9,9,9,9,1200,0
2015-10-22,14:45:00,9,9,9,9,18,0
2015-10-22,16:30:00,8.95,8.95,8.95,8.95,150,0
2015-10-22,16:35:00,8.94,8.94,8.94,8.94,150,0
2015-10-22,16:50:00,8.95,9,8.94,8.94,476,0
2015-10-23,09:05:00,8.82,8.82,8.82,8.82,300,0
2015-10-23,09:55:00,8.99,9,8.99,9,17625,0
2015-10-23,10:00:00,8.99,9,8.99,9,47625,0
2015-10-23,10:05:00,9,9,9,9,62375,0
2015-10-23,10:10:00,9,9,9,9,37625,0
2015-10-23,10:35:00,9,9,9,9,13448,0
2015-10-23,10:40:00,9,9,9,9,53324,0
2015-10-23,10:55:00,9,9,9,9,2701,0
2015-10-23,11:15:00,9.03,9.15,9.03,9.15,8165,0
2015-10-23,11:20:00,9.15,9.15,9.15,9.15,1000,0
2015-10-23,11:25:00,9.15,9.15,9.15,9.15,989,0
2015-10-23,11:35:00,9.16,9.29,9.16,9.29,7917,0
2015-10-23,11:40:00,9.3,9.3,9.3,9.3,2350,0
2015-10-23,11:45:00,9.32,9.32,9.32,9.32,124,0
2015-10-23,11:50:00,9.3,9.3,9.3,9.3,9967,0
2015-10-23,11:55:00,9.3,9.3,9.3,9.3,1034,0
2015-10-23,12:10:00,9.3,9.3,9.3,9.3,594,0
2015-10-23,12:15:00,9.3,9.3,9.3,9.3,1000,0
2015-10-23,12:20:00,9.3,9.3,9.3,9.3,515,0
2015-10-23,12:30:00,9.29,9.29,9.29,9.29,550,0
2015-10-23,12:35:00,9.3,9.3,9.3,9.3,3053,0
2015-10-23,12:40:00,9.27,9.27,9.25,9.25,960,0
2015-10-23,12:45:00,9.32,9.34,9.32,9.34,2085,0
2015-10-23,13:10:00,9.32,9.32,9.32,9.32,256,0
2015-10-23,13:15:00,9.3,9.3,9.3,9.3,500,0
2015-10-23,13:20:00,9.3,9.3,9.3,9.3,244,0
2015-10-23,13:35:00,9.3,9.3,9.25,9.25,3220,0
2015-10-23,14:15:00,9.25,9.25,9.25,9.25,1547,0
2015-10-23,14:20:00,9.25,9.25,9.25,9.25,683,0
2015-10-23,14:25:00,9.25,9.25,9.25,9.25,273,0
2015-10-23,14:30:00,9.25,9.25,9.25,9.25,1345,0
2015-10-23,14:40:00,9.25,9.25,9.25,9.25,500,0
2015-10-23,14:45:00,9.25,9.25,9.25,9.25,500,0
2015-10-23,14:50:00,9.26,9.26,9.26,9.26,984,0
2015-10-23,15:00:00,9.26,9.26,9.25,9.25,54,0
2015-10-23,15:05:00,9.25,9.25,9.25,9.25,2650,0
2015-10-23,15:10:00,9.25,9.25,9.25,9.25,1266,0
2015-10-23,15:15:00,9.22,9.22,9.15,9.15,1400,0
2015-10-23,15:35:00,9.16,9.16,9.16,9.16,200,0
2015-10-23,16:30:00,9.18,9.18,9.16,9.16,2150,0
2015-10-23,16:45:00,9.25,9.25,9.25,9.25,85,0
2015-10-23,16:50:00,9.25,9.25,9.25,9.25,540,0
2015-10-26,09:05:00,9.25,9.25,9.25,9.25,1024,0
2015-10-26,09:15:00,9.25,9.25,9.25,9.25,506,0
2015-10-26,09:40:00,9.29,9.31,9.29,9.3,3649,0
2015-10-26,09:45:00,9.38,9.41,9.38,9.41,1051,0
2015-10-26,09:50:00,9.41,9.41,9.41,9.41,800,0
2015-10-26,10:05:00,9.41,9.41,9.41,9.41,300,0
2015-10-26,10:10:00,9.41,9.41,9.41,9.41,1150,0
2015-10-26,10:15:00,9.41,9.41,9.41,9.41,300,0
2015-10-26,10:35:00,9.37,9.37,9.37,9.37,500,0
2015-10-26,10:45:00,9.38,9.39,9.3,9.3,549,0
2015-10-26,11:15:00,9.3,9.3,9.3,9.3,612,0
2015-10-26,11:55:00,9.34,9.34,9.34,9.34,250,0
2015-10-26,12:15:00,9.27,9.27,9.27,9.27,80,0
2015-10-26,12:25:00,9.27,9.27,9.27,9.27,200,0
2015-10-26,12:30:00,9.27,9.27,9.25,9.25,916,0
2015-10-26,12:40:00,9.25,9.25,9.25,9.25,552,0
2015-10-26,16:10:00,9.27,9.27,9.27,9.27,200,0
2015-10-26,16:45:00,9.3,9.3,9.3,9.3,500,0
2015-10-27,09:05:00,9.3,9.3,9.3,9.3,40,0
2015-10-27,09:50:00,9.3,9.3,9.3,9.3,70,0
2015-10-27,10:30:00,9.3,9.3,9.3,9.3,30,0
2015-10-27,11:40:00,9.2,9.2,9.2,9.2,1061,0
2015-10-27,11:55:00,9.17,9.17,9.17,9.17,401,0
2015-10-27,12:25:00,9.28,9.28,9.28,9.28,1297,0
2015-10-27,14:35:00,9.21,9.21,9.21,9.21,545,0
2015-10-27,15:00:00,9.2,9.2,9.2,9.2,179,0
2015-10-27,15:55:00,9.2,9.2,9.2,9.2,220,0
2015-10-27,16:00:00,9.19,9.19,9.19,9.19,4,0
2015-10-27,16:50:00,9.2,9.2,9.2,9.2,210,0
2015-10-28,09:05:00,9.2,9.2,9.2,9.2,376,0
2015-10-28,09:15:00,9.21,9.3,9.21,9.3,2700,0
2015-10-28,09:20:00,9.3,9.3,9.3,9.3,300,0
2015-10-28,14:15:00,9.25,9.25,9.25,9.25,1426,0
2015-10-28,14:25:00,9.23,9.23,9.23,9.23,675,0
2015-10-28,14:30:00,9.23,9.23,9.23,9.23,874,0
2015-10-28,15:05:00,9.25,9.25,9.25,9.25,88,0
2015-10-28,16:05:00,9.23,9.23,9.23,9.23,463,0
2015-10-28,16:20:00,9.25,9.25,9.25,9.25,500,0
2015-10-28,16:50:00,9.25,9.25,9.25,9.25,200,0
2015-10-29,09:05:00,9.3,9.3,9.29,9.29,640,0
2015-10-29,09:30:00,9.29,9.29,9.29,9.29,467,0
2015-10-29,09:40:00,9.3,9.3,9.3,9.3,960,0
2015-10-29,09:45:00,9.3,9.3,9.3,9.3,390,0
2015-10-29,09:50:00,9.29,9.3,9.29,9.3,340,0
2015-10-29,10:05:00,9.3,9.3,9.3,9.3,2510,0
2015-10-29,10:15:00,9.29,9.3,9.27,9.3,789,0
2015-10-29,10:35:00,9.27,9.27,9.26,9.26,1563,0
2015-10-29,10:50:00,9.25,9.25,9.25,9.25,2,0
2015-10-29,11:00:00,9.26,9.26,9.26,9.26,100,0
2015-10-29,11:05:00,9.26,9.26,9.26,9.26,156,0
2015-10-29,11:10:00,9.26,9.26,9.25,9.25,292,0
2015-10-29,11:20:00,9.26,9.26,9.26,9.26,2000,0
2015-10-29,11:45:00,9.22,9.22,9.22,9.22,55,0
2015-10-29,12:10:00,9.22,9.26,9.22,9.26,110,0
2015-10-29,12:25:00,9.22,9.22,9.15,9.15,2419,0
2015-10-29,12:30:00,9.15,9.15,9.15,9.15,180,0
2015-10-29,12:35:00,9.15,9.15,9.15,9.15,150,0
2015-10-29,13:45:00,9.15,9.15,9.15,9.15,500,0
2015-10-29,14:20:00,9.2,9.2,9.2,9.2,2230,0
2015-10-29,14:25:00,9.18,9.2,9.18,9.2,7000,0
2015-10-29,14:35:00,9.2,9.2,9.2,9.2,2291,0
2015-10-29,15:40:00,9.29,9.29,9.29,9.29,180,0
2015-10-29,15:45:00,9.29,9.3,9.29,9.3,1986,0
2015-10-29,16:05:00,9.3,9.35,9.3,9.35,1000,0
2015-10-30,09:05:00,9.1,9.1,9.1,9.1,5468,0
2015-10-30,11:15:00,9.25,9.25,9.25,9.25,200,0
2015-10-30,12:00:00,9.23,9.23,9.23,9.23,327,0
2015-10-30,12:15:00,9.23,9.23,9.23,9.23,500,0
2015-10-30,12:45:00,9.3,9.38,9.3,9.38,3437,0
2015-10-30,12:50:00,9.4,9.4,9.39,9.39,486,0
2015-10-30,12:55:00,9.39,9.39,9.39,9.39,100,0
2015-10-30,13:45:00,9.39,9.4,9.39,9.4,440,0
2015-10-30,13:50:00,9.39,9.39,9.39,9.39,60,0
2015-10-30,16:10:00,9.35,9.35,9.35,9.35,100,0
2015-10-30,16:20:00,9.35,9.35,9.35,9.35,400,0
2015-10-30,16:30:00,9.35,9.36,9.35,9.36,211,0
2015-11-02,10:20:00,9.39,9.39,9.39,9.39,1000,0
2015-11-02,10:25:00,9.39,9.44,9.39,9.44,1300,0
2015-11-02,10:40:00,9.44,9.44,9.44,9.44,1000,0
2015-11-02,11:05:00,9.4,9.4,9.4,9.4,3500,0
2015-11-02,11:10:00,9.4,9.4,9.4,9.4,17500,0
2015-11-02,11:15:00,9.43,9.43,9.43,9.43,3000,0
2015-11-02,11:40:00,9.44,9.44,9.44,9.44,1200,0
2015-11-02,13:05:00,9.45,9.45,9.45,9.45,200,0
2015-11-02,13:10:00,9.4,9.4,9.4,9.4,300,0
2015-11-02,14:05:00,9.44,9.44,9.44,9.44,80,0
2015-11-02,14:40:00,9.4,9.45,9.4,9.45,4000,0
2015-11-02,15:40:00,9.45,9.45,9.45,9.45,1000,0
2015-11-02,16:15:00,9.4,9.4,9.4,9.4,111,0
2015-11-02,16:25:00,9.45,9.45,9.45,9.45,200,0
2015-11-02,16:40:00,9.45,9.45,9.45,9.45,200,0
2015-11-02,16:45:00,9.45,9.45,9.45,9.45,1000,0
2015-11-02,16:50:00,9.45,9.45,9.45,9.45,2509,0
2015-11-03,09:05:00,9.46,9.46,9.46,9.46,350,0
2015-11-03,09:45:00,9.4,9.4,9.4,9.4,225,0
2015-11-03,09:50:00,9.4,9.44,9.4,9.44,7175,0
2015-11-03,09:55:00,9.44,9.47,9.44,9.47,7178,0
2015-11-03,10:00:00,9.47,9.47,9.47,9.47,4275,0
2015-11-03,10:05:00,9.47,9.48,9.47,9.48,2000,0
2015-11-03,10:15:00,9.45,9.6,9.4,9.57,17378,0
2015-11-03,10:20:00,9.58,9.6,9.58,9.6,3384,0
2015-11-03,10:25:00,9.6,9.6,9.57,9.6,1461,0
2015-11-03,10:30:00,9.6,9.6,9.6,9.6,200,0
2015-11-03,10:35:00,9.6,9.6,9.6,9.6,50,0
2015-11-03,10:40:00,9.6,9.6,9.6,9.6,149,0
2015-11-03,10:45:00,9.6,9.6,9.6,9.6,300,0
2015-11-03,10:50:00,9.6,9.6,9.6,9.6,251,0
2015-11-03,10:55:00,9.6,9.6,9.57,9.57,284,0
2015-11-03,11:00:00,9.57,9.6,9.57,9.6,1100,0
2015-11-03,11:15:00,9.6,9.6,9.57,9.57,800,0
2015-11-03,11:20:00,9.59,9.59,9.59,9.59,100,0
2015-11-03,11:25:00,9.57,9.57,9.57,9.57,251,0
2015-11-03,11:35:00,9.57,9.57,9.55,9.55,800,0
2015-11-03,12:25:00,9.55,9.55,9.55,9.55,104,0
2015-11-03,12:35:00,9.55,9.55,9.55,9.55,45,0
2015-11-03,13:05:00,9.59,9.59,9.59,9.59,100,0
2015-11-03,13:15:00,9.59,9.59,9.59,9.59,500,0
2015-11-03,13:25:00,9.59,9.59,9.59,9.59,500,0
2015-11-03,13:35:00,9.59,9.59,9.59,9.59,500,0
2015-11-03,13:40:00,9.59,9.59,9.59,9.59,1139,0
2015-11-03,14:25:00,9.59,9.59,9.59,9.59,4081,0
2015-11-03,14:50:00,9.56,9.56,9.56,9.56,1000,0
2015-11-03,15:10:00,9.57,9.57,9.57,9.57,100,0
2015-11-03,15:25:00,9.56,9.56,9.56,9.56,200,0
2015-11-03,16:15:00,9.56,9.56,9.56,9.56,1241,0
2015-11-03,16:35:00,9.57,9.57,9.57,9.57,78,0
2015-11-03,16:40:00,9.57,9.57,9.57,9.57,3200,0
2015-11-03,16:50:00,9.55,9.55,9.55,9.55,150,0
2015-11-04,09:05:00,9.55,9.57,9.55,9.57,2322,0
2015-11-04,10:30:00,9.55,9.55,9.55,9.55,150,0
2015-11-04,12:55:00,9.55,9.55,9.55,9.55,310,0
2015-11-04,13:00:00,9.55,9.55,9.55,9.55,224,0
2015-11-04,13:50:00,9.5,9.5,9.5,9.5,52,0
2015-11-04,13:55:00,9.5,9.5,9.5,9.5,77,0
2015-11-04,14:50:00,9.51,9.51,9.51,9.51,100,0
2015-11-04,15:50:00,9.51,9.51,9.51,9.51,33,0
2015-11-04,16:05:00,9.54,9.54,9.54,9.54,100,0
2015-11-04,16:15:00,9.54,9.54,9.54,9.54,33,0
2015-11-04,16:35:00,9.55,9.55,9.55,9.55,5433,0
2015-11-05,09:05:00,9.55,9.55,9.55,9.55,400,0
2015-11-05,09:10:00,9.55,9.55,9.55,9.55,280,0
2015-11-05,09:30:00,9.57,9.57,9.57,9.57,789,0
2015-11-05,10:15:00,9.57,9.57,9.57,9.57,211,0
2015-11-05,10:20:00,9.57,9.57,9.57,9.57,45,0
2015-11-05,11:25:00,9.5,9.5,9.5,9.5,500,0
2015-11-05,12:10:00,9.5,9.55,9.5,9.55,1035,0
2015-11-05,14:05:00,9.5,9.5,9.5,9.5,260,0
2015-11-05,15:05:00,9.47,9.47,9.42,9.42,200,0
2015-11-05,15:15:00,9.49,9.49,9.49,9.49,95,0
2015-11-05,15:55:00,9.49,9.49,9.42,9.42,990,0
2015-11-05,16:00:00,9.42,9.42,9.4,9.4,1010,0
2015-11-05,16:40:00,9.41,9.41,9.4,9.4,2720,0
2015-11-05,16:50:00,9.39,9.39,9.39,9.39,1780,0
2015-11-06,09:05:00,9.49,9.49,9.49,9.49,200,0
2015-11-06,10:20:00,9.4,9.4,9.4,9.4,1000,0
2015-11-06,10:25:00,9.4,9.4,9.4,9.4,1000,0
2015-11-06,10:30:00,9.4,9.4,9.36,9.36,2924,0
2015-11-06,10:45:00,9.36,9.36,9.36,9.36,665,0
2015-11-06,11:30:00,9.38,9.38,9.38,9.38,1650,0
2015-11-06,14:40:00,9.38,9.38,9.38,9.38,33,0
2015-11-06,14:45:00,9.38,9.38,9.38,9.38,30,0
2015-11-06,14:50:00,9.38,9.38,9.38,9.38,50,0
2015-11-06,14:55:00,9.38,9.38,9.38,9.38,50,0
2015-11-06,16:45:00,9.4,9.46,9.4,9.46,130,0
2015-11-06,16:50:00,9.4,9.4,9.4,9.4,7721,0
2015-11-09,09:05:00,9.4,9.4,9.4,9.4,859,0
2015-11-09,09:20:00,9.4,9.4,9.3,9.3,4615,0
2015-11-09,09:40:00,9.4,9.4,9.4,9.4,50,0
2015-11-09,09:50:00,9.4,9.4,9.4,9.4,50,0
2015-11-09,10:45:00,9.35,9.35,9.35,9.35,84122,0
2015-11-09,12:00:00,9.31,9.31,9.31,9.31,70,0
2015-11-09,13:20:00,9.31,9.31,9.31,9.31,746,0
2015-11-09,14:25:00,9.31,9.31,9.31,9.31,100,0
2015-11-09,14:35:00,9.31,9.31,9.31,9.31,84,0
2015-11-09,15:45:00,9.31,9.31,9.31,9.31,36,0
2015-11-09,16:25:00,9.4,9.4,9.4,9.4,273,0
2015-11-09,16:50:00,9.47,9.47,9.46,9.46,493,0
2015-11-10,09:05:00,9.47,9.5,9.47,9.5,637,0
2015-11-10,09:30:00,9.47,9.5,9.47,9.5,326,0
2015-11-10,09:55:00,9.5,9.5,9.5,9.5,210,0
2015-11-10,10:45:00,9.47,9.47,9.47,9.47,110,0
2015-11-10,10:50:00,9.5,9.5,9.5,9.5,130,0
2015-11-10,11:25:00,9.5,9.5,9.5,9.5,3885,0
2015-11-10,11:45:00,9.5,9.5,9.36,9.36,987,0
2015-11-10,14:30:00,9.39,9.39,9.39,9.39,100,0
2015-11-10,16:40:00,9.4,9.4,9.4,9.4,234,0
2015-11-10,16:50:00,9.39,9.39,9.39,9.39,835,0
2015-11-12,09:05:00,9.47,9.47,9.47,9.47,110,0
2015-11-12,09:20:00,9.47,9.47,9.47,9.47,720,0
2015-11-12,09:30:00,9.4,9.4,9.4,9.4,50,0
2015-11-12,11:05:00,9.4,9.4,9.4,9.4,90,0
2015-11-12,11:40:00,9.48,9.48,9.48,9.48,100,0
2015-11-12,15:05:00,9.47,9.47,9.47,9.47,185,0
2015-11-12,15:45:00,9.41,9.41,9.4,9.4,1179,0
2015-11-12,16:30:00,9.36,9.36,9.35,9.35,1150,0
2015-11-12,16:35:00,9.35,9.35,9.35,9.35,400,0
2015-11-12,16:40:00,9.36,9.36,9.35,9.35,590,0
2015-11-12,16:45:00,9.35,9.35,9.35,9.35,90,0
2015-11-12,16:50:00,9.34,9.35,9.28,9.35,1541,0
2015-11-13,09:20:00,9.34,9.34,9.34,9.34,47,0
2015-11-13,09:55:00,9.3,9.3,9.3,9.3,200,0
2015-11-13,10:05:00,9.3,9.3,9.3,9.3,140,0
2015-11-13,10:10:00,9.27,9.27,9.27,9.27,60,0
2015-11-13,10:15:00,9.22,9.22,9.13,9.13,49,0
2015-11-13,10:25:00,9.2,9.2,9.2,9.2,65,0
2015-11-13,10:50:00,9.14,9.14,9.14,9.14,150,0
2015-11-13,10:55:00,9.13,9.13,9.13,9.13,300,0
2015-11-13,11:40:00,9.18,9.18,9.18,9.18,100,0
2015-11-13,12:00:00,9.17,9.18,9.17,9.18,525,0
2015-11-13,12:15:00,9.18,9.18,9.18,9.18,95,0
2015-11-13,12:20:00,9.15,9.15,9.15,9.15,483,0
2015-11-13,12:35:00,9.18,9.18,9.18,9.18,3,0
2015-11-13,12:40:00,9.18,9.18,9.18,9.18,150,0
2015-11-13,14:05:00,9.2,9.2,9.2,9.2,43,0
2015-11-13,14:35:00,9.18,9.18,9.18,9.18,166,0
2015-11-13,14:45:00,9.2,9.2,9.2,9.2,92,0
2015-11-13,15:15:00,9.28,9.28,9.28,9.28,150,0
2015-11-13,15:50:00,9.33,9.33,9.28,9.28,85,0
2015-11-13,16:00:00,9.33,9.33,9.33,9.33,8,0
2015-11-13,16:25:00,9.21,9.21,9.21,9.21,120,0
2015-11-13,16:35:00,9.21,9.21,9.18,9.18,20,0
2015-11-13,16:50:00,9.35,9.35,9.35,9.35,250,0
2015-11-16,09:05:00,9.29,9.3,9.01,9.3,2166,0
2015-11-16,09:20:00,9.01,9.01,9.01,9.01,150,0
2015-11-16,09:25:00,9.01,9.01,9.01,9.01,300,0
2015-11-16,09:30:00,9.01,9.01,9.01,9.01,150,0
2015-11-16,10:05:00,9.06,9.06,9.06,9.06,200,0
2015-11-16,10:15:00,9.06,9.06,9.06,9.06,180,0
2015-11-16,10:50:00,9.07,9.07,9.06,9.06,120,0
2015-11-16,11:00:00,9.06,9.06,9.06,9.06,30,0
2015-11-16,11:10:00,9.17,9.19,9.07,9.07,840,0
2015-11-16,11:20:00,9.09,9.09,9.09,9.09,105,0
2015-11-16,11:25:00,9.09,9.09,9.06,9.06,1000,0
2015-11-16,12:10:00,9.09,9.09,9.08,9.08,350,0
2015-11-16,12:15:00,9.08,9.08,9.08,9.08,150,0
2015-11-16,12:25:00,9.12,9.12,9.12,9.12,430,0
2015-11-16,14:20:00,9.08,9.08,9.05,9.05,17408,0
2015-11-16,14:25:00,9.04,9.04,9.03,9.03,530,0
2015-11-16,15:20:00,9.05,9.08,9.05,9.08,350,0
2015-11-16,15:35:00,9.04,9.04,9.04,9.04,345,0
2015-11-16,15:50:00,9.05,9.05,9.05,9.05,236,0
2015-11-16,15:55:00,9.07,9.07,9.07,9.07,180,0
2015-11-16,16:20:00,9.05,9.05,9.05,9.05,150,0
2015-11-16,16:25:00,9.05,9.05,9.05,9.05,153,0
2015-11-16,16:30:00,9.04,9.04,9.04,9.04,155,0
2015-11-16,16:45:00,9.04,9.08,9.04,9.08,1421,0
2015-11-16,16:50:00,9.1,9.1,9.1,9.1,93,0
2015-11-17,09:05:00,9.1,9.1,9.1,9.1,10,0
2015-11-17,09:10:00,9.08,9.08,9.08,9.08,100,0
2015-11-17,09:15:00,9,9,9,9,35,0
2015-11-17,09:25:00,8.94,8.94,8.94,8.94,462,0
2015-11-17,09:35:00,8.94,8.99,8.93,8.99,1559,0
2015-11-17,09:45:00,8.92,8.92,8.81,8.89,2194,0
2015-11-17,10:00:00,8.89,8.99,8.89,8.99,5,0
2015-11-17,10:05:00,9,9,9,9,2308,0
2015-11-17,10:15:00,9,9,9,9,300,0
2015-11-17,10:20:00,9,9,9,9,150,0
2015-11-17,10:35:00,9.09,9.11,9.09,9.11,2516,0
2015-11-17,11:25:00,9.11,9.11,9.11,9.11,30,0
2015-11-17,12:40:00,9.06,9.06,9.06,9.06,88,0
2015-11-17,12:50:00,9.1,9.1,9.1,9.1,125,0
2015-11-17,14:40:00,9.06,9.06,9.05,9.05,262,0
2015-11-17,14:55:00,9.03,9.03,9.03,9.03,90,0
2015-11-17,15:55:00,9.08,9.1,9.08,9.1,2333,0
2015-11-17,16:00:00,9.1,9.13,9.1,9.13,23446,0
2015-11-17,16:45:00,9.06,9.06,9.04,9.04,2200,0
2015-11-18,09:15:00,9.03,9.03,9.03,9.03,120,0
2015-11-18,10:35:00,9.05,9.05,9.05,9.05,1345,0
2015-11-18,12:25:00,9.03,9.03,8.9,8.9,1000,0
2015-11-18,13:20:00,8.91,8.91,8.91,8.91,1110,0
2015-11-18,14:00:00,8.93,8.93,8.92,8.92,150,0
2015-11-18,14:10:00,8.99,8.99,8.99,8.99,90,0
2015-11-18,14:15:00,8.99,8.99,8.99,8.99,110,0
2015-11-18,14:50:00,8.99,9,8.99,9,1000,0
2015-11-18,15:40:00,8.95,8.95,8.95,8.95,200,0
2015-11-18,16:50:00,8.99,9.05,8.99,9.05,370,0
2015-11-19,09:05:00,9.04,9.04,9.04,9.04,588,0
2015-11-19,09:10:00,9.05,9.05,9.05,9.05,10,0
2015-11-19,09:25:00,9.1,9.1,9.1,9.1,1000,0
2015-11-19,09:40:00,9.15,9.15,9.15,9.15,130,0
2015-11-19,09:50:00,9.1,9.1,9.01,9.01,1281,0
2015-11-19,09:55:00,9.01,9.01,9.01,9.01,216,0
2015-11-19,11:15:00,9.09,9.1,9.03,9.03,420,0
2015-11-19,11:20:00,9.02,9.02,8.95,8.95,1541,0
2015-11-19,11:25:00,8.95,8.95,8.95,8.95,119,0
2015-11-19,12:00:00,9.07,9.08,8.98,9,6830,0
2015-11-19,12:05:00,8.98,9.06,8.97,9.06,994,0
2015-11-19,14:05:00,9.05,9.05,9,9,382,0
2015-11-19,14:15:00,9,9,9,9,100,0
2015-11-19,14:55:00,9.02,9.02,8.95,8.95,777,0
2015-11-19,15:35:00,8.95,8.95,8.95,8.95,150,0
2015-11-19,16:50:00,9.06,9.06,8.96,8.96,3152,0
2015-11-20,09:05:00,8.96,8.96,8.96,8.96,611,0
2015-11-20,09:20:00,8.91,8.91,8.91,8.91,350,0
2015-11-20,09:25:00,8.91,8.91,8.91,8.91,134,0
2015-11-20,09:30:00,8.95,8.95,8.95,8.95,100,0
2015-11-20,09:35:00,8.91,8.91,8.91,8.91,846,0
2015-11-20,09:50:00,8.99,9,8.99,9,5068,0
2015-11-20,09:55:00,9,9,9,9,1206,0
2015-11-20,10:00:00,9,9,9,9,3806,0
2015-11-20,10:05:00,9,9,9,9,5125,0
2015-11-20,10:10:00,9,9,9,9,375,0
2015-11-20,10:20:00,9,9,9,9,694,0
2015-11-20,10:35:00,9,9,9,9,1303,0
2015-11-20,10:45:00,9,9.07,9,9.07,21458,0
2015-11-20,10:50:00,9.06,9.06,9.06,9.06,49,0
2015-11-20,11:25:00,8.97,8.97,8.97,8.97,1084,0
2015-11-20,11:40:00,9.04,9.04,9.04,9.04,50,0
2015-11-20,12:10:00,8.98,8.98,8.98,8.98,170,0
2015-11-20,12:15:00,8.97,8.97,8.97,8.97,980,0
2015-11-20,12:55:00,8.97,9,8.97,9,800,0
2015-11-20,13:15:00,8.96,8.96,8.96,8.96,200,0
2015-11-20,13:25:00,8.93,8.93,8.92,8.92,977,0
2015-11-20,13:30:00,8.91,8.91,8.91,8.91,300,0
2015-11-20,14:00:00,8.94,8.94,8.94,8.94,300,0
2015-11-20,14:10:00,8.91,8.91,8.9,8.9,3181,0
2015-11-20,14:20:00,8.88,8.88,8.88,8.88,200,0
2015-11-20,14:30:00,8.86,8.86,8.86,8.86,65,0
2015-11-20,14:35:00,8.85,8.85,8.85,8.85,462,0
2015-11-20,14:45:00,8.88,8.88,8.88,8.88,1000,0
2015-11-20,15:05:00,8.88,8.91,8.88,8.9,361,0
2015-11-20,15:15:00,8.89,8.89,8.87,8.87,40,0
2015-11-20,15:20:00,8.88,8.88,8.86,8.86,70,0
2015-11-20,15:25:00,8.85,8.85,8.85,8.85,350,0
2015-11-20,15:30:00,8.85,8.85,8.85,8.85,1312,0
2015-11-20,15:55:00,8.92,8.93,8.92,8.93,1165,0
2015-11-20,16:00:00,8.93,8.93,8.93,8.93,488,0
2015-11-20,16:15:00,8.85,8.85,8.85,8.85,459,0
2015-11-20,16:40:00,8.9,8.9,8.9,8.9,154,0
2015-11-20,16:50:00,8.9,8.9,8.9,8.9,1565,0
2015-11-23,10:25:00,8.89,8.89,8.89,8.89,120,0
2015-11-23,11:35:00,8.85,8.85,8.85,8.85,10,0
2015-11-23,12:45:00,8.85,8.85,8.85,8.85,370,0
2015-11-23,15:45:00,8.81,8.81,8.62,8.7,3835,0
2015-11-23,15:50:00,8.74,8.74,8.74,8.74,300,0
2015-11-23,16:00:00,8.74,8.74,8.74,8.74,150,0
2015-11-23,16:10:00,8.67,8.67,8.62,8.62,1091,0
2015-11-23,16:15:00,8.71,8.74,8.71,8.74,700,0
2015-11-23,16:20:00,8.73,8.73,8.73,8.73,120,0
2015-11-23,16:30:00,8.71,8.71,8.7,8.7,240,0
2015-11-23,16:45:00,8.7,8.74,8.7,8.74,100,0
2015-11-23,16:50:00,8.78,8.78,8.78,8.78,12,0
2015-11-24,09:05:00,8.7,8.7,8.7,8.7,226,0
2015-11-24,09:55:00,8.74,8.74,8.74,8.74,240,0
2015-11-24,10:05:00,8.71,8.71,8.71,8.71,85,0
2015-11-24,10:10:00,8.71,8.71,8.71,8.71,130,0
2015-11-24,10:15:00,8.71,8.74,8.71,8.74,111,0
2015-11-24,11:00:00,8.7,8.7,8.7,8.7,154,0
2015-11-24,11:45:00,8.66,8.66,8.66,8.66,100,0
2015-11-24,12:00:00,8.66,8.7,8.66,8.7,111,0
2015-11-24,12:05:00,8.7,8.7,8.7,8.7,475,0
2015-11-24,12:25:00,8.7,8.74,8.7,8.74,1190,0
2015-11-24,13:05:00,8.67,8.67,8.66,8.66,354,0
2015-11-24,13:10:00,8.66,8.66,8.66,8.66,70,0
2015-11-24,14:00:00,8.65,8.65,8.65,8.65,250,0
2015-11-24,15:30:00,8.65,8.65,8.65,8.65,595,0
2015-11-24,15:45:00,8.66,8.66,8.66,8.66,700,0
2015-11-24,15:50:00,8.66,8.66,8.66,8.66,1050,0
2015-11-24,16:05:00,8.62,8.62,8.58,8.58,790,0
2015-11-24,16:10:00,8.58,8.58,8.58,8.58,162,0
2015-11-24,16:15:00,8.58,8.59,8.58,8.59,1071,0
2015-11-24,16:25:00,8.59,8.59,8.57,8.57,210,0
2015-11-24,16:40:00,8.64,8.64,8.64,8.64,100,0
2015-11-24,16:45:00,8.57,8.57,8.57,8.57,50,0
2015-11-24,16:50:00,8.66,8.66,8.66,8.66,350,0
2015-11-25,09:05:00,8.6,8.6,8.6,8.6,69,0
2015-11-25,09:15:00,8.65,8.66,8.65,8.66,350,0
2015-11-25,09:35:00,8.66,8.66,8.66,8.66,50,0
2015-11-25,09:50:00,8.66,8.66,8.66,8.66,4553,0
2015-11-25,10:00:00,8.72,8.73,8.72,8.73,18,0
2015-11-25,10:25:00,8.66,8.66,8.66,8.66,1000,0
2015-11-25,10:35:00,8.66,8.66,8.64,8.64,1975,0
2015-11-25,10:40:00,8.64,8.64,8.64,8.64,240,0
2015-11-25,11:00:00,8.64,8.64,8.64,8.64,50,0
2015-11-25,11:20:00,8.66,8.66,8.66,8.66,120,0
2015-11-25,11:40:00,8.66,8.66,8.66,8.66,60,0
2015-11-25,11:45:00,8.66,8.66,8.66,8.66,1323,0
2015-11-25,11:50:00,8.73,8.73,8.73,8.73,66,0
2015-11-25,12:30:00,8.72,8.72,8.72,8.72,267,0
2015-11-25,13:40:00,8.64,8.64,8.64,8.64,386,0
2015-11-25,14:15:00,8.64,8.64,8.64,8.64,900,0
2015-11-25,14:30:00,8.7,8.7,8.7,8.7,38,0
2015-11-25,15:00:00,8.65,8.65,8.6,8.6,5953,0
2015-11-25,15:05:00,8.59,8.59,8.59,8.59,1000,0
2015-11-25,15:30:00,8.6,8.64,8.6,8.64,600,0
2015-11-25,16:15:00,8.58,8.58,8.58,8.58,550,0
2015-11-25,16:25:00,8.57,8.57,8.53,8.53,462,0
2015-11-25,16:45:00,8.59,8.6,8.59,8.6,198,0
2015-11-25,16:50:00,8.6,8.6,8.6,8.6,178,0
2015-11-26,09:15:00,8.55,8.55,8.55,8.55,220,0
2015-11-26,09:35:00,8.59,8.59,8.59,8.59,150,0
2015-11-26,09:40:00,8.59,8.59,8.59,8.59,115,0
2015-11-26,09:45:00,8.59,8.59,8.59,8.59,96,0
2015-11-26,09:50:00,8.59,8.59,8.59,8.59,62,0
2015-11-26,10:15:00,8.59,8.59,8.59,8.59,5118,0
2015-11-26,10:30:00,8.59,8.59,8.59,8.59,280,0
2015-11-26,10:45:00,8.59,8.59,8.59,8.59,235,0
2015-11-26,10:50:00,8.59,8.59,8.59,8.59,15,0
2015-11-26,11:05:00,8.58,8.58,8.58,8.58,350,0
2015-11-26,11:10:00,8.59,8.59,8.59,8.59,66,0
2015-11-26,11:15:00,8.59,8.59,8.59,8.59,35,0
2015-11-26,12:30:00,8.58,8.58,8.58,8.58,200,0
2015-11-26,14:05:00,8.58,8.58,8.58,8.58,500,0
2015-11-26,15:40:00,8.57,8.57,8.57,8.57,23,0
2015-11-26,15:45:00,8.58,8.58,8.58,8.58,230,0
2015-11-26,16:50:00,8.57,8.57,8.57,8.57,297,0
2015-11-27,09:05:00,8.57,8.57,8.57,8.57,3160,0
2015-11-27,09:35:00,8.55,8.55,8.53,8.53,1706,0
2015-11-27,09:50:00,8.56,8.57,8.56,8.57,111,0
2015-11-27,10:10:00,8.57,8.57,8.57,8.57,230,0
2015-11-27,10:55:00,8.54,8.54,8.54,8.54,1000,0
2015-11-27,11:00:00,8.53,8.53,8.53,8.53,1300,0
2015-11-27,11:05:00,8.52,8.52,8.48,8.5,22494,0
2015-11-27,11:35:00,8.49,8.52,8.49,8.52,180,0
2015-11-27,12:45:00,8.5,8.5,8.5,8.5,150,0
2015-11-27,13:05:00,8.5,8.5,8.5,8.5,150,0
2015-11-27,13:25:00,8.5,8.5,8.5,8.5,200,0
2015-11-27,13:35:00,8.49,8.49,8.49,8.49,850,0
2015-11-27,13:55:00,8.49,8.49,8.49,8.49,291,0
2015-11-27,14:25:00,8.48,8.48,8.48,8.48,851,0
2015-11-27,14:45:00,8.5,8.5,8.5,8.5,200,0
2015-11-27,14:55:00,8.5,8.5,8.5,8.5,94,0
2015-11-27,16:20:00,8.5,8.5,8.5,8.5,145,0
2015-11-27,16:50:00,8.48,8.5,8.48,8.5,805,0
2015-11-30,09:05:00,8.46,8.46,8.43,8.43,1556,0
2015-11-30,09:25:00,8.48,8.48,8.48,8.48,185,0
2015-11-30,09:40:00,8.5,8.5,8.5,8.5,200,0
2015-11-30,09:55:00,8.5,8.5,8.5,8.5,3052,0
2015-11-30,10:00:00,8.5,8.5,8.5,8.5,168,0
2015-11-30,10:05:00,8.5,8.51,8.5,8.51,1800,0
2015-11-30,10:10:00,8.52,8.52,8.52,8.52,1099,0
2015-11-30,10:20:00,8.5,8.5,8.5,8.5,200,0
2015-11-30,10:35:00,8.5,8.59,8.5,8.59,27501,0
2015-11-30,10:45:00,8.51,8.51,8.5,8.5,1950,0
2015-11-30,10:55:00,8.48,8.48,8.48,8.48,150,0
2015-11-30,11:20:00,8.55,8.55,8.55,8.55,54,0
2015-11-30,11:55:00,8.55,8.55,8.55,8.55,1000,0
2015-11-30,12:00:00,8.55,8.55,8.5,8.5,351,0
2015-11-30,12:05:00,8.5,8.5,8.5,8.5,2360,0
2015-11-30,12:25:00,8.5,8.5,8.5,8.5,200,0
2015-11-30,12:30:00,8.5,8.5,8.5,8.5,200,0
2015-11-30,13:15:00,8.54,8.54,8.54,8.54,595,0
2015-11-30,13:25:00,8.54,8.54,8.54,8.54,200,0
2015-11-30,13:45:00,8.5,8.5,8.5,8.5,469,0
2015-11-30,14:05:00,8.5,8.5,8.5,8.5,2466,0
2015-11-30,14:45:00,8.53,8.53,8.53,8.53,154,0
2015-11-30,15:30:00,8.51,8.51,8.51,8.51,130,0
2015-11-30,15:55:00,8.5,8.51,8.5,8.51,100,0
2015-11-30,16:50:00,8.49,8.49,8.49,8.49,995,0
2015-12-01,09:15:00,8.5,8.5,8.5,8.5,1250,0
2015-12-01,11:20:00,8.5,8.5,8.5,8.5,950,0
2015-12-01,11:25:00,8.49,8.49,8.49,8.49,445,0
2015-12-01,12:00:00,8.49,8.5,8.49,8.5,100,0
2015-12-01,12:30:00,8.5,8.5,8.5,8.5,460,0
2015-12-01,13:25:00,8.53,8.58,8.53,8.58,30056,0
2015-12-01,14:15:00,8.58,8.58,8.58,8.58,200,0
2015-12-01,14:20:00,8.58,8.58,8.58,8.58,1385,0
2015-12-01,14:25:00,8.58,8.58,8.58,8.58,460,0
2015-12-01,14:40:00,8.58,8.58,8.58,8.58,6200,0
2015-12-01,15:10:00,8.7,8.7,8.7,8.7,280,0
2015-12-01,15:35:00,8.66,8.66,8.66,8.66,111,0
2015-12-01,15:40:00,8.66,8.66,8.66,8.66,832,0
2015-12-01,16:05:00,8.7,8.7,8.7,8.7,225,0
2015-12-01,16:50:00,8.7,8.7,8.7,8.7,100,0
2015-12-02,09:05:00,8.85,8.85,8.85,8.85,426,0
2015-12-02,09:15:00,8.8,8.8,8.8,8.8,40000,0
2015-12-02,09:40:00,8.8,8.8,8.8,8.8,88,0
2015-12-02,10:00:00,8.78,8.78,8.78,8.78,250,0
2015-12-02,10:40:00,8.8,8.8,8.8,8.8,2000,0
2015-12-02,11:05:00,8.78,8.78,8.78,8.78,10,0
2015-12-02,11:20:00,8.78,8.78,8.78,8.78,504,0
2015-12-02,11:30:00,8.78,8.78,8.78,8.78,1151,0
2015-12-02,12:20:00,8.76,8.76,8.76,8.76,1000,0
2015-12-02,12:35:00,8.73,8.73,8.7,8.7,3717,0
2015-12-02,13:05:00,8.69,8.7,8.69,8.7,2000,0
2015-12-02,14:15:00,8.67,8.67,8.67,8.67,200,0
2015-12-02,14:25:00,8.67,8.67,8.67,8.67,1315,0
2015-12-02,15:05:00,8.67,8.67,8.67,8.67,200,0
2015-12-02,15:25:00,8.7,8.7,8.7,8.7,400,0
2015-12-02,16:10:00,8.7,8.7,8.7,8.7,92,0
2015-12-02,16:15:00,8.68,8.68,8.68,8.68,100,0
2015-12-02,16:50:00,8.7,8.7,8.7,8.7,207,0
2015-12-03,09:05:00,8.7,8.7,8.7,8.7,180,0
2015-12-03,11:35:00,8.62,8.62,8.62,8.62,488,0
2015-12-03,11:45:00,8.62,8.62,8.59,8.59,15421,0
2015-12-03,14:20:00,8.69,8.69,8.69,8.69,40,0
2015-12-03,15:10:00,8.62,8.62,8.62,8.62,431,0
2015-12-03,15:20:00,8.68,8.68,8.68,8.68,171,0
2015-12-03,15:40:00,8.68,8.68,8.68,8.68,270,0
2015-12-03,15:50:00,8.68,8.69,8.68,8.69,100,0
2015-12-03,15:55:00,8.62,8.62,8.6,8.6,8071,0
2015-12-03,16:30:00,8.59,8.59,8.59,8.59,600,0
2015-12-04,09:05:00,8.62,8.62,8.62,8.62,1000,0
2015-12-04,11:15:00,8.6,8.6,8.6,8.6,100,0
2015-12-04,13:55:00,8.6,8.6,8.6,8.6,100,0
2015-12-04,15:05:00,8.56,8.56,8.49,8.49,8453,0
2015-12-04,15:15:00,8.5,8.5,8.5,8.5,95,0
2015-12-04,15:30:00,8.49,8.49,8.42,8.42,1520,0
2015-12-04,16:25:00,8.39,8.39,8.27,8.27,478,0
2015-12-04,16:30:00,8.29,8.34,8.27,8.34,1168,0
2015-12-04,16:35:00,8.4,8.5,8.4,8.5,2184,0
2015-12-04,16:40:00,8.5,8.59,8.5,8.59,1000,0
2015-12-04,16:45:00,8.59,8.59,8.59,8.59,400,0
2015-12-04,16:50:00,8.6,8.6,8.6,8.6,115,0
