2016-03-07,09:05:00,35.67,36,35.67,36,152,0
2016-03-07,10:05:00,36,36,36,36,50,0
2016-03-07,10:10:00,35.75,35.75,35.75,35.75,87,0
2016-03-07,10:15:00,35.75,35.75,35.75,35.75,13,0
2016-03-07,10:25:00,35.75,35.75,35.75,35.75,247,0
2016-03-07,10:40:00,36,36,36,36,49,0
2016-03-07,10:45:00,36.25,36.25,36.25,36.25,300,0
2016-03-07,11:00:00,35.77,35.77,35.56,35.56,4103,0
2016-03-07,11:10:00,35.7,35.7,35.7,35.7,225,0
2016-03-07,11:20:00,35.7,35.7,35.7,35.7,111,0
2016-03-07,11:45:00,35.65,35.65,35.65,35.65,200,0
2016-03-07,12:10:00,35.7,35.7,35.7,35.7,22,0
2016-03-07,12:15:00,35.7,35.7,35.7,35.7,2839,0
2016-03-07,12:40:00,36,36,36,36,61,0
2016-03-07,12:45:00,36,36,36,36,9,0
2016-03-07,12:55:00,36,36,36,36,11,0
2016-03-07,13:55:00,35.75,35.75,35.75,35.75,13,0
2016-03-07,14:40:00,35.75,35.75,35.75,35.75,144,0
2016-03-07,14:55:00,35.75,35.75,35.75,35.75,100,0
2016-03-07,15:00:00,35.75,35.75,35.75,35.75,79,0
2016-03-07,15:35:00,35.75,35.75,35.75,35.75,30,0
2016-03-07,15:55:00,35.67,35.67,35.67,35.67,42,0
2016-03-07,16:20:00,35.7,35.7,35.7,35.7,100,0
2016-03-07,16:45:00,35.7,35.7,35.67,35.67,49,0
2016-03-07,16:50:00,35.75,35.75,35.67,35.75,815,0
2016-03-08,09:05:00,36.38,36.38,36.38,36.38,12,0
2016-03-08,09:25:00,35.66,35.66,35.65,35.65,112,0
2016-03-08,09:30:00,35.65,35.65,35.65,35.65,1,0
2016-03-08,09:55:00,35.81,35.81,35.8,35.8,188,0
2016-03-08,10:00:00,35.8,35.8,35.8,35.8,12,0
2016-03-08,10:15:00,35.75,35.75,35.7,35.7,72,0
2016-03-08,10:25:00,35.7,35.7,35.7,35.7,300,0
2016-03-08,10:30:00,35.7,35.7,35.7,35.7,100,0
2016-03-08,10:35:00,35.7,35.7,35.7,35.7,137,0
2016-03-08,11:00:00,35.7,35.7,35.7,35.7,100,0
2016-03-08,11:15:00,35.7,35.7,35.7,35.7,105,0
2016-03-08,11:30:00,35.58,35.58,35.58,35.58,20,0
2016-03-08,11:35:00,35.7,35.7,35.6,35.6,40008,0
2016-03-08,11:40:00,35.7,35.7,35.7,35.7,300,0
2016-03-08,12:00:00,35.69,35.69,35.59,35.59,160,0
2016-03-08,13:10:00,35.69,35.69,35.69,35.69,85,0
2016-03-08,13:20:00,35.69,35.69,35.69,35.69,50,0
2016-03-08,13:30:00,35.69,35.69,35.69,35.69,117,0
2016-03-08,13:35:00,35.69,35.69,35.69,35.69,3,0
2016-03-08,13:45:00,35.69,35.7,35.69,35.7,350,0
2016-03-08,13:55:00,35.7,35.7,35.7,35.7,80,0
2016-03-08,14:00:00,35.7,35.7,35.7,35.7,100,0
2016-03-08,14:05:00,35.68,35.68,35.68,35.68,432,0
2016-03-08,14:20:00,35.68,35.7,35.6,35.7,24100,0
2016-03-08,14:30:00,35.7,35.7,35.7,35.7,432,0
2016-03-08,14:45:00,35.7,35.7,35.7,35.7,10,0
2016-03-08,15:55:00,35.7,35.7,35.7,35.7,480,0
2016-03-08,16:15:00,35.6,35.6,35.6,35.6,7800,0
2016-03-08,16:45:00,35.7,35.7,35.7,35.7,10,0
2016-03-08,16:50:00,35.6,35.7,35.59,35.7,49,0
2016-03-09,09:05:00,36.35,36.35,36.35,36.35,101,0
2016-03-09,09:10:00,36.35,36.37,36.35,36.37,300,0
2016-03-09,09:25:00,36,36,36,36,27,0
2016-03-09,09:40:00,36.29,36.29,36.29,36.29,5,0
2016-03-09,09:45:00,36,36,35.85,35.85,100,0
2016-03-09,09:55:00,35.85,35.85,35.59,35.59,255,0
2016-03-09,10:00:00,36,36,36,36,10,0
2016-03-09,10:10:00,36,36,36,36,131,0
2016-03-09,10:30:00,35.85,35.85,35.85,35.85,200,0
2016-03-09,10:40:00,35.85,35.85,35.85,35.85,55,0
2016-03-09,10:50:00,35.85,35.85,35.85,35.85,50,0
2016-03-09,12:25:00,35.78,35.78,35.78,35.78,20000,0
2016-03-09,13:20:00,35.85,35.85,35.85,35.85,300,0
2016-03-09,14:55:00,35.85,35.85,35.85,35.85,14,0
2016-03-09,15:00:00,35.72,35.72,35.59,35.59,469,0
2016-03-09,15:15:00,35.6,35.6,35.6,35.6,37,0
2016-03-09,15:25:00,35.6,35.6,35.6,35.6,47,0
2016-03-09,15:35:00,35.6,35.6,35.6,35.6,28,0
2016-03-09,15:50:00,35.6,35.6,35.6,35.6,72,0
2016-03-09,15:55:00,35.85,35.85,35.6,35.6,327,0
2016-03-09,16:25:00,35.75,35.75,35.65,35.65,115,0
2016-03-09,16:40:00,35.65,35.65,35.65,35.65,163,0
2016-03-09,16:50:00,35.79,35.79,35.69,35.69,63,0
2016-03-10,09:05:00,35.6,35.6,35.6,35.6,76,0
2016-03-10,09:15:00,35.59,35.59,35.59,35.59,8,0
2016-03-10,09:35:00,35.59,35.59,35.59,35.59,29,0
2016-03-10,09:45:00,35.6,35.6,35.6,35.6,60,0
2016-03-10,10:00:00,35.6,35.6,35.6,35.6,254,0
2016-03-10,10:35:00,35.56,35.56,35.5,35.5,75,0
2016-03-10,10:40:00,35.5,35.5,35.5,35.5,120,0
2016-03-10,10:45:00,35.8,35.8,35.8,35.8,30,0
2016-03-10,11:05:00,35.8,35.8,35.8,35.8,20,0
2016-03-10,11:10:00,35.8,35.8,35.8,35.8,84,0
2016-03-10,11:35:00,35.6,35.6,35.6,35.6,140,0
2016-03-10,12:00:00,35.61,35.61,35.6,35.6,50,0
2016-03-10,13:20:00,35.6,35.6,35.6,35.6,193,0
2016-03-10,13:30:00,35.6,35.6,35.6,35.6,743,0
2016-03-10,14:00:00,35.6,35.6,35.6,35.6,12,0
2016-03-10,14:05:00,35.69,35.69,35.69,35.69,20,0
2016-03-10,14:25:00,35.69,35.69,35.69,35.69,27,0
2016-03-10,14:35:00,35.69,35.69,35.69,35.69,43,0
2016-03-10,14:45:00,35.7,35.7,35.7,35.7,328,0
2016-03-10,15:00:00,35.7,35.7,35.7,35.7,4672,0
2016-03-10,15:30:00,35.8,35.8,35.8,35.8,61,0
2016-03-10,15:35:00,35.8,35.8,35.8,35.8,100,0
2016-03-10,16:15:00,35.8,35.8,35.8,35.8,16,0
2016-03-10,16:35:00,35.71,35.71,35.7,35.7,150,0
2016-03-10,16:40:00,35.7,35.75,35.7,35.75,502,0
2016-03-10,16:50:00,35.75,35.75,35.75,35.75,142,0
2016-03-11,09:05:00,36,36.29,35.75,36.29,149,0
2016-03-11,09:10:00,35.75,35.75,35.75,35.75,52,0
2016-03-11,09:25:00,35.5,35.5,35.5,35.5,30,0
2016-03-11,09:50:00,35.75,35.75,35.75,35.75,10,0
2016-03-11,09:55:00,35.7,35.75,35.7,35.75,50,0
2016-03-11,10:05:00,35.51,35.51,35.51,35.51,25,0
2016-03-11,10:10:00,35.75,35.75,35.75,35.75,10,0
2016-03-11,10:20:00,35.51,35.51,35.5,35.5,40,0
2016-03-11,10:50:00,35.55,35.55,35.5,35.5,1092,0
2016-03-11,11:00:00,35.45,35.45,35.45,35.45,40,0
2016-03-11,11:05:00,35.4,35.5,35.33,35.5,107,0
2016-03-11,11:10:00,35.5,35.5,35.5,35.5,20,0
2016-03-11,11:20:00,35.5,35.5,35.5,35.5,296,0
2016-03-11,11:25:00,35.5,35.75,35.5,35.75,1175,0
2016-03-11,12:40:00,35.62,35.62,35.62,35.62,374,0
2016-03-11,15:05:00,35.6,35.74,35.6,35.74,61,0
2016-03-11,16:05:00,35.73,35.73,35.73,35.73,40,0
2016-03-11,16:15:00,35.73,35.74,35.6,35.6,509,0
2016-03-11,16:20:00,35.6,35.6,35.6,35.6,300,0
2016-03-11,16:50:00,35.7,35.74,35.7,35.74,1019,0
2016-03-14,09:05:00,36.29,36.29,36.29,36.29,110,0
2016-03-14,09:55:00,36.19,36.19,36.19,36.19,100,0
2016-03-14,10:25:00,35.95,35.95,35.9,35.9,295,0
2016-03-14,11:15:00,35.9,35.9,35.9,35.9,15,0
2016-03-14,12:30:00,35.9,35.9,35.9,35.9,25,0
2016-03-14,13:10:00,35.8,35.8,35.8,35.8,31,0
2016-03-14,13:20:00,35.8,35.8,35.8,35.8,40,0
2016-03-14,13:45:00,35.8,36,35.8,36,560,0
2016-03-14,14:10:00,35.9,35.9,35.9,35.9,4500,0
2016-03-14,14:15:00,35.9,35.9,35.9,35.9,200,0
2016-03-14,14:20:00,35.9,35.9,35.9,35.9,100,0
2016-03-14,14:25:00,35.9,35.9,35.9,35.9,50,0
2016-03-14,14:30:00,35.9,35.9,35.74,35.74,19,0
2016-03-14,14:55:00,36.1,36.1,36.1,36.1,10,0
2016-03-14,16:25:00,35.9,35.95,35.9,35.95,300,0
2016-03-14,16:50:00,35.89,35.89,35.89,35.89,30,0
2016-03-15,09:05:00,35.9,35.9,35.9,35.9,303,0
2016-03-15,09:15:00,35.9,35.9,35.9,35.9,2,0
2016-03-15,09:20:00,35.9,35.9,35.9,35.9,25,0
2016-03-15,09:25:00,35.74,35.74,35.74,35.74,22,0
2016-03-15,09:30:00,35.5,35.5,35.5,35.5,56,0
2016-03-15,09:35:00,35.4,35.4,35.4,35.4,130,0
2016-03-15,09:40:00,35.4,35.4,35.4,35.4,42,0
2016-03-15,09:45:00,35.4,35.4,35.4,35.4,20,0
2016-03-15,09:50:00,35.4,35.4,35.4,35.4,20,0
2016-03-15,09:55:00,35.35,35.35,35.31,35.31,118,0
2016-03-15,10:00:00,35.31,35.31,35.3,35.3,127,0
2016-03-15,10:20:00,35.3,35.3,35.3,35.3,10,0
2016-03-15,10:25:00,35.3,35.3,35.25,35.25,337,0
2016-03-15,10:40:00,35.3,35.3,35.23,35.23,122,0
2016-03-15,11:25:00,35.23,35.23,35.23,35.23,5,0
2016-03-15,12:05:00,35.3,35.3,35.3,35.3,10,0
2016-03-15,12:20:00,35.23,35.23,35.23,35.23,10,0
2016-03-15,12:55:00,35.3,35.3,35.3,35.3,372,0
2016-03-15,13:00:00,35.3,35.3,35.3,35.3,15,0
2016-03-15,13:25:00,35.3,35.3,35.3,35.3,29,0
2016-03-15,13:30:00,35.3,35.3,35.3,35.3,47,0
2016-03-15,14:10:00,35.25,35.25,35.25,35.25,20,0
2016-03-15,14:40:00,35.3,35.3,35.3,35.3,50,0
2016-03-15,15:00:00,35.3,35.3,35.23,35.23,400,0
2016-03-15,15:05:00,35.3,35.3,35.16,35.16,425,0
2016-03-15,15:15:00,35.25,35.25,35.25,35.25,50,0
2016-03-15,15:30:00,35.3,35.3,35.3,35.3,7380,0
2016-03-15,15:45:00,35.25,35.25,35.16,35.16,120,0
2016-03-15,16:05:00,35.3,35.3,35.3,35.3,85,0
2016-03-15,16:40:00,35.16,35.16,35.13,35.13,56,0
2016-03-15,16:50:00,35.3,35.3,35.29,35.29,414,0
2016-03-16,09:05:00,35.74,35.74,35.1,35.1,81,0
2016-03-16,10:10:00,35.11,35.11,35.1,35.1,50,0
2016-03-16,10:15:00,35.1,35.1,35.1,35.1,15,0
2016-03-16,10:20:00,35.1,35.1,35.1,35.1,65,0
2016-03-16,10:40:00,35.3,35.3,35.3,35.3,84,0
2016-03-16,10:45:00,35.3,35.35,35.3,35.35,191,0
2016-03-16,11:10:00,35.3,35.4,35.3,35.4,423,0
2016-03-16,11:15:00,35.4,35.5,35.4,35.5,197,0
2016-03-16,11:20:00,35.5,35.5,35.5,35.5,100,0
2016-03-16,11:35:00,35.7,35.7,35.7,35.7,10,0
2016-03-16,11:55:00,35.25,35.25,35.25,35.25,142,0
2016-03-16,12:00:00,35.59,35.6,35.59,35.6,144,0
2016-03-16,12:05:00,35.8,35.85,35.8,35.85,73,0
2016-03-16,12:20:00,35.84,35.85,35.84,35.85,74,0
2016-03-16,12:35:00,35.89,36,35.89,36,292,0
2016-03-16,12:40:00,35.9,35.9,35.9,35.9,2593,0
2016-03-16,14:50:00,36,36,36,36,15,0
2016-03-16,15:05:00,36,36,36,36,60,0
2016-03-16,15:35:00,36.1,36.1,36.1,36.1,100,0
2016-03-16,15:50:00,36,36,35.9,35.9,145,0
2016-03-16,16:50:00,36.05,36.1,36.05,36.1,355,0
2016-03-17,09:05:00,36.06,36.64,36.06,36.64,3000,0
2016-03-17,09:10:00,36.64,36.64,36.64,36.64,295,0
2016-03-17,09:15:00,36.64,36.64,36.64,36.64,82,0
2016-03-17,09:20:00,36.64,36.64,36.64,36.64,63,0
2016-03-17,09:30:00,36.64,36.64,36.6,36.64,820,0
2016-03-17,09:35:00,36.64,36.64,36.64,36.64,595,0
2016-03-17,09:40:00,36.88,36.9,36.88,36.9,1355,0
2016-03-17,09:45:00,36.9,36.9,36.75,36.9,185,0
2016-03-17,10:05:00,36.9,36.9,36.9,36.9,35,0
2016-03-17,10:30:00,36.7,36.7,36.7,36.7,70,0
2016-03-17,10:55:00,36.75,36.75,36.75,36.75,23,0
2016-03-17,11:00:00,36.75,36.75,36.75,36.75,60,0
2016-03-17,11:25:00,36.75,36.75,36.75,36.75,17,0
2016-03-17,12:00:00,36.88,36.89,36.88,36.89,100,0
2016-03-17,12:05:00,36.79,36.79,36.79,36.79,17337,0
2016-03-17,12:55:00,36.89,36.89,36.89,36.89,172,0
2016-03-17,13:20:00,36.8,36.8,36.8,36.8,85,0
2016-03-17,13:50:00,36.88,36.9,36.88,36.9,100,0
2016-03-17,13:55:00,36.9,36.9,36.9,36.9,51,0
2016-03-17,14:00:00,36.99,37,36.99,37,483,0
2016-03-17,14:05:00,37.1,37.1,37.1,37.1,55,0
2016-03-17,14:25:00,37,37.28,37,37.28,257,0
2016-03-17,14:35:00,37.28,37.28,37.28,37.28,168,0
2016-03-17,14:45:00,37.28,37.29,37.28,37.29,800,0
2016-03-17,14:55:00,37.1,37.1,37.1,37.1,48,0
2016-03-17,15:00:00,37.1,37.1,37.1,37.1,144,0
2016-03-17,15:05:00,37.1,37.1,37.1,37.1,180,0
2016-03-17,15:10:00,37.29,37.3,37.29,37.3,77,0
2016-03-17,15:15:00,37.41,37.41,37.41,37.41,13,0
2016-03-17,16:00:00,37.41,37.45,37.41,37.45,192,0
2016-03-17,16:35:00,37.5,37.5,37.5,37.5,40,0
2016-03-17,16:45:00,37.5,37.5,37.5,37.5,54,0
2016-03-17,16:50:00,37.45,37.45,37.44,37.44,512,0
2016-03-18,09:05:00,37.61,38,37.61,38,1132,0
2016-03-18,09:10:00,37.99,38,37.99,38,1192,0
2016-03-18,09:15:00,38,38,38,38,114,0
2016-03-18,09:20:00,38,38,38,38,134,0
2016-03-18,09:35:00,38,38,37.8,38,467,0
2016-03-18,09:40:00,38,38,38,38,260,0
2016-03-18,09:45:00,37.8,37.8,37.8,37.8,280,0
2016-03-18,09:50:00,38,38,38,38,100,0
2016-03-18,10:05:00,37.9,37.9,37.8,37.8,59,0
2016-03-18,10:10:00,37.7,37.7,37.7,37.7,81,0
2016-03-18,10:15:00,37.7,37.7,37.65,37.65,299,0
2016-03-18,11:35:00,37.7,37.7,37.65,37.65,100,0
2016-03-18,11:40:00,37.65,37.65,37.65,37.65,60,0
2016-03-18,11:45:00,37.9,37.9,37.9,37.9,1,0
2016-03-18,12:30:00,37.9,37.9,37.9,37.9,40,0
2016-03-18,13:15:00,37.9,37.9,37.9,37.9,101,0
2016-03-18,13:35:00,37.9,38,37.9,38,1070,0
2016-03-18,13:55:00,38,38,38,38,50,0
2016-03-18,14:00:00,38,38,37.81,37.81,252,0
2016-03-18,14:05:00,37.99,37.99,37.99,37.99,287,0
2016-03-18,14:10:00,37.99,37.99,37.99,37.99,503,0
2016-03-18,14:45:00,37.99,37.99,37.99,37.99,49,0
2016-03-18,14:50:00,37.99,37.99,37.99,37.99,28,0
2016-03-18,15:00:00,37.99,38,37.99,38,966,0
2016-03-18,15:05:00,38,38,38,38,160,0
2016-03-18,15:15:00,37.99,38,37.99,38,89,0
2016-03-18,15:55:00,37.9,37.9,37.9,37.9,40000,0
2016-03-18,16:00:00,37.9,38,37.9,38,10263,0
2016-03-18,16:05:00,37.91,37.91,37.9,37.9,690,0
2016-03-18,16:20:00,37.9,38,37.9,38,30,0
2016-03-18,16:35:00,38,38.5,38,38.5,3663,0
2016-03-18,16:40:00,38.6,38.6,38.5,38.5,1640,0
2016-03-18,16:45:00,38.5,38.5,38.5,38.5,322,0
2016-03-18,16:50:00,38.5,38.6,38,38,5930,0
