2016-03-07,09:05:00,52,52,52,52,30,0
2016-03-07,09:10:00,52,52,52,52,67,0
2016-03-07,09:15:00,52.48,52.48,52.48,52.48,46,0
2016-03-07,09:20:00,52.48,53.6,52.48,53.6,620,0
2016-03-07,09:25:00,53.6,53.6,53.6,53.6,186,0
2016-03-07,09:30:00,53,53.6,53,53.6,247,0
2016-03-07,09:35:00,55,57,55,57,135,0
2016-03-07,09:50:00,55.3,55.3,55.2,55.2,50,0
2016-03-07,09:55:00,57,57,57,57,10,0
2016-03-07,10:00:00,55.25,55.25,55.2,55.2,80,0
2016-03-07,10:10:00,55.2,55.2,55.2,55.2,85,0
2016-03-07,10:15:00,55.2,55.2,55.2,55.2,30,0
2016-03-07,10:25:00,55.21,55.21,55.2,55.2,426,0
2016-03-07,10:30:00,55.2,56.7,55.2,56.7,72,0
2016-03-07,10:35:00,56.01,56.01,55.2,55.2,100,0
2016-03-07,10:40:00,55.2,55.2,55,55,235,0
2016-03-07,10:45:00,55,56,54,56,1032,0
2016-03-07,10:55:00,56.5,56.5,56.5,56.5,50,0
2016-03-07,11:10:00,55.99,55.99,55,55,125,0
2016-03-07,11:20:00,54.01,54.01,53.5,53.5,102,0
2016-03-07,11:25:00,54.5,54.5,54.5,54.5,65,0
2016-03-07,11:35:00,55.98,55.98,55.98,55.98,170,0
2016-03-07,13:40:00,54,54,54,54,60,0
2016-03-07,14:05:00,53.8,53.8,52.35,52.35,1238,0
2016-03-07,14:45:00,54.79,54.79,54.79,54.79,1,0
2016-03-07,15:35:00,54.4,54.4,54.4,54.4,15,0
2016-03-07,16:45:00,52.51,52.51,52.51,52.51,143,0
2016-03-07,16:50:00,53.99,53.99,53.99,53.99,335,0
2016-03-08,09:05:00,53,53,53,53,50,0
2016-03-08,09:20:00,54.45,54.45,54.45,54.45,35,0
2016-03-08,09:30:00,54.5,54.5,54.5,54.5,46,0
2016-03-08,09:35:00,54.49,54.49,54.49,54.49,7,0
2016-03-08,10:50:00,53.05,53.05,53.01,53.01,20,0
2016-03-08,11:00:00,53,53,53,53,60,0
2016-03-08,11:15:00,53.5,53.5,52.88,52.88,385,0
2016-03-08,11:20:00,52.88,52.88,52.5,52.5,200,0
2016-03-08,11:25:00,52.8,52.8,52.75,52.75,49,0
2016-03-08,11:30:00,52.8,52.8,52.8,52.8,100,0
2016-03-08,11:50:00,52.8,52.8,52.8,52.8,61,0
2016-03-08,12:00:00,52.8,52.8,52.8,52.8,189,0
2016-03-08,12:05:00,52.55,52.55,52.5,52.5,211,0
2016-03-08,13:25:00,52.9,52.9,52.9,52.9,97,0
2016-03-08,14:45:00,52.9,52.9,52.9,52.9,3,0
2016-03-08,16:50:00,52.91,53.83,52.91,53.83,36,0
2016-03-09,09:05:00,53.4,53.4,53.4,53.4,35,0
2016-03-09,10:30:00,53.75,54,53.75,54,70,0
2016-03-09,10:50:00,54,54.45,54,54.45,326,0
2016-03-09,10:55:00,54.45,54.7,54.45,54.7,552,0
2016-03-09,11:05:00,54.7,54.7,54.7,54.7,59,0
2016-03-09,11:10:00,54.7,55.94,54.7,55.94,81,0
2016-03-09,11:20:00,54.52,54.52,54.51,54.51,49,0
2016-03-09,11:25:00,54.51,54.51,54.51,54.51,15,0
2016-03-09,11:30:00,54.9,54.9,54.9,54.9,210,0
2016-03-09,11:35:00,54.9,55.4,54.9,55.4,285,0
2016-03-09,11:50:00,55.4,55.4,55.4,55.4,100,0
2016-03-09,11:55:00,55.4,55.4,55.4,55.4,33,0
2016-03-09,12:10:00,55.4,55.4,55.4,55.4,29,0
2016-03-09,13:30:00,55.4,55.4,55.4,55.4,2,0
2016-03-09,13:35:00,55.8,55.8,55.8,55.8,145,0
2016-03-09,14:15:00,55.8,55.8,55.8,55.8,50,0
2016-03-09,15:50:00,55.6,55.6,55.6,55.6,256,0
2016-03-09,15:55:00,55.5,55.5,55.5,55.5,4,0
2016-03-09,16:00:00,55.4,55.4,55,55,141,0
2016-03-09,16:50:00,55,55.2,55,55.2,375,0
2016-03-10,09:05:00,55.3,55.3,55.3,55.3,90,0
2016-03-10,09:20:00,55,55,55,55,370,0
2016-03-10,09:35:00,55,55.9,55,55.9,41,0
2016-03-10,10:20:00,55,55,55,55,60,0
2016-03-10,10:35:00,55,55,55,55,20,0
2016-03-10,11:00:00,55,55,55,55,32,0
2016-03-10,12:00:00,55.78,55.78,55.78,55.78,15,0
2016-03-10,14:15:00,55.77,55.78,55.77,55.78,34,0
2016-03-10,14:40:00,55.78,55.78,55.78,55.78,3,0
2016-03-10,16:50:00,55.6,55.6,55.6,55.6,40,0
2016-03-11,09:05:00,55.6,55.6,55.6,55.6,18,0
2016-03-11,09:35:00,55.1,55.1,55.1,55.1,85,0
2016-03-11,09:40:00,55.59,55.6,55.59,55.6,25,0
2016-03-11,09:45:00,55.11,55.11,55,55,74,0
2016-03-11,10:20:00,55,55,54.65,54.65,39,0
2016-03-11,11:30:00,55,55.3,55,55.3,239,0
2016-03-11,11:40:00,55.3,55.3,55.3,55.3,5,0
2016-03-11,11:50:00,55.35,55.35,55.35,55.35,18,0
2016-03-11,12:40:00,54.8,54.8,54.8,54.8,30,0
2016-03-11,13:10:00,54.81,54.81,54.81,54.81,50,0
2016-03-11,14:40:00,54.71,54.71,54.71,54.71,30,0
2016-03-11,14:55:00,54.71,54.71,54.71,54.71,305,0
2016-03-11,15:00:00,54.71,54.71,54.71,54.71,25,0
2016-03-11,16:45:00,55.15,55.15,55.15,55.15,11,0
2016-03-11,16:50:00,55.19,55.38,55.19,55.38,55,0
2016-03-14,09:05:00,55.5,55.5,54,54,194,0
2016-03-14,09:10:00,54,54,54,54,200,0
2016-03-14,10:15:00,54.02,54.02,54.02,54.02,38,0
2016-03-14,10:20:00,54.02,54.48,54.02,54.48,8,0
2016-03-14,11:10:00,54.02,54.02,54,54,250,0
2016-03-14,11:20:00,54,54,54,54,15,0
2016-03-14,12:05:00,54,54.25,54,54.25,120,0
2016-03-14,12:25:00,54.25,54.55,54.25,54.55,85,0
2016-03-14,12:40:00,54.25,54.25,54.25,54.25,100,0
2016-03-14,14:20:00,54.6,54.6,54.6,54.6,250,0
2016-03-14,14:40:00,54.6,54.6,54.6,54.6,54,0
2016-03-14,14:50:00,54.6,54.6,54,54,370,0
2016-03-14,14:55:00,54.6,54.6,54.6,54.6,50,0
2016-03-14,15:55:00,54.6,54.6,54.6,54.6,50,0
2016-03-14,16:35:00,54.6,54.6,54.6,54.6,7,0
2016-03-14,16:40:00,54.6,54.6,54.6,54.6,169,0
2016-03-14,16:50:00,54.97,54.97,54.97,54.97,179,0
2016-03-15,10:10:00,54.05,54.05,54.05,54.05,6,0
2016-03-15,10:35:00,54.05,54.05,54.05,54.05,30,0
2016-03-15,11:10:00,54.5,54.5,54.5,54.5,200,0
2016-03-15,11:35:00,54.5,54.5,54.05,54.05,55,0
2016-03-15,12:20:00,54.05,54.05,53.92,53.92,451,0
2016-03-15,12:25:00,53.92,53.92,53.91,53.91,321,0
2016-03-15,12:30:00,53.91,53.91,52.02,52.02,20,0
2016-03-15,13:05:00,54.5,54.5,54.5,54.5,65,0
2016-03-15,16:45:00,53.25,53.25,53.25,53.25,78,0
2016-03-15,16:50:00,53.99,53.99,53.2,53.2,522,0
2016-03-16,09:45:00,53.89,53.89,53.89,53.89,16,0
2016-03-16,12:55:00,52.35,52.9,52.03,52.9,263,0
2016-03-16,13:00:00,52.89,52.89,52.89,52.89,25,0
2016-03-16,13:30:00,52.05,52.05,52.05,52.05,200,0
2016-03-16,13:35:00,52.5,52.5,52.5,52.5,86,0
2016-03-16,13:40:00,53.63,53.63,53.63,53.63,1,0
2016-03-16,13:45:00,52.21,52.21,52.2,52.2,70,0
2016-03-16,16:15:00,52.15,52.15,52.12,52.12,32,0
2016-03-16,16:45:00,52.25,52.25,52.25,52.25,970,0
2016-03-16,16:50:00,54.45,54.45,54.45,54.45,3,0
2016-03-17,09:05:00,52.5,52.5,52.5,52.5,25,0
2016-03-17,09:20:00,52.5,52.5,52.5,52.5,52,0
2016-03-17,09:45:00,52.99,52.99,52.99,52.99,5,0
2016-03-17,10:30:00,52.99,53,52.99,53,916,0
2016-03-17,10:45:00,52.95,52.95,52.95,52.95,30,0
2016-03-17,11:10:00,52.94,52.94,52.94,52.94,10,0
2016-03-17,13:05:00,52.55,52.55,52.55,52.55,19,0
2016-03-17,14:05:00,52.55,52.55,52.5,52.5,87,0
2016-03-17,14:20:00,52.5,52.5,52.5,52.5,160,0
2016-03-17,14:35:00,52.89,52.89,52.89,52.89,14,0
2016-03-17,14:40:00,52.8,52.8,52.8,52.8,40,0
2016-03-17,14:45:00,52.89,53,52.89,53,204,0
2016-03-17,14:55:00,53,53,53,53,138,0
2016-03-17,15:05:00,52.85,53,52.85,53,50,0
2016-03-17,15:20:00,53,53,53,53,75,0
2016-03-17,16:30:00,53.4,53.4,53.4,53.4,394,0
2016-03-17,16:40:00,53.4,53.4,53.4,53.4,54,0
2016-03-18,10:05:00,53.09,53.09,53.09,53.09,27,0
2016-03-18,10:10:00,53.09,53.09,53.09,53.09,15,0
2016-03-18,13:45:00,52.7,53,52.03,53,210,0
2016-03-18,15:35:00,52.23,52.23,52.03,52.03,238,0
2016-03-18,15:50:00,52.1,52.1,52.1,52.1,100,0
2016-03-18,15:55:00,52.02,52.02,52,52,347,0
2016-03-18,16:10:00,52.05,52.05,52.05,52.05,130,0
2016-03-18,16:45:00,52.2,52.2,52,52,559,0
2016-03-18,16:50:00,52,53,52,53,201,0
2016-03-21,09:05:00,52,52,52,52,894,0
2016-03-21,09:20:00,52,52,52,52,68,0
2016-03-21,09:55:00,52,52,52,52,100,0
2016-03-21,10:50:00,53,53,53,53,200,0
2016-03-21,11:45:00,53.4,53.4,53.4,53.4,47,0
2016-03-21,12:20:00,53.4,53.4,53.4,53.4,321,0
2016-03-21,13:15:00,53.4,53.4,53.4,53.4,1,0
2016-03-21,14:40:00,52.5,52.5,52.5,52.5,50,0
2016-03-21,15:30:00,52.5,52.5,52.5,52.5,50,0
2016-03-21,15:35:00,53,53,53,53,20,0
2016-03-21,16:10:00,52.41,52.41,52.4,52.4,238,0
2016-03-21,16:15:00,52.75,52.75,52.6,52.75,42,0
2016-03-21,16:50:00,53,53,53,53,1,0
2016-03-22,09:45:00,52.89,52.89,52.89,52.89,120,0
2016-03-22,09:50:00,52.89,52.89,52.89,52.89,10,0
2016-03-22,09:55:00,52.89,52.9,52.89,52.9,61,0
2016-03-22,10:50:00,52.9,52.9,52.9,52.9,148,0
2016-03-22,10:55:00,53,53,53,53,8,0
2016-03-22,11:00:00,53,53.4,53,53.4,24,0
2016-03-22,11:10:00,53,53,52.9,52.9,39,0
2016-03-22,11:40:00,53.4,53.4,53.4,53.4,161,0
2016-03-22,13:55:00,53.02,53.02,52.9,52.9,412,0
2016-03-22,14:00:00,52.9,52.9,52.9,52.9,22,0
2016-03-22,16:30:00,52.05,52.05,52.05,52.05,39,0
2016-03-22,16:35:00,52.05,52.05,52.05,52.05,5,0
2016-03-22,16:45:00,52.05,52.85,52.01,52.85,329,0
2016-03-22,16:50:00,52.4,52.88,52.4,52.88,37,0
2016-03-23,09:05:00,52.4,52.4,52.4,52.4,52,0
2016-03-23,09:45:00,52.79,52.79,52.79,52.79,40,0
2016-03-23,11:10:00,52.79,52.79,52.79,52.79,39,0
2016-03-23,11:15:00,52.79,52.79,52.79,52.79,5,0
2016-03-23,11:30:00,52.3,52.3,52.3,52.3,100,0
2016-03-23,11:45:00,52.25,52.25,52,52,1000,0
2016-03-23,11:50:00,52,52,52,52,85,0
2016-03-23,12:55:00,52.01,52.01,52.01,52.01,10,0
2016-03-23,13:25:00,52.02,52.02,52,52,469,0
2016-03-23,13:55:00,53,53,53,53,1,0
2016-03-23,14:35:00,52.23,52.23,52,52,39,0
2016-03-23,14:40:00,51.5,51.5,51.5,51.5,5,0
2016-03-23,15:00:00,51.5,51.5,51.5,51.5,60,0
2016-03-23,15:05:00,51.3,51.3,51,51,1214,0
2016-03-23,15:20:00,50.89,50.89,50.89,50.89,20,0
2016-03-23,15:25:00,50.89,50.89,50.89,50.89,80,0
2016-03-23,15:35:00,50.89,50.89,50.89,50.89,150,0
2016-03-23,15:40:00,50.89,51,50.89,51,8,0
2016-03-23,15:45:00,51,51,51,51,31,0
2016-03-23,15:50:00,51,51,51,51,305,0
2016-03-23,16:15:00,50.99,51,50.99,51,26,0
2016-03-23,16:20:00,51,52.25,51,52.25,143,0
2016-03-23,16:25:00,52.25,52.25,52.25,52.25,50,0
2016-03-23,16:50:00,51.94,51.94,51.94,51.94,142,0
2016-03-24,09:05:00,53.38,53.38,53.37,53.37,21,0
2016-03-24,09:10:00,52.7,52.7,52.7,52.7,19,0
2016-03-24,09:20:00,53,53,52,53,806,0
2016-03-24,09:25:00,53,53,53,53,241,0
2016-03-24,09:35:00,53,53,53,53,141,0
2016-03-24,09:55:00,53.01,53.01,52.2,52.2,183,0
2016-03-24,10:00:00,53.39,53.79,53.39,53.79,61,0
2016-03-24,10:05:00,53.79,53.79,53.79,53.79,45,0
2016-03-24,10:10:00,53.79,53.8,53.79,53.8,900,0
2016-03-24,10:50:00,53,53,53,53,25,0
2016-03-24,10:55:00,53,53,52.6,52.6,108,0
2016-03-24,11:15:00,52.65,52.65,52.6,52.6,30,0
2016-03-24,11:25:00,52.59,52.59,52.5,52.5,216,0
2016-03-24,11:30:00,53,53,53,53,284,0
2016-03-24,11:35:00,53.35,53.8,53.35,53.8,400,0
2016-03-24,12:20:00,53.5,53.79,53.5,53.79,353,0
2016-03-24,13:00:00,53,53,53,53,157,0
2016-03-24,13:05:00,53,53,53,53,243,0
2016-03-24,13:45:00,53,53,52.5,52.5,100,0
2016-03-24,15:45:00,53,53,53,53,10,0
2016-03-24,16:50:00,53,53,53,53,54,0
2016-03-29,09:05:00,52.99,53,52.99,53,100,0
2016-03-29,09:45:00,52.3,52.3,52.28,52.28,50,0
2016-03-29,09:55:00,52.5,52.5,52.5,52.5,250,0
2016-03-29,10:20:00,52.26,52.26,52.02,52.02,40,0
2016-03-29,11:10:00,52.39,52.4,52.39,52.4,56,0
2016-03-29,11:25:00,51.99,51.99,51.99,51.99,67,0
2016-03-29,11:30:00,52.4,52.4,52.4,52.4,233,0
2016-03-29,11:35:00,52.4,52.5,52.4,52.5,400,0
2016-03-29,11:40:00,52.5,53,52.5,53,25,0
2016-03-29,12:25:00,53,53,53,53,200,0
2016-03-29,12:45:00,53,53,53,53,90,0
2016-03-29,12:50:00,53,53,53,53,210,0
2016-03-29,13:45:00,52.5,52.5,52.5,52.5,30,0
2016-03-29,14:55:00,52.5,52.5,52.5,52.5,500,0
2016-03-29,16:50:00,52.99,52.99,52.99,52.99,26,0
2016-03-30,09:05:00,53.79,53.79,53.79,53.79,100,0
2016-03-30,09:35:00,53.5,53.5,53.5,53.5,145,0
2016-03-30,10:25:00,53,53,53,53,80,0
2016-03-30,10:30:00,53,53,53,53,65,0
2016-03-30,10:55:00,53,53,53,53,99,0
2016-03-30,11:05:00,53,53,53,53,28,0
2016-03-30,11:25:00,52.55,52.55,52.51,52.51,329,0
2016-03-30,12:50:00,52.9,52.9,52.9,52.9,175,0
2016-03-30,12:55:00,53,53,53,53,250,0
2016-03-30,13:05:00,53,53,53,53,35,0
2016-03-30,13:15:00,53,53,53,53,121,0
2016-03-30,14:05:00,53.25,53.35,53.25,53.35,940,0
2016-03-30,14:10:00,53.35,53.35,53.35,53.35,27,0
2016-03-30,14:45:00,53.3,53.3,53.3,53.3,200,0
2016-03-30,14:50:00,53.35,53.79,53.35,53.79,2261,0
2016-03-30,14:55:00,53.79,53.79,53.79,53.79,230,0
2016-03-30,15:10:00,53.79,53.79,53.79,53.79,32,0
2016-03-30,15:20:00,53.79,53.79,53.79,53.79,30,0
2016-03-30,16:10:00,53.8,53.8,53.8,53.8,120,0
2016-03-30,16:15:00,53.8,53.8,53.8,53.8,120,0
2016-03-30,16:20:00,53.8,53.8,53.8,53.8,39,0
2016-03-30,16:25:00,53.8,53.8,53.8,53.8,200,0
2016-03-30,16:50:00,53.8,54.2,53.8,54.2,986,0
2016-03-31,09:05:00,54.2,54.2,54.2,54.2,499,0
2016-03-31,09:55:00,54,54.2,54,54.2,135,0
2016-03-31,10:05:00,54.2,54.2,54.2,54.2,346,0
2016-03-31,10:15:00,54.6,54.6,54.6,54.6,54,0
2016-03-31,10:20:00,54.6,54.6,54.6,54.6,46,0
2016-03-31,10:35:00,54.8,54.8,54.8,54.8,12,0
2016-03-31,10:40:00,54.8,54.8,54.8,54.8,62,0
2016-03-31,11:00:00,54.8,54.8,54.8,54.8,125,0
2016-03-31,11:05:00,54.8,54.8,54.8,54.8,235,0
2016-03-31,11:30:00,53.98,53.98,53.97,53.97,320,0
2016-03-31,11:40:00,53.97,53.97,53.97,53.97,25,0
2016-03-31,11:45:00,53.97,53.97,53.97,53.97,25,0
2016-03-31,13:25:00,53.98,53.98,53.97,53.97,131,0
2016-03-31,13:35:00,53.5,53.5,53.5,53.5,141,0
2016-03-31,15:20:00,54.47,54.47,54.47,54.47,54,0
2016-03-31,15:50:00,54.46,54.47,54.46,54.47,240,0
2016-03-31,15:55:00,54.47,54.5,54.47,54.5,77,0
2016-03-31,16:00:00,54.5,54.5,54.5,54.5,6,0
2016-03-31,16:05:00,54.47,54.47,54.47,54.47,10,0
2016-03-31,16:40:00,54.5,54.5,54.5,54.5,6,0
2016-03-31,16:45:00,54.5,54.5,54.5,54.5,9,0
2016-03-31,16:50:00,54.26,54.26,54.26,54.26,100,0
2016-04-01,09:05:00,54.26,54.26,54.26,54.26,1,0
2016-04-01,09:15:00,54.26,54.26,54,54,287,0
2016-04-01,09:20:00,54,54,54,54,61,0
2016-04-01,09:25:00,53.5,53.5,53.5,53.5,60,0
2016-04-01,09:50:00,53.5,54,53.5,54,120,0
2016-04-01,10:25:00,53.51,53.51,53.51,53.51,100,0
2016-04-01,10:30:00,54,54,54,54,48,0
2016-04-01,10:40:00,54,54,54,54,42,0
2016-04-01,10:50:00,54,54,54,54,111,0
2016-04-01,11:35:00,54.2,54.2,54.2,54.2,100,0
2016-04-01,11:40:00,53.57,54.2,53.57,54.2,64,0
2016-04-01,11:45:00,54.2,54.2,54.2,54.2,14,0
2016-04-01,12:10:00,54.5,54.7,54.5,54.7,108,0
2016-04-01,12:15:00,54.7,54.7,54.7,54.7,85,0
2016-04-01,12:20:00,54.5,54.5,54.5,54.5,50,0
2016-04-01,13:25:00,54.7,54.7,54.7,54.7,8,0
2016-04-01,14:00:00,54.5,54.5,54.5,54.5,50,0
2016-04-01,15:10:00,54.5,54.5,54.5,54.5,523,0
2016-04-01,15:35:00,54,54,54,54,583,0
2016-04-01,16:30:00,54.5,54.5,54.5,54.5,30,0
2016-04-01,16:35:00,54.5,54.5,54.5,54.5,500,0
2016-04-01,16:40:00,54.5,54.5,54.5,54.5,107,0
2016-04-01,16:50:00,54.7,54.7,54.7,54.7,1,0
2016-04-04,09:05:00,55,55,55,55,3161,0
2016-04-04,09:10:00,55,55,55,55,335,0
2016-04-04,09:15:00,55,55,55,55,965,0
2016-04-04,09:20:00,55,55,54.7,54.7,113,0
2016-04-04,09:25:00,55,55.5,55,55.5,457,0
2016-04-04,09:30:00,55.5,57,55.5,57,712,0
2016-04-04,09:35:00,57.5,58.45,57.5,58.45,270,0
2016-04-04,09:40:00,58.45,60,58.4,60,1117,0
2016-04-04,09:45:00,59.99,60,58.5,58.5,121,0
2016-04-04,09:50:00,58.5,58.5,58.49,58.49,80,0
2016-04-04,09:55:00,58.55,58.55,58,58,565,0
2016-04-04,10:00:00,58,59.54,58,58.5,371,0
2016-04-04,10:05:00,58.5,58.5,58.5,58.5,200,0
2016-04-04,10:10:00,59.5,59.5,59.5,59.5,212,0
2016-04-04,10:15:00,59.5,59.54,59.5,59.5,878,0
2016-04-04,10:20:00,59.5,59.5,59.5,59.5,65,0
2016-04-04,10:25:00,59.5,59.5,58.5,58.5,207,0
2016-04-04,10:40:00,59.53,59.53,59.53,59.53,350,0
2016-04-04,10:50:00,58.9,58.9,58.9,58.9,40,0
2016-04-04,10:55:00,58.9,58.9,58.9,58.9,15,0
2016-04-04,11:00:00,58.9,59,58.5,59,1061,0
2016-04-04,11:25:00,58.5,58.5,58.5,58.5,20,0
2016-04-04,11:30:00,58.5,58.5,58,58,707,0
2016-04-04,11:40:00,58,58,58,58,86,0
2016-04-04,11:50:00,58.9,58.9,58.1,58.1,103,0
2016-04-04,11:55:00,58.5,58.6,58.5,58.6,500,0
2016-04-04,12:00:00,58.1,58.6,58,58.6,63,0
2016-04-04,12:15:00,58.9,58.9,58.9,58.9,20,0
2016-04-04,13:15:00,58.9,59,58.9,59,128,0
2016-04-04,13:20:00,59,59,59,59,10,0
2016-04-04,13:35:00,59,59,59,59,139,0
2016-04-04,13:45:00,59,59,59,59,100,0
2016-04-04,13:55:00,58.5,58.5,58,58,456,0
2016-04-04,14:45:00,58,58,58,58,23,0
2016-04-04,15:00:00,58,58,58,58,107,0
2016-04-04,15:05:00,57.62,57.62,57.62,57.62,93,0
2016-04-04,15:10:00,58,58,58,58,100,0
2016-04-04,15:20:00,58,58.5,58,58.5,500,0
2016-04-04,15:30:00,58.5,58.5,58.5,58.5,150,0
2016-04-04,16:00:00,58.9,58.9,58.9,58.9,5,0
2016-04-04,16:10:00,58.9,58.9,58.9,58.9,31,0
2016-04-04,16:15:00,58.9,58.9,58.9,58.9,25,0
2016-04-04,16:20:00,58.9,58.9,58.9,58.9,20,0
2016-04-04,16:25:00,58.6,58.9,58.6,58.9,70,0
2016-04-04,16:35:00,58.9,58.9,58.9,58.9,20,0
2016-04-04,16:50:00,58.9,58.9,58.9,58.9,335,0
2016-04-05,09:05:00,59.06,59.06,59,59,86,0
2016-04-05,09:15:00,59.48,59.48,59.48,59.48,330,0
2016-04-05,09:20:00,59,59,59,59,10,0
2016-04-05,10:15:00,59.3,59.3,59,59,209,0
2016-04-05,10:30:00,59.45,59.45,59.45,59.45,150,0
2016-04-05,10:40:00,59,59,59,59,21,0
2016-04-05,11:10:00,59.27,59.3,59.27,59.3,257,0
2016-04-05,12:10:00,58.55,58.55,58.55,58.55,20,0
2016-04-05,12:25:00,58.55,58.55,58,58,102,0
2016-04-05,12:35:00,58.5,58.5,58.5,58.5,44,0
2016-04-05,13:20:00,58.4,58.8,58.4,58.8,300,0
2016-04-05,13:30:00,58.8,59,58.8,59,25,0
2016-04-05,13:40:00,58.5,59,58.5,59,100,0
2016-04-05,13:50:00,59,59,59,59,50,0
2016-04-05,14:10:00,58.2,58.2,58,58,779,0
2016-04-05,14:15:00,58,58,58,58,7,0
2016-04-05,14:25:00,58,58,58,58,250,0
2016-04-05,14:30:00,57.81,57.81,57.81,57.81,120,0
2016-04-05,15:30:00,57.85,57.85,57.85,57.85,170,0
2016-04-05,15:35:00,58,58,58,58,78,0
2016-04-05,16:00:00,58,58,58,58,19,0
2016-04-05,16:05:00,58.9,58.9,58.9,58.9,1,0
2016-04-05,16:50:00,58.9,58.9,58.9,58.9,498,0
2016-04-06,09:25:00,58.98,58.98,58.98,58.98,5,0
2016-04-06,09:35:00,58.98,58.98,58.98,58.98,21,0
2016-04-06,10:35:00,57.9,57.9,57.81,57.81,64,0
2016-04-06,11:25:00,57.6,57.6,57.58,57.58,330,0
2016-04-06,11:30:00,57.5,57.5,57.5,57.5,250,0
2016-04-06,11:35:00,57.3,57.3,57,57,231,0
2016-04-06,12:20:00,56.5,56.5,56.5,56.5,85,0
2016-04-06,12:25:00,56.5,56.5,56.5,56.5,4,0
2016-04-06,12:55:00,57.05,57.05,57.05,57.05,100,0
2016-04-06,13:00:00,56,56,56,56,419,0
2016-04-06,13:05:00,55.76,55.76,55.52,55.52,350,0
2016-04-06,13:10:00,55.53,55.53,55.51,55.51,1350,0
2016-04-06,13:15:00,55.5,57,55.5,55.5,355,0
2016-04-06,13:20:00,55.5,55.5,55.5,55.5,380,0
2016-04-06,13:25:00,56.5,56.5,56.5,56.5,92,0
2016-04-06,13:40:00,56.3,56.3,56.3,56.3,99,0
2016-04-06,13:55:00,56,56,56,56,80,0
2016-04-06,14:00:00,56,56,56,56,5,0
2016-04-06,14:05:00,56,56,56,56,415,0
2016-04-06,14:10:00,56,56,56,56,39,0
2016-04-06,14:45:00,56.99,56.99,56.99,56.99,95,0
2016-04-06,15:10:00,56.99,56.99,56.99,56.99,10,0
2016-04-06,16:20:00,57,57,57,57,17,0
2016-04-06,16:25:00,57,57,57,57,10,0
2016-04-06,16:35:00,56.99,56.99,56.99,56.99,50,0
2016-04-06,16:50:00,56.97,56.97,56.97,56.97,2,0
2016-04-07,09:05:00,56.5,56.5,56.5,56.5,37,0
2016-04-07,11:05:00,56.89,56.89,56.89,56.89,100,0
2016-04-07,11:30:00,56.89,56.89,56.89,56.89,25,0
2016-04-07,11:50:00,56.55,56.55,56.55,56.55,100,0
2016-04-07,12:00:00,56.51,56.51,56.5,56.5,135,0
2016-04-07,13:05:00,56.89,59,56.89,59,3968,0
2016-04-07,13:10:00,59,59,59,59,10,0
2016-04-07,13:20:00,59,59,59,59,25,0
2016-04-07,13:45:00,58.01,58.01,58.01,58.01,22,0
2016-04-07,13:55:00,58.01,58.01,58.01,58.01,33,0
2016-04-07,15:10:00,58.01,58.01,58,58,44,0
2016-04-07,15:30:00,57.09,57.09,57.09,57.09,200,0
2016-04-07,15:35:00,57.09,57.09,57,57.09,90,0
2016-04-07,16:50:00,57.09,57.09,57.09,57.09,158,0
2016-04-08,09:40:00,57.5,57.5,57.5,57.5,45,0
2016-04-08,12:00:00,58,58,58,58,4,0
2016-04-08,12:35:00,57.25,57.25,57.25,57.25,5,0
2016-04-08,12:45:00,57.25,57.25,57.25,57.25,20,0
2016-04-08,12:50:00,57.25,57.25,57.2,57.2,95,0
2016-04-08,12:55:00,58,58,58,58,5,0
2016-04-08,14:05:00,58,58,58,58,113,0
2016-04-08,14:20:00,58,58,58,58,150,0
2016-04-08,14:55:00,58,58,58,58,25,0
2016-04-08,15:05:00,58,58,58,58,52,0
2016-04-08,15:10:00,58,58,58,58,128,0
2016-04-08,16:35:00,58,58,58,58,37,0
2016-04-11,09:05:00,58.11,58.42,58.1,58.1,166,0
2016-04-11,09:10:00,58.01,58.01,58,58,945,0
2016-04-11,09:15:00,58,58,58,58,1175,0
2016-04-11,09:25:00,58.4,58.4,58.4,58.4,60,0
2016-04-11,09:30:00,58.4,58.4,55.02,55.02,572,0
2016-04-11,09:35:00,56,56,56,56,1049,0
2016-04-11,09:55:00,56.5,56.5,56.5,56.5,35,0
2016-04-11,10:00:00,57,57,57,57,10,0
2016-04-11,10:20:00,57,57,57,57,3,0
2016-04-11,10:25:00,57,57,57,57,19,0
2016-04-11,10:35:00,57.69,57.69,57.69,57.69,15,0
2016-04-11,10:40:00,57.69,57.99,57.69,57.99,22,0
2016-04-11,12:10:00,57.96,57.96,57.96,57.96,200,0
2016-04-11,14:00:00,57,57,57,57,13,0
2016-04-11,14:05:00,56.51,56.51,56.12,56.12,120,0
2016-04-11,14:10:00,56.12,56.12,56.05,56.05,165,0
2016-04-11,14:15:00,56.79,56.95,56.79,56.95,75,0
2016-04-11,14:50:00,56.95,56.95,56.95,56.95,20,0
2016-04-11,14:55:00,56.94,56.95,56.94,56.95,127,0
2016-04-11,15:00:00,57.95,57.95,57.95,57.95,25,0
2016-04-11,15:10:00,57.95,57.95,57.95,57.95,33,0
2016-04-11,15:30:00,57.95,57.95,57.95,57.95,100,0
2016-04-11,16:35:00,57,57,57,57,133,0
2016-04-11,16:50:00,57,57.01,56.5,57.01,324,0
2016-04-12,09:35:00,57,57,57,57,38,0
2016-04-12,10:00:00,57,57,56.5,56.5,100,0
2016-04-12,11:30:00,57.5,57.85,57.5,57.85,110,0
2016-04-12,12:15:00,57,57,57,57,250,0
2016-04-12,12:40:00,56.5,56.5,56.14,56.14,850,0
2016-04-12,13:10:00,56.2,56.2,56.2,56.2,50,0
2016-04-12,13:15:00,56.13,57,56.13,57,689,0
2016-04-12,14:30:00,56.15,56.15,56,56,1299,0
2016-04-12,15:05:00,56,56,56,56,15,0
2016-04-12,15:10:00,56,56,56,56,50,0
2016-04-12,15:25:00,56,56,55.52,55.52,1523,0
2016-04-12,15:50:00,55.16,55.16,55.16,55.16,183,0
2016-04-12,16:00:00,55.16,55.16,55.16,55.16,72,0
2016-04-12,16:25:00,55.2,55.2,55.2,55.2,27,0
2016-04-12,16:35:00,55.16,56,55.15,55.89,3683,0
2016-04-12,16:40:00,55.6,55.6,55.1,55.1,445,0
2016-04-12,16:45:00,55.27,55.27,55.27,55.27,170,0
2016-04-12,16:50:00,55.11,55.11,55.11,55.11,244,0
2016-04-13,09:05:00,55.99,56,55.99,56,250,0
2016-04-13,10:25:00,55.55,55.55,55.16,55.16,20,0
2016-04-13,10:40:00,55.88,55.88,55.88,55.88,1,0
2016-04-13,10:45:00,55.88,55.88,55.88,55.88,203,0
2016-04-13,11:05:00,55.6,55.88,55.6,55.88,177,0
2016-04-13,11:10:00,55.88,55.88,55.88,55.88,100,0
2016-04-13,11:20:00,55.88,55.88,55.88,55.88,100,0
2016-04-13,11:25:00,55.87,55.88,55.87,55.88,322,0
2016-04-13,11:30:00,55.88,55.88,55.88,55.88,250,0
2016-04-13,11:45:00,55.88,55.88,55.88,55.88,40,0
2016-04-13,11:50:00,55.87,55.87,55.87,55.87,100,0
2016-04-13,14:05:00,55.8,55.8,55.8,55.8,28,0
2016-04-13,15:00:00,55.41,55.41,55.41,55.41,18,0
2016-04-13,16:00:00,55.41,55.41,55.4,55.4,303,0
2016-04-13,16:40:00,55.31,55.31,55.2,55.2,97,0
2016-04-13,16:50:00,55.4,55.4,55.4,55.4,1030,0
2016-04-14,09:05:00,55.2,55.2,55.2,55.2,350,0
2016-04-14,09:20:00,55.12,55.12,53.25,54.1,544,0
2016-04-14,09:35:00,55,55,55,55,150,0
2016-04-14,10:50:00,55.2,55.2,55.2,55.2,60,0
2016-04-14,11:05:00,55.2,55.2,55.2,55.2,40,0
2016-04-14,11:10:00,55,55.4,55,55.4,52,0
2016-04-14,11:30:00,55.01,55.01,55.01,55.01,91,0
2016-04-14,12:00:00,55,55,55,55,78,0
2016-04-14,12:05:00,55,55,55,55,22,0
2016-04-14,12:10:00,55.4,55.4,55.4,55.4,91,0
2016-04-14,13:25:00,55.79,55.79,55.79,55.79,50,0
2016-04-14,14:35:00,55.79,55.79,55.79,55.79,7,0
2016-04-14,15:10:00,55.79,55.79,55.79,55.79,1200,0
2016-04-14,15:30:00,55.79,55.8,55.79,55.8,15,0
2016-04-14,15:35:00,55.61,55.61,55.5,55.5,2500,0
2016-04-14,15:40:00,55.8,55.8,55.8,55.8,20,0
2016-04-14,15:45:00,55.51,55.51,54.7,54.7,655,0
2016-04-14,15:50:00,54.7,54.7,54.6,54.6,120,0
2016-04-14,15:55:00,54.05,54.05,52.47,52.47,1036,0
2016-04-14,16:00:00,54.3,54.3,54.3,54.3,50,0
2016-04-14,16:30:00,53.8,53.8,53.8,53.8,100,0
2016-04-14,16:40:00,53.1,53.1,53.1,53.1,157,0
2016-04-14,16:45:00,53.1,53.6,53.1,53.6,80,0
2016-04-14,16:50:00,53.98,53.98,53.98,53.98,47,0
2016-04-15,09:45:00,52.52,52.52,52.51,52.51,150,0
2016-04-15,09:50:00,53.5,53.5,53.49,53.49,50,0
2016-04-15,10:05:00,52.61,52.61,52.61,52.61,1,0
2016-04-15,10:20:00,52.61,52.61,52.61,52.61,200,0
2016-04-15,10:55:00,52.61,52.61,52.4,52.4,2000,0
2016-04-15,11:00:00,52.4,52.4,52.4,52.4,2021,0
2016-04-15,11:10:00,52.4,52.4,52.4,52.4,32,0
2016-04-15,11:15:00,52.4,52.4,52.4,52.4,388,0
2016-04-15,11:20:00,52.4,52.4,52.02,52.02,247,0
2016-04-15,11:25:00,51.71,51.71,51.71,51.71,44,0
2016-04-15,11:35:00,52,52,52,52,453,0
2016-04-15,12:20:00,52.12,52.12,52.12,52.12,38,0
2016-04-15,12:30:00,53,53,52.51,52.51,99,0
2016-04-15,14:10:00,53.8,53.8,53.8,53.8,222,0
2016-04-15,14:15:00,53.8,53.8,53.8,53.8,99,0
2016-04-15,14:20:00,53.8,54.2,53.8,54.2,332,0
2016-04-15,14:30:00,54.2,54.3,54.2,54.3,138,0
2016-04-15,14:45:00,54.3,54.3,54.3,54.3,33,0
2016-04-15,15:45:00,54.3,54.3,54.3,54.3,17,0
2016-04-15,16:25:00,54.3,54.3,54.3,54.3,50,0
2016-04-15,16:50:00,55.25,55.25,55.25,55.25,1,0
2016-04-18,09:15:00,55,55,55,55,20,0
2016-04-18,09:45:00,53.7,53.7,53.7,53.7,10,0
2016-04-18,09:50:00,53.71,53.71,53.71,53.71,5,0
2016-04-18,09:55:00,53.71,53.71,53.51,53.51,35,0
2016-04-18,10:00:00,53.51,53.51,53.51,53.51,10,0
2016-04-18,10:45:00,53.53,53.53,53.53,53.53,10,0
2016-04-18,11:15:00,54.5,55,54.5,55,251,0
2016-04-18,12:05:00,54.01,54.01,54.01,54.01,100,0
2016-04-18,12:35:00,54.5,54.5,54.5,54.5,105,0
2016-04-18,14:20:00,54.5,54.5,54.5,54.5,100,0
2016-04-18,14:45:00,55,55,55,55,200,0
2016-04-18,14:50:00,55.2,55.2,55.2,55.2,120,0
2016-04-18,14:55:00,55,55,55,55,57,0
2016-04-18,15:20:00,55,55,55,55,20,0
2016-04-18,15:30:00,55.24,56,55.24,56,507,0
2016-04-18,15:35:00,56,56,56,56,10,0
2016-04-19,09:05:00,56.01,56.2,56.01,56.2,134,0
2016-04-19,09:10:00,56.01,56.01,56,56,216,0
2016-04-19,09:45:00,56,56,56,56,30,0
2016-04-19,09:55:00,56,56,56,56,16,0
2016-04-19,10:20:00,56,56,56,56,13,0
2016-04-19,11:05:00,56,56,56,56,1235,0
2016-04-19,11:10:00,56,56,56,56,30,0
2016-04-19,13:10:00,56.38,56.38,56.38,56.38,609,0
2016-04-19,13:15:00,56.38,56.38,56.38,56.38,390,0
2016-04-19,13:20:00,56.38,56.38,56.38,56.38,150,0
2016-04-19,13:25:00,56.38,56.38,56.38,56.38,60,0
2016-04-19,13:30:00,56,56,56,56,2500,0
2016-04-19,13:40:00,56.38,56.38,56.38,56.38,115,0
2016-04-19,14:15:00,56.38,56.38,56.38,56.38,500,0
2016-04-19,14:40:00,56.38,56.38,56.38,56.38,527,0
2016-04-19,15:25:00,56.38,56.38,56.1,56.1,200,0
2016-04-19,15:40:00,56.1,56.1,56.1,56.1,30,0
2016-04-19,15:45:00,56,56,56,56,100,0
2016-04-20,09:10:00,56.99,56.99,56.99,56.99,4,0
2016-04-20,09:25:00,56,56,56,56,32,0
2016-04-20,09:35:00,56.99,57,56.99,57,838,0
2016-04-20,09:45:00,57.97,57.97,57.97,57.97,1,0
2016-04-20,10:05:00,57.94,57.95,57.94,57.95,860,0
2016-04-20,10:30:00,57.92,57.92,57.92,57.92,50,0
2016-04-20,10:45:00,56.1,56.1,56,56,263,0
2016-04-20,12:30:00,56,56,56,56,40,0
2016-04-20,14:20:00,55.75,55.75,55.75,55.75,35,0
2016-04-20,14:35:00,55.15,55.15,55.15,55.15,70,0
2016-04-20,16:05:00,55.13,55.13,55.13,55.13,56,0
2016-04-20,16:10:00,55.01,55.01,54.5,54.5,114,0
2016-04-20,16:15:00,54.5,54.5,54.5,54.5,86,0
2016-04-20,16:25:00,54.7,54.7,54.7,54.7,20,0
2016-04-20,16:50:00,54.7,55,54.7,55,193,0
2016-04-21,09:05:00,56,56,56,56,110,0
2016-04-21,09:30:00,54.51,54.51,54.51,54.51,10,0
2016-04-21,10:00:00,54.53,54.53,54.5,54.5,200,0
2016-04-21,10:10:00,54.5,54.5,53.16,53.2,15,0
2016-04-21,10:15:00,53.21,53.3,53.21,53.3,25,0
2016-04-21,10:25:00,53.36,53.36,53.36,53.36,5,0
2016-04-21,10:30:00,53.41,53.41,53.41,53.41,5,0
2016-04-21,10:40:00,53.75,54,53.75,54,10,0
2016-04-21,10:45:00,54.01,54.01,54.01,54.01,5,0
2016-04-21,10:50:00,54.03,54.03,54.03,54.03,5,0
2016-04-21,11:05:00,55.55,55.9,54.03,54.03,130,0
2016-04-21,11:10:00,54.03,54.03,54.03,54.03,5,0
2016-04-21,11:15:00,54.05,55.55,54.05,55.55,40,0
2016-04-21,11:20:00,55.55,56,55.55,55.55,380,0
2016-04-21,11:25:00,56,56,55.55,56,470,0
2016-04-21,11:30:00,56,56,55.55,55.55,40,0
2016-04-21,11:35:00,55.55,55.55,55.55,55.55,5,0
2016-04-21,11:40:00,55.55,55.55,55.55,55.55,157,0
2016-04-21,11:45:00,55.55,55.55,55.55,55.55,5,0
2016-04-21,11:55:00,55.55,56,55.55,56,10,0
2016-04-21,12:00:00,56,56,56,56,20,0
2016-04-21,12:05:00,55.55,56.34,55.55,56.34,12,0
2016-04-21,12:10:00,55.55,56.34,55.55,55.55,22,0
2016-04-21,13:10:00,56,56,56,56,80,0
2016-04-21,14:00:00,56,56,56,56,205,0
2016-04-21,14:15:00,56,56,56,56,3,0
2016-04-21,15:10:00,55.55,55.55,55.55,55.55,119,0
2016-04-21,16:35:00,55.55,55.55,55.55,55.55,110,0
2016-04-21,16:50:00,55.55,56,55.55,56,13,0
2016-04-22,09:05:00,56.85,56.85,56.85,56.85,1,0
2016-04-22,09:45:00,55.1,55.5,55,55,385,0
2016-04-22,09:50:00,56.85,56.85,54.9,56.8,202,0
2016-04-22,10:55:00,55,55,54.9,54.9,600,0
2016-04-22,11:30:00,55,55,55,55,68,0
2016-04-22,11:35:00,55,55,55,55,15,0
2016-04-22,11:50:00,54.9,54.9,54.9,54.9,5,0
2016-04-22,11:55:00,54.9,54.9,54.9,54.9,130,0
2016-04-22,12:10:00,55,55,55,55,5,0
2016-04-22,13:10:00,54.95,54.95,54.95,54.95,22,0
2016-04-22,13:15:00,55,55,55,55,28,0
2016-04-22,13:40:00,55,55,55,55,17,0
2016-04-22,13:55:00,55,55,55,55,5,0
2016-04-22,14:15:00,55,55,55,55,128,0
2016-04-22,14:20:00,55,55,55,55,22,0
2016-04-22,14:30:00,55,55,55,55,11,0
2016-04-22,14:35:00,55,55,55,55,6,0
2016-04-22,15:45:00,55.89,55.9,55.89,55.9,495,0
2016-04-22,15:50:00,55.9,55.9,55.9,55.9,79,0
2016-04-22,16:10:00,55.9,55.9,55.9,55.9,50,0
2016-04-22,16:50:00,56,56,56,56,25,0
2016-04-25,09:05:00,56.99,56.99,56.99,56.99,2,0
2016-04-25,09:25:00,56,56,55.9,55.9,55,0
2016-04-25,09:30:00,55.9,55.9,55.9,55.9,5,0
2016-04-25,09:40:00,55.9,55.9,55.9,55.9,5,0
2016-04-25,09:45:00,55.9,55.9,55.9,55.9,5,0
2016-04-25,09:55:00,56,56,56,56,15,0
2016-04-25,10:20:00,56,56,56,56,110,0
2016-04-25,11:35:00,56,56,56,56,15,0
2016-04-25,11:45:00,56.85,56.85,56.85,56.85,5,0
2016-04-25,11:50:00,56.85,56.85,56,56,255,0
2016-04-25,12:30:00,56.1,56.1,56,56,155,0
2016-04-25,12:45:00,56,56,56,56,130,0
2016-04-25,13:00:00,55.91,55.91,55.9,55.9,300,0
2016-04-25,13:15:00,56.9,56.9,56.9,56.9,1,0
2016-04-25,15:25:00,56,56,56,56,12,0
2016-04-25,16:45:00,55.91,55.91,55.9,55.9,295,0
2016-04-25,16:50:00,55.9,56,55.9,56,45,0
2016-04-26,09:10:00,56,56,56,56,244,0
2016-04-26,09:15:00,56.11,56.11,55.9,56,80,0
2016-04-26,09:30:00,56.85,56.85,56.85,56.85,96,0
2016-04-26,09:55:00,56,56,56,56,50,0
2016-04-26,10:05:00,55.9,55.9,55.9,55.9,45,0
2016-04-26,10:10:00,55.9,55.9,55.9,55.9,15,0
2016-04-26,10:15:00,55.9,55.9,55.9,55.9,10,0
2016-04-26,10:20:00,55.9,55.9,55.9,55.9,10,0
2016-04-26,10:25:00,55.9,55.9,55.9,55.9,5,0
2016-04-26,10:30:00,55.9,56.5,55.9,56.5,65,0
2016-04-26,10:55:00,56,56,56,56,72,0
2016-04-26,12:25:00,55.91,55.91,55.1,55.1,700,0
2016-04-26,12:30:00,55.1,55.1,54.8,54.8,900,0
2016-04-26,12:35:00,54.8,54.8,53.55,53.55,5,0
2016-04-26,13:10:00,54.51,54.51,54.5,54.5,363,0
2016-04-26,13:55:00,56.75,56.75,56.75,56.75,1,0
2016-04-26,14:25:00,55.9,55.9,55.9,55.9,15,0
2016-04-26,16:50:00,56.7,56.7,56.7,56.7,4,0
2016-04-27,09:05:00,56.19,56.19,56.19,56.19,10,0
2016-04-27,09:35:00,54.9,54.9,54.9,54.9,5,0
2016-04-27,10:25:00,54.93,54.93,54.93,54.93,5,0
2016-04-27,10:30:00,54.93,54.93,54.93,54.93,5,0
2016-04-27,10:35:00,54.93,54.93,54.93,54.93,10,0
2016-04-27,10:40:00,54.95,54.97,54.95,54.97,10,0
2016-04-27,10:45:00,54.97,54.97,54.97,54.97,10,0
2016-04-27,10:55:00,55,55,55,55,5,0
2016-04-27,11:15:00,55.05,55.05,55.05,55.05,5,0
2016-04-27,11:55:00,55.15,55.15,54.93,54.93,115,0
2016-04-27,12:00:00,55.5,55.5,55.5,55.5,5,0
2016-04-27,12:05:00,55.11,55.11,55.11,55.11,15,0
2016-04-27,12:10:00,55.11,55.11,55.11,55.11,5,0
2016-04-27,12:15:00,55.11,55.11,55.11,55.11,10,0
2016-04-27,12:30:00,55.1,55.1,55.1,55.1,25,0
2016-04-27,13:15:00,55.05,55.05,55.05,55.05,26,0
2016-04-27,13:45:00,55.4,55.66,55.4,55.66,41,0
2016-04-27,14:00:00,55.66,55.66,55.66,55.66,11,0
2016-04-27,14:05:00,55.66,55.66,55.66,55.66,237,0
2016-04-27,14:25:00,55.75,56.2,55.75,56.2,270,0
2016-04-27,14:30:00,56.7,56.7,56.7,56.7,86,0
2016-04-27,14:35:00,56.8,56.9,56.8,56.9,118,0
2016-04-27,14:50:00,56.9,56.9,56.9,56.9,55,0
2016-04-27,15:00:00,56.99,56.99,56.99,56.99,10,0
2016-04-27,15:10:00,56.99,56.99,56.99,56.99,38,0
2016-04-27,15:25:00,56.5,56.5,56.5,56.5,7,0
2016-04-27,15:40:00,56.51,56.51,56.5,56.5,117,0
2016-04-27,15:45:00,57.5,57.5,57.5,57.5,5,0
2016-04-27,16:15:00,56.05,56.05,56.05,56.05,20,0
2016-04-27,16:50:00,57.5,57.5,57.5,57.5,23,0
2016-04-28,09:05:00,57.5,57.5,57.5,57.5,720,0
2016-04-28,09:15:00,57.49,57.49,57.49,57.49,26,0
2016-04-28,09:25:00,57.49,57.49,56.03,56.11,9,0
2016-04-28,09:30:00,56.16,56.23,56.15,56.21,485,0
2016-04-28,10:10:00,56.12,56.12,56.12,56.12,14,0
2016-04-28,10:15:00,56.12,56.12,56.11,56.11,15,0
2016-04-28,10:20:00,56.11,56.11,56.11,56.11,8,0
2016-04-28,10:30:00,56.11,56.11,56.11,56.11,7,0
2016-04-28,10:40:00,56.11,56.11,55.62,55.62,74,0
2016-04-28,10:50:00,56,56.15,56,56.15,30,0
2016-04-28,11:15:00,55.8,55.8,55.8,55.8,15,0
2016-04-28,11:25:00,55.8,55.8,55.8,55.8,27,0
2016-04-28,13:00:00,55.6,55.6,55.6,55.6,30,0
2016-04-28,13:10:00,55.79,55.79,55.79,55.79,5,0
2016-04-28,13:15:00,55.79,55.99,55.79,55.99,100,0
2016-04-28,13:30:00,55.99,56,55.99,56,119,0
2016-04-28,14:30:00,56.2,56.2,56.2,56.2,90,0
2016-04-28,14:50:00,56.01,56.01,56,56,100,0
2016-04-28,15:05:00,56.01,56.01,56.01,56.01,10,0
2016-04-28,15:10:00,56.01,56.01,56,56,32,0
2016-04-28,15:15:00,56,56,56,56,168,0
2016-04-28,16:05:00,56,56,56,56,100,0
2016-04-28,16:40:00,56,56,56,56,105,0
2016-04-28,16:50:00,55.5,55.5,55.5,55.5,274,0
2016-04-29,09:05:00,56.98,56.98,56.98,56.98,100,0
2016-04-29,10:30:00,55.5,55.5,55.5,55.5,100,0
2016-04-29,10:40:00,55.5,55.5,55.5,55.5,100,0
2016-04-29,11:05:00,56,56,56,56,200,0
2016-04-29,11:15:00,56,56,56,56,40,0
2016-04-29,11:30:00,56,56,56,56,150,0
2016-04-29,13:00:00,55.5,55.5,55.03,55.03,100,0
2016-04-29,13:05:00,55.03,55.03,55.02,55.02,100,0
2016-04-29,13:20:00,55.02,55.02,55,55,3615,0
2016-04-29,15:30:00,55,55,55,55,90,0
2016-04-29,15:45:00,55,55,55,55,30,0
2016-04-29,16:00:00,54.9,55,54.9,55,291,0
2016-04-29,16:30:00,55,55.7,55,55,837,0
2016-04-29,16:35:00,55,55,55,55,400,0
2016-04-29,16:50:00,55,55,55,55,255,0
