2015-01-05,09:30:00,10.4,10.4,10.4,10.4,98,0
2015-01-05,10:40:00,10.39,10.39,10.39,10.39,30,0
2015-01-05,14:55:00,9.69,9.69,9.69,9.69,28,0
2015-01-05,15:00:00,9.69,9.69,9.5,9.5,402,0
2015-01-05,15:10:00,9.45,9.45,9.45,9.45,465,0
2015-01-05,15:20:00,9.45,9.45,9.45,9.45,200,0
2015-01-07,13:45:00,9,9,9,9,20,0
2015-01-07,14:05:00,9,9,9,9,180,0
2015-01-07,14:10:00,9,9,9,9,2042,0
2015-01-07,14:25:00,9,9,9,9,20,0
2015-01-07,16:50:00,9,9,9,9,100,0
2015-01-08,09:40:00,9,9,9,9,181,0
2015-01-08,10:05:00,9,9,9,9,20,0
2015-01-08,11:30:00,9,9,9,9,160,0
2015-01-08,12:20:00,9.39,9.39,9.39,9.39,251,0
2015-01-08,14:20:00,9.35,9.35,9.35,9.35,20,0
2015-01-08,14:40:00,9.35,9.35,9.35,9.35,102,0
2015-01-08,14:45:00,9.35,9.35,9.35,9.35,738,0
2015-01-09,15:55:00,9.39,9.4,9.39,9.4,220,0
2015-01-09,16:40:00,9.4,9.4,9.4,9.4,200,0
2015-01-09,16:50:00,8.7,8.7,8.7,8.7,1,0
2015-01-12,09:05:00,8.7,8.7,8.7,8.7,50,0
2015-01-12,12:45:00,8.71,8.71,8.7,8.7,426,0
2015-01-12,14:10:00,8.71,8.71,8.71,8.71,100,0
2015-01-13,15:10:00,8.8,8.8,8.71,8.71,53,0
2015-01-14,09:25:00,9.4,9.4,9.4,9.4,2,0
2015-01-14,16:45:00,9.4,9.4,9.4,9.4,166,0
2015-01-15,09:05:00,10.3,10.3,10.3,10.3,375,0
2015-01-15,09:10:00,10.35,10.35,10.3,10.3,225,0
2015-01-15,09:35:00,9.3,9.3,9.3,9.3,2,0
2015-01-15,16:45:00,10,10,10,10,20,0
2015-01-15,16:50:00,10.2,10.2,10.2,10.2,20,0
2015-01-19,12:20:00,10,10,10,10,500,0
2015-01-23,09:25:00,9.4,9.4,9.4,9.4,130,0
2015-01-23,10:20:00,9.4,9.4,9.4,9.4,350,0
2015-01-23,13:15:00,9.75,9.75,9.75,9.75,150,0
2015-01-26,09:25:00,9.8,9.8,9.8,9.8,130,0
2015-01-26,15:50:00,9.8,9.8,9.8,9.8,2,0
2015-01-27,09:05:00,9.8,9.8,9.8,9.8,150,0
2015-01-27,13:30:00,9.8,9.8,9.8,9.8,168,0
2015-01-27,13:45:00,9.78,9.78,9.5,9.5,275,0
2015-01-28,09:20:00,9.4,9.4,9.4,9.4,250,0
2015-01-28,14:20:00,9.5,9.5,9.5,9.5,20,0
2015-02-02,09:35:00,9,9,9,9,200,0
2015-02-02,16:50:00,9.8,9.8,9.8,9.8,248,0
2015-02-03,15:15:00,8.8,8.8,8.8,8.8,228,0
2015-02-04,11:25:00,8.8,8.8,8.8,8.8,941,0
2015-02-04,12:00:00,8.8,8.8,8.8,8.8,210,0
2015-02-04,12:40:00,9.55,9.55,9.55,9.55,36,0
2015-02-04,13:25:00,9.49,9.6,9.49,9.6,1000,0
2015-02-04,13:55:00,9.59,9.59,9.59,9.59,5,0
2015-02-05,10:10:00,8.8,8.8,8.8,8.8,400,0
2015-02-05,13:45:00,8.83,8.83,8.8,8.8,3477,0
2015-02-05,14:05:00,9.39,9.39,9.39,9.39,600,0
2015-02-05,14:25:00,9.39,9.39,9.39,9.39,586,0
2015-02-06,09:05:00,8.9,8.9,8.9,8.9,503,0
2015-02-06,09:10:00,8.9,8.9,8.9,8.9,100,0
2015-02-06,09:15:00,8.9,8.9,8.9,8.9,98,0
2015-02-06,15:05:00,8.9,8.9,8.9,8.9,150,0
2015-02-06,16:50:00,9.25,9.25,9.25,9.25,36,0
2015-02-09,16:35:00,8.8,8.8,8.8,8.8,100,0
2015-02-09,16:40:00,8.61,8.61,8.6,8.6,1000,0
2015-02-09,16:50:00,8.61,8.61,8.61,8.61,117,0
2015-02-10,12:20:00,8.6,8.6,8.6,8.6,107,0
2015-02-10,14:15:00,8.6,8.6,8.6,8.6,200,0
2015-02-10,16:50:00,8.8,8.8,8.8,8.8,60,0
2015-02-11,12:30:00,8.8,8.8,8.8,8.8,100,0
2015-02-12,15:45:00,8.8,8.8,8.8,8.8,75,0
2015-02-12,16:50:00,9.34,9.34,9.34,9.34,75,0
2015-02-13,09:20:00,9.2,9.39,9.2,9.39,1019,0
2015-02-13,09:30:00,9.39,9.39,9.39,9.39,13,0
2015-02-13,09:35:00,9.39,9.39,9.39,9.39,9,0
2015-02-13,09:40:00,9,9,9,9,100,0
2015-02-13,11:40:00,9,9,9,9,200,0
2015-02-13,14:30:00,9,9,9,9,380,0
2015-02-17,12:05:00,8.62,8.62,8.6,8.6,1001,0
2015-02-17,12:10:00,8.6,8.6,8.6,8.6,300,0
2015-02-20,15:50:00,8.6,8.6,8.6,8.6,240,0
2015-02-23,10:05:00,8.7,8.8,8.7,8.8,1000,0
2015-02-23,15:35:00,8.8,8.8,8.8,8.8,25,0
2015-02-24,10:35:00,8.8,8.8,8.8,8.8,284,0
2015-02-24,10:50:00,8.8,8.8,8.8,8.8,739,0
2015-02-24,11:55:00,8.8,8.8,8.8,8.8,117,0
2015-02-25,09:20:00,8.8,8.8,8.8,8.8,10,0
2015-02-25,16:50:00,9.35,9.35,9.35,9.35,10,0
2015-02-26,09:40:00,8.8,8.8,8.8,8.8,90,0
2015-02-26,10:35:00,8.61,8.61,8.6,8.6,1000,0
2015-02-26,12:05:00,8.61,8.61,8.61,8.61,100,0
2015-02-26,12:35:00,8.61,8.61,8.61,8.61,500,0
2015-02-26,16:30:00,9.25,9.25,9.25,9.25,90,0
2015-02-27,10:25:00,8.8,8.8,8.8,8.8,50,0
2015-02-27,10:45:00,8.8,8.8,8.8,8.8,500,0
2015-02-27,12:00:00,8.61,8.61,8.6,8.6,642,0
2015-02-27,12:05:00,8.6,8.6,8.6,8.6,710,0
2015-03-02,09:45:00,8.8,8.8,8.8,8.8,50,0
2015-03-02,12:30:00,8.8,8.8,8.8,8.8,100,0
2015-03-02,14:00:00,8.8,8.8,8.8,8.8,150,0
2015-03-05,10:30:00,8.65,8.65,8.61,8.61,152,0
2015-03-05,13:30:00,8.61,8.61,8.61,8.61,100,0
2015-03-06,10:45:00,8.79,8.79,8.79,8.79,50,0
2015-03-06,13:00:00,8.77,8.77,8.77,8.77,50,0
2015-03-06,14:05:00,8.79,8.79,8.79,8.79,460,0
2015-03-06,15:05:00,8.78,8.78,8.78,8.78,40,0
2015-03-11,09:05:00,9,9,9,9,35,0
2015-03-11,11:30:00,8.8,8.8,8.8,8.8,20,0
2015-03-11,15:50:00,8.8,8.8,8.8,8.8,50,0
2015-03-12,09:05:00,8.8,8.8,8.8,8.8,40,0
2015-03-12,09:35:00,8.65,8.65,8.6,8.6,914,0
2015-03-12,10:05:00,8.6,8.6,8.6,8.6,100,0
2015-03-12,10:15:00,8.6,8.6,8.6,8.6,100,0
2015-03-12,10:20:00,8.6,8.6,8.6,8.6,72,0
2015-03-16,09:05:00,8.6,8.6,8.6,8.6,60,0
2015-03-16,12:50:00,8.6,8.6,8.6,8.6,57,0
2015-03-17,16:50:00,8.8,8.8,8.8,8.8,190,0
2015-03-18,15:05:00,8.41,8.41,8.41,8.41,101,0
2015-03-19,09:05:00,8.42,8.42,8.42,8.42,70,0
2015-03-20,09:05:00,8.9,9,8.9,9,1287,0
2015-03-20,09:10:00,9,9,9,9,189,0
2015-03-20,11:05:00,9,9.15,9,9.15,555,0
2015-03-20,11:15:00,8.51,8.51,8.51,8.51,120,0
2015-03-20,13:20:00,8.7,8.7,8.5,8.5,565,0
2015-03-20,13:55:00,8.5,8.5,8.5,8.5,335,0
2015-03-20,14:00:00,8.5,8.5,8.5,8.5,700,0
2015-03-20,14:10:00,8.5,8.51,8.5,8.5,11400,0
2015-03-20,14:15:00,8.5,8.5,8.5,8.5,20443,0
2015-03-20,14:30:00,9,9,9,9,540,0
2015-03-20,14:55:00,9,9,9,9,1200,0
2015-03-20,15:00:00,9,9,9,9,600,0
2015-03-20,15:05:00,9,9.25,9,9.25,1800,0
2015-03-20,15:10:00,9.25,9.25,9,9,1097,0
2015-03-20,15:25:00,9.49,9.49,9.49,9.49,200,0
2015-03-20,15:30:00,9.68,9.68,9.68,9.68,20,0
2015-03-20,15:35:00,9.6,9.6,9.6,9.6,1000,0
2015-03-20,15:40:00,9.6,9.6,9.6,9.6,300,0
2015-03-20,15:55:00,9.4,9.4,9.4,9.4,855,0
2015-03-20,16:00:00,8.7,8.7,8.7,8.7,10,0
2015-03-20,16:45:00,9.4,9.4,9.4,9.4,11,0
2015-03-20,16:50:00,9,9,9,9,1000,0
2015-03-23,12:50:00,9.9,9.9,9.9,9.9,11,0
2015-03-23,13:00:00,9.9,9.9,9.9,9.9,291,0
2015-03-23,13:50:00,9.1,9.1,9.1,9.1,50,0
2015-03-23,13:55:00,9.9,9.9,9.9,9.9,1,0
2015-03-23,16:40:00,9.9,9.9,9.9,9.9,2,0
2015-03-24,12:05:00,9.88,9.88,9.88,9.88,100,0
2015-03-24,16:35:00,9.88,9.88,9.88,9.88,338,0
2015-03-24,16:50:00,9.1,9.88,9.1,9.88,271,0
2015-03-25,09:40:00,9.85,9.85,9.85,9.85,1619,0
2015-03-25,10:00:00,10,10,10,10,100,0
2015-03-25,11:40:00,9.85,9.85,9.4,9.4,2,0
2015-03-25,13:45:00,9.4,9.4,9.4,9.4,1,0
2015-03-25,16:25:00,9.4,9.4,9.4,9.4,200,0
2015-03-26,09:05:00,10.3,10.3,10.3,10.3,199,0
2015-03-26,09:50:00,10.3,10.3,10.3,10.3,1,0
2015-03-26,10:00:00,9.27,9.27,9.27,9.27,9,0
2015-03-26,13:30:00,9.27,9.27,9.27,9.27,141,0
2015-03-27,10:15:00,9.2,9.2,9.2,9.2,166,0
2015-03-30,13:00:00,9.01,9.01,9,9,195,0
2015-03-30,16:50:00,8.95,8.95,8.95,8.95,130,0
2015-03-31,09:05:00,8.95,8.95,8.95,8.95,270,0
2015-04-01,11:25:00,9.1,9.1,8.95,8.95,200,0
2015-04-01,12:25:00,8.95,8.95,8.95,8.95,100,0
2015-04-01,16:50:00,8.95,8.95,8.95,8.95,210,0
2015-04-02,14:00:00,8.95,8.95,8.95,8.95,50,0
2015-04-07,11:45:00,9,9,9,9,9000,0
2015-04-07,12:00:00,9,9,9,9,8515,0
2015-04-08,12:45:00,9.1,9.1,9.1,9.1,311,0
2015-04-08,15:00:00,9.05,9.05,9.05,9.05,55,0
2015-04-09,09:20:00,9.01,9.01,9,9,500,0
2015-04-09,12:30:00,9.06,9.06,9,9,234,0
2015-04-09,16:50:00,9.2,9.2,9.2,9.2,449,0
2015-04-10,11:15:00,9.5,9.5,9.5,9.5,52,0
2015-04-10,16:30:00,9.5,9.5,9.5,9.5,300,0
2015-04-13,09:05:00,9.29,9.29,9.29,9.29,8,0
2015-04-14,16:40:00,9.19,9.19,9.19,9.19,28,0
2015-04-15,10:30:00,9.19,9.19,9.19,9.19,72,0
2015-04-17,15:20:00,9.2,9.2,9,9,2000,0
2015-04-20,13:30:00,9.4,9.4,9.4,9.4,120,0
2015-04-20,15:10:00,9.3,9.3,9.3,9.3,40,0
2015-04-21,10:30:00,9.4,9.5,9.4,9.5,110,0
2015-04-21,14:55:00,9.5,9.5,9.5,9.5,350,0
2015-04-21,15:15:00,9.5,9.5,9.5,9.5,225,0
2015-04-22,09:15:00,9.3,9.3,9.3,9.3,60,0
2015-04-23,16:50:00,9.5,9.5,9.5,9.5,120,0
2015-04-28,09:05:00,9.49,9.49,9.49,9.49,106,0
2015-04-28,11:10:00,9.48,9.48,9.48,9.48,5,0
2015-04-30,09:05:00,9.49,9.49,9.49,9.49,500,0
2015-04-30,09:25:00,9.1,9.1,9.1,9.1,200,0
2015-05-04,10:50:00,9.1,9.1,9.1,9.1,113,0
2015-05-06,11:35:00,9.5,9.5,9.5,9.5,37197,0
2015-05-06,11:40:00,9.7,9.8,9.7,9.8,500,0
2015-05-06,11:55:00,9.8,9.8,9.8,9.8,330,0
2015-05-06,12:00:00,9.8,9.89,9.8,9.89,1105,0
2015-05-06,14:20:00,9.89,9.89,9.89,9.89,1500,0
2015-05-07,09:25:00,10.4,10.4,10.4,10.4,9,0
2015-05-07,12:25:00,10.4,10.4,10.4,10.4,5,0
2015-05-11,14:00:00,10.3,10.3,10,10,653,0
2015-05-12,09:45:00,10.44,10.44,10.44,10.44,5,0
2015-05-12,10:55:00,10.44,10.44,10.44,10.44,5,0
2015-05-14,09:05:00,10.44,10.44,10.44,10.44,5,0
2015-05-15,10:45:00,10,10,10,10,650,0
2015-05-15,12:00:00,10,10,10,10,22,0
2015-05-18,13:35:00,10.4,10.4,10.4,10.4,10,0
2015-05-18,16:45:00,10,10,10,10,38,0
2015-05-20,09:50:00,10.4,10.4,10.4,10.4,10,0
2015-05-20,11:35:00,9.42,9.42,9.42,9.42,70,0
2015-05-22,13:35:00,10,10,10,10,300,0
2015-05-22,15:00:00,9.6,9.6,9.6,9.6,30,0
2015-05-22,15:20:00,9.6,9.6,9.6,9.6,63,0
2015-05-22,15:40:00,9.6,9.6,9.42,9.42,987,0
2015-05-22,15:50:00,9.5,10,9.5,10,270,0
2015-05-27,09:05:00,10.4,10.4,10.4,10.4,40,0
2015-06-02,14:30:00,10,10,10,10,702,0
2015-06-03,16:35:00,10.38,10.38,10.38,10.38,20,0
2015-06-05,09:30:00,10,10,10,10,25,0
2015-06-05,16:50:00,10.38,10.38,10.38,10.38,79,0
2015-06-09,16:00:00,10.38,10.38,10.38,10.38,10,0
2015-06-10,09:40:00,10,10,10,10,300,0
2015-06-10,12:55:00,10.01,10.01,10.01,10.01,99,0
2015-06-10,14:25:00,10,10,10,10,40,0
2015-06-10,15:25:00,10,10,10,10,222,0
2015-06-11,16:50:00,10.3,10.3,10.3,10.3,2,0
2015-06-12,16:30:00,9.6,9.6,9.6,9.6,100,0
2015-06-17,12:45:00,9.5,9.5,9.5,9.5,150,0
2015-06-18,10:00:00,9.5,9.5,9.5,9.5,18,0
2015-06-18,12:20:00,9.6,9.6,9.6,9.6,75,0
2015-06-18,16:40:00,9.6,9.6,9.6,9.6,3,0
2015-06-22,14:15:00,9.15,9.15,9.15,9.15,100,0
2015-06-22,16:45:00,9.1,9.1,9.1,9.1,82,0
2015-06-22,16:50:00,9.1,9.1,9.1,9.1,570,0
2015-06-23,13:40:00,9.1,9.1,9.1,9.1,244,0
2015-06-29,10:00:00,10,10,10,10,10,0
2015-07-06,15:05:00,9.9,9.9,9.9,9.9,449,0
2015-07-09,09:10:00,9.6,9.6,9.6,9.6,50,0
2015-07-10,10:20:00,9.4,9.4,9.4,9.4,125,0
2015-07-10,11:35:00,8.2,8.2,8.2,8.2,300,0
2015-07-10,11:40:00,8.2,8.2,8.2,8.2,333,0
2015-07-10,11:55:00,8,8,8,8,220,0
2015-07-10,12:05:00,8,8,8,8,1200,0
2015-07-10,12:40:00,8.5,8.5,8.5,8.5,40,0
2015-07-10,13:00:00,8.5,8.5,8.5,8.5,250,0
2015-07-10,14:25:00,8.6,8.6,8.6,8.6,10,0
2015-07-10,15:30:00,8.6,8.6,8.6,8.6,20,0
2015-07-13,10:35:00,9.18,9.18,9.18,9.18,15,0
2015-07-13,13:35:00,9.1,9.1,9.1,9.1,110,0
2015-07-15,15:10:00,9.09,9.1,9.09,9.1,200,0
2015-07-17,12:00:00,8,8,8,8,1500,0
2015-07-17,12:25:00,7.99,7.99,7.99,7.99,110,0
2015-07-17,12:45:00,7.97,7.97,7.97,7.97,265,0
2015-07-17,13:05:00,8,8,8,8,1500,0
2015-07-17,14:40:00,8.65,8.65,8.65,8.65,155,0
2015-07-17,15:35:00,8.6,8.63,8.6,8.63,300,0
2015-07-20,10:30:00,8.95,8.95,8.95,8.95,30,0
2015-07-21,15:10:00,8.9,8.9,8.9,8.9,33,0
2015-07-22,10:00:00,8.94,8.94,8.94,8.94,17,0
2015-07-22,11:45:00,8.89,8.89,8.89,8.89,95,0
2015-07-22,15:05:00,8.89,8.89,8.89,8.89,500,0
2015-07-22,16:50:00,9.38,9.38,9.38,9.38,11,0
2015-07-23,10:00:00,9.75,9.75,9.75,9.75,10,0
2015-07-23,12:10:00,9.75,9.75,9.75,9.75,80,0
2015-07-29,10:10:00,9.09,9.09,9.09,9.09,110,0
2015-07-29,10:40:00,9.5,9.5,9.5,9.5,150,0
2015-07-29,10:45:00,9.6,9.6,9.6,9.6,196,0
2015-07-29,12:10:00,9.55,9.55,9.55,9.55,150,0
2015-07-29,13:50:00,9.5,9.5,9.5,9.5,250,0
2015-07-30,09:35:00,9.25,9.25,9.25,9.25,10,0
2015-07-30,16:05:00,9,9,9,9,800,0
2015-07-31,10:45:00,8.8,8.8,8.8,8.8,700,0
2015-07-31,11:50:00,8.79,8.8,8.79,8.8,565,0
2015-07-31,11:55:00,8.8,8.8,8.8,8.8,385,0
2015-07-31,12:10:00,8.8,8.8,8.8,8.8,600,0
2015-08-03,09:25:00,9.48,9.48,9.48,9.48,25,0
2015-08-07,10:25:00,9,9,9,9,117,0
2015-08-07,10:50:00,9.15,9.39,9.15,9.39,500,0
2015-08-10,09:30:00,9.49,9.49,9.49,9.49,135,0
2015-08-10,09:50:00,9.5,9.55,9.5,9.55,135,0
2015-08-10,10:40:00,9.55,9.55,9.55,9.55,340,0
2015-08-10,11:00:00,9.55,9.7,9.55,9.7,520,0
2015-08-10,11:10:00,9.7,9.7,9.7,9.7,13,0
2015-08-10,11:25:00,9.3,9.3,9.3,9.3,19,0
2015-08-10,11:30:00,9.69,9.69,9.69,9.69,200,0
2015-08-10,11:55:00,9.59,9.59,9.59,9.59,100,0
2015-08-10,14:45:00,9.7,9.7,9.7,9.7,100,0
2015-08-11,16:10:00,9.79,9.79,9.79,9.79,250,0
2015-08-12,09:35:00,9.79,9.79,9.79,9.79,270,0
2015-08-12,09:40:00,10,10,10,10,100,0
2015-08-12,14:15:00,9.95,9.95,9.95,9.95,100,0
2015-08-13,09:05:00,10.1,10.1,10.1,10.1,350,0
2015-08-13,12:40:00,9.85,9.85,9.85,9.85,1118,0
2015-08-14,09:35:00,9.79,9.79,9.79,9.79,100,0
2015-08-19,11:10:00,9.84,9.84,9.84,9.84,256,0
2015-08-24,11:55:00,8.7,8.7,8.7,8.7,140,0
2015-08-24,12:55:00,9.65,9.65,9.65,9.65,100,0
2015-08-25,11:55:00,9,9,9,9,100,0
2015-08-25,12:15:00,8.99,8.99,8.99,8.99,55,0
2015-08-25,15:10:00,9,9,9,9,118,0
2015-08-25,15:35:00,9,9,9,9,118,0
2015-08-25,15:45:00,9,9,9,9,100,0
2015-08-26,10:10:00,9,9.65,9,9.65,118,0
2015-08-26,12:15:00,9.6,9.6,9.6,9.6,100,0
2015-08-27,10:40:00,9.69,9.69,9.69,9.69,100,0
2015-08-31,11:30:00,8.8,8.8,8.8,8.8,265,0
2015-08-31,11:55:00,8.8,8.8,8.8,8.8,135,0
2015-08-31,14:10:00,8.79,8.8,8.79,8.8,510,0
2015-09-01,09:20:00,8.7,8.7,8.7,8.7,60,0
2015-09-01,09:40:00,8.7,8.7,8.7,8.7,940,0
2015-09-01,09:45:00,9.2,9.2,9.2,9.2,60,0
2015-09-02,09:20:00,9.5,9.5,9.5,9.5,100,0
2015-09-02,16:40:00,9.4,9.69,9.4,9.69,260,0
2015-09-03,09:05:00,9.69,9.69,9.69,9.69,200,0
2015-09-03,09:40:00,9.75,9.75,9.75,9.75,100,0
2015-09-03,09:55:00,9.69,9.69,9.69,9.69,459,0
2015-09-03,10:10:00,9.75,9.75,9.75,9.75,442,0
2015-09-07,09:05:00,9.58,9.58,9.58,9.58,200,0
2015-09-07,14:45:00,9.49,9.49,9.49,9.49,53,0
2015-09-16,10:00:00,9,9,9,9,100,0
2015-09-16,13:45:00,9.3,9.3,9.3,9.3,500,0
2015-09-23,13:30:00,9.3,9.3,9.3,9.3,100,0
2015-09-24,10:30:00,9.26,9.26,9.26,9.26,99,0
2015-09-24,10:35:00,9.26,9.26,9.26,9.26,99,0
2015-10-02,09:05:00,9,9,9,9,4,0
2015-10-05,09:05:00,9,9,9,9,300,0
2015-10-12,16:50:00,9.3,9.3,9.3,9.3,1,0
2015-10-14,10:05:00,8.4,8.4,8.4,8.4,726,0
2015-10-14,10:10:00,8.71,8.71,8.71,8.71,130,0
2015-10-14,16:50:00,8.2,8.2,8.15,8.16,500,0
2015-10-15,12:10:00,8.15,8.15,8.15,8.15,101,0
2015-10-16,09:05:00,8.15,8.15,8.15,8.15,25,0
2015-10-16,09:50:00,8.15,8.15,8.15,8.15,8,0
2015-10-19,16:50:00,7.7,7.7,7.66,7.66,1000,0
2015-10-20,10:30:00,8.15,8.15,8.15,8.15,200,0
2015-10-20,16:05:00,8.2,8.2,8.2,8.2,190,0
2015-10-22,13:20:00,8.15,8.15,8.15,8.15,200,0
2015-10-26,14:25:00,8.15,8.15,8.15,8.15,300,0
2015-10-29,15:35:00,8.15,8.15,8.15,8.15,110,0
2015-10-30,13:40:00,8.95,8.95,8.95,8.95,25,0
2015-11-02,09:40:00,9.5,9.5,9.5,9.5,20,0
2015-11-03,12:35:00,8.9,8.9,8.9,8.9,24,0
2015-11-03,14:20:00,8.05,8.05,8.05,8.05,100,0
2015-11-03,14:25:00,8.05,8.05,8.05,8.05,49,0
2015-11-03,15:20:00,8.05,8.05,8.05,8.05,429,0
2015-11-03,15:30:00,8.05,8.05,8.05,8.05,281,0
2015-11-03,15:45:00,8.05,8.05,8.05,8.05,19,0
2015-11-03,16:30:00,9.15,9.15,9.15,9.15,12,0
2015-11-09,16:25:00,8.98,8.98,8.98,8.98,35,0
2015-11-09,16:45:00,8.4,8.4,8.35,8.35,630,0
2015-11-10,13:30:00,8.35,8.35,8.35,8.35,357,0
2015-11-12,13:00:00,8.01,8.01,8.01,8.01,70,0
2015-11-12,15:45:00,8.8,8.8,8.8,8.8,5,0
2015-11-13,11:30:00,8,8,8,8,135,0
2015-11-13,11:50:00,8,8,8,8,1630,0
2015-11-13,11:55:00,8,8,8,8,625,0
2015-11-13,13:25:00,8,8,8,8,760,0
2015-11-13,13:45:00,8,8,8,8,4850,0
2015-11-13,14:10:00,8,8,8,8,5000,0
2015-11-13,14:15:00,8,8,8,8,150,0
2015-11-13,15:30:00,8,8,8,8,1850,0
2015-11-16,10:55:00,8.75,8.75,8.75,8.75,49,0
2015-11-17,09:05:00,8.7,8.7,8.7,8.7,4998,0
2015-11-17,09:30:00,8.7,8.7,8.7,8.7,2002,0
2015-11-17,11:15:00,8.7,8.7,8.7,8.7,4323,0
2015-11-17,11:40:00,8.74,8.74,8.74,8.74,500,0
2015-11-17,13:45:00,8.7,8.7,8.7,8.7,1757,0
2015-11-20,11:30:00,8.7,8.7,8.7,8.7,52,0
2015-11-20,13:00:00,8.7,8.7,8.7,8.7,2000,0
2015-11-25,11:40:00,8.1,8.1,8.1,8.1,217,0
2015-11-25,15:45:00,8.7,8.7,8.7,8.7,10,0
2015-11-26,10:50:00,8.1,8.1,8.1,8.1,2000,0
2015-11-26,16:20:00,8.49,8.49,8.49,8.49,10,0
2015-11-27,12:40:00,8.49,8.49,8.49,8.49,5,0
2015-12-01,11:00:00,8.1,8.1,8.1,8.1,5605,0
2015-12-01,13:45:00,8.49,8.49,8.49,8.49,10,0
2015-12-02,16:50:00,8.1,8.1,8.1,8.1,15,0
2015-12-03,09:15:00,8.49,8.49,8.49,8.49,10,0
