2016-03-08,09:15:00,8.79,8.94,8.79,8.94,58,0
2016-03-08,12:45:00,8.79,8.8,8.79,8.8,500,0
2016-03-09,12:25:00,8.8,8.8,8.8,8.8,300,0
2016-03-09,12:40:00,8.8,8.8,8.8,8.8,257,0
2016-03-09,16:35:00,8.8,8.8,8.8,8.8,100,0
2016-03-09,16:45:00,8.8,8.8,8.8,8.8,40,0
2016-03-10,16:25:00,8.8,8.8,8.8,8.8,5,0
2016-03-11,12:35:00,8.75,8.75,8.75,8.75,220,0
2016-03-11,12:50:00,8.75,8.75,8.7,8.7,142,0
2016-03-11,12:55:00,8.64,8.64,8.6,8.6,103,0
2016-03-11,15:35:00,8.8,9.3,8.8,9.3,27362,0
2016-03-11,15:40:00,9.33,9.49,9.33,9.49,50,0
2016-03-11,16:50:00,9.47,9.47,9.47,9.47,1638,0
2016-03-14,09:05:00,9.45,9.45,9.45,9.45,30,0
2016-03-14,13:10:00,9.29,9.29,9.29,9.29,1,0
2016-03-14,15:20:00,8.83,8.83,8.81,8.81,953,0
2016-03-14,16:20:00,9.26,9.26,9.26,9.26,500,0
2016-03-14,16:25:00,8.83,8.83,8.83,8.83,1294,0
2016-03-14,16:45:00,8.83,8.83,8.83,8.83,105,0
2016-03-14,16:50:00,8.83,8.83,8.83,8.83,3500,0
2016-03-15,15:30:00,8.83,8.83,8.83,8.83,5,0
2016-03-15,16:50:00,8.9,8.9,8.9,8.9,15,0
2016-03-16,11:00:00,8.75,8.75,8.75,8.75,120,0
2016-03-16,11:15:00,8.75,8.75,8.75,8.75,78,0
2016-03-16,13:55:00,8.7,8.7,8.7,8.7,50,0
2016-03-16,15:35:00,8.75,8.75,8.75,8.75,150,0
2016-03-16,15:45:00,8.75,8.75,8.75,8.75,200,0
2016-03-16,16:50:00,8.75,8.81,8.75,8.81,190,0
2016-03-17,16:10:00,8.72,8.72,8.72,8.72,5,0
2016-03-17,16:35:00,8.72,8.72,8.72,8.72,100,0
2016-03-17,16:45:00,8.72,8.72,8.72,8.72,55,0
2016-03-17,16:50:00,8.79,8.79,8.79,8.79,5,0
2016-03-18,10:00:00,8.62,8.62,8.62,8.62,100,0
2016-03-18,10:05:00,8.54,8.54,8.54,8.54,65,0
2016-03-18,11:15:00,8.55,8.55,8.55,8.55,828,0
2016-03-18,12:40:00,8.6,8.6,8.6,8.6,150,0
2016-03-18,15:25:00,8.6,8.6,8.6,8.6,133,0
2016-03-18,15:40:00,8.7,8.99,8.7,8.99,2000,0
2016-03-18,15:50:00,8.55,8.55,8.54,8.54,120,0
2016-03-18,16:05:00,8.99,8.99,8.99,8.99,332,0
2016-03-18,16:10:00,8.98,8.98,8.98,8.98,166,0
2016-03-18,16:15:00,8.98,8.99,8.98,8.99,166,0
2016-03-18,16:20:00,8.99,8.99,8.99,8.99,271,0
2016-03-18,16:25:00,8.99,8.99,8.99,8.99,332,0
2016-03-18,16:30:00,8.99,8.99,8.99,8.99,166,0
2016-03-18,16:35:00,8.99,8.99,8.99,8.99,166,0
2016-03-18,16:40:00,8.99,8.99,8.99,8.99,166,0
2016-03-18,16:45:00,8.99,8.99,8.99,8.99,166,0
2016-03-18,16:50:00,8.99,8.99,8.99,8.99,1174,0
2016-03-21,09:05:00,9.4,9.4,9.4,9.4,250,0
2016-03-21,09:35:00,9.2,9.2,9.2,9.2,236,0
2016-03-21,10:00:00,9.2,9.2,9.2,9.2,236,0
2016-03-21,10:25:00,9.2,9.2,9.2,9.2,236,0
2016-03-21,10:50:00,9.19,9.19,9.19,9.19,236,0
2016-03-21,11:15:00,9.19,9.19,9.19,9.19,236,0
2016-03-21,11:40:00,9.17,9.17,9.17,9.17,236,0
2016-03-21,12:20:00,9.17,9.17,9.17,9.17,236,0
2016-03-21,12:35:00,9.17,9.17,9.17,9.17,236,0
2016-03-21,12:55:00,9.16,9.16,9.16,9.16,236,0
2016-03-21,13:25:00,9.16,9.16,8.9,8.9,476,0
2016-03-21,15:25:00,9.16,9.16,9.16,9.16,944,0
2016-03-21,15:30:00,9.16,9.16,9.16,9.16,236,0
2016-03-21,15:55:00,9.16,9.16,9.16,9.16,236,0
2016-03-21,16:20:00,9.16,9.16,9.16,9.16,236,0
2016-03-21,16:50:00,9.15,9.15,9.14,9.14,738,0
2016-03-22,09:05:00,9.14,9.14,9.14,9.14,250,0
2016-03-22,09:20:00,9.14,9.14,9.14,9.14,250,0
2016-03-22,09:45:00,9.14,9.14,9.14,9.14,250,0
2016-03-22,10:10:00,9,9,9,9,212,0
2016-03-22,10:30:00,9,9,9,9,250,0
2016-03-22,10:35:00,9,9,9,9,250,0
2016-03-22,10:40:00,9.14,9.14,9.14,9.14,251,0
2016-03-22,10:50:00,9,9.14,9,9.14,111,0
2016-03-22,11:10:00,9.14,9.14,9.14,9.14,250,0
2016-03-22,11:35:00,9,9.13,9,9.13,251,0
2016-03-22,11:40:00,9.13,9.13,9.13,9.13,250,0
2016-03-22,11:50:00,9.08,9.08,9.08,9.08,150,0
2016-03-22,12:05:00,9.08,9.08,9.08,9.08,250,0
2016-03-22,12:35:00,9.08,9.08,9.08,9.08,250,0
2016-03-22,13:05:00,9.08,9.08,9.08,9.08,250,0
2016-03-22,13:30:00,9.08,9.08,9.08,9.08,250,0
2016-03-22,13:50:00,9,9.13,9,9.13,251,0
2016-03-22,14:00:00,9.13,9.13,9.13,9.13,250,0
2016-03-22,14:20:00,9,9.14,9,9.14,251,0
2016-03-22,14:25:00,9.13,9.13,9.13,9.13,250,0
2016-03-22,14:55:00,9.1,9.1,9.1,9.1,250,0
2016-03-22,15:25:00,9.08,9.08,9.08,9.08,250,0
2016-03-22,15:50:00,8.99,9.03,8.99,9.03,250,0
2016-03-22,16:20:00,9.11,9.11,9.11,9.11,250,0
2016-03-22,16:50:00,9.11,9.11,9.1,9.1,750,0
2016-03-23,09:05:00,9.15,9.2,9.15,9.2,250,0
2016-03-23,09:25:00,9,9,9,9,250,0
2016-03-23,09:30:00,8.86,8.86,8.86,8.86,1,0
2016-03-23,09:35:00,9.18,9.18,9.18,9.18,250,0
2016-03-23,10:10:00,9.18,9.18,9.18,9.18,250,0
2016-03-23,10:35:00,9,9,9,9,250,0
2016-03-23,10:40:00,9.18,9.18,9.18,9.18,250,0
2016-03-23,11:10:00,9.18,9.18,9.18,9.18,250,0
2016-03-23,11:40:00,9.19,9.19,9.19,9.19,250,0
2016-03-23,11:55:00,9,9,9,9,250,0
2016-03-23,12:10:00,9,9.08,9,9.08,277,0
2016-03-23,12:45:00,9.09,9.09,9.09,9.09,250,0
2016-03-23,13:00:00,9,9,9,9,250,0
2016-03-23,13:15:00,9.08,9.08,9.08,9.08,250,0
2016-03-23,13:40:00,9,9,9,9,250,0
2016-03-23,13:45:00,9.08,9.08,9.08,9.08,250,0
2016-03-23,14:15:00,9.09,9.09,9,9,500,0
2016-03-23,14:30:00,9,9,9,9,250,0
2016-03-23,14:45:00,9.09,9.09,9.09,9.09,250,0
2016-03-23,15:20:00,9.09,9.09,9.09,9.09,250,0
2016-03-23,15:35:00,9,9,9,9,250,0
2016-03-23,15:50:00,9.08,9.08,9.08,9.08,250,0
2016-03-23,16:10:00,9,9,9,9,250,0
2016-03-23,16:20:00,9,9,9,9,250,0
2016-03-23,16:50:00,9.07,9.07,9.06,9.06,1250,0
2016-03-24,09:05:00,9.09,9.19,9.09,9.19,250,0
2016-03-24,09:20:00,9.19,9.19,9.19,9.19,170,0
2016-03-24,09:30:00,9.19,9.19,9.19,9.19,170,0
2016-03-24,09:50:00,9.19,9.19,9.19,9.19,170,0
2016-03-24,10:10:00,9.19,9.19,9.19,9.19,170,0
2016-03-24,10:30:00,9.18,9.18,9.18,9.18,170,0
2016-03-24,10:45:00,9.01,9.01,8.85,8.85,700,0
2016-03-24,10:55:00,9.18,9.18,9.18,9.18,195,0
2016-03-24,11:05:00,9.18,9.18,9.18,9.18,170,0
2016-03-24,11:20:00,8.86,8.86,8.86,8.86,16,0
2016-03-24,12:10:00,9.09,9.09,9.09,9.09,511,0
2016-03-24,12:20:00,9.09,9.09,9.09,9.09,170,0
2016-03-24,12:40:00,9.09,9.09,9.09,9.09,170,0
2016-03-24,12:45:00,9,9,8.9,8.9,553,0
2016-03-24,13:30:00,9.09,9.09,9.09,9.09,340,0
2016-03-24,13:40:00,9.09,9.09,9.09,9.09,170,0
2016-03-24,13:50:00,8.9,8.9,8.9,8.9,12,0
2016-03-24,13:55:00,9.09,9.09,9.09,9.09,170,0
2016-03-24,14:15:00,9.09,9.09,9.09,9.09,170,0
2016-03-24,14:35:00,9.09,9.09,9.09,9.09,170,0
2016-03-24,14:55:00,9.09,9.09,9.09,9.09,170,0
2016-03-24,15:15:00,9.09,9.09,9.09,9.09,170,0
2016-03-24,15:30:00,9.09,9.09,9.09,9.09,170,0
2016-03-24,15:50:00,9.09,9.09,9.09,9.09,170,0
2016-03-24,16:10:00,9.09,9.09,9.09,9.09,170,0
2016-03-24,16:30:00,9.09,9.09,9.09,9.09,170,0
2016-03-24,16:50:00,9.09,9.17,9.09,9.17,670,0
2016-03-29,09:05:00,9.2,9.3,9.2,9.3,250,0
2016-03-29,09:20:00,9.29,9.29,9.29,9.29,170,0
2016-03-29,09:40:00,9.29,9.29,9.29,9.29,170,0
2016-03-29,10:00:00,9.28,9.28,9.28,9.28,170,0
2016-03-29,10:20:00,9.26,9.26,9.26,9.26,170,0
2016-03-29,10:45:00,9.25,9.25,9.25,9.25,170,0
2016-03-29,11:05:00,9.24,9.24,9.24,9.24,170,0
2016-03-29,11:25:00,9.23,9.23,9.23,9.23,170,0
2016-03-29,11:40:00,9.23,9.23,9.23,9.23,100,0
2016-03-29,11:50:00,9.23,9.23,9.23,9.23,170,0
2016-03-29,12:10:00,9.23,9.23,9.23,9.23,170,0
2016-03-29,12:30:00,9.23,9.23,9.23,9.23,170,0
2016-03-29,12:50:00,9.23,9.23,9.23,9.23,170,0
2016-03-29,13:15:00,9.23,9.23,9.23,9.23,170,0
2016-03-29,13:35:00,9.23,9.23,9.23,9.23,170,0
2016-03-29,13:40:00,9.1,9.23,9.1,9.23,212,0
2016-03-29,13:55:00,9.23,9.23,9.23,9.23,170,0
2016-03-29,14:15:00,9.1,9.1,9.08,9.08,171,0
2016-03-29,14:35:00,9.23,9.23,9.23,9.23,171,0
2016-03-29,14:40:00,9.23,9.23,9.23,9.23,170,0
2016-03-29,14:45:00,9.1,9.23,9.1,9.23,341,0
2016-03-29,15:00:00,9.23,9.23,9.23,9.23,170,0
2016-03-29,15:20:00,9.23,9.23,9.1,9.1,510,0
2016-03-29,15:25:00,9.1,9.1,9.1,9.1,700,0
2016-03-29,15:30:00,9.23,9.23,9.23,9.23,1,0
2016-03-29,15:45:00,9.23,9.23,9.23,9.23,170,0
2016-03-29,16:05:00,9.23,9.23,9.23,9.23,170,0
2016-03-29,16:25:00,9.23,9.23,9.1,9.1,760,0
2016-03-29,16:35:00,9.22,9.22,9.22,9.22,1,0
2016-03-29,16:50:00,9.21,9.21,9.1,9.21,1350,0
2016-03-30,09:05:00,9.3,9.39,9.1,9.2,667,0
2016-03-30,09:10:00,9.05,9.05,9.03,9.03,270,0
2016-03-30,09:20:00,9.39,9.39,9.39,9.39,251,0
2016-03-30,09:50:00,9.38,9.38,9.38,9.38,250,0
2016-03-30,10:20:00,9.38,9.38,9.38,9.38,250,0
2016-03-30,10:50:00,9.38,9.38,9.38,9.38,250,0
2016-03-30,11:15:00,9.1,9.1,9.1,9.1,233,0
2016-03-30,11:45:00,9.36,9.36,9.36,9.36,251,0
2016-03-30,11:50:00,9.36,9.36,9.15,9.15,500,0
2016-03-30,11:55:00,9.37,9.37,9.37,9.37,1,0
2016-03-30,12:20:00,9.32,9.32,9.32,9.32,250,0
2016-03-30,12:45:00,9.14,9.33,9.14,9.33,251,0
2016-03-30,12:50:00,9.32,9.32,9.32,9.32,250,0
2016-03-30,13:05:00,9.14,9.32,9.14,9.32,501,0
2016-03-30,13:10:00,9.14,9.32,9.14,9.32,301,0
2016-03-30,13:20:00,9.31,9.31,9.31,9.31,250,0
2016-03-30,13:40:00,9.14,9.14,9.14,9.14,250,0
2016-03-30,13:45:00,9.31,9.31,9.31,9.31,1,0
2016-03-30,13:50:00,9.3,9.3,9.11,9.14,757,0
2016-03-30,13:55:00,9.11,9.11,9.11,9.11,7,0
2016-03-30,14:20:00,9.22,9.22,9.22,9.22,250,0
2016-03-30,14:45:00,9.14,9.14,9.14,9.14,250,0
2016-03-30,14:50:00,9.22,9.22,9.22,9.22,250,0
2016-03-30,15:20:00,9.22,9.22,9.22,9.22,250,0
2016-03-30,15:50:00,9.21,9.21,9.14,9.14,500,0
2016-03-30,16:20:00,9.2,9.2,9.2,9.2,250,0
2016-03-30,16:50:00,9.2,9.2,9.2,9.2,1000,0
2016-03-31,09:05:00,9.37,9.37,9.37,9.37,250,0
2016-03-31,09:20:00,9.28,9.28,9.28,9.28,250,0
2016-03-31,09:30:00,9.29,9.29,9.29,9.29,1,0
2016-03-31,09:45:00,9.29,9.29,9.29,9.29,250,0
2016-03-31,10:15:00,9.25,9.25,9.25,9.25,250,0
2016-03-31,10:40:00,9.25,9.25,9.25,9.25,250,0
2016-03-31,11:10:00,9.25,9.25,9.25,9.25,250,0
2016-03-31,11:40:00,9.25,9.25,9.25,9.25,250,0
2016-03-31,12:05:00,9.25,9.25,9.25,9.25,250,0
2016-03-31,12:35:00,9.25,9.25,9.25,9.25,250,0
2016-03-31,13:05:00,9.25,9.29,9.25,9.29,251,0
2016-03-31,13:20:00,9.29,9.29,9.29,9.29,130,0
2016-03-31,13:25:00,9.2,9.2,9.2,9.2,132,0
2016-03-31,13:30:00,9.29,9.29,9.29,9.29,158,0
2016-03-31,14:20:00,9.29,9.29,9.29,9.29,324,0
2016-03-31,14:35:00,9.29,9.29,9.29,9.29,240,0
2016-03-31,15:05:00,9.29,9.29,9.2,9.2,321,0
2016-03-31,15:25:00,9.3,9.3,9.3,9.3,250,0
2016-03-31,15:50:00,9.29,9.3,9.29,9.3,250,0
2016-03-31,16:20:00,9.3,9.3,9.3,9.3,250,0
2016-03-31,16:50:00,9.3,9.3,9.3,9.3,750,0
2016-04-01,09:30:00,9.01,9.01,9.01,9.01,10,0
2016-04-01,09:35:00,9.3,9.39,9.3,9.39,250,0
2016-04-01,09:55:00,9.39,9.39,9.39,9.39,250,0
2016-04-01,10:15:00,9.04,9.04,9.04,9.04,1,0
2016-04-01,11:55:00,9.16,9.16,9.16,9.16,432,0
2016-04-01,13:40:00,9.17,9.17,9.17,9.17,350,0
2016-04-01,14:00:00,9.37,9.37,9.37,9.37,2501,0
2016-04-01,14:10:00,9.19,9.19,9.18,9.18,350,0
2016-04-01,15:10:00,9.37,9.37,9.37,9.37,751,0
2016-04-01,15:35:00,9.37,9.37,9.37,9.37,250,0
2016-04-01,16:00:00,9.35,9.35,9.35,9.35,250,0
2016-04-01,16:25:00,9.35,9.35,9.35,9.35,250,0
2016-04-01,16:50:00,9.35,9.35,9.35,9.35,500,0
2016-04-04,09:05:00,9.47,9.47,9.46,9.46,407,0
2016-04-04,09:20:00,9.46,9.46,9.46,9.46,204,0
2016-04-04,09:30:00,9.15,9.15,9.15,9.15,1,0
2016-04-04,09:35:00,9.2,9.2,9.2,9.2,66,0
2016-04-04,11:55:00,9.45,9.48,9.45,9.48,1428,0
2016-04-04,12:10:00,9.48,9.48,9.48,9.48,361,0
2016-04-04,12:20:00,9.21,9.21,9.21,9.21,1,0
2016-04-04,12:30:00,9.26,9.26,9.26,9.26,86,0
2016-04-04,12:45:00,9.27,9.27,9.21,9.21,433,0
2016-04-04,13:00:00,9.26,9.26,9.26,9.26,150,0
2016-04-04,13:30:00,9.45,9.45,9.45,9.45,458,0
2016-04-04,13:35:00,9.45,9.45,9.45,9.45,204,0
2016-04-04,13:55:00,9.44,9.44,9.44,9.44,204,0
2016-04-04,14:20:00,9.44,9.44,9.44,9.44,204,0
2016-04-04,14:40:00,9.44,9.44,9.44,9.44,204,0
2016-04-04,15:00:00,9.41,9.41,9.41,9.41,204,0
2016-04-04,15:20:00,9.41,9.41,9.41,9.41,254,0
2016-04-04,15:35:00,9.43,9.43,9.43,9.43,300,0
2016-04-04,15:45:00,9.42,9.42,9.42,9.42,204,0
2016-04-04,16:05:00,9.41,9.41,9.41,9.41,204,0
2016-04-04,16:20:00,9.41,9.41,9.41,9.41,26,0
2016-04-04,16:25:00,9.41,9.41,9.41,9.41,204,0
2016-04-04,16:50:00,9.44,9.45,9.44,9.44,466,0
2016-04-06,10:40:00,9.16,9.16,9.16,9.16,7,0
2016-04-06,11:00:00,9.16,9.16,9.16,9.16,40,0
2016-04-06,12:55:00,9.18,9.18,9.18,9.18,40,0
2016-04-06,13:00:00,9.17,9.17,9.17,9.17,140,0
2016-04-06,15:10:00,9.17,9.17,9.17,9.17,110,0
2016-04-06,16:50:00,9.39,9.4,9.39,9.4,500,0
2016-04-07,09:50:00,9.4,9.4,9.4,9.4,95,0
2016-04-07,13:40:00,9.4,9.4,9.4,9.4,5,0
2016-04-08,12:10:00,9.35,9.35,9.35,9.35,100,0
2016-04-08,12:45:00,9.35,9.35,9.35,9.35,100,0
2016-04-08,13:10:00,9.21,9.21,9.2,9.2,1370,0
2016-04-08,16:20:00,9.29,9.29,9.29,9.29,40,0
2016-04-11,11:25:00,9.17,9.18,9.17,9.18,265,0
2016-04-11,12:20:00,9.17,9.17,9.17,9.17,57,0
2016-04-11,12:35:00,9.17,9.18,9.17,9.18,545,0
2016-04-11,16:20:00,9.17,9.17,9.17,9.17,68,0
2016-04-12,15:20:00,8.99,8.99,8.99,8.99,485,0
2016-04-12,16:40:00,9,9,9,9,100,0
2016-04-12,16:50:00,9,9,9,9,181,0
2016-04-13,09:05:00,9,9,9,9,116,0
2016-04-13,09:50:00,8.96,8.96,8.96,8.96,8,0
2016-04-13,10:10:00,9,9,9,9,72,0
2016-04-13,13:05:00,8.99,8.99,8.99,8.99,110,0
2016-04-13,14:15:00,8.96,8.96,8.96,8.96,130,0
2016-04-13,15:05:00,8.96,8.96,8.96,8.96,124,0
2016-04-13,16:50:00,9,9,9,9,50,0
2016-04-15,10:25:00,8.96,8.96,8.96,8.96,20,0
2016-04-15,11:50:00,9.18,9.18,9.18,9.18,40,0
2016-04-18,09:05:00,9.17,9.17,9.17,9.17,320,0
2016-04-18,10:05:00,9,9,9,9,100,0
2016-04-18,12:15:00,9.16,9.16,9.16,9.16,25,0
2016-04-18,14:10:00,9,9,9,9,20,0
2016-04-18,16:50:00,9.16,9.16,9.16,9.16,25,0
2016-04-19,09:10:00,9.14,9.14,9.14,9.14,30,0
2016-04-20,11:50:00,9.13,9.13,9.13,9.13,2,0
2016-04-20,13:55:00,9.1,9.1,9,9,500,0
2016-04-20,14:10:00,9,9,9,9,204,0
2016-04-20,14:20:00,9,9,9,9,135,0
2016-04-20,14:30:00,8.99,9,8.99,9,50,0
2016-04-20,14:35:00,9,9,9,9,59,0
2016-04-20,16:50:00,9.13,9.13,9.13,9.13,22,0
2016-04-21,09:05:00,9.14,9.14,9.14,9.14,15,0
2016-04-22,10:25:00,9.13,9.13,9.1,9.1,575,0
2016-04-22,11:35:00,9.11,9.11,9.11,9.11,150,0
2016-04-22,15:30:00,9.01,9.01,9.01,9.01,29,0
2016-04-22,16:50:00,9.11,9.11,9.11,9.11,9,0
2016-04-25,16:50:00,9.02,9.02,9.02,9.02,97,0
2016-04-26,13:40:00,9,9,9,9,215,0
2016-04-26,16:45:00,9,9,9,9,368,0
2016-04-27,11:15:00,8.96,8.96,8.96,8.96,18,0
2016-04-27,11:20:00,8.96,8.96,8.96,8.96,100,0
2016-04-27,14:10:00,8.9,8.9,8.9,8.9,100,0
2016-04-27,16:20:00,8.86,8.86,8.86,8.86,121,0
2016-04-27,16:25:00,8.75,8.75,8.75,8.75,158,0
2016-04-27,16:45:00,8.75,8.96,8.75,8.9,11606,0
2016-04-27,16:50:00,9.1,9.1,9.1,9.1,4131,0
2016-04-28,11:20:00,9.12,9.12,9.12,9.12,100,0
2016-04-28,13:15:00,9.12,9.12,9.12,9.12,47,0
2016-04-29,10:55:00,9.16,9.16,9.16,9.16,190,0
