2016-03-07,09:05:00,4.04,4.04,4.04,4.04,1,0
2016-03-07,10:55:00,4.06,4.06,4.06,4.06,1850,0
2016-03-07,11:05:00,4.05,4.05,4.05,4.05,1391,0
2016-03-07,12:10:00,4.07,4.07,4.05,4.05,1000,0
2016-03-07,14:15:00,4.21,4.21,4.21,4.21,160,0
2016-03-07,14:45:00,4.21,4.21,4.21,4.21,350,0
2016-03-07,15:05:00,4.21,4.21,4.21,4.21,170,0
2016-03-07,16:50:00,4.21,4.21,4.21,4.21,30,0
2016-03-08,09:05:00,4.21,4.21,4.21,4.21,1,0
2016-03-08,10:05:00,4.25,4.25,4.25,4.25,99,0
2016-03-08,10:35:00,4.2,4.2,4.2,4.2,1200,0
2016-03-08,13:50:00,4.2,4.2,4.2,4.2,260,0
2016-03-08,14:20:00,4.2,4.2,4.2,4.2,240,0
2016-03-08,16:50:00,4.24,4.24,4.24,4.24,1,0
2016-03-09,09:05:00,4.28,4.28,4.28,4.28,1,0
2016-03-09,11:10:00,4.25,4.25,4.25,4.25,80,0
2016-03-09,14:00:00,4.24,4.24,4.1,4.1,4501,0
2016-03-09,14:10:00,4.24,4.24,4.24,4.24,467,0
2016-03-09,14:25:00,4.1,4.1,4.1,4.1,25,0
2016-03-09,15:00:00,4.1,4.1,4.1,4.1,365,0
2016-03-09,15:15:00,4.08,4.08,4.05,4.05,37145,0
2016-03-09,15:20:00,4.04,4.04,4.04,4.04,499,0
2016-03-09,16:45:00,4.07,4.07,4.07,4.07,10000,0
2016-03-09,16:50:00,4.07,4.07,4.07,4.07,1201,0
2016-03-10,09:05:00,4.06,4.06,4.06,4.06,1,0
2016-03-10,09:10:00,4.03,4.03,4.01,4.01,700,0
2016-03-10,09:25:00,4.01,4.01,4.01,4.01,1603,0
2016-03-10,10:00:00,4,4,4,4,500,0
2016-03-10,10:05:00,4,4,4,4,500,0
2016-03-10,11:00:00,3.96,3.96,3.96,3.96,460,0
2016-03-10,15:10:00,3.99,3.99,3.99,3.99,1000,0
2016-03-10,16:50:00,3.99,3.99,3.99,3.99,85,0
2016-03-11,09:05:00,4.04,4.04,4.04,4.04,1,0
2016-03-11,10:55:00,3.96,3.96,3.96,3.96,500,0
2016-03-11,12:55:00,3.97,3.97,3.96,3.96,2077,0
2016-03-11,13:00:00,3.95,3.95,3.95,3.95,1633,0
2016-03-11,14:05:00,3.94,3.94,3.94,3.94,440,0
2016-03-11,14:35:00,3.95,3.95,3.95,3.95,240,0
2016-03-11,15:15:00,3.95,3.95,3.95,3.95,500,0
2016-03-11,16:10:00,3.93,3.93,3.9,3.9,3316,0
2016-03-11,16:35:00,3.9,3.9,3.9,3.9,130,0
2016-03-11,16:40:00,3.9,3.9,3.9,3.9,70,0
2016-03-11,16:50:00,3.9,3.9,3.9,3.9,1,0
2016-03-14,09:05:00,3.85,3.85,3.85,3.85,650,0
2016-03-14,11:20:00,3.91,3.91,3.91,3.91,2000,0
2016-03-14,11:50:00,3.86,3.86,3.85,3.85,1299,0
2016-03-14,13:05:00,3.85,3.85,3.85,3.85,2000,0
2016-03-14,14:50:00,3.9,3.9,3.85,3.85,4500,0
2016-03-14,15:00:00,3.85,3.85,3.85,3.85,1000,0
2016-03-14,15:20:00,3.85,3.85,3.85,3.85,319,0
2016-03-14,15:35:00,3.85,3.85,3.85,3.85,250,0
2016-03-14,16:00:00,3.85,3.85,3.85,3.85,1275,0
2016-03-14,16:15:00,3.9,3.9,3.9,3.9,300,0
2016-03-15,09:05:00,3.93,3.93,3.93,3.93,1,0
2016-03-15,11:30:00,3.93,3.93,3.93,3.93,99,0
2016-03-15,11:55:00,3.93,3.93,3.93,3.93,401,0
2016-03-15,13:15:00,3.9,3.9,3.9,3.9,500,0
2016-03-15,14:00:00,3.93,3.93,3.93,3.93,40,0
2016-03-15,14:15:00,3.93,3.93,3.93,3.93,500,0
2016-03-15,16:00:00,3.92,3.92,3.92,3.92,125,0
2016-03-15,16:35:00,3.92,3.92,3.92,3.92,500,0
2016-03-15,16:40:00,3.92,3.92,3.92,3.92,1000,0
2016-03-15,16:50:00,3.88,3.88,3.88,3.88,909,0
2016-03-16,09:05:00,3.92,3.92,3.92,3.92,1,0
2016-03-16,09:10:00,3.81,3.81,3.81,3.81,474,0
2016-03-16,10:10:00,3.83,3.83,3.83,3.83,300,0
2016-03-16,13:55:00,3.8,3.8,3.8,3.8,250,0
2016-03-16,16:05:00,3.89,3.89,3.89,3.89,489,0
2016-03-16,16:35:00,3.85,3.85,3.85,3.85,650,0
2016-03-16,16:50:00,3.85,3.85,3.85,3.85,452,0
2016-03-17,09:05:00,3.8,3.8,3.8,3.8,200,0
2016-03-17,11:10:00,3.8,3.89,3.8,3.89,200,0
2016-03-17,13:35:00,3.89,3.89,3.89,3.89,500,0
2016-03-17,13:45:00,3.95,3.95,3.95,3.95,50,0
2016-03-17,14:30:00,3.95,4,3.95,4,26000,0
2016-03-17,15:00:00,4.04,4.04,4.04,4.04,200,0
2016-03-17,15:05:00,4.04,4.04,4.04,4.04,350,0
2016-03-17,15:10:00,4.11,4.11,4.11,4.11,50,0
2016-03-17,16:40:00,4.11,4.11,4.11,4.11,260,0
2016-03-17,16:45:00,4.1,4.1,4.1,4.1,200,0
2016-03-17,16:50:00,4.1,4.1,4.1,4.1,551,0
2016-03-18,09:05:00,4.1,4.1,4.1,4.1,1050,0
2016-03-18,09:35:00,4.1,4.1,4,4,1209,0
2016-03-18,09:50:00,4,4,4,4,550,0
2016-03-18,10:00:00,4,4,4,4,2275,0
2016-03-18,10:50:00,3.96,3.96,3.96,3.96,200,0
2016-03-18,13:30:00,4,4,4,4,1500,0
2016-03-18,15:20:00,4,4,4,4,400,0
2016-03-18,15:30:00,4,4,4,4,1000,0
2016-03-18,15:35:00,4,4,4,4,896,0
2016-03-18,15:50:00,3.97,3.97,3.97,3.97,42,0
2016-03-18,16:25:00,3.97,3.97,3.95,3.95,1982,0
2016-03-18,16:45:00,4,4,4,4,300,0
2016-03-18,16:50:00,4,4,4,4,925,0
