2015-10-23,09:05:00,0.43,0.43,0.43,0.43,35979,0
2015-10-23,09:10:00,0.43,0.43,0.43,0.43,5020,0
2015-10-23,09:15:00,0.43,0.43,0.43,0.43,5600,0
2015-10-23,09:35:00,0.42,0.43,0.42,0.43,900,0
2015-10-23,09:40:00,0.42,0.42,0.41,0.41,13100,0
2015-10-23,09:45:00,0.42,0.42,0.42,0.42,3000,0
2015-10-23,09:50:00,0.42,0.42,0.42,0.42,11000,0
2015-10-23,09:55:00,0.43,0.43,0.43,0.43,10,0
2015-10-23,10:05:00,0.41,0.41,0.41,0.41,90000,0
2015-10-23,10:10:00,0.41,0.41,0.41,0.41,13400,0
2015-10-23,10:15:00,0.41,0.41,0.41,0.41,2214,0
2015-10-23,10:20:00,0.4,0.4,0.4,0.4,66624,0
2015-10-23,10:25:00,0.41,0.41,0.41,0.41,17420,0
2015-10-23,10:35:00,0.41,0.41,0.41,0.41,2100,0
2015-10-23,10:40:00,0.41,0.41,0.41,0.41,12404,0
2015-10-23,10:45:00,0.41,0.41,0.41,0.41,2800,0
2015-10-23,10:50:00,0.41,0.41,0.41,0.41,2,0
2015-10-23,10:55:00,0.42,0.42,0.41,0.41,12005,0
2015-10-23,11:05:00,0.41,0.41,0.41,0.41,15000,0
2015-10-23,11:20:00,0.41,0.41,0.4,0.4,9920,0
2015-10-23,11:25:00,0.42,0.42,0.42,0.42,100,0
2015-10-23,11:30:00,0.42,0.42,0.42,0.42,2000,0
2015-10-23,11:55:00,0.41,0.41,0.4,0.4,4000,0
2015-10-23,12:30:00,0.41,0.41,0.41,0.41,20,0
2015-10-23,12:35:00,0.41,0.42,0.41,0.42,2187,0
2015-10-23,13:25:00,0.42,0.42,0.42,0.42,10,0
2015-10-23,13:30:00,0.42,0.42,0.42,0.42,7000,0
2015-10-23,13:35:00,0.41,0.41,0.41,0.41,500,0
2015-10-23,14:00:00,0.42,0.42,0.42,0.42,8239,0
2015-10-23,14:05:00,0.42,0.42,0.42,0.42,3000,0
2015-10-23,14:15:00,0.42,0.42,0.42,0.42,9510,0
2015-10-23,14:35:00,0.42,0.42,0.42,0.42,9062,0
2015-10-23,14:40:00,0.42,0.43,0.41,0.43,501,0
2015-10-23,14:45:00,0.42,0.42,0.42,0.42,16300,0
2015-10-23,14:50:00,0.42,0.42,0.42,0.42,700,0
2015-10-23,15:00:00,0.42,0.42,0.42,0.42,6200,0
2015-10-23,15:05:00,0.43,0.43,0.43,0.43,1,0
2015-10-23,15:10:00,0.43,0.44,0.43,0.44,60322,0
2015-10-23,15:15:00,0.44,0.47,0.44,0.47,104850,0
2015-10-23,15:20:00,0.46,0.47,0.46,0.47,105181,0
2015-10-23,15:35:00,0.48,0.49,0.47,0.49,33144,0
2015-10-23,15:40:00,0.47,0.48,0.47,0.48,4674,0
2015-10-23,15:45:00,0.48,0.49,0.48,0.49,25077,0
2015-10-23,15:50:00,0.48,0.51,0.48,0.51,243626,0
2015-10-23,15:55:00,0.49,0.5,0.49,0.5,13965,0
2015-10-23,16:00:00,0.49,0.5,0.49,0.49,25162,0
2015-10-23,16:05:00,0.5,0.5,0.49,0.49,9880,0
2015-10-23,16:10:00,0.49,0.49,0.49,0.49,24000,0
2015-10-23,16:15:00,0.49,0.5,0.49,0.49,13845,0
2015-10-23,16:20:00,0.49,0.49,0.48,0.48,21126,0
2015-10-23,16:25:00,0.49,0.49,0.46,0.46,19685,0
2015-10-23,16:30:00,0.47,0.48,0.47,0.47,12765,0
2015-10-23,16:35:00,0.47,0.47,0.47,0.47,3000,0
2015-10-23,16:40:00,0.47,0.48,0.47,0.48,3010,0
2015-10-23,16:50:00,0.48,0.48,0.47,0.47,20112,0
2015-10-26,09:05:00,0.42,0.44,0.42,0.42,158579,0
2015-10-26,09:10:00,0.44,0.45,0.43,0.45,48388,0
2015-10-26,09:15:00,0.45,0.45,0.43,0.43,12200,0
2015-10-26,09:20:00,0.43,0.44,0.43,0.44,17151,0
2015-10-26,09:25:00,0.44,0.45,0.42,0.42,54702,0
2015-10-26,09:30:00,0.42,0.42,0.41,0.42,50269,0
2015-10-26,09:35:00,0.42,0.43,0.41,0.43,30766,0
2015-10-26,09:40:00,0.42,0.43,0.42,0.43,87251,0
2015-10-26,09:50:00,0.42,0.42,0.41,0.41,34000,0
2015-10-26,09:55:00,0.41,0.41,0.41,0.41,10800,0
2015-10-26,10:00:00,0.41,0.41,0.41,0.41,644,0
2015-10-26,10:10:00,0.42,0.42,0.42,0.42,3000,0
2015-10-26,10:15:00,0.42,0.42,0.42,0.42,10299,0
2015-10-26,10:40:00,0.42,0.42,0.42,0.42,10000,0
2015-10-26,10:45:00,0.43,0.43,0.43,0.43,100,0
2015-10-26,10:50:00,0.43,0.43,0.43,0.43,18750,0
2015-10-26,10:55:00,0.42,0.42,0.42,0.42,19400,0
2015-10-26,11:05:00,0.43,0.43,0.43,0.43,13094,0
2015-10-26,11:10:00,0.44,0.44,0.44,0.44,19368,0
2015-10-26,11:15:00,0.45,0.45,0.44,0.44,6511,0
2015-10-26,11:20:00,0.44,0.44,0.44,0.44,3632,0
2015-10-26,11:30:00,0.44,0.44,0.44,0.44,6000,0
2015-10-26,11:40:00,0.44,0.44,0.44,0.44,30483,0
2015-10-26,11:45:00,0.45,0.46,0.45,0.45,33150,0
2015-10-26,12:05:00,0.45,0.45,0.45,0.45,4230,0
2015-10-26,12:10:00,0.45,0.45,0.45,0.45,3770,0
2015-10-26,12:25:00,0.45,0.45,0.45,0.45,200,0
2015-10-26,12:40:00,0.44,0.44,0.44,0.44,5000,0
2015-10-26,12:50:00,0.44,0.44,0.44,0.44,186,0
2015-10-26,13:20:00,0.44,0.44,0.44,0.44,3769,0
2015-10-26,13:45:00,0.44,0.44,0.44,0.44,7684,0
2015-10-26,13:55:00,0.43,0.43,0.43,0.43,21400,0
2015-10-26,14:00:00,0.44,0.44,0.44,0.44,100,0
2015-10-26,14:05:00,0.44,0.44,0.44,0.44,6895,0
2015-10-26,14:15:00,0.44,0.45,0.43,0.45,8117,0
2015-10-26,14:25:00,0.44,0.44,0.44,0.44,7697,0
2015-10-26,14:30:00,0.43,0.43,0.43,0.43,15427,0
2015-10-26,14:35:00,0.43,0.43,0.43,0.43,10000,0
2015-10-26,14:40:00,0.43,0.43,0.43,0.43,6666,0
2015-10-26,14:45:00,0.43,0.43,0.43,0.43,5222,0
2015-10-26,15:00:00,0.42,0.43,0.42,0.42,40979,0
2015-10-26,15:15:00,0.43,0.43,0.43,0.43,12932,0
2015-10-26,15:20:00,0.44,0.44,0.44,0.44,10,0
2015-10-26,15:35:00,0.44,0.45,0.44,0.45,10000,0
2015-10-26,15:40:00,0.45,0.45,0.45,0.45,30,0
2015-10-26,16:00:00,0.44,0.44,0.44,0.44,3010,0
2015-10-26,16:20:00,0.43,0.43,0.43,0.43,4000,0
2015-10-26,16:25:00,0.43,0.43,0.42,0.42,6000,0
2015-10-26,16:30:00,0.44,0.44,0.44,0.44,1055,0
2015-10-26,16:35:00,0.43,0.43,0.43,0.43,5094,0
2015-10-26,16:40:00,0.43,0.43,0.42,0.42,16094,0
2015-10-26,16:45:00,0.42,0.43,0.42,0.43,54965,0
2015-10-26,16:50:00,0.42,0.42,0.42,0.42,28314,0
2015-10-27,09:05:00,0.43,0.44,0.43,0.44,19397,0
2015-10-27,09:10:00,0.43,0.44,0.43,0.43,12709,0
2015-10-27,09:15:00,0.43,0.43,0.43,0.43,3496,0
2015-10-27,09:30:00,0.44,0.44,0.44,0.44,3000,0
2015-10-27,09:35:00,0.43,0.43,0.43,0.43,10000,0
2015-10-27,09:45:00,0.42,0.42,0.42,0.42,3000,0
2015-10-27,09:50:00,0.42,0.42,0.42,0.42,2400,0
2015-10-27,09:55:00,0.43,0.43,0.43,0.43,80,0
2015-10-27,10:00:00,0.42,0.45,0.42,0.44,139626,0
2015-10-27,10:05:00,0.44,0.44,0.44,0.44,25853,0
2015-10-27,10:10:00,0.44,0.44,0.44,0.44,8990,0
2015-10-27,10:15:00,0.43,0.45,0.43,0.44,1323,0
2015-10-27,10:25:00,0.44,0.44,0.44,0.44,11000,0
2015-10-27,10:30:00,0.44,0.44,0.44,0.44,5350,0
2015-10-27,10:35:00,0.45,0.45,0.45,0.45,100,0
2015-10-27,10:45:00,0.45,0.45,0.45,0.45,9555,0
2015-10-27,10:55:00,0.45,0.45,0.45,0.45,3764,0
2015-10-27,11:05:00,0.44,0.45,0.44,0.45,28101,0
2015-10-27,11:10:00,0.45,0.46,0.45,0.46,42837,0
2015-10-27,11:15:00,0.46,0.46,0.45,0.45,28500,0
2015-10-27,11:40:00,0.46,0.46,0.46,0.46,50,0
2015-10-27,11:45:00,0.46,0.46,0.46,0.46,5000,0
2015-10-27,11:55:00,0.46,0.46,0.46,0.46,16866,0
2015-10-27,12:05:00,0.45,0.45,0.45,0.45,8500,0
2015-10-27,12:10:00,0.45,0.45,0.45,0.45,800,0
2015-10-27,12:15:00,0.45,0.45,0.45,0.45,35469,0
2015-10-27,12:35:00,0.44,0.45,0.44,0.45,2224,0
2015-10-27,13:00:00,0.45,0.45,0.44,0.45,43971,0
2015-10-27,13:05:00,0.45,0.45,0.45,0.45,29354,0
2015-10-27,13:15:00,0.44,0.44,0.44,0.44,13000,0
2015-10-27,13:20:00,0.44,0.44,0.44,0.44,10000,0
2015-10-27,13:30:00,0.45,0.45,0.45,0.45,242,0
2015-10-27,13:35:00,0.44,0.44,0.44,0.44,60555,0
2015-10-27,13:40:00,0.44,0.44,0.44,0.44,23,0
2015-10-27,14:10:00,0.44,0.44,0.44,0.44,2000,0
2015-10-27,14:15:00,0.45,0.45,0.45,0.45,3333,0
2015-10-27,14:25:00,0.44,0.44,0.44,0.44,33,0
2015-10-27,14:35:00,0.44,0.44,0.44,0.44,2,0
2015-10-27,14:45:00,0.44,0.44,0.44,0.44,1998,0
2015-10-27,14:55:00,0.43,0.43,0.43,0.43,8900,0
2015-10-27,15:00:00,0.44,0.44,0.44,0.44,3667,0
2015-10-27,15:25:00,0.44,0.44,0.44,0.44,1000,0
2015-10-27,15:30:00,0.44,0.45,0.44,0.45,3000,0
2015-10-27,15:45:00,0.44,0.44,0.44,0.44,100,0
2015-10-27,15:50:00,0.45,0.45,0.45,0.45,111,0
2015-10-27,16:30:00,0.44,0.44,0.44,0.44,1405,0
2015-10-27,16:45:00,0.43,0.43,0.43,0.43,4654,0
2015-10-27,16:50:00,0.43,0.44,0.43,0.44,51666,0
2015-10-28,09:05:00,0.45,0.45,0.45,0.45,5000,0
2015-10-28,09:10:00,0.45,0.45,0.44,0.44,6300,0
2015-10-28,09:15:00,0.43,0.43,0.43,0.43,16000,0
2015-10-28,09:20:00,0.43,0.43,0.43,0.43,12491,0
2015-10-28,09:25:00,0.43,0.43,0.43,0.43,20000,0
2015-10-28,09:30:00,0.44,0.45,0.43,0.43,40852,0
2015-10-28,09:35:00,0.42,0.42,0.42,0.42,71375,0
2015-10-28,09:40:00,0.42,0.43,0.42,0.43,10167,0
2015-10-28,09:45:00,0.43,0.43,0.43,0.43,4500,0
2015-10-28,09:50:00,0.43,0.43,0.42,0.42,6958,0
2015-10-28,10:00:00,0.42,0.42,0.42,0.42,7560,0
2015-10-28,10:05:00,0.42,0.42,0.42,0.42,48555,0
2015-10-28,10:10:00,0.42,0.42,0.42,0.42,3750,0
2015-10-28,10:25:00,0.43,0.43,0.43,0.43,18571,0
2015-10-28,10:30:00,0.44,0.44,0.43,0.43,4439,0
2015-10-28,10:35:00,0.43,0.43,0.43,0.43,200,0
2015-10-28,10:45:00,0.43,0.43,0.43,0.43,1637,0
2015-10-28,10:55:00,0.43,0.43,0.43,0.43,1545,0
2015-10-28,11:00:00,0.44,0.44,0.44,0.44,2271,0
2015-10-28,11:20:00,0.43,0.43,0.41,0.41,50000,0
2015-10-28,11:25:00,0.42,0.42,0.42,0.42,10000,0
2015-10-28,11:35:00,0.43,0.43,0.43,0.43,2900,0
2015-10-28,11:55:00,0.42,0.42,0.42,0.42,7500,0
2015-10-28,12:10:00,0.42,0.42,0.42,0.42,120,0
2015-10-28,13:05:00,0.43,0.43,0.43,0.43,6000,0
2015-10-28,13:55:00,0.43,0.43,0.43,0.43,5000,0
2015-10-28,14:10:00,0.42,0.42,0.42,0.42,2204,0
2015-10-28,14:15:00,0.42,0.42,0.42,0.42,6700,0
2015-10-28,14:50:00,0.42,0.42,0.42,0.42,1000,0
2015-10-28,14:55:00,0.42,0.42,0.42,0.42,4555,0
2015-10-28,15:05:00,0.42,0.42,0.41,0.41,127149,0
2015-10-28,15:10:00,0.41,0.41,0.41,0.41,10006,0
2015-10-28,15:15:00,0.41,0.41,0.41,0.41,30828,0
2015-10-28,15:45:00,0.42,0.42,0.42,0.42,2416,0
2015-10-28,16:10:00,0.42,0.42,0.42,0.42,10000,0
2015-10-28,16:15:00,0.42,0.42,0.42,0.42,4000,0
2015-10-28,16:25:00,0.42,0.42,0.42,0.42,3581,0
2015-10-28,16:30:00,0.42,0.42,0.42,0.42,1000,0
2015-10-28,16:45:00,0.42,0.42,0.42,0.42,3500,0
2015-10-28,16:50:00,0.42,0.43,0.42,0.43,9122,0
2015-10-29,09:05:00,0.43,0.43,0.43,0.43,1000,0
2015-10-29,09:10:00,0.41,0.42,0.41,0.42,6,0
2015-10-29,09:15:00,0.41,0.41,0.41,0.41,2240,0
2015-10-29,09:20:00,0.41,0.41,0.41,0.41,1250,0
2015-10-29,09:25:00,0.43,0.43,0.43,0.43,11,0
2015-10-29,09:35:00,0.41,0.41,0.41,0.41,27000,0
2015-10-29,10:00:00,0.41,0.41,0.4,0.4,130844,0
2015-10-29,10:05:00,0.4,0.41,0.4,0.4,37001,0
2015-10-29,10:10:00,0.4,0.4,0.39,0.39,14509,0
2015-10-29,10:15:00,0.4,0.4,0.4,0.4,17000,0
2015-10-29,10:25:00,0.4,0.4,0.39,0.39,20007,0
2015-10-29,10:35:00,0.4,0.4,0.4,0.4,7250,0
2015-10-29,10:50:00,0.4,0.4,0.4,0.4,30255,0
2015-10-29,10:55:00,0.4,0.41,0.4,0.4,35424,0
2015-10-29,11:00:00,0.39,0.39,0.39,0.39,500,0
2015-10-29,11:30:00,0.41,0.41,0.41,0.41,1,0
2015-10-29,11:40:00,0.4,0.4,0.4,0.4,1500,0
2015-10-29,11:45:00,0.4,0.4,0.4,0.4,2402,0
2015-10-29,12:00:00,0.4,0.4,0.4,0.4,500,0
2015-10-29,12:50:00,0.4,0.4,0.4,0.4,5282,0
2015-10-29,12:55:00,0.4,0.4,0.4,0.4,400,0
2015-10-29,13:20:00,0.41,0.41,0.41,0.41,2000,0
2015-10-29,14:10:00,0.41,0.41,0.41,0.41,610,0
2015-10-29,14:15:00,0.41,0.41,0.41,0.41,595,0
2015-10-29,14:30:00,0.4,0.4,0.4,0.4,500,0
2015-10-29,14:40:00,0.4,0.4,0.4,0.4,2000,0
2015-10-29,14:55:00,0.4,0.4,0.4,0.4,47511,0
2015-10-29,15:05:00,0.4,0.4,0.4,0.4,3000,0
2015-10-29,15:10:00,0.4,0.4,0.4,0.4,10000,0
2015-10-29,15:45:00,0.39,0.39,0.39,0.39,39061,0
2015-10-29,15:50:00,0.4,0.4,0.4,0.4,100,0
2015-10-29,15:55:00,0.4,0.4,0.39,0.4,2014,0
2015-10-29,16:05:00,0.4,0.4,0.4,0.4,154880,0
2015-10-29,16:10:00,0.41,0.41,0.41,0.41,2477,0
2015-10-29,16:15:00,0.41,0.41,0.41,0.41,8542,0
2015-10-29,16:35:00,0.4,0.4,0.4,0.4,34944,0
2015-10-29,16:45:00,0.4,0.4,0.4,0.4,30000,0
2015-10-29,16:50:00,0.39,0.41,0.39,0.41,25057,0
2015-10-30,09:05:00,0.4,0.4,0.39,0.39,9165,0
2015-10-30,09:10:00,0.39,0.39,0.39,0.39,12599,0
2015-10-30,09:15:00,0.4,0.4,0.4,0.4,1450,0
2015-10-30,09:20:00,0.4,0.4,0.4,0.4,2496,0
2015-10-30,09:30:00,0.39,0.39,0.39,0.39,4853,0
2015-10-30,09:35:00,0.39,0.39,0.39,0.39,5065,0
2015-10-30,09:40:00,0.4,0.4,0.4,0.4,1,0
2015-10-30,10:35:00,0.39,0.39,0.39,0.39,8500,0
2015-10-30,10:40:00,0.39,0.39,0.39,0.39,500,0
2015-10-30,10:45:00,0.39,0.39,0.39,0.39,13000,0
2015-10-30,10:55:00,0.39,0.39,0.39,0.39,950,0
2015-10-30,11:05:00,0.39,0.39,0.39,0.39,9103,0
2015-10-30,11:15:00,0.39,0.39,0.39,0.39,2947,0
2015-10-30,11:20:00,0.39,0.39,0.39,0.39,2000,0
2015-10-30,11:30:00,0.38,0.38,0.38,0.38,1000,0
2015-10-30,11:35:00,0.39,0.39,0.39,0.39,4203,0
2015-10-30,11:40:00,0.39,0.39,0.39,0.39,2300,0
2015-10-30,12:05:00,0.39,0.4,0.39,0.4,5000,0
2015-10-30,12:15:00,0.4,0.4,0.4,0.4,300,0
2015-10-30,12:20:00,0.4,0.4,0.4,0.4,1500,0
2015-10-30,12:25:00,0.4,0.4,0.4,0.4,1000,0
2015-10-30,12:35:00,0.39,0.39,0.39,0.39,20000,0
2015-10-30,12:40:00,0.39,0.39,0.39,0.39,1000,0
2015-10-30,12:50:00,0.4,0.4,0.4,0.4,220,0
2015-10-30,13:20:00,0.4,0.4,0.4,0.4,6720,0
2015-10-30,13:40:00,0.4,0.4,0.4,0.4,320,0
2015-10-30,15:35:00,0.4,0.4,0.4,0.4,3639,0
2015-10-30,15:45:00,0.39,0.39,0.39,0.39,2500,0
2015-10-30,15:50:00,0.39,0.39,0.39,0.39,1250,0
2015-10-30,16:25:00,0.39,0.39,0.39,0.39,9000,0
2015-10-30,16:50:00,0.39,0.39,0.39,0.39,11420,0
2015-11-02,09:05:00,0.4,0.4,0.4,0.4,5010,0
2015-11-02,09:10:00,0.4,0.41,0.4,0.41,48571,0
2015-11-02,09:15:00,0.42,0.42,0.41,0.41,13210,0
2015-11-02,09:35:00,0.41,0.42,0.41,0.42,45396,0
2015-11-02,09:40:00,0.42,0.42,0.41,0.41,9500,0
2015-11-02,09:45:00,0.41,0.41,0.41,0.41,2200,0
2015-11-02,09:55:00,0.41,0.41,0.41,0.41,8249,0
2015-11-02,10:00:00,0.42,0.42,0.42,0.42,25466,0
2015-11-02,10:05:00,0.41,0.41,0.41,0.41,8744,0
2015-11-02,10:35:00,0.42,0.42,0.42,0.42,4010,0
2015-11-02,10:40:00,0.41,0.41,0.41,0.41,5595,0
2015-11-02,10:50:00,0.41,0.41,0.41,0.41,1455,0
2015-11-02,11:00:00,0.41,0.41,0.41,0.41,1545,0
2015-11-02,11:05:00,0.42,0.42,0.42,0.42,714,0
2015-11-02,11:20:00,0.42,0.42,0.42,0.42,5556,0
2015-11-02,11:30:00,0.41,0.41,0.41,0.41,2477,0
2015-11-02,11:50:00,0.41,0.41,0.41,0.41,2750,0
2015-11-02,12:15:00,0.41,0.41,0.41,0.41,2423,0
2015-11-02,12:20:00,0.42,0.42,0.42,0.42,10,0
2015-11-02,13:00:00,0.41,0.41,0.41,0.41,4100,0
2015-11-02,13:05:00,0.42,0.42,0.42,0.42,10,0
2015-11-02,13:45:00,0.41,0.41,0.41,0.41,2000,0
2015-11-02,13:50:00,0.42,0.42,0.42,0.42,13800,0
2015-11-02,15:10:00,0.42,0.42,0.42,0.42,13044,0
2015-11-02,15:40:00,0.42,0.42,0.42,0.42,4500,0
2015-11-02,15:45:00,0.41,0.41,0.41,0.41,12000,0
2015-11-02,16:45:00,0.42,0.42,0.42,0.42,10,0
2015-11-02,16:50:00,0.42,0.42,0.42,0.42,19351,0
2015-11-03,09:05:00,0.42,0.42,0.42,0.42,1000,0
2015-11-03,09:15:00,0.41,0.42,0.41,0.42,20010,0
2015-11-03,09:20:00,0.41,0.41,0.41,0.41,4000,0
2015-11-03,09:25:00,0.42,0.42,0.42,0.42,12,0
2015-11-03,09:35:00,0.41,0.41,0.41,0.41,2915,0
2015-11-03,09:40:00,0.4,0.42,0.4,0.42,10893,0
2015-11-03,10:25:00,0.42,0.42,0.42,0.42,1000,0
2015-11-03,10:35:00,0.4,0.4,0.4,0.4,3005,0
2015-11-03,10:40:00,0.4,0.41,0.39,0.41,50002,0
2015-11-03,10:45:00,0.39,0.39,0.39,0.39,4290,0
2015-11-03,10:50:00,0.41,0.41,0.41,0.41,10,0
2015-11-03,10:55:00,0.4,0.4,0.4,0.4,1665,0
2015-11-03,11:00:00,0.4,0.4,0.4,0.4,7825,0
2015-11-03,11:25:00,0.4,0.4,0.4,0.4,5000,0
2015-11-03,12:15:00,0.4,0.4,0.4,0.4,10,0
2015-11-03,13:25:00,0.39,0.4,0.39,0.4,5335,0
2015-11-03,14:20:00,0.39,0.39,0.39,0.39,45438,0
2015-11-03,14:25:00,0.39,0.39,0.39,0.39,9717,0
2015-11-03,14:30:00,0.39,0.39,0.39,0.39,4760,0
2015-11-03,15:15:00,0.39,0.39,0.39,0.39,9591,0
2015-11-03,15:30:00,0.4,0.4,0.4,0.4,10,0
2015-11-03,16:15:00,0.39,0.39,0.39,0.39,4000,0
2015-11-03,16:20:00,0.4,0.4,0.4,0.4,1,0
2015-11-03,16:35:00,0.39,0.39,0.39,0.39,1327,0
2015-11-03,16:50:00,0.39,0.4,0.39,0.4,7161,0
2015-11-04,09:05:00,0.39,0.39,0.39,0.39,4500,0
2015-11-04,09:10:00,0.39,0.39,0.39,0.39,3462,0
2015-11-04,09:15:00,0.39,0.39,0.39,0.39,3038,0
2015-11-04,09:20:00,0.4,0.4,0.4,0.4,500,0
2015-11-04,09:25:00,0.4,0.4,0.39,0.39,2200,0
2015-11-04,09:30:00,0.39,0.39,0.39,0.39,222,0
2015-11-04,09:45:00,0.39,0.39,0.39,0.39,10,0
2015-11-04,09:50:00,0.38,0.39,0.38,0.39,6010,0
2015-11-04,09:55:00,0.38,0.38,0.38,0.38,19147,0
2015-11-04,10:00:00,0.38,0.38,0.38,0.38,7000,0
2015-11-04,10:10:00,0.38,0.38,0.38,0.38,1800,0
2015-11-04,10:25:00,0.38,0.38,0.38,0.38,7113,0
2015-11-04,10:30:00,0.39,0.39,0.39,0.39,10,0
2015-11-04,11:35:00,0.38,0.38,0.38,0.38,16824,0
2015-11-04,12:00:00,0.38,0.38,0.38,0.38,61334,0
2015-11-04,12:05:00,0.38,0.38,0.38,0.38,1500,0
2015-11-04,12:20:00,0.37,0.37,0.37,0.37,2259,0
2015-11-04,12:30:00,0.38,0.38,0.38,0.38,3000,0
2015-11-04,12:35:00,0.38,0.38,0.38,0.38,2000,0
2015-11-04,12:45:00,0.38,0.38,0.38,0.38,48,0
2015-11-04,12:50:00,0.38,0.38,0.37,0.37,20000,0
2015-11-04,13:10:00,0.38,0.38,0.38,0.38,8000,0
2015-11-04,13:25:00,0.37,0.37,0.37,0.37,36296,0
2015-11-04,13:35:00,0.37,0.37,0.37,0.37,48500,0
2015-11-04,13:45:00,0.37,0.37,0.37,0.37,27200,0
2015-11-04,13:50:00,0.37,0.37,0.37,0.37,4000,0
2015-11-04,14:00:00,0.37,0.37,0.37,0.37,11500,0
2015-11-04,14:05:00,0.38,0.38,0.38,0.38,150,0
2015-11-04,14:15:00,0.38,0.38,0.38,0.38,9492,0
2015-11-04,15:10:00,0.38,0.39,0.38,0.39,701,0
2015-11-04,15:20:00,0.38,0.4,0.38,0.4,62540,0
2015-11-04,15:25:00,0.4,0.4,0.4,0.4,9545,0
2015-11-04,15:30:00,0.4,0.4,0.4,0.4,1455,0
2015-11-04,15:35:00,0.41,0.41,0.41,0.41,1545,0
2015-11-04,15:50:00,0.4,0.41,0.4,0.41,10000,0
2015-11-04,16:10:00,0.41,0.41,0.41,0.41,7986,0
2015-11-04,16:15:00,0.41,0.41,0.41,0.41,3000,0
2015-11-04,16:20:00,0.4,0.4,0.4,0.4,3000,0
2015-11-04,16:30:00,0.4,0.4,0.4,0.4,26966,0
2015-11-04,16:35:00,0.4,0.4,0.4,0.4,1534,0
2015-11-04,16:40:00,0.4,0.4,0.4,0.4,10,0
2015-11-04,16:45:00,0.39,0.4,0.39,0.4,7555,0
2015-11-04,16:50:00,0.39,0.39,0.39,0.39,6455,0
2015-11-05,09:05:00,0.4,0.4,0.4,0.4,1200,0
2015-11-05,09:45:00,0.4,0.4,0.4,0.4,340,0
2015-11-05,09:50:00,0.4,0.4,0.4,0.4,10,0
2015-11-05,10:15:00,0.39,0.39,0.39,0.39,200,0
2015-11-05,10:25:00,0.4,0.4,0.4,0.4,20,0
2015-11-05,10:40:00,0.38,0.38,0.38,0.38,500,0
2015-11-05,10:55:00,0.39,0.39,0.39,0.39,10326,0
2015-11-05,11:00:00,0.39,0.39,0.39,0.39,1700,0
2015-11-05,11:05:00,0.39,0.39,0.39,0.39,4480,0
2015-11-05,12:25:00,0.4,0.4,0.4,0.4,2000,0
2015-11-05,13:45:00,0.39,0.39,0.39,0.39,300,0
2015-11-05,14:15:00,0.39,0.39,0.39,0.39,13044,0
2015-11-05,14:40:00,0.39,0.39,0.39,0.39,22000,0
2015-11-05,15:25:00,0.39,0.39,0.39,0.39,15152,0
2015-11-05,16:00:00,0.39,0.39,0.39,0.39,9234,0
2015-11-05,16:50:00,0.39,0.39,0.39,0.39,20,0
2015-11-06,09:05:00,0.39,0.39,0.38,0.38,32760,0
2015-11-06,09:25:00,0.39,0.39,0.39,0.39,10300,0
2015-11-06,09:55:00,0.39,0.39,0.39,0.39,2560,0
2015-11-06,11:10:00,0.38,0.38,0.38,0.38,10000,0
2015-11-06,12:30:00,0.38,0.38,0.38,0.38,17500,0
2015-11-06,12:35:00,0.38,0.38,0.38,0.38,1144,0
2015-11-06,12:40:00,0.38,0.38,0.38,0.38,4648,0
2015-11-06,12:45:00,0.38,0.38,0.38,0.38,100,0
2015-11-06,13:15:00,0.39,0.39,0.39,0.39,2000,0
2015-11-06,15:50:00,0.38,0.38,0.38,0.38,1450,0
2015-11-06,16:05:00,0.38,0.38,0.38,0.38,12874,0
2015-11-06,16:35:00,0.38,0.38,0.38,0.38,1881,0
2015-11-06,16:50:00,0.38,0.38,0.38,0.38,4180,0
2015-11-09,09:05:00,0.39,0.39,0.39,0.39,1300,0
2015-11-09,09:10:00,0.38,0.38,0.38,0.38,12983,0
2015-11-09,09:15:00,0.37,0.37,0.37,0.37,39048,0
2015-11-09,09:20:00,0.37,0.37,0.37,0.37,952,0
2015-11-09,09:25:00,0.37,0.37,0.37,0.37,17787,0
2015-11-09,09:35:00,0.37,0.37,0.37,0.37,5239,0
2015-11-09,09:40:00,0.37,0.37,0.37,0.37,1761,0
2015-11-09,09:45:00,0.37,0.38,0.37,0.37,1371,0
2015-11-09,09:50:00,0.37,0.37,0.36,0.36,22078,0
2015-11-09,10:50:00,0.36,0.36,0.36,0.36,242,0
2015-11-09,11:00:00,0.36,0.36,0.36,0.36,31552,0
2015-11-09,11:05:00,0.37,0.37,0.37,0.37,3000,0
2015-11-09,11:25:00,0.36,0.36,0.36,0.36,2350,0
2015-11-09,11:30:00,0.36,0.36,0.36,0.36,6935,0
2015-11-09,11:45:00,0.36,0.36,0.36,0.36,10,0
2015-11-09,12:05:00,0.36,0.36,0.36,0.36,1375,0
2015-11-09,12:20:00,0.36,0.36,0.36,0.36,2500,0
2015-11-09,13:20:00,0.36,0.36,0.36,0.36,7000,0
2015-11-09,13:30:00,0.36,0.36,0.36,0.36,28514,0
2015-11-09,13:55:00,0.36,0.36,0.36,0.36,5000,0
2015-11-09,14:05:00,0.36,0.36,0.36,0.36,4500,0
2015-11-09,14:15:00,0.36,0.36,0.36,0.36,2327,0
2015-11-09,14:35:00,0.36,0.36,0.36,0.36,339,0
2015-11-09,15:40:00,0.36,0.37,0.36,0.37,10767,0
2015-11-09,16:20:00,0.37,0.37,0.37,0.37,910,0
2015-11-09,16:40:00,0.36,0.36,0.36,0.36,3292,0
2015-11-09,16:50:00,0.36,0.36,0.36,0.36,1050,0
2015-11-10,09:05:00,0.37,0.37,0.37,0.37,16250,0
2015-11-10,09:25:00,0.37,0.37,0.37,0.37,5,0
2015-11-10,09:50:00,0.36,0.36,0.36,0.36,8394,0
2015-11-10,10:00:00,0.36,0.36,0.36,0.36,8500,0
2015-11-10,10:10:00,0.36,0.36,0.36,0.36,20500,0
2015-11-10,10:20:00,0.36,0.36,0.36,0.36,6819,0
2015-11-10,10:25:00,0.35,0.35,0.35,0.35,17741,0
2015-11-10,10:30:00,0.35,0.35,0.35,0.35,1506,0
2015-11-10,11:15:00,0.35,0.35,0.35,0.35,41688,0
2015-11-10,11:20:00,0.35,0.35,0.35,0.35,10000,0
2015-11-10,12:00:00,0.35,0.35,0.35,0.35,1270,0
2015-11-10,12:05:00,0.34,0.34,0.34,0.34,900,0
2015-11-10,12:10:00,0.34,0.34,0.34,0.34,6839,0
2015-11-10,12:15:00,0.34,0.34,0.34,0.34,3721,0
2015-11-10,12:20:00,0.34,0.34,0.34,0.34,1150,0
2015-11-10,12:30:00,0.33,0.33,0.32,0.32,9015,0
2015-11-10,12:35:00,0.32,0.32,0.32,0.32,6000,0
2015-11-10,12:40:00,0.33,0.34,0.33,0.33,3630,0
2015-11-10,12:45:00,0.32,0.32,0.32,0.32,5675,0
2015-11-10,12:50:00,0.32,0.32,0.32,0.32,9950,0
2015-11-10,12:55:00,0.32,0.32,0.32,0.32,7993,0
2015-11-10,13:35:00,0.33,0.33,0.33,0.33,3200,0
2015-11-10,13:40:00,0.33,0.33,0.33,0.33,300,0
2015-11-10,14:10:00,0.32,0.32,0.32,0.32,708,0
2015-11-10,14:15:00,0.32,0.32,0.32,0.32,4900,0
2015-11-10,14:20:00,0.32,0.32,0.32,0.32,952,0
2015-11-10,14:25:00,0.33,0.33,0.33,0.33,3035,0
2015-11-10,14:35:00,0.32,0.32,0.32,0.32,950,0
2015-11-10,15:00:00,0.33,0.33,0.33,0.33,6036,0
2015-11-10,15:05:00,0.33,0.33,0.33,0.33,500,0
2015-11-10,15:10:00,0.33,0.33,0.33,0.33,2500,0
2015-11-10,15:15:00,0.32,0.32,0.32,0.32,3146,0
2015-11-10,15:20:00,0.33,0.33,0.33,0.33,1,0
2015-11-10,15:40:00,0.33,0.33,0.33,0.33,6000,0
2015-11-10,15:50:00,0.33,0.33,0.33,0.33,1500,0
2015-11-10,16:00:00,0.33,0.33,0.33,0.33,2080,0
2015-11-10,16:15:00,0.33,0.33,0.33,0.33,20,0
2015-11-10,16:20:00,0.33,0.33,0.32,0.32,588,0
2015-11-10,16:30:00,0.32,0.32,0.32,0.32,4601,0
2015-11-10,16:35:00,0.32,0.33,0.32,0.33,2000,0
2015-11-10,16:45:00,0.33,0.33,0.33,0.33,10750,0
2015-11-10,16:50:00,0.33,0.34,0.33,0.34,17633,0
2015-11-12,09:05:00,0.35,0.35,0.35,0.35,10000,0
2015-11-12,09:20:00,0.34,0.34,0.34,0.34,669,0
2015-11-12,09:30:00,0.33,0.34,0.33,0.34,3125,0
2015-11-12,10:05:00,0.33,0.33,0.33,0.33,8889,0
2015-11-12,10:20:00,0.32,0.32,0.32,0.32,18730,0
2015-11-12,10:25:00,0.32,0.32,0.32,0.32,13678,0
2015-11-12,10:55:00,0.32,0.32,0.32,0.32,21755,0
2015-11-12,11:00:00,0.32,0.32,0.32,0.32,3747,0
2015-11-12,11:35:00,0.32,0.32,0.32,0.32,100,0
2015-11-12,11:45:00,0.31,0.31,0.31,0.31,1410,0
2015-11-12,11:55:00,0.31,0.31,0.31,0.31,10000,0
2015-11-12,12:10:00,0.31,0.31,0.31,0.31,9000,0
2015-11-12,12:15:00,0.31,0.31,0.31,0.31,9733,0
2015-11-12,12:20:00,0.31,0.31,0.31,0.31,24551,0
2015-11-12,12:25:00,0.3,0.3,0.3,0.3,350,0
2015-11-12,12:35:00,0.32,0.32,0.32,0.32,50,0
2015-11-12,12:45:00,0.31,0.31,0.31,0.31,10000,0
2015-11-12,12:50:00,0.31,0.31,0.31,0.31,8339,0
2015-11-12,12:55:00,0.31,0.31,0.31,0.31,150,0
2015-11-12,13:10:00,0.31,0.31,0.31,0.31,1500,0
2015-11-12,13:30:00,0.31,0.31,0.31,0.31,2000,0
2015-11-12,13:50:00,0.31,0.31,0.31,0.31,400,0
2015-11-12,13:55:00,0.3,0.3,0.3,0.3,50,0
2015-11-12,14:10:00,0.3,0.3,0.3,0.3,4099,0
2015-11-12,14:15:00,0.3,0.3,0.3,0.3,1000,0
2015-11-12,15:00:00,0.31,0.31,0.31,0.31,25,0
2015-11-12,15:10:00,0.3,0.3,0.3,0.3,4500,0
2015-11-12,15:35:00,0.31,0.31,0.31,0.31,125,0
2015-11-12,15:50:00,0.31,0.32,0.31,0.32,9634,0
2015-11-12,16:05:00,0.32,0.32,0.32,0.32,4895,0
2015-11-12,16:10:00,0.32,0.35,0.32,0.35,176221,0
2015-11-12,16:15:00,0.35,0.35,0.35,0.35,38738,0
2015-11-12,16:20:00,0.35,0.35,0.35,0.35,7742,0
2015-11-12,16:25:00,0.35,0.35,0.35,0.35,11957,0
2015-11-12,16:30:00,0.35,0.35,0.35,0.35,11839,0
2015-11-12,16:40:00,0.35,0.35,0.33,0.35,46577,0
2015-11-12,16:45:00,0.35,0.35,0.35,0.35,17000,0
2015-11-12,16:50:00,0.36,0.36,0.36,0.36,24468,0
2015-11-13,09:05:00,0.36,0.38,0.36,0.38,70165,0
2015-11-13,09:10:00,0.38,0.39,0.38,0.38,37228,0
2015-11-13,09:20:00,0.37,0.37,0.37,0.37,1685,0
2015-11-13,09:25:00,0.36,0.38,0.36,0.38,1560,0
2015-11-13,09:30:00,0.36,0.38,0.36,0.38,42223,0
2015-11-13,09:35:00,0.38,0.39,0.38,0.38,6031,0
2015-11-13,09:40:00,0.37,0.37,0.37,0.37,4,0
2015-11-13,09:45:00,0.36,0.37,0.36,0.37,53,0
2015-11-13,09:50:00,0.37,0.38,0.36,0.38,8046,0
2015-11-13,09:55:00,0.38,0.38,0.38,0.38,11403,0
2015-11-13,10:00:00,0.38,0.38,0.38,0.38,8000,0
2015-11-13,10:05:00,0.37,0.38,0.37,0.38,20006,0
2015-11-13,10:10:00,0.38,0.38,0.38,0.38,7444,0
2015-11-13,10:15:00,0.38,0.38,0.38,0.38,1230,0
2015-11-13,10:20:00,0.38,0.38,0.38,0.38,1300,0
2015-11-13,10:45:00,0.37,0.37,0.37,0.37,5984,0
2015-11-13,10:50:00,0.37,0.37,0.37,0.37,5000,0
2015-11-13,10:55:00,0.37,0.37,0.37,0.37,1500,0
2015-11-13,11:10:00,0.38,0.38,0.37,0.37,10550,0
2015-11-13,11:15:00,0.38,0.38,0.38,0.38,5000,0
2015-11-13,11:50:00,0.38,0.38,0.38,0.38,25704,0
2015-11-13,11:55:00,0.38,0.38,0.38,0.38,28019,0
2015-11-13,12:00:00,0.39,0.39,0.39,0.39,36719,0
2015-11-13,12:15:00,0.4,0.4,0.4,0.4,10555,0
2015-11-13,12:20:00,0.38,0.4,0.38,0.4,455,0
2015-11-13,12:25:00,0.38,0.4,0.38,0.4,70,0
2015-11-13,12:30:00,0.38,0.4,0.38,0.4,85,0
2015-11-13,12:40:00,0.4,0.4,0.4,0.4,750,0
2015-11-13,13:10:00,0.38,0.39,0.38,0.38,435,0
2015-11-13,13:25:00,0.4,0.4,0.4,0.4,10,0
2015-11-13,13:30:00,0.4,0.41,0.4,0.41,65404,0
2015-11-13,13:55:00,0.4,0.4,0.4,0.4,225,0
2015-11-13,14:00:00,0.4,0.4,0.4,0.4,7121,0
2015-11-13,14:05:00,0.41,0.41,0.39,0.39,1915,0
2015-11-13,14:30:00,0.39,0.39,0.39,0.39,2000,0
2015-11-13,15:15:00,0.39,0.39,0.38,0.38,10000,0
2015-11-13,15:25:00,0.38,0.4,0.38,0.4,556,0
2015-11-13,16:30:00,0.39,0.4,0.39,0.4,12472,0
2015-11-13,16:35:00,0.4,0.4,0.4,0.4,25,0
2015-11-13,16:40:00,0.4,0.4,0.38,0.39,30687,0
2015-11-13,16:50:00,0.39,0.39,0.38,0.38,45713,0
2015-11-16,09:05:00,0.36,0.38,0.36,0.38,43245,0
2015-11-16,09:20:00,0.36,0.36,0.36,0.36,1600,0
2015-11-16,09:25:00,0.36,0.37,0.36,0.37,1401,0
2015-11-16,09:30:00,0.36,0.36,0.35,0.35,1000,0
2015-11-16,09:40:00,0.35,0.37,0.33,0.33,17759,0
2015-11-16,09:45:00,0.34,0.34,0.34,0.34,1208,0
2015-11-16,09:50:00,0.34,0.34,0.34,0.34,2000,0
2015-11-16,09:55:00,0.34,0.34,0.34,0.34,5459,0
2015-11-16,10:00:00,0.35,0.35,0.35,0.35,6,0
2015-11-16,10:30:00,0.34,0.34,0.34,0.34,9731,0
2015-11-16,10:35:00,0.34,0.34,0.34,0.34,5769,0
2015-11-16,11:05:00,0.35,0.35,0.35,0.35,3342,0
2015-11-16,11:20:00,0.35,0.36,0.34,0.34,8382,0
2015-11-16,11:25:00,0.37,0.37,0.37,0.37,1500,0
2015-11-16,11:35:00,0.35,0.35,0.35,0.35,1700,0
2015-11-16,11:40:00,0.37,0.37,0.37,0.37,55,0
2015-11-16,12:00:00,0.35,0.35,0.35,0.35,3331,0
2015-11-16,12:20:00,0.35,0.37,0.35,0.37,4069,0
2015-11-16,14:45:00,0.35,0.35,0.35,0.35,6019,0
2015-11-16,14:55:00,0.37,0.37,0.37,0.37,10,0
2015-11-16,15:20:00,0.35,0.35,0.34,0.34,43341,0
2015-11-16,15:30:00,0.34,0.37,0.34,0.37,1511,0
2015-11-16,15:35:00,0.36,0.36,0.36,0.36,50,0
2015-11-16,16:45:00,0.35,0.35,0.35,0.35,2000,0
2015-11-16,16:50:00,0.34,0.35,0.34,0.35,17361,0
2015-11-17,09:05:00,0.35,0.35,0.35,0.35,314,0
2015-11-17,09:20:00,0.34,0.34,0.34,0.34,3000,0
2015-11-17,09:30:00,0.34,0.34,0.34,0.34,2108,0
2015-11-17,09:35:00,0.35,0.35,0.35,0.35,50,0
2015-11-17,10:10:00,0.35,0.35,0.35,0.35,2400,0
2015-11-17,11:40:00,0.34,0.34,0.34,0.34,2000,0
2015-11-17,11:55:00,0.33,0.33,0.33,0.33,1000,0
2015-11-17,12:05:00,0.33,0.33,0.33,0.33,61050,0
2015-11-17,12:15:00,0.34,0.34,0.34,0.34,9000,0
2015-11-17,12:30:00,0.35,0.35,0.35,0.35,7000,0
2015-11-17,13:05:00,0.34,0.34,0.33,0.33,77000,0
2015-11-17,13:35:00,0.33,0.33,0.33,0.33,54000,0
2015-11-17,13:40:00,0.33,0.33,0.33,0.33,25000,0
2015-11-17,13:45:00,0.34,0.34,0.34,0.34,2000,0
2015-11-17,14:00:00,0.33,0.33,0.32,0.33,6580,0
2015-11-17,14:05:00,0.33,0.33,0.32,0.32,28270,0
2015-11-17,14:20:00,0.33,0.35,0.33,0.35,8726,0
2015-11-17,14:25:00,0.32,0.32,0.32,0.32,1000,0
2015-11-17,14:35:00,0.34,0.34,0.34,0.34,5,0
2015-11-17,15:55:00,0.34,0.34,0.34,0.34,9999,0
2015-11-17,16:00:00,0.34,0.34,0.34,0.34,4466,0
2015-11-17,16:05:00,0.34,0.34,0.34,0.34,2602,0
2015-11-17,16:10:00,0.34,0.35,0.34,0.35,5300,0
2015-11-17,16:25:00,0.35,0.35,0.35,0.35,2880,0
2015-11-17,16:45:00,0.34,0.34,0.34,0.34,2500,0
2015-11-17,16:50:00,0.35,0.35,0.34,0.34,8142,0
2015-11-18,09:05:00,0.32,0.32,0.32,0.32,2560,0
2015-11-18,09:20:00,0.34,0.34,0.34,0.34,16,0
2015-11-18,09:50:00,0.33,0.33,0.33,0.33,6,0
2015-11-18,12:00:00,0.32,0.32,0.31,0.31,19910,0
2015-11-18,12:10:00,0.31,0.31,0.31,0.31,40,0
2015-11-18,12:20:00,0.32,0.32,0.32,0.32,2619,0
2015-11-18,12:50:00,0.33,0.33,0.33,0.33,10,0
2015-11-18,12:55:00,0.33,0.33,0.33,0.33,90,0
2015-11-18,13:00:00,0.32,0.32,0.32,0.32,981,0
2015-11-18,13:10:00,0.32,0.32,0.32,0.32,2000,0
2015-11-18,13:25:00,0.31,0.31,0.31,0.31,17000,0
2015-11-18,13:30:00,0.31,0.31,0.31,0.31,17742,0
2015-11-18,13:40:00,0.3,0.3,0.3,0.3,75000,0
2015-11-18,13:45:00,0.3,0.31,0.3,0.3,18598,0
2015-11-18,13:50:00,0.32,0.32,0.32,0.32,100,0
2015-11-18,14:15:00,0.32,0.32,0.32,0.32,3000,0
2015-11-18,15:30:00,0.32,0.32,0.32,0.32,2450,0
2015-11-18,15:50:00,0.32,0.32,0.32,0.32,3000,0
2015-11-18,16:35:00,0.32,0.32,0.32,0.32,35475,0
2015-11-18,16:40:00,0.33,0.33,0.33,0.33,10,0
2015-11-18,16:45:00,0.33,0.33,0.33,0.33,30000,0
2015-11-18,16:50:00,0.33,0.34,0.33,0.34,8755,0
2015-11-19,09:05:00,0.34,0.34,0.34,0.34,10,0
2015-11-19,11:30:00,0.33,0.33,0.33,0.33,210,0
2015-11-19,11:55:00,0.34,0.34,0.34,0.34,5000,0
2015-11-19,13:20:00,0.33,0.33,0.33,0.33,100,0
2015-11-19,13:50:00,0.32,0.32,0.32,0.32,2100,0
2015-11-19,13:55:00,0.32,0.32,0.32,0.32,4450,0
2015-11-19,14:00:00,0.32,0.32,0.32,0.32,50,0
2015-11-19,14:05:00,0.33,0.33,0.31,0.31,106,0
2015-11-19,14:10:00,0.33,0.33,0.33,0.33,6,0
2015-11-19,14:45:00,0.32,0.32,0.32,0.32,10,0
2015-11-19,14:55:00,0.32,0.32,0.32,0.32,50,0
2015-11-19,15:55:00,0.33,0.33,0.32,0.32,50,0
2015-11-19,16:00:00,0.33,0.33,0.33,0.33,5,0
2015-11-19,16:10:00,0.33,0.33,0.33,0.33,5,0
2015-11-19,16:45:00,0.33,0.33,0.33,0.33,10,0
2015-11-19,16:50:00,0.32,0.32,0.32,0.32,33190,0
2015-11-20,09:05:00,0.32,0.32,0.3,0.3,18803,0
2015-11-20,09:15:00,0.33,0.33,0.31,0.33,1206,0
2015-11-20,09:40:00,0.32,0.32,0.32,0.32,210,0
2015-11-20,10:25:00,0.31,0.31,0.31,0.31,8101,0
2015-11-20,10:30:00,0.31,0.31,0.31,0.31,11899,0
2015-11-20,11:45:00,0.31,0.31,0.31,0.31,4520,0
2015-11-20,12:10:00,0.31,0.31,0.31,0.31,56000,0
2015-11-20,12:50:00,0.31,0.31,0.3,0.3,17229,0
2015-11-20,12:55:00,0.31,0.31,0.3,0.3,510,0
2015-11-20,13:00:00,0.3,0.3,0.3,0.3,1839,0
2015-11-20,13:05:00,0.31,0.31,0.31,0.31,2484,0
2015-11-20,13:20:00,0.31,0.31,0.31,0.31,2484,0
2015-11-20,13:25:00,0.31,0.31,0.3,0.3,10000,0
2015-11-20,14:00:00,0.31,0.31,0.31,0.31,337,0
2015-11-20,14:10:00,0.31,0.31,0.31,0.31,2000,0
2015-11-20,14:15:00,0.32,0.32,0.32,0.32,1,0
2015-11-20,15:30:00,0.32,0.32,0.32,0.32,1000,0
2015-11-20,16:10:00,0.31,0.31,0.31,0.31,1579,0
2015-11-20,16:25:00,0.32,0.32,0.32,0.32,3500,0
2015-11-20,16:35:00,0.31,0.31,0.31,0.31,5,0
2015-11-20,16:45:00,0.32,0.32,0.3,0.3,249,0
2015-11-20,16:50:00,0.31,0.31,0.3,0.3,1805,0
2015-11-23,09:05:00,0.3,0.3,0.3,0.3,4599,0
2015-11-23,09:15:00,0.3,0.3,0.28,0.3,49286,0
2015-11-23,10:10:00,0.28,0.28,0.27,0.27,58336,0
2015-11-23,10:15:00,0.28,0.28,0.28,0.28,24,0
2015-11-23,10:20:00,0.27,0.27,0.27,0.27,20000,0
2015-11-23,10:30:00,0.27,0.28,0.27,0.28,11828,0
2015-11-23,10:35:00,0.28,0.28,0.28,0.28,250,0
2015-11-23,10:40:00,0.27,0.28,0.27,0.28,35130,0
2015-11-23,10:50:00,0.27,0.28,0.27,0.28,2500,0
2015-11-23,11:00:00,0.28,0.28,0.28,0.28,500,0
2015-11-23,11:15:00,0.28,0.28,0.28,0.28,200,0
2015-11-23,11:35:00,0.28,0.28,0.28,0.28,2482,0
2015-11-23,11:40:00,0.28,0.28,0.28,0.28,5500,0
2015-11-23,12:05:00,0.28,0.28,0.28,0.28,16450,0
2015-11-23,12:10:00,0.28,0.28,0.28,0.28,10925,0
2015-11-23,12:30:00,0.29,0.29,0.28,0.28,3100,0
2015-11-23,12:50:00,0.28,0.28,0.28,0.28,4152,0
2015-11-23,12:55:00,0.28,0.28,0.28,0.28,27634,0
2015-11-23,13:30:00,0.28,0.28,0.28,0.28,10000,0
2015-11-23,14:00:00,0.28,0.28,0.28,0.28,6000,0
2015-11-23,14:05:00,0.28,0.28,0.28,0.28,1966,0
2015-11-23,14:35:00,0.28,0.28,0.28,0.28,1100,0
2015-11-23,14:45:00,0.27,0.27,0.27,0.27,2000,0
2015-11-23,14:55:00,0.28,0.28,0.28,0.28,1000,0
2015-11-23,15:00:00,0.27,0.27,0.27,0.27,9248,0
2015-11-23,15:10:00,0.27,0.28,0.27,0.28,5012,0
2015-11-23,15:15:00,0.28,0.28,0.28,0.28,37104,0
2015-11-23,15:25:00,0.27,0.28,0.27,0.28,2005,0
2015-11-23,15:35:00,0.27,0.28,0.27,0.28,12,0
2015-11-23,15:40:00,0.27,0.27,0.27,0.27,51496,0
2015-11-23,16:15:00,0.26,0.26,0.26,0.26,5111,0
2015-11-23,16:20:00,0.27,0.27,0.27,0.27,3333,0
2015-11-23,16:25:00,0.27,0.27,0.27,0.27,3551,0
2015-11-23,16:30:00,0.27,0.27,0.27,0.27,6116,0
2015-11-23,16:40:00,0.27,0.27,0.27,0.27,6800,0
2015-11-23,16:45:00,0.27,0.27,0.27,0.27,5500,0
2015-11-23,16:50:00,0.26,0.26,0.26,0.26,70722,0
2015-11-24,09:05:00,0.26,0.26,0.26,0.26,5,0
2015-11-24,09:10:00,0.25,0.25,0.25,0.25,2450,0
2015-11-24,09:15:00,0.26,0.26,0.25,0.25,4490,0
2015-11-24,09:20:00,0.25,0.25,0.25,0.25,34544,0
2015-11-24,09:25:00,0.25,0.25,0.25,0.25,5456,0
2015-11-24,09:30:00,0.25,0.25,0.25,0.25,1344,0
2015-11-24,09:35:00,0.25,0.25,0.25,0.25,800,0
2015-11-24,09:45:00,0.24,0.25,0.24,0.25,9305,0
2015-11-24,09:50:00,0.24,0.24,0.24,0.24,11403,0
2015-11-24,09:55:00,0.24,0.24,0.24,0.24,10000,0
2015-11-24,10:10:00,0.24,0.25,0.24,0.25,78162,0
2015-11-24,10:20:00,0.25,0.25,0.25,0.25,1965,0
2015-11-24,10:25:00,0.26,0.26,0.25,0.25,1211,0
2015-11-24,10:30:00,0.25,0.25,0.25,0.25,4444,0
2015-11-24,10:40:00,0.25,0.25,0.25,0.25,4800,0
2015-11-24,10:45:00,0.25,0.25,0.25,0.25,473,0
2015-11-24,10:55:00,0.25,0.25,0.25,0.25,4536,0
2015-11-24,11:10:00,0.25,0.25,0.25,0.25,1150,0
2015-11-24,11:20:00,0.25,0.26,0.25,0.26,27489,0
2015-11-24,11:40:00,0.25,0.25,0.25,0.25,6258,0
2015-11-24,11:50:00,0.26,0.26,0.26,0.26,14311,0
2015-11-24,11:55:00,0.26,0.26,0.26,0.26,11111,0
2015-11-24,12:30:00,0.26,0.26,0.26,0.26,4224,0
2015-11-24,12:40:00,0.26,0.26,0.26,0.26,9000,0
2015-11-24,12:50:00,0.26,0.26,0.26,0.26,1946,0
2015-11-24,13:00:00,0.26,0.26,0.26,0.26,53724,0
2015-11-24,13:05:00,0.26,0.26,0.26,0.26,12500,0
2015-11-24,13:10:00,0.26,0.26,0.26,0.26,4000,0
2015-11-24,13:15:00,0.26,0.26,0.26,0.26,9000,0
2015-11-24,13:30:00,0.27,0.27,0.27,0.27,59383,0
2015-11-24,13:35:00,0.27,0.28,0.27,0.28,31528,0
2015-11-24,13:40:00,0.28,0.29,0.28,0.29,123585,0
2015-11-24,14:10:00,0.3,0.32,0.3,0.32,227710,0
2015-11-24,14:15:00,0.3,0.32,0.3,0.31,26555,0
2015-11-24,16:50:00,0.32,0.32,0.32,0.32,194234,0
2015-11-25,09:05:00,0.31,0.33,0.31,0.32,62714,0
2015-11-25,09:10:00,0.31,0.33,0.31,0.33,15632,0
2015-11-25,09:15:00,0.33,0.33,0.3,0.3,7391,0
2015-11-25,09:30:00,0.31,0.31,0.31,0.31,2222,0
2015-11-25,09:35:00,0.31,0.32,0.31,0.32,2199,0
2015-11-25,09:45:00,0.31,0.31,0.31,0.31,1000,0
2015-11-25,09:50:00,0.31,0.31,0.31,0.31,618,0
2015-11-25,09:55:00,0.31,0.31,0.31,0.31,200,0
2015-11-25,10:10:00,0.3,0.3,0.3,0.3,21246,0
2015-11-25,10:20:00,0.3,0.3,0.3,0.3,6959,0
2015-11-25,10:40:00,0.3,0.3,0.3,0.3,3800,0
2015-11-25,10:50:00,0.3,0.3,0.3,0.3,1200,0
2015-11-25,10:55:00,0.3,0.3,0.3,0.3,8835,0
2015-11-25,11:00:00,0.29,0.29,0.29,0.29,4800,0
2015-11-25,11:05:00,0.29,0.29,0.29,0.29,5000,0
2015-11-25,11:15:00,0.28,0.29,0.28,0.29,2871,0
2015-11-25,11:20:00,0.29,0.29,0.29,0.29,3394,0
2015-11-25,11:40:00,0.3,0.31,0.3,0.31,13810,0
2015-11-25,11:45:00,0.3,0.31,0.3,0.31,5600,0
2015-11-25,11:50:00,0.31,0.31,0.31,0.31,14000,0
2015-11-25,11:55:00,0.31,0.31,0.31,0.31,5300,0
2015-11-25,12:15:00,0.31,0.31,0.31,0.31,5400,0
2015-11-25,12:40:00,0.31,0.31,0.29,0.29,211095,0
2015-11-25,12:45:00,0.29,0.3,0.29,0.3,23916,0
2015-11-25,13:05:00,0.29,0.3,0.29,0.3,3289,0
2015-11-25,13:15:00,0.3,0.3,0.29,0.29,19878,0
2015-11-25,13:20:00,0.3,0.3,0.3,0.3,100,0
2015-11-25,13:25:00,0.3,0.3,0.3,0.3,1943,0
2015-11-25,13:50:00,0.29,0.29,0.29,0.29,6100,0
2015-11-25,14:20:00,0.29,0.3,0.29,0.3,1711,0
2015-11-25,14:25:00,0.3,0.3,0.3,0.3,44,0
2015-11-25,14:35:00,0.3,0.3,0.3,0.3,60,0
2015-11-25,15:30:00,0.29,0.29,0.29,0.29,2000,0
2015-11-25,15:40:00,0.3,0.3,0.3,0.3,55,0
2015-11-25,15:45:00,0.28,0.28,0.28,0.28,18700,0
2015-11-25,15:50:00,0.28,0.28,0.28,0.28,6000,0
2015-11-25,15:55:00,0.29,0.29,0.29,0.29,714,0
2015-11-25,16:00:00,0.3,0.3,0.3,0.3,48888,0
2015-11-25,16:05:00,0.3,0.3,0.3,0.3,9000,0
2015-11-25,16:10:00,0.3,0.3,0.3,0.3,5,0
2015-11-25,16:40:00,0.29,0.29,0.28,0.28,15000,0
2015-11-25,16:45:00,0.28,0.29,0.28,0.28,18686,0
2015-11-25,16:50:00,0.26,0.26,0.26,0.26,152572,0
2015-11-26,09:05:00,0.26,0.26,0.26,0.26,53973,0
2015-11-26,09:10:00,0.27,0.27,0.27,0.27,24880,0
2015-11-26,09:15:00,0.27,0.28,0.27,0.28,57370,0
2015-11-26,09:20:00,0.28,0.28,0.28,0.28,37967,0
2015-11-26,09:25:00,0.28,0.28,0.27,0.27,33721,0
2015-11-26,09:30:00,0.26,0.26,0.24,0.24,93915,0
2015-11-26,09:35:00,0.26,0.26,0.26,0.26,11853,0
2015-11-26,09:40:00,0.26,0.26,0.26,0.26,10123,0
2015-11-26,09:45:00,0.26,0.27,0.26,0.27,6912,0
2015-11-26,09:50:00,0.27,0.27,0.27,0.27,2500,0
2015-11-26,09:55:00,0.26,0.26,0.25,0.26,13374,0
2015-11-26,10:00:00,0.25,0.25,0.23,0.24,119172,0
2015-11-26,10:05:00,0.23,0.23,0.23,0.23,20878,0
2015-11-26,10:10:00,0.24,0.24,0.24,0.24,50575,0
2015-11-26,10:15:00,0.24,0.24,0.23,0.24,12405,0
2015-11-26,10:20:00,0.23,0.23,0.23,0.23,20,0
2015-11-26,10:25:00,0.24,0.24,0.23,0.23,28117,0
2015-11-26,10:30:00,0.24,0.24,0.24,0.24,5832,0
2015-11-26,10:35:00,0.25,0.25,0.25,0.25,500,0
2015-11-26,10:40:00,0.25,0.25,0.25,0.25,500,0
2015-11-26,11:00:00,0.24,0.24,0.24,0.24,40886,0
2015-11-26,11:15:00,0.24,0.24,0.24,0.24,3750,0
2015-11-26,11:20:00,0.24,0.24,0.24,0.24,1001,0
2015-11-26,11:25:00,0.24,0.24,0.24,0.24,5110,0
2015-11-26,11:50:00,0.25,0.25,0.25,0.25,250,0
2015-11-26,12:00:00,0.25,0.25,0.25,0.25,16304,0
2015-11-26,12:05:00,0.25,0.25,0.25,0.25,701,0
2015-11-26,13:05:00,0.24,0.25,0.24,0.25,36355,0
2015-11-26,13:10:00,0.25,0.25,0.25,0.25,5000,0
2015-11-26,13:20:00,0.24,0.24,0.24,0.24,1000,0
2015-11-26,13:30:00,0.25,0.25,0.25,0.25,800,0
2015-11-26,13:55:00,0.25,0.25,0.25,0.25,2993,0
2015-11-26,14:05:00,0.25,0.25,0.25,0.25,1000,0
2015-11-26,14:20:00,0.24,0.24,0.24,0.24,28021,0
2015-11-26,14:25:00,0.24,0.24,0.23,0.23,90996,0
2015-11-26,15:20:00,0.24,0.24,0.24,0.24,15100,0
2015-11-26,15:25:00,0.24,0.24,0.24,0.24,27460,0
2015-11-26,15:40:00,0.24,0.24,0.24,0.24,900,0
2015-11-26,15:45:00,0.24,0.24,0.24,0.24,2700,0
2015-11-26,16:30:00,0.23,0.24,0.23,0.24,11114,0
2015-11-26,16:35:00,0.24,0.24,0.24,0.24,7956,0
2015-11-26,16:40:00,0.24,0.25,0.24,0.25,5010,0
2015-11-26,16:45:00,0.24,0.24,0.24,0.24,12440,0
2015-11-26,16:50:00,0.23,0.23,0.23,0.23,10000,0
2015-11-27,09:05:00,0.24,0.24,0.24,0.24,2073,0
2015-11-27,09:10:00,0.23,0.24,0.23,0.24,5130,0
2015-11-27,09:15:00,0.24,0.24,0.24,0.24,5000,0
2015-11-27,09:20:00,0.24,0.24,0.24,0.24,5000,0
2015-11-27,09:35:00,0.24,0.25,0.24,0.25,16962,0
2015-11-27,09:40:00,0.25,0.25,0.25,0.25,300,0
2015-11-27,09:45:00,0.24,0.24,0.24,0.24,5000,0
2015-11-27,09:50:00,0.24,0.24,0.24,0.24,5000,0
2015-11-27,09:55:00,0.24,0.24,0.24,0.24,1000,0
2015-11-27,10:00:00,0.24,0.24,0.24,0.24,5000,0
2015-11-27,10:05:00,0.23,0.23,0.23,0.23,6720,0
2015-11-27,10:50:00,0.24,0.24,0.24,0.24,18,0
2015-11-27,12:20:00,0.24,0.24,0.24,0.24,200,0
2015-11-27,12:30:00,0.24,0.24,0.24,0.24,15000,0
2015-11-27,12:35:00,0.24,0.24,0.24,0.24,19939,0
2015-11-27,12:40:00,0.25,0.25,0.25,0.25,88111,0
2015-11-27,13:10:00,0.25,0.25,0.25,0.25,120,0
2015-11-27,13:15:00,0.25,0.25,0.25,0.25,15,0
2015-11-27,14:00:00,0.25,0.25,0.24,0.24,5707,0
2015-11-27,14:15:00,0.24,0.24,0.24,0.24,11705,0
2015-11-27,14:40:00,0.24,0.24,0.24,0.24,13150,0
2015-11-27,14:45:00,0.23,0.25,0.23,0.25,1595,0
2015-11-27,14:50:00,0.23,0.25,0.23,0.23,129,0
2015-11-27,15:55:00,0.23,0.25,0.23,0.24,29685,0
2015-11-27,16:00:00,0.24,0.24,0.24,0.24,6008,0
2015-11-27,16:05:00,0.23,0.23,0.23,0.23,1000,0
2015-11-27,16:20:00,0.24,0.25,0.23,0.25,12111,0
2015-11-27,16:25:00,0.25,0.25,0.25,0.25,1000,0
2015-11-27,16:40:00,0.23,0.23,0.23,0.23,2132,0
2015-11-27,16:45:00,0.24,0.24,0.23,0.24,32024,0
2015-11-27,16:50:00,0.25,0.25,0.24,0.25,1107,0
2015-11-30,09:05:00,0.24,0.25,0.24,0.25,2311,0
2015-11-30,09:45:00,0.24,0.24,0.24,0.24,7300,0
2015-11-30,09:50:00,0.24,0.24,0.24,0.24,22000,0
2015-11-30,10:10:00,0.23,0.25,0.23,0.25,20,0
2015-11-30,10:15:00,0.24,0.24,0.24,0.24,10,0
2015-11-30,10:50:00,0.24,0.24,0.24,0.24,890,0
2015-11-30,11:00:00,0.24,0.24,0.23,0.23,40910,0
2015-11-30,11:05:00,0.24,0.24,0.24,0.24,1000,0
2015-11-30,11:10:00,0.25,0.25,0.25,0.25,10,0
2015-11-30,11:15:00,0.24,0.24,0.24,0.24,1000,0
2015-11-30,11:30:00,0.24,0.24,0.24,0.24,2000,0
2015-11-30,11:40:00,0.24,0.24,0.24,0.24,2127,0
2015-11-30,12:05:00,0.24,0.24,0.24,0.24,1000,0
2015-11-30,12:10:00,0.24,0.24,0.24,0.24,10000,0
2015-11-30,13:00:00,0.24,0.24,0.24,0.24,6000,0
2015-11-30,14:55:00,0.23,0.23,0.23,0.23,23449,0
2015-11-30,15:15:00,0.22,0.22,0.21,0.21,75000,0
2015-11-30,15:25:00,0.22,0.22,0.22,0.22,10333,0
2015-11-30,15:30:00,0.23,0.23,0.23,0.23,880,0
2015-11-30,16:20:00,0.22,0.22,0.22,0.22,7769,0
2015-11-30,16:25:00,0.23,0.23,0.23,0.23,13,0
2015-11-30,16:30:00,0.22,0.22,0.22,0.22,9444,0
2015-11-30,16:40:00,0.22,0.22,0.21,0.21,121826,0
2015-11-30,16:45:00,0.21,0.21,0.21,0.21,2500,0
2015-11-30,16:50:00,0.21,0.21,0.2,0.2,58415,0
2015-12-01,09:05:00,0.21,0.22,0.21,0.22,30393,0
2015-12-01,09:10:00,0.22,0.23,0.22,0.22,54725,0
2015-12-01,09:15:00,0.22,0.23,0.22,0.23,1100,0
2015-12-01,09:20:00,0.22,0.22,0.22,0.22,14115,0
2015-12-01,09:25:00,0.22,0.22,0.22,0.22,8834,0
2015-12-01,09:30:00,0.22,0.22,0.22,0.22,893,0
2015-12-01,09:35:00,0.22,0.22,0.22,0.22,9157,0
2015-12-01,09:40:00,0.23,0.24,0.23,0.23,107389,0
2015-12-01,09:45:00,0.23,0.23,0.23,0.23,13000,0
2015-12-01,09:50:00,0.23,0.23,0.23,0.23,9220,0
2015-12-01,10:00:00,0.22,0.23,0.22,0.23,21035,0
2015-12-01,10:05:00,0.23,0.24,0.23,0.24,185065,0
2015-12-01,10:40:00,0.24,0.24,0.24,0.24,43767,0
2015-12-01,10:45:00,0.24,0.24,0.24,0.24,1000,0
2015-12-01,10:50:00,0.23,0.23,0.23,0.23,7028,0
2015-12-01,10:55:00,0.23,0.24,0.23,0.24,18400,0
2015-12-01,11:00:00,0.24,0.24,0.24,0.24,39600,0
2015-12-01,11:05:00,0.24,0.24,0.23,0.23,33401,0
2015-12-01,11:10:00,0.23,0.24,0.23,0.24,200,0
2015-12-01,11:20:00,0.23,0.23,0.23,0.23,11760,0
2015-12-01,11:30:00,0.23,0.23,0.23,0.23,5269,0
2015-12-01,11:40:00,0.23,0.23,0.23,0.23,26024,0
2015-12-01,12:05:00,0.22,0.22,0.22,0.22,101473,0
2015-12-01,12:15:00,0.22,0.22,0.22,0.22,3000,0
2015-12-01,12:20:00,0.22,0.22,0.22,0.22,12459,0
2015-12-01,12:30:00,0.21,0.21,0.21,0.21,100,0
2015-12-01,12:35:00,0.22,0.22,0.22,0.22,50,0
2015-12-01,12:45:00,0.22,0.22,0.22,0.22,2000,0
2015-12-01,12:55:00,0.22,0.22,0.22,0.22,3333,0
2015-12-01,13:00:00,0.22,0.22,0.22,0.22,5000,0
2015-12-01,13:20:00,0.21,0.21,0.21,0.21,80000,0
2015-12-01,13:25:00,0.21,0.21,0.21,0.21,7460,0
2015-12-01,13:40:00,0.21,0.21,0.21,0.21,22813,0
2015-12-01,13:45:00,0.22,0.22,0.21,0.21,10014,0
2015-12-01,13:50:00,0.21,0.21,0.21,0.21,18822,0
2015-12-01,14:05:00,0.22,0.22,0.22,0.22,9,0
2015-12-01,14:20:00,0.22,0.22,0.22,0.22,200,0
2015-12-01,15:45:00,0.22,0.22,0.22,0.22,100,0
2015-12-01,16:00:00,0.22,0.22,0.22,0.22,68,0
2015-12-01,16:10:00,0.22,0.22,0.22,0.22,100,0
2015-12-01,16:15:00,0.22,0.22,0.22,0.22,13853,0
2015-12-01,16:35:00,0.22,0.22,0.22,0.22,19049,0
2015-12-01,16:40:00,0.21,0.22,0.21,0.22,106376,0
2015-12-01,16:45:00,0.21,0.21,0.21,0.21,31059,0
2015-12-01,16:50:00,0.21,0.22,0.21,0.22,505,0
2015-12-02,09:05:00,0.21,0.21,0.21,0.21,5000,0
2015-12-02,09:25:00,0.21,0.21,0.21,0.21,6666,0
2015-12-02,09:30:00,0.21,0.21,0.2,0.2,78550,0
2015-12-02,09:35:00,0.2,0.2,0.2,0.2,5920,0
2015-12-02,09:40:00,0.21,0.21,0.21,0.21,17573,0
2015-12-02,09:50:00,0.21,0.21,0.21,0.21,4372,0
2015-12-02,09:55:00,0.21,0.21,0.21,0.21,49,0
2015-12-02,10:00:00,0.2,0.2,0.2,0.2,2951,0
2015-12-02,10:25:00,0.21,0.21,0.21,0.21,1000,0
2015-12-02,10:30:00,0.2,0.2,0.2,0.2,320,0
2015-12-02,10:40:00,0.21,0.21,0.21,0.21,11000,0
2015-12-02,10:50:00,0.21,0.21,0.21,0.21,5000,0
2015-12-02,11:05:00,0.21,0.21,0.2,0.2,270812,0
2015-12-02,11:15:00,0.21,0.21,0.21,0.21,2250,0
2015-12-02,11:25:00,0.2,0.2,0.2,0.2,8000,0
2015-12-02,11:45:00,0.21,0.21,0.21,0.21,8,0
2015-12-02,12:00:00,0.2,0.2,0.2,0.2,38808,0
2015-12-02,12:10:00,0.21,0.21,0.21,0.21,17,0
2015-12-02,12:35:00,0.2,0.2,0.2,0.2,20000,0
2015-12-02,13:00:00,0.2,0.2,0.2,0.2,10000,0
2015-12-02,13:05:00,0.2,0.2,0.2,0.2,50853,0
2015-12-02,13:30:00,0.2,0.2,0.2,0.2,10000,0
2015-12-02,13:50:00,0.2,0.2,0.2,0.2,24249,0
2015-12-02,13:55:00,0.2,0.2,0.2,0.2,16020,0
2015-12-02,14:10:00,0.2,0.2,0.2,0.2,9363,0
2015-12-02,14:30:00,0.2,0.2,0.2,0.2,11628,0
2015-12-02,15:10:00,0.19,0.19,0.19,0.19,27,0
2015-12-02,15:15:00,0.19,0.19,0.19,0.19,30,0
2015-12-02,15:20:00,0.2,0.2,0.2,0.2,500,0
2015-12-02,15:30:00,0.2,0.2,0.19,0.19,2530,0
2015-12-02,16:15:00,0.2,0.2,0.2,0.2,850,0
2015-12-02,16:20:00,0.19,0.19,0.19,0.19,2450,0
2015-12-02,16:25:00,0.2,0.2,0.2,0.2,10522,0
2015-12-02,16:30:00,0.2,0.21,0.19,0.21,88179,0
2015-12-02,16:35:00,0.2,0.2,0.2,0.2,52520,0
2015-12-02,16:50:00,0.21,0.21,0.2,0.2,4404,0
2015-12-03,09:05:00,0.2,0.21,0.2,0.21,30233,0
2015-12-03,09:10:00,0.2,0.21,0.2,0.21,40,0
2015-12-03,09:25:00,0.2,0.21,0.2,0.21,1016,0
2015-12-03,09:30:00,0.21,0.21,0.2,0.21,14139,0
2015-12-03,09:35:00,0.2,0.2,0.2,0.2,13,0
2015-12-03,09:40:00,0.21,0.21,0.21,0.21,11,0
2015-12-03,10:00:00,0.2,0.2,0.2,0.2,3862,0
2015-12-03,10:15:00,0.21,0.21,0.21,0.21,7,0
2015-12-03,10:25:00,0.21,0.21,0.21,0.21,800,0
2015-12-03,10:30:00,0.2,0.2,0.2,0.2,20,0
2015-12-03,10:40:00,0.21,0.21,0.21,0.21,15,0
2015-12-03,10:50:00,0.2,0.2,0.2,0.2,14697,0
2015-12-03,10:55:00,0.2,0.2,0.19,0.2,5318,0
2015-12-03,11:00:00,0.21,0.21,0.21,0.21,1,0
2015-12-03,11:15:00,0.19,0.19,0.19,0.19,15,0
2015-12-03,12:30:00,0.2,0.2,0.2,0.2,5116,0
2015-12-03,12:35:00,0.2,0.2,0.2,0.2,6871,0
2015-12-03,12:40:00,0.2,0.2,0.2,0.2,3000,0
2015-12-03,12:45:00,0.2,0.2,0.2,0.2,7235,0
2015-12-03,12:50:00,0.21,0.21,0.21,0.21,6525,0
2015-12-03,13:05:00,0.2,0.2,0.2,0.2,49513,0
2015-12-03,13:15:00,0.21,0.21,0.21,0.21,15,0
2015-12-03,13:20:00,0.2,0.2,0.2,0.2,18436,0
2015-12-03,13:40:00,0.2,0.2,0.2,0.2,7103,0
2015-12-03,14:15:00,0.2,0.2,0.2,0.2,2897,0
2015-12-03,14:20:00,0.2,0.2,0.2,0.2,436,0
2015-12-03,15:05:00,0.2,0.2,0.2,0.2,6000,0
2015-12-03,15:15:00,0.2,0.2,0.2,0.2,1000,0
2015-12-03,15:20:00,0.19,0.19,0.19,0.19,10,0
2015-12-03,15:25:00,0.2,0.2,0.2,0.2,2000,0
2015-12-03,15:35:00,0.2,0.2,0.2,0.2,1200,0
2015-12-03,16:00:00,0.2,0.2,0.2,0.2,1200,0
2015-12-03,16:50:00,0.2,0.21,0.2,0.21,45731,0
2015-12-04,09:05:00,0.21,0.21,0.21,0.21,1000,0
2015-12-04,09:50:00,0.2,0.2,0.2,0.2,1470,0
2015-12-04,10:15:00,0.21,0.21,0.21,0.21,11,0
2015-12-04,10:50:00,0.2,0.2,0.2,0.2,3333,0
2015-12-04,11:00:00,0.2,0.2,0.2,0.2,4650,0
2015-12-04,11:30:00,0.2,0.2,0.2,0.2,15000,0
2015-12-04,11:35:00,0.2,0.2,0.2,0.2,13587,0
2015-12-04,11:40:00,0.21,0.21,0.2,0.2,1757,0
2015-12-04,12:40:00,0.2,0.2,0.2,0.2,5000,0
2015-12-04,12:45:00,0.2,0.2,0.2,0.2,539,0
2015-12-04,12:50:00,0.2,0.2,0.19,0.19,5339,0
2015-12-04,12:55:00,0.19,0.2,0.19,0.2,600,0
2015-12-04,13:30:00,0.2,0.2,0.2,0.2,7200,0
2015-12-04,13:45:00,0.19,0.19,0.18,0.18,59991,0
2015-12-04,13:50:00,0.19,0.19,0.19,0.19,9617,0
2015-12-04,14:05:00,0.19,0.19,0.19,0.19,5204,0
2015-12-04,14:10:00,0.19,0.19,0.19,0.19,5179,0
2015-12-04,14:15:00,0.19,0.19,0.19,0.19,3321,0
2015-12-04,14:25:00,0.19,0.2,0.19,0.2,9283,0
2015-12-04,14:45:00,0.2,0.2,0.2,0.2,24000,0
2015-12-04,14:50:00,0.2,0.2,0.2,0.2,600,0
2015-12-04,15:20:00,0.2,0.2,0.2,0.2,5000,0
2015-12-04,15:45:00,0.2,0.2,0.2,0.2,5000,0
2015-12-04,15:50:00,0.2,0.2,0.2,0.2,4000,0
2015-12-04,16:05:00,0.2,0.2,0.2,0.2,1000,0
2015-12-04,16:40:00,0.19,0.19,0.19,0.19,13500,0
2015-12-04,16:45:00,0.2,0.2,0.2,0.2,100,0
