2016-04-21,09:05:00,3.21,3.29,3.21,3.24,93120,0
2016-04-21,09:10:00,3.25,3.32,3.25,3.32,32361,0
2016-04-21,09:15:00,3.32,3.36,3.32,3.34,67492,0
2016-04-21,09:20:00,3.34,3.35,3.32,3.35,9381,0
2016-04-21,09:25:00,3.33,3.33,3.32,3.33,70402,0
2016-04-21,09:30:00,3.34,3.39,3.34,3.39,57686,0
2016-04-21,09:35:00,3.39,3.4,3.28,3.3,47460,0
2016-04-21,09:40:00,3.3,3.35,3.11,3.26,115284,0
2016-04-21,09:45:00,3.25,3.29,3.25,3.26,23171,0
2016-04-21,09:50:00,3.29,3.29,3.17,3.17,39927,0
2016-04-21,09:55:00,3.2,3.25,3.16,3.18,47790,0
2016-04-21,10:00:00,3.18,3.18,2.98,3,100461,0
2016-04-21,10:05:00,3.04,3.19,3.02,3.16,54309,0
2016-04-21,10:10:00,3.18,3.18,3.11,3.15,2580,0
2016-04-21,10:15:00,3.12,3.12,3.11,3.11,340,0
2016-04-21,10:20:00,3.13,3.13,3.06,3.06,18445,0
2016-04-21,10:25:00,3.1,3.14,3.1,3.12,34947,0
2016-04-21,10:30:00,3.12,3.14,3.1,3.14,29030,0
2016-04-21,10:35:00,3.14,3.16,3.14,3.15,35048,0
2016-04-21,10:40:00,3.17,3.18,3.15,3.18,31891,0
2016-04-21,10:45:00,3.18,3.19,3.17,3.17,14363,0
2016-04-21,10:50:00,3.19,3.2,3.19,3.2,6559,0
2016-04-21,10:55:00,3.2,3.2,3.18,3.18,8650,0
2016-04-21,11:00:00,3.19,3.21,3.19,3.21,20561,0
2016-04-21,11:05:00,3.21,3.23,3.2,3.22,27851,0
2016-04-21,11:10:00,3.22,3.22,3.21,3.22,10045,0
2016-04-21,11:15:00,3.21,3.21,3.21,3.21,6470,0
2016-04-21,11:20:00,3.21,3.22,3.21,3.21,8284,0
2016-04-21,11:25:00,3.21,3.23,3.21,3.23,8080,0
2016-04-21,11:30:00,3.23,3.24,3.22,3.24,18799,0
2016-04-21,11:35:00,3.24,3.26,3.24,3.26,20410,0
2016-04-21,11:40:00,3.26,3.26,3.25,3.25,3705,0
2016-04-21,11:45:00,3.26,3.28,3.25,3.28,13053,0
2016-04-21,11:50:00,3.27,3.27,3.25,3.27,6888,0
2016-04-21,11:55:00,3.26,3.28,3.26,3.27,20647,0
2016-04-21,12:00:00,3.27,3.27,3.27,3.27,22788,0
2016-04-21,12:05:00,3.28,3.28,3.28,3.28,3048,0
2016-04-21,12:10:00,3.27,3.27,3.27,3.27,9387,0
2016-04-21,12:15:00,3.27,3.27,3.27,3.27,3848,0
2016-04-21,12:20:00,3.27,3.27,3.26,3.26,16857,0
2016-04-21,12:25:00,3.26,3.27,3.26,3.26,24695,0
2016-04-21,12:30:00,3.27,3.29,3.27,3.29,29603,0
2016-04-21,12:35:00,3.29,3.29,3.26,3.26,37986,0
2016-04-21,12:40:00,3.25,3.25,3.13,3.19,16091,0
2016-04-21,12:45:00,3.23,3.23,3.23,3.23,143,0
2016-04-21,12:50:00,3.18,3.19,3.1,3.1,18957,0
2016-04-21,12:55:00,3.1,3.12,3.1,3.1,13243,0
2016-04-21,13:00:00,3.07,3.09,3.03,3.09,23300,0
2016-04-21,13:05:00,3.14,3.15,3.09,3.09,6520,0
2016-04-21,13:10:00,3.09,3.1,3.08,3.1,623,0
2016-04-21,13:15:00,3.1,3.11,3.1,3.11,2500,0
2016-04-21,13:20:00,3.08,3.11,3.08,3.11,3105,0
2016-04-21,13:30:00,3.11,3.11,3.11,3.11,3673,0
2016-04-21,13:40:00,3.12,3.12,3.12,3.12,350,0
2016-04-21,13:45:00,3.12,3.12,3.11,3.12,1143,0
2016-04-21,13:50:00,3.12,3.13,3.12,3.13,3157,0
2016-04-21,13:55:00,3.13,3.15,3.13,3.15,9050,0
2016-04-21,14:00:00,3.16,3.16,3.16,3.16,3200,0
2016-04-21,14:05:00,3.15,3.15,3.15,3.15,57,0
2016-04-21,14:10:00,3.15,3.15,3.12,3.12,6400,0
2016-04-21,14:20:00,3.17,3.17,3.12,3.12,1971,0
2016-04-21,14:35:00,3.12,3.16,3.12,3.16,6440,0
2016-04-21,14:40:00,3.16,3.16,3.16,3.16,375,0
2016-04-21,14:55:00,3.13,3.13,3.13,3.13,250,0
2016-04-21,15:00:00,3.13,3.13,3.13,3.13,6950,0
2016-04-21,15:05:00,3.13,3.13,3.13,3.13,300,0
2016-04-21,15:15:00,3.13,3.13,3.12,3.13,22355,0
2016-04-21,15:20:00,3.14,3.14,3.13,3.13,2070,0
2016-04-21,15:25:00,3.13,3.15,3.13,3.15,7200,0
2016-04-21,15:35:00,3.13,3.13,3.1,3.1,19049,0
2016-04-21,15:40:00,3.06,3.1,3.05,3.1,12408,0
2016-04-21,15:45:00,3.1,3.1,3.1,3.1,9997,0
2016-04-21,15:50:00,3.1,3.1,3.05,3.1,2778,0
2016-04-21,15:55:00,3.05,3.05,3.03,3.04,9060,0
2016-04-21,16:00:00,3.04,3.04,3.04,3.04,7568,0
2016-04-21,16:05:00,3.04,3.08,3.04,3.08,700,0
2016-04-21,16:15:00,3.08,3.08,3.05,3.05,2209,0
2016-04-21,16:20:00,3.05,3.05,3.05,3.05,1200,0
2016-04-21,16:30:00,3.05,3.08,3.04,3.08,3041,0
2016-04-21,16:35:00,3.08,3.08,3.07,3.07,3979,0
2016-04-21,16:40:00,3.05,3.05,3.03,3.04,62644,0
2016-04-21,16:45:00,3.04,3.06,3.04,3.06,9257,0
2016-04-21,16:50:00,3.06,3.12,3,3,16271,0
2016-04-22,09:05:00,3.1,3.11,3.09,3.11,18382,0
2016-04-22,09:10:00,3.11,3.15,3.11,3.15,15244,0
2016-04-22,09:15:00,3.15,3.16,3.12,3.14,35201,0
2016-04-22,09:20:00,3.14,3.14,3.11,3.14,22200,0
2016-04-22,09:25:00,3.14,3.18,3.13,3.16,32627,0
2016-04-22,09:30:00,3.17,3.19,3.17,3.18,33645,0
2016-04-22,09:35:00,3.18,3.2,3.17,3.19,23173,0
2016-04-22,09:40:00,3.19,3.19,3.01,3.02,32841,0
2016-04-22,09:45:00,3.02,3.09,3.02,3.04,22824,0
2016-04-22,09:50:00,3.08,3.08,3.08,3.08,2203,0
2016-04-22,09:55:00,3.08,3.08,3.03,3.03,6106,0
2016-04-22,10:00:00,3.03,3.03,3,3,12400,0
2016-04-22,10:05:00,3.01,3.02,3.01,3.02,3352,0
2016-04-22,10:10:00,3.03,3.06,3.02,3.06,10240,0
2016-04-22,10:15:00,3.02,3.02,3.02,3.02,8000,0
2016-04-22,10:20:00,3.02,3.02,3.02,3.02,500,0
2016-04-22,10:25:00,3.03,3.03,3.01,3.01,3557,0
2016-04-22,10:30:00,3.03,3.03,3.03,3.03,371,0
2016-04-22,10:35:00,3.03,3.03,3.02,3.02,4509,0
2016-04-22,10:40:00,3.02,3.02,3.01,3.01,9871,0
2016-04-22,10:55:00,3.04,3.04,3.04,3.04,1000,0
2016-04-22,11:00:00,3.04,3.04,3.04,3.04,450,0
2016-04-22,11:05:00,3.05,3.05,3.04,3.04,2961,0
2016-04-22,11:10:00,3.04,3.04,3.02,3.02,850,0
2016-04-22,11:20:00,3.02,3.02,3.02,3.02,750,0
2016-04-22,11:30:00,3.04,3.04,3.04,3.04,9375,0
2016-04-22,11:35:00,3.04,3.05,3.04,3.05,1000,0
2016-04-22,11:40:00,3.05,3.05,3.02,3.02,1008,0
2016-04-22,11:45:00,3.02,3.05,3.01,3.05,21511,0
2016-04-22,11:50:00,3.05,3.05,3.05,3.05,500,0
2016-04-22,11:55:00,3.05,3.05,3.05,3.05,100,0
2016-04-22,12:00:00,3.05,3.05,3.05,3.05,333,0
2016-04-22,12:05:00,3.05,3.05,3.05,3.05,600,0
2016-04-22,12:10:00,3.05,3.05,3.05,3.05,227,0
2016-04-22,12:20:00,3.05,3.05,3.02,3.02,1140,0
2016-04-22,12:30:00,3.05,3.05,3.05,3.05,200,0
2016-04-22,12:35:00,3.05,3.06,3.05,3.06,525,0
2016-04-22,12:40:00,3.05,3.06,3.05,3.06,310,0
2016-04-22,12:45:00,3.05,3.05,3.05,3.05,775,0
2016-04-22,12:50:00,3.02,3.02,3.01,3.01,4850,0
2016-04-22,12:55:00,3.04,3.04,3.04,3.04,128,0
2016-04-22,13:10:00,3.04,3.04,3.04,3.04,172,0
2016-04-22,13:15:00,3.04,3.04,3.04,3.04,800,0
2016-04-22,13:20:00,3.04,3.04,3.04,3.04,1663,0
2016-04-22,13:25:00,3.04,3.06,3.04,3.06,20984,0
2016-04-22,13:30:00,3.06,3.06,3.06,3.06,1444,0
2016-04-22,13:35:00,3.06,3.07,3.06,3.07,1800,0
2016-04-22,13:40:00,3.07,3.07,3.06,3.07,1650,0
2016-04-22,13:45:00,3.07,3.07,3.07,3.07,300,0
2016-04-22,13:50:00,3.07,3.07,3.07,3.07,100,0
2016-04-22,13:55:00,3.06,3.06,3.06,3.06,500,0
2016-04-22,14:00:00,3.06,3.06,3.06,3.06,500,0
2016-04-22,14:10:00,3.06,3.06,3.06,3.06,960,0
2016-04-22,14:15:00,3.07,3.07,3.06,3.07,1358,0
2016-04-22,14:25:00,3.07,3.07,3.07,3.07,300,0
2016-04-22,14:50:00,3.07,3.07,3.07,3.07,470,0
2016-04-22,14:55:00,3.07,3.07,3.07,3.07,650,0
2016-04-22,15:10:00,3.06,3.06,3.06,3.06,1000,0
2016-04-22,15:20:00,3.07,3.07,3.07,3.07,170,0
2016-04-22,15:35:00,3.07,3.07,3.07,3.07,600,0
2016-04-22,15:40:00,3.07,3.07,3.06,3.06,1898,0
2016-04-22,15:45:00,3.06,3.06,3.06,3.06,352,0
2016-04-22,16:05:00,3.06,3.06,3.06,3.06,700,0
2016-04-22,16:10:00,3.06,3.06,3.06,3.06,240,0
2016-04-22,16:15:00,3.05,3.05,3.05,3.05,1180,0
2016-04-22,16:20:00,3.06,3.06,3.05,3.05,700,0
2016-04-22,16:30:00,3.05,3.05,3.04,3.04,8258,0
2016-04-22,16:35:00,3.04,3.04,3.04,3.04,222,0
2016-04-22,16:40:00,3.03,3.03,3.03,3.03,8671,0
2016-04-22,16:50:00,3.04,3.07,3.04,3.07,8187,0
2016-04-25,09:05:00,3.12,3.12,3.06,3.06,22341,0
2016-04-25,09:10:00,3.06,3.11,3.06,3.11,16320,0
2016-04-25,09:15:00,3.13,3.14,3.13,3.14,6512,0
2016-04-25,09:20:00,3.13,3.14,3.13,3.14,17597,0
2016-04-25,09:25:00,3.15,3.16,3.15,3.16,17666,0
2016-04-25,09:30:00,3.16,3.16,3.15,3.16,5943,0
2016-04-25,09:35:00,3.16,3.16,3.15,3.16,4384,0
2016-04-25,09:40:00,3.16,3.18,3.16,3.18,7445,0
2016-04-25,09:45:00,3.17,3.19,3.17,3.18,51001,0
2016-04-25,09:50:00,3.18,3.19,3.17,3.19,18813,0
2016-04-25,09:55:00,3.19,3.19,3.19,3.19,33096,0
2016-04-25,10:00:00,3.19,3.2,3.19,3.2,13318,0
2016-04-25,10:05:00,3.19,3.2,3.19,3.2,28575,0
2016-04-25,10:10:00,3.19,3.2,3.19,3.2,4900,0
2016-04-25,10:15:00,3.2,3.2,3.2,3.2,5751,0
2016-04-25,10:20:00,3.2,3.2,3.19,3.19,1353,0
2016-04-25,10:25:00,3.19,3.2,3.19,3.2,10240,0
2016-04-25,10:30:00,3.2,3.23,3.2,3.23,34191,0
2016-04-25,10:35:00,3.23,3.23,3.23,3.23,800,0
2016-04-25,10:40:00,3.23,3.23,3.22,3.22,2795,0
2016-04-25,10:45:00,3.2,3.22,3.2,3.22,17456,0
2016-04-25,10:50:00,3.2,3.2,3.2,3.2,4519,0
2016-04-25,10:55:00,3.2,3.22,3.19,3.22,9855,0
2016-04-25,11:00:00,3.19,3.2,3.19,3.19,18015,0
2016-04-25,11:05:00,3.2,3.22,3.19,3.22,3870,0
2016-04-25,11:15:00,3.22,3.22,3.19,3.19,31688,0
2016-04-25,11:20:00,3.16,3.16,3.1,3.12,18040,0
2016-04-25,11:25:00,3.12,3.17,3.12,3.17,16632,0
2016-04-25,11:35:00,3.17,3.17,3.17,3.17,462,0
2016-04-25,11:45:00,3.15,3.15,3.13,3.13,3300,0
2016-04-25,11:50:00,3.13,3.13,3.13,3.13,4600,0
2016-04-25,11:55:00,3.13,3.13,3.1,3.1,11736,0
2016-04-25,12:00:00,3.1,3.1,3.1,3.1,2365,0
2016-04-25,12:05:00,3.09,3.09,3.09,3.09,1500,0
2016-04-25,12:10:00,3.1,3.1,3.1,3.1,4908,0
2016-04-25,12:15:00,3.1,3.12,3.1,3.12,2291,0
2016-04-25,12:30:00,3.1,3.1,3.1,3.1,630,0
2016-04-25,12:35:00,3.12,3.12,3.12,3.12,9,0
2016-04-25,12:55:00,3.12,3.12,3.12,3.12,333,0
2016-04-25,13:05:00,3.11,3.12,3.11,3.12,4096,0
2016-04-25,13:10:00,3.13,3.13,3.13,3.13,222,0
2016-04-25,13:15:00,3.13,3.13,3.13,3.13,294,0
2016-04-25,13:20:00,3.13,3.13,3.13,3.13,411,0
2016-04-25,13:35:00,3.12,3.12,3.12,3.12,650,0
2016-04-25,13:45:00,3.13,3.13,3.11,3.11,60714,0
2016-04-25,13:50:00,3.11,3.19,3.11,3.19,12164,0
2016-04-25,13:55:00,3.19,3.2,3.18,3.2,13034,0
2016-04-25,14:00:00,3.19,3.22,3.19,3.22,38198,0
2016-04-25,14:05:00,3.22,3.23,3.22,3.23,8127,0
2016-04-25,14:10:00,3.22,3.23,3.22,3.23,9455,0
2016-04-25,14:15:00,3.23,3.24,3.22,3.24,20246,0
2016-04-25,14:20:00,3.24,3.24,3.23,3.24,5291,0
2016-04-25,14:25:00,3.24,3.25,3.23,3.24,19638,0
2016-04-25,14:30:00,3.24,3.24,3.24,3.24,2000,0
2016-04-25,14:35:00,3.24,3.25,3.24,3.25,8065,0
2016-04-25,14:40:00,3.25,3.25,3.25,3.25,611,0
2016-04-25,14:45:00,3.26,3.26,3.26,3.26,2800,0
2016-04-25,14:50:00,3.26,3.26,3.26,3.26,2000,0
2016-04-25,14:55:00,3.25,3.26,3.25,3.25,26882,0
2016-04-25,15:00:00,3.23,3.23,3.23,3.23,500,0
2016-04-25,15:10:00,3.22,3.22,3.22,3.22,780,0
2016-04-25,15:20:00,3.19,3.19,3.19,3.19,1100,0
2016-04-25,15:40:00,3.22,3.22,3.18,3.18,11808,0
2016-04-25,15:45:00,3.2,3.2,3.2,3.2,950,0
2016-04-25,16:10:00,3.2,3.2,3.2,3.2,50,0
2016-04-25,16:15:00,3.2,3.2,3.2,3.2,2550,0
2016-04-25,16:20:00,3.22,3.22,3.2,3.2,115,0
2016-04-25,16:25:00,3.2,3.2,3.18,3.18,14023,0
2016-04-25,16:30:00,3.18,3.19,3.18,3.19,6087,0
2016-04-25,16:35:00,3.13,3.15,3.07,3.15,57659,0
2016-04-25,16:45:00,3.1,3.11,3.1,3.11,1874,0
2016-04-25,16:50:00,3.1,3.15,3.1,3.1,12079,0
2016-04-26,09:05:00,3.09,3.09,3.01,3.01,85328,0
2016-04-26,09:10:00,3.03,3.09,3.01,3.09,21822,0
2016-04-26,09:15:00,3.08,3.08,2.95,2.95,75634,0
2016-04-26,09:20:00,2.95,2.96,2.9,2.92,18722,0
2016-04-26,09:25:00,2.94,2.97,2.91,2.91,18200,0
2016-04-26,09:30:00,2.92,2.94,2.92,2.94,10398,0
2016-04-26,09:35:00,2.94,2.99,2.94,2.95,14208,0
2016-04-26,09:40:00,2.95,2.97,2.95,2.97,9865,0
2016-04-26,09:45:00,2.96,2.97,2.96,2.96,9820,0
2016-04-26,09:50:00,2.94,2.94,2.93,2.94,2718,0
2016-04-26,09:55:00,2.94,2.94,2.88,2.88,38773,0
2016-04-26,10:00:00,2.88,2.93,2.88,2.93,1723,0
2016-04-26,10:05:00,2.91,2.91,2.91,2.91,50,0
2016-04-26,10:10:00,2.9,2.93,2.9,2.93,9701,0
2016-04-26,10:15:00,2.92,2.92,2.8,2.81,41538,0
2016-04-26,10:20:00,2.84,2.85,2.84,2.84,13968,0
2016-04-26,10:25:00,2.84,2.89,2.83,2.89,18541,0
2016-04-26,10:30:00,2.88,2.89,2.88,2.89,3230,0
2016-04-26,10:35:00,2.86,2.86,2.86,2.86,9235,0
2016-04-26,10:40:00,2.86,2.86,2.84,2.86,20509,0
2016-04-26,10:45:00,2.82,2.82,2.82,2.82,3869,0
2016-04-26,10:50:00,2.81,2.85,2.8,2.81,19796,0
2016-04-26,10:55:00,2.81,2.82,2.81,2.82,8224,0
2016-04-26,11:00:00,2.84,2.84,2.84,2.84,3121,0
2016-04-26,11:05:00,2.84,2.84,2.84,2.84,500,0
2016-04-26,11:10:00,2.84,2.86,2.84,2.85,7521,0
2016-04-26,11:15:00,2.85,2.87,2.85,2.87,3900,0
2016-04-26,11:20:00,2.87,2.87,2.87,2.87,2241,0
2016-04-26,11:25:00,2.87,2.87,2.87,2.87,1449,0
2016-04-26,11:30:00,2.85,2.85,2.83,2.83,12659,0
2016-04-26,11:35:00,2.83,2.83,2.81,2.82,8943,0
2016-04-26,11:40:00,2.82,2.85,2.8,2.81,12379,0
2016-04-26,11:45:00,2.8,2.8,2.79,2.8,20179,0
2016-04-26,11:50:00,2.79,2.83,2.79,2.83,1657,0
2016-04-26,11:55:00,2.83,2.83,2.83,2.83,230,0
2016-04-26,12:00:00,2.83,2.83,2.83,2.83,1259,0
2016-04-26,12:05:00,2.83,2.83,2.83,2.83,3541,0
2016-04-26,12:10:00,2.84,2.85,2.84,2.85,4698,0
2016-04-26,12:15:00,2.86,2.86,2.85,2.85,383,0
2016-04-26,12:20:00,2.85,2.85,2.8,2.81,9155,0
2016-04-26,12:25:00,2.8,2.8,2.8,2.8,3349,0
2016-04-26,12:30:00,2.8,2.8,2.79,2.79,4985,0
2016-04-26,12:40:00,2.79,2.8,2.79,2.8,8222,0
2016-04-26,12:45:00,2.8,2.83,2.8,2.82,5258,0
2016-04-26,12:50:00,2.82,2.82,2.79,2.79,15318,0
2016-04-26,13:15:00,2.76,2.79,2.76,2.76,8514,0
2016-04-26,13:20:00,2.76,2.76,2.72,2.72,18267,0
2016-04-26,13:25:00,2.75,2.75,2.75,2.75,6,0
2016-04-26,13:30:00,2.75,2.75,2.75,2.75,505,0
2016-04-26,13:35:00,2.72,2.73,2.72,2.73,1250,0
2016-04-26,13:40:00,2.73,2.73,2.72,2.72,9585,0
2016-04-26,13:45:00,2.72,2.72,2.72,2.72,30778,0
2016-04-26,13:50:00,2.72,2.72,2.71,2.72,17364,0
2016-04-26,13:55:00,2.72,2.75,2.72,2.75,30690,0
2016-04-26,14:05:00,2.75,2.75,2.75,2.75,356,0
2016-04-26,14:10:00,2.75,2.75,2.7,2.7,9983,0
2016-04-26,14:20:00,2.71,2.74,2.7,2.74,3159,0
2016-04-26,14:25:00,2.74,2.76,2.74,2.76,4418,0
2016-04-26,14:30:00,2.77,2.8,2.77,2.78,10220,0
2016-04-26,14:35:00,2.75,2.75,2.71,2.71,10300,0
2016-04-26,14:45:00,2.71,2.72,2.71,2.72,2113,0
2016-04-26,14:50:00,2.72,2.72,2.72,2.72,13,0
2016-04-26,15:00:00,2.74,2.75,2.74,2.74,5182,0
2016-04-26,15:05:00,2.75,2.75,2.74,2.74,418,0
2016-04-26,15:10:00,2.73,2.74,2.73,2.74,3242,0
2016-04-26,15:15:00,2.74,2.74,2.74,2.74,199,0
2016-04-26,15:30:00,2.77,2.77,2.77,2.77,200,0
2016-04-26,15:35:00,2.75,2.75,2.75,2.75,3449,0
2016-04-26,15:40:00,2.75,2.75,2.75,2.75,220,0
2016-04-26,15:45:00,2.75,2.75,2.75,2.75,935,0
2016-04-26,15:50:00,2.74,2.74,2.72,2.74,3681,0
2016-04-26,15:55:00,2.74,2.74,2.74,2.74,180,0
2016-04-26,16:00:00,2.74,2.74,2.74,2.74,1000,0
2016-04-26,16:15:00,2.75,2.77,2.75,2.77,3600,0
2016-04-26,16:20:00,2.77,2.77,2.77,2.77,500,0
2016-04-26,16:25:00,2.77,2.77,2.77,2.77,90,0
2016-04-26,16:35:00,2.76,2.76,2.76,2.76,1624,0
2016-04-26,16:40:00,2.77,2.77,2.77,2.77,285,0
2016-04-26,16:45:00,2.76,2.76,2.72,2.72,20547,0
2016-04-26,16:50:00,2.72,2.75,2.72,2.73,26601,0
2016-04-27,09:05:00,2.76,2.77,2.73,2.74,21722,0
2016-04-27,09:10:00,2.77,2.77,2.77,2.77,583,0
2016-04-27,09:15:00,2.77,2.79,2.77,2.79,10901,0
2016-04-27,09:20:00,2.79,2.82,2.79,2.82,10535,0
2016-04-27,09:25:00,2.8,2.81,2.76,2.77,18719,0
2016-04-27,09:30:00,2.76,2.78,2.76,2.78,4658,0
2016-04-27,09:35:00,2.76,2.8,2.73,2.73,26052,0
2016-04-27,09:40:00,2.78,2.79,2.74,2.74,5750,0
2016-04-27,09:45:00,2.75,2.75,2.75,2.75,1060,0
2016-04-27,09:50:00,2.75,2.75,2.75,2.75,143,0
2016-04-27,09:55:00,2.75,2.75,2.75,2.75,2220,0
2016-04-27,10:00:00,2.75,2.75,2.74,2.74,2900,0
2016-04-27,10:05:00,2.74,2.74,2.74,2.74,211,0
2016-04-27,10:10:00,2.74,2.74,2.74,2.74,437,0
2016-04-27,10:15:00,2.73,2.73,2.72,2.72,4000,0
2016-04-27,10:20:00,2.72,2.72,2.71,2.71,2700,0
2016-04-27,10:25:00,2.73,2.73,2.73,2.73,3000,0
2016-04-27,10:45:00,2.73,2.73,2.73,2.73,1126,0
2016-04-27,10:55:00,2.73,2.73,2.73,2.73,919,0
2016-04-27,11:05:00,2.72,2.73,2.72,2.73,1825,0
2016-04-27,11:15:00,2.73,2.73,2.73,2.73,2142,0
2016-04-27,11:20:00,2.74,2.74,2.74,2.74,1158,0
2016-04-27,11:25:00,2.74,2.76,2.74,2.76,9309,0
2016-04-27,11:35:00,2.76,2.8,2.76,2.8,31754,0
2016-04-27,11:40:00,2.77,2.77,2.77,2.77,2055,0
2016-04-27,11:50:00,2.77,2.78,2.77,2.78,1000,0
2016-04-27,11:55:00,2.78,2.78,2.78,2.78,2000,0
2016-04-27,12:00:00,2.78,2.78,2.78,2.78,1000,0
2016-04-27,12:10:00,2.77,2.77,2.77,2.77,500,0
2016-04-27,12:15:00,2.77,2.8,2.77,2.8,30040,0
2016-04-27,12:20:00,2.8,2.82,2.8,2.82,12221,0
2016-04-27,12:25:00,2.82,2.85,2.82,2.85,22356,0
2016-04-27,12:30:00,2.85,2.85,2.85,2.85,5766,0
2016-04-27,12:35:00,2.86,2.86,2.85,2.85,8866,0
2016-04-27,12:40:00,2.83,2.83,2.8,2.8,2354,0
2016-04-27,12:45:00,2.8,2.8,2.77,2.77,4489,0
2016-04-27,12:50:00,2.77,2.77,2.75,2.75,12151,0
2016-04-27,12:55:00,2.82,2.82,2.82,2.82,303,0
2016-04-27,13:00:00,2.81,2.81,2.81,2.81,2818,0
2016-04-27,13:05:00,2.8,2.8,2.77,2.77,4491,0
2016-04-27,13:10:00,2.79,2.79,2.79,2.79,6,0
2016-04-27,13:15:00,2.79,2.79,2.79,2.79,1994,0
2016-04-27,13:35:00,2.77,2.77,2.77,2.77,500,0
2016-04-27,13:40:00,2.77,2.77,2.77,2.77,1836,0
2016-04-27,13:45:00,2.76,2.77,2.76,2.77,925,0
2016-04-27,13:50:00,2.78,2.78,2.78,2.78,1818,0
2016-04-27,13:55:00,2.77,2.77,2.77,2.77,39,0
2016-04-27,14:00:00,2.79,2.8,2.79,2.8,15,0
2016-04-27,14:05:00,2.79,2.79,2.79,2.79,1010,0
2016-04-27,14:10:00,2.79,2.79,2.79,2.79,930,0
2016-04-27,14:15:00,2.75,2.77,2.75,2.77,14777,0
2016-04-27,14:35:00,2.77,2.77,2.77,2.77,400,0
2016-04-27,14:50:00,2.78,2.78,2.78,2.78,2000,0
2016-04-27,14:55:00,2.76,2.76,2.75,2.75,101411,0
2016-04-27,15:05:00,2.75,2.75,2.75,2.75,500,0
2016-04-27,15:20:00,2.73,2.73,2.73,2.73,1289,0
2016-04-27,15:25:00,2.73,2.73,2.73,2.73,10211,0
2016-04-27,15:30:00,2.73,2.73,2.73,2.73,999,0
2016-04-27,15:40:00,2.72,2.72,2.72,2.72,1000,0
2016-04-27,15:45:00,2.73,2.74,2.73,2.74,2670,0
2016-04-27,15:50:00,2.73,2.73,2.72,2.72,1412,0
2016-04-27,16:05:00,2.75,2.75,2.75,2.75,1100,0
2016-04-27,16:10:00,2.74,2.75,2.74,2.75,5074,0
2016-04-27,16:15:00,2.76,2.76,2.76,2.76,2400,0
2016-04-27,16:20:00,2.76,2.76,2.76,2.76,400,0
2016-04-27,16:25:00,2.75,2.75,2.75,2.75,4926,0
2016-04-27,16:30:00,2.73,2.75,2.73,2.75,15120,0
2016-04-27,16:35:00,2.75,2.75,2.73,2.73,18833,0
2016-04-27,16:40:00,2.73,2.73,2.72,2.72,16178,0
2016-04-27,16:45:00,2.72,2.72,2.72,2.72,2465,0
2016-04-27,16:50:00,2.71,2.75,2.7,2.71,53184,0
2016-04-28,09:05:00,2.73,2.73,2.73,2.73,2083,0
2016-04-28,09:10:00,2.73,2.74,2.72,2.74,10826,0
2016-04-28,09:20:00,2.72,2.73,2.72,2.73,4439,0
2016-04-28,09:25:00,2.74,2.74,2.74,2.74,5,0
2016-04-28,09:30:00,2.74,2.75,2.74,2.75,5572,0
2016-04-28,09:35:00,2.76,2.76,2.76,2.76,6,0
2016-04-28,09:40:00,2.74,2.74,2.74,2.74,1640,0
2016-04-28,09:45:00,2.74,2.75,2.74,2.75,2228,0
2016-04-28,09:50:00,2.75,2.77,2.75,2.77,4932,0
2016-04-28,09:55:00,2.77,2.77,2.77,2.77,1095,0
2016-04-28,10:05:00,2.75,2.75,2.74,2.75,7551,0
2016-04-28,10:10:00,2.76,2.76,2.76,2.76,5334,0
2016-04-28,10:15:00,2.75,2.77,2.75,2.75,10602,0
2016-04-28,10:20:00,2.76,2.76,2.76,2.76,2689,0
2016-04-28,10:25:00,2.75,2.75,2.75,2.75,3963,0
2016-04-28,10:30:00,2.76,2.78,2.76,2.78,2757,0
2016-04-28,10:35:00,2.76,2.76,2.76,2.76,160,0
2016-04-28,10:40:00,2.78,2.8,2.78,2.8,20632,0
2016-04-28,10:45:00,2.8,2.81,2.8,2.8,5309,0
2016-04-28,10:50:00,2.8,2.8,2.8,2.8,69,0
2016-04-28,11:00:00,2.8,2.8,2.77,2.8,1482,0
2016-04-28,11:05:00,2.8,2.82,2.8,2.82,3550,0
2016-04-28,11:10:00,2.81,2.81,2.81,2.81,1365,0
2016-04-28,11:15:00,2.79,2.79,2.68,2.71,31380,0
2016-04-28,11:20:00,2.72,2.72,2.72,2.72,490,0
2016-04-28,11:25:00,2.73,2.73,2.73,2.73,1000,0
2016-04-28,11:40:00,2.73,2.73,2.73,2.73,2000,0
2016-04-28,11:50:00,2.72,2.73,2.72,2.73,3402,0
2016-04-28,12:05:00,2.73,2.73,2.73,2.73,2599,0
2016-04-28,12:10:00,2.73,2.73,2.73,2.73,2553,0
2016-04-28,12:15:00,2.73,2.73,2.73,2.73,975,0
2016-04-28,12:30:00,2.73,2.73,2.73,2.73,222,0
2016-04-28,12:35:00,2.73,2.74,2.73,2.74,8155,0
2016-04-28,12:45:00,2.75,2.76,2.75,2.76,2333,0
2016-04-28,12:50:00,2.75,2.75,2.75,2.75,147,0
2016-04-28,12:55:00,2.75,2.76,2.75,2.76,472,0
2016-04-28,13:05:00,2.76,2.76,2.76,2.76,100,0
2016-04-28,13:15:00,2.75,2.75,2.75,2.75,212,0
2016-04-28,13:25:00,2.75,2.75,2.75,2.75,365,0
2016-04-28,13:40:00,2.75,2.75,2.75,2.75,31,0
2016-04-28,13:55:00,2.75,2.75,2.75,2.75,600,0
2016-04-28,14:10:00,2.75,2.75,2.75,2.75,528,0
2016-04-28,14:15:00,2.73,2.73,2.73,2.73,3314,0
2016-04-28,14:20:00,2.73,2.75,2.73,2.75,500,0
2016-04-28,14:25:00,2.75,2.75,2.75,2.75,333,0
2016-04-28,14:45:00,2.75,2.75,2.75,2.75,460,0
2016-04-28,15:10:00,2.73,2.73,2.73,2.73,614,0
2016-04-28,15:15:00,2.73,2.74,2.72,2.74,10886,0
2016-04-28,15:20:00,2.74,2.74,2.74,2.74,160,0
2016-04-28,15:30:00,2.74,2.74,2.74,2.74,252,0
2016-04-28,15:50:00,2.73,2.73,2.73,2.73,333,0
2016-04-28,16:05:00,2.72,2.72,2.72,2.72,587,0
2016-04-28,16:10:00,2.72,2.72,2.71,2.71,1000,0
2016-04-28,16:20:00,2.74,2.74,2.74,2.74,1876,0
2016-04-28,16:25:00,2.74,2.74,2.74,2.74,309,0
2016-04-28,16:30:00,2.73,2.73,2.73,2.73,2000,0
2016-04-28,16:35:00,2.73,2.73,2.73,2.73,3000,0
2016-04-28,16:40:00,2.73,2.73,2.73,2.73,1019,0
2016-04-28,16:45:00,2.72,2.72,2.72,2.72,309,0
2016-04-28,16:50:00,2.72,2.72,2.71,2.71,6435,0
2016-04-29,09:05:00,2.73,2.74,2.73,2.74,348,0
2016-04-29,09:10:00,2.7,2.7,2.7,2.7,1660,0
2016-04-29,09:15:00,2.74,2.75,2.74,2.75,2731,0
2016-04-29,09:25:00,2.75,2.75,2.75,2.75,880,0
2016-04-29,09:35:00,2.7,2.7,2.7,2.7,2000,0
2016-04-29,09:40:00,2.74,2.74,2.74,2.74,2000,0
2016-04-29,10:00:00,2.73,2.75,2.73,2.75,6500,0
2016-04-29,10:05:00,2.75,2.75,2.75,2.75,999,0
2016-04-29,10:10:00,2.75,2.75,2.75,2.75,6610,0
2016-04-29,10:20:00,2.75,2.75,2.74,2.74,1385,0
2016-04-29,10:30:00,2.75,2.75,2.75,2.75,1252,0
2016-04-29,10:35:00,2.75,2.75,2.75,2.75,1000,0
2016-04-29,10:40:00,2.75,2.75,2.75,2.75,1048,0
2016-04-29,10:45:00,2.75,2.75,2.75,2.75,2000,0
2016-04-29,11:35:00,2.73,2.73,2.73,2.73,8152,0
2016-04-29,11:45:00,2.74,2.74,2.73,2.73,11882,0
2016-04-29,11:50:00,2.73,2.73,2.73,2.73,3093,0
2016-04-29,11:55:00,2.73,2.73,2.73,2.73,1200,0
2016-04-29,12:00:00,2.73,2.73,2.73,2.73,2222,0
2016-04-29,12:05:00,2.73,2.73,2.73,2.73,1118,0
2016-04-29,12:15:00,2.73,2.73,2.73,2.73,3333,0
2016-04-29,12:20:00,2.73,2.73,2.73,2.73,1500,0
2016-04-29,12:25:00,2.73,2.74,2.73,2.74,5000,0
2016-04-29,12:30:00,2.73,2.73,2.73,2.73,1160,0
2016-04-29,12:40:00,2.73,2.73,2.73,2.73,2840,0
2016-04-29,12:50:00,2.73,2.73,2.73,2.73,1229,0
2016-04-29,12:55:00,2.72,2.73,2.71,2.73,7229,0
2016-04-29,13:00:00,2.73,2.73,2.73,2.73,1111,0
2016-04-29,13:05:00,2.73,2.74,2.73,2.74,3560,0
2016-04-29,13:40:00,2.73,2.73,2.73,2.73,1200,0
2016-04-29,13:45:00,2.73,2.73,2.73,2.73,2900,0
2016-04-29,13:55:00,2.71,2.71,2.71,2.71,250,0
2016-04-29,14:00:00,2.73,2.74,2.73,2.74,10500,0
2016-04-29,14:30:00,2.72,2.72,2.72,2.72,1000,0
2016-04-29,14:55:00,2.74,2.75,2.74,2.75,8800,0
2016-04-29,15:20:00,2.74,2.74,2.74,2.74,3000,0
2016-04-29,15:25:00,2.74,2.74,2.74,2.74,999,0
2016-04-29,15:30:00,2.73,2.73,2.73,2.73,4000,0
2016-04-29,15:55:00,2.73,2.73,2.73,2.73,1999,0
2016-04-29,16:05:00,2.72,2.75,2.72,2.75,13250,0
2016-04-29,16:20:00,2.73,2.73,2.72,2.72,10218,0
2016-04-29,16:25:00,2.72,2.72,2.72,2.72,1182,0
2016-04-29,16:35:00,2.72,2.72,2.72,2.72,484,0
2016-04-29,16:45:00,2.71,2.72,2.71,2.72,2759,0
2016-04-29,16:50:00,2.71,2.71,2.7,2.7,10996,0
2016-05-02,09:05:00,2.72,2.72,2.72,2.72,500,0
2016-05-02,09:10:00,2.72,2.73,2.72,2.73,4328,0
2016-05-02,09:15:00,2.75,2.76,2.75,2.76,12553,0
2016-05-02,09:25:00,2.76,2.76,2.76,2.76,99,0
2016-05-02,09:30:00,2.75,2.75,2.75,2.75,2020,0
2016-05-02,09:35:00,2.76,2.76,2.76,2.76,800,0
2016-05-02,09:40:00,2.76,2.76,2.74,2.74,21897,0
2016-05-02,09:45:00,2.74,2.77,2.74,2.77,1280,0
2016-05-02,09:50:00,2.74,2.75,2.74,2.75,10980,0
2016-05-02,09:55:00,2.74,2.74,2.74,2.74,3161,0
2016-05-02,10:10:00,2.74,2.74,2.74,2.74,572,0
2016-05-02,10:15:00,2.74,2.74,2.74,2.74,267,0
2016-05-02,10:20:00,2.73,2.73,2.73,2.73,1000,0
2016-05-02,10:45:00,2.74,2.74,2.74,2.74,1500,0
2016-05-02,10:50:00,2.75,2.76,2.75,2.76,2000,0
2016-05-02,11:15:00,2.75,2.75,2.75,2.75,1950,0
2016-05-02,11:20:00,2.73,2.73,2.73,2.73,4000,0
2016-05-02,11:50:00,2.75,2.75,2.75,2.75,1000,0
2016-05-02,12:00:00,2.75,2.75,2.75,2.75,1000,0
2016-05-02,12:10:00,2.75,2.75,2.75,2.75,1168,0
2016-05-02,12:20:00,2.74,2.74,2.74,2.74,3432,0
2016-05-02,12:25:00,2.74,2.74,2.74,2.74,300,0
2016-05-02,12:30:00,2.74,2.74,2.73,2.73,12858,0
2016-05-02,12:35:00,2.73,2.73,2.72,2.72,13798,0
2016-05-02,12:45:00,2.72,2.72,2.72,2.72,1000,0
2016-05-02,12:55:00,2.72,2.72,2.72,2.72,3202,0
2016-05-02,13:05:00,2.72,2.72,2.72,2.72,2000,0
2016-05-02,13:25:00,2.72,2.72,2.72,2.72,474,0
2016-05-02,13:35:00,2.72,2.72,2.72,2.72,80,0
2016-05-02,13:40:00,2.72,2.72,2.72,2.72,526,0
2016-05-02,13:45:00,2.74,2.75,2.74,2.75,9000,0
2016-05-02,13:50:00,2.75,2.76,2.75,2.76,8600,0
2016-05-02,13:55:00,2.76,2.76,2.75,2.75,15528,0
2016-05-02,14:15:00,2.75,2.76,2.75,2.76,429,0
2016-05-02,14:20:00,2.75,2.75,2.75,2.75,50,0
2016-05-02,14:30:00,2.75,2.75,2.75,2.75,22,0
2016-05-02,14:40:00,2.75,2.75,2.75,2.75,4978,0
2016-05-02,14:45:00,2.75,2.75,2.75,2.75,2433,0
2016-05-02,14:50:00,2.75,2.75,2.75,2.75,7567,0
2016-05-02,15:00:00,2.74,2.74,2.72,2.72,49718,0
2016-05-02,15:05:00,2.72,2.72,2.72,2.72,1852,0
2016-05-02,15:20:00,2.72,2.72,2.72,2.72,20000,0
2016-05-02,15:55:00,2.72,2.72,2.72,2.72,10000,0
2016-05-02,16:00:00,2.72,2.72,2.72,2.72,214,0
2016-05-02,16:05:00,2.73,2.73,2.73,2.73,1507,0
2016-05-02,16:20:00,2.73,2.73,2.73,2.73,500,0
2016-05-02,16:30:00,2.73,2.73,2.73,2.73,100,0
2016-05-02,16:45:00,2.73,2.73,2.73,2.73,210,0
2016-05-02,16:50:00,2.73,2.73,2.73,2.73,19551,0
2016-05-04,09:05:00,2.71,2.71,2.66,2.66,7098,0
2016-05-04,09:10:00,2.65,2.65,2.65,2.65,228,0
2016-05-04,09:15:00,2.65,2.66,2.65,2.66,1633,0
2016-05-04,09:25:00,2.66,2.66,2.66,2.66,2933,0
2016-05-04,09:30:00,2.65,2.65,2.65,2.65,720,0
2016-05-04,09:35:00,2.65,2.65,2.65,2.65,7518,0
2016-05-04,09:40:00,2.63,2.63,2.62,2.63,4708,0
2016-05-04,09:45:00,2.63,2.65,2.63,2.65,1409,0
2016-05-04,09:55:00,2.65,2.65,2.65,2.65,882,0
2016-05-04,10:00:00,2.65,2.65,2.65,2.65,4325,0
2016-05-04,10:05:00,2.65,2.72,2.65,2.72,9196,0
2016-05-04,10:25:00,2.7,2.7,2.7,2.7,1000,0
2016-05-04,10:35:00,2.7,2.7,2.7,2.7,5334,0
2016-05-04,10:40:00,2.69,2.69,2.69,2.69,4251,0
2016-05-04,11:00:00,2.69,2.7,2.69,2.7,4960,0
2016-05-04,11:05:00,2.69,2.69,2.69,2.69,4784,0
2016-05-04,11:10:00,2.69,2.69,2.69,2.69,1780,0
2016-05-04,11:20:00,2.69,2.69,2.69,2.69,3000,0
2016-05-04,11:25:00,2.69,2.69,2.69,2.69,1751,0
2016-05-04,11:30:00,2.69,2.7,2.69,2.7,4164,0
2016-05-04,11:55:00,2.71,2.71,2.7,2.7,1877,0
2016-05-04,12:05:00,2.7,2.71,2.7,2.71,641,0
2016-05-04,12:10:00,2.72,2.72,2.72,2.72,1,0
2016-05-04,12:20:00,2.72,2.72,2.71,2.71,5460,0
2016-05-04,12:25:00,2.72,2.72,2.72,2.72,1,0
2016-05-04,12:50:00,2.72,2.72,2.72,2.72,3700,0
2016-05-04,13:00:00,2.72,2.72,2.72,2.72,1000,0
2016-05-04,13:10:00,2.72,2.72,2.72,2.72,1094,0
2016-05-04,13:25:00,2.74,2.76,2.74,2.76,20700,0
2016-05-04,13:30:00,2.76,2.76,2.76,2.76,10660,0
2016-05-04,13:40:00,2.76,2.76,2.76,2.76,2500,0
2016-05-04,13:50:00,2.75,2.75,2.75,2.75,4200,0
2016-05-04,14:00:00,2.76,2.76,2.76,2.76,3200,0
2016-05-04,14:05:00,2.75,2.75,2.75,2.75,3060,0
2016-05-04,14:15:00,2.75,2.75,2.75,2.75,2000,0
2016-05-04,14:20:00,2.77,2.77,2.77,2.77,1,0
2016-05-04,14:25:00,2.76,2.76,2.76,2.76,400,0
2016-05-04,14:30:00,2.76,2.77,2.76,2.77,1500,0
2016-05-04,14:35:00,2.77,2.78,2.77,2.78,5001,0
2016-05-04,14:45:00,2.78,2.78,2.78,2.78,1350,0
2016-05-04,14:55:00,2.76,2.76,2.76,2.76,600,0
2016-05-04,15:15:00,2.76,2.77,2.76,2.77,7086,0
2016-05-04,15:20:00,2.77,2.77,2.77,2.77,4000,0
2016-05-04,15:25:00,2.77,2.77,2.77,2.77,14,0
2016-05-04,15:30:00,2.78,2.79,2.78,2.79,5550,0
2016-05-04,15:35:00,2.79,2.8,2.79,2.8,6750,0
2016-05-04,15:40:00,2.8,2.84,2.8,2.83,48770,0
2016-05-04,15:45:00,2.84,2.85,2.84,2.85,9511,0
2016-05-04,15:50:00,2.85,2.85,2.83,2.83,655,0
2016-05-04,15:55:00,2.84,2.85,2.84,2.85,1751,0
2016-05-04,16:00:00,2.84,2.84,2.84,2.84,1100,0
2016-05-04,16:10:00,2.82,2.84,2.77,2.84,5964,0
2016-05-04,16:15:00,2.84,2.84,2.84,2.84,330,0
2016-05-04,16:35:00,2.82,2.82,2.82,2.82,680,0
2016-05-04,16:45:00,2.82,2.82,2.82,2.82,1000,0
2016-05-04,16:50:00,2.82,2.82,2.8,2.8,18214,0
2016-05-05,09:05:00,2.84,2.85,2.84,2.85,5165,0
2016-05-05,09:15:00,2.8,2.8,2.8,2.8,900,0
2016-05-05,09:25:00,2.85,2.85,2.85,2.85,1,0
2016-05-05,09:30:00,2.8,2.8,2.8,2.8,4249,0
2016-05-05,09:50:00,2.82,2.85,2.79,2.85,4198,0
2016-05-05,10:15:00,2.8,2.8,2.8,2.8,333,0
2016-05-05,10:30:00,2.8,2.8,2.8,2.8,250,0
2016-05-05,10:40:00,2.84,2.84,2.84,2.84,1800,0
2016-05-05,10:45:00,2.84,2.84,2.84,2.84,1100,0
2016-05-05,10:50:00,2.84,2.9,2.84,2.88,62572,0
2016-05-05,11:00:00,2.9,2.9,2.9,2.9,1035,0
2016-05-05,11:05:00,2.9,2.9,2.9,2.9,301,0
2016-05-05,11:10:00,2.9,2.9,2.9,2.9,2348,0
2016-05-05,11:15:00,2.9,2.91,2.9,2.91,5583,0
2016-05-05,11:20:00,2.9,2.9,2.88,2.88,10071,0
2016-05-05,11:30:00,2.87,2.87,2.86,2.86,1567,0
2016-05-05,12:20:00,2.87,2.87,2.87,2.87,46059,0
2016-05-05,12:25:00,2.88,2.88,2.87,2.87,18400,0
2016-05-05,12:30:00,2.88,2.88,2.88,2.88,1222,0
2016-05-05,12:40:00,2.88,2.9,2.88,2.9,943,0
2016-05-05,12:45:00,2.9,2.91,2.9,2.91,1147,0
2016-05-05,13:00:00,2.89,2.89,2.87,2.87,11000,0
2016-05-05,13:05:00,2.9,2.9,2.9,2.9,1018,0
2016-05-05,13:20:00,2.88,2.88,2.88,2.88,1000,0
2016-05-05,13:25:00,2.88,2.88,2.87,2.87,1050,0
2016-05-05,13:30:00,2.88,2.89,2.88,2.89,360,0
2016-05-05,13:35:00,2.89,2.89,2.89,2.89,495,0
2016-05-05,13:40:00,2.9,2.9,2.9,2.9,2767,0
2016-05-05,13:50:00,2.9,2.91,2.9,2.91,14235,0
2016-05-05,13:55:00,2.91,2.92,2.91,2.92,1712,0
2016-05-05,14:00:00,2.92,2.92,2.92,2.92,5995,0
2016-05-05,14:05:00,2.92,2.92,2.92,2.92,50,0
2016-05-05,14:25:00,2.91,2.91,2.91,2.91,50,0
2016-05-05,14:40:00,2.9,2.9,2.9,2.9,500,0
2016-05-05,14:45:00,2.88,2.9,2.87,2.87,4533,0
2016-05-05,15:00:00,2.88,2.88,2.88,2.88,700,0
2016-05-05,15:10:00,2.88,2.88,2.88,2.88,4620,0
2016-05-05,15:50:00,2.88,2.88,2.88,2.88,1970,0
2016-05-05,15:55:00,2.9,2.92,2.9,2.92,7000,0
2016-05-05,16:10:00,2.88,2.88,2.88,2.88,1000,0
2016-05-05,16:35:00,2.88,2.88,2.88,2.88,800,0
2016-05-05,16:40:00,2.88,2.88,2.88,2.88,1750,0
2016-05-05,16:50:00,2.92,2.92,2.88,2.88,4881,0
2016-05-06,09:05:00,2.9,2.96,2.9,2.96,41717,0
2016-05-06,09:10:00,2.97,2.99,2.96,2.99,38397,0
2016-05-06,09:15:00,2.98,2.99,2.98,2.99,11861,0
2016-05-06,09:20:00,2.97,2.97,2.9,2.97,67345,0
2016-05-06,09:25:00,2.97,2.99,2.95,2.99,39763,0
2016-05-06,09:30:00,2.97,2.99,2.97,2.99,6150,0
2016-05-06,09:35:00,2.99,3.02,2.99,3.02,36632,0
2016-05-06,09:40:00,3.02,3.02,3,3.01,49154,0
2016-05-06,09:45:00,3,3.04,3,3.04,32946,0
2016-05-06,09:50:00,3.03,3.05,3.03,3.05,21529,0
2016-05-06,09:55:00,3.05,3.05,3.05,3.05,10614,0
2016-05-06,10:00:00,3.06,3.07,3.06,3.07,21540,0
2016-05-06,10:05:00,3.08,3.08,3.07,3.07,7945,0
2016-05-06,10:10:00,3.06,3.07,3.06,3.07,1160,0
2016-05-06,10:15:00,3.07,3.07,3.07,3.07,2852,0
2016-05-06,10:20:00,3.06,3.07,3.05,3.07,10128,0
2016-05-06,10:25:00,3.07,3.09,3.07,3.09,20904,0
2016-05-06,10:30:00,3.09,3.09,3.09,3.09,5289,0
2016-05-06,10:35:00,3.1,3.1,3.08,3.08,12223,0
2016-05-06,10:40:00,3.08,3.08,3.08,3.08,2879,0
2016-05-06,10:45:00,3.08,3.09,3.08,3.09,2316,0
2016-05-06,10:50:00,3.08,3.08,3.06,3.06,16399,0
2016-05-06,10:55:00,3.06,3.06,3.04,3.04,14755,0
2016-05-06,11:00:00,3.04,3.04,3.03,3.03,7329,0
2016-05-06,11:05:00,3.04,3.05,3.04,3.05,10773,0
2016-05-06,11:15:00,3.06,3.07,3.06,3.06,30246,0
2016-05-06,11:20:00,3.09,3.09,3.09,3.09,3790,0
2016-05-06,11:25:00,3.09,3.09,3.09,3.09,4120,0
2016-05-06,11:30:00,3.09,3.1,3.08,3.1,21137,0
2016-05-06,11:35:00,3.1,3.11,3.1,3.11,8291,0
2016-05-06,11:40:00,3.11,3.11,3.11,3.11,3000,0
2016-05-06,11:45:00,3.11,3.11,3.11,3.11,2000,0
2016-05-06,11:50:00,3.1,3.1,3.07,3.07,29000,0
2016-05-06,11:55:00,3.07,3.1,3.07,3.08,62774,0
2016-05-06,12:00:00,3.08,3.08,3.08,3.08,14019,0
2016-05-06,12:05:00,3.1,3.1,3.1,3.1,100,0
2016-05-06,12:10:00,3.1,3.1,3.1,3.1,3196,0
2016-05-06,12:15:00,3.1,3.1,3.08,3.08,1050,0
2016-05-06,12:20:00,3.1,3.11,3.1,3.11,1300,0
2016-05-06,12:25:00,3.11,3.11,3.11,3.11,3150,0
2016-05-06,12:30:00,3.11,3.12,3.09,3.12,3284,0
2016-05-06,12:35:00,3.12,3.12,3.11,3.11,10917,0
2016-05-06,12:40:00,3.11,3.11,3.11,3.11,7960,0
2016-05-06,12:45:00,3.12,3.12,3.12,3.12,7336,0
2016-05-06,12:50:00,3.13,3.13,3.13,3.13,8664,0
2016-05-06,12:55:00,3.13,3.13,3.12,3.12,3120,0
2016-05-06,13:00:00,3.13,3.14,3.13,3.13,7860,0
2016-05-06,13:05:00,3.14,3.14,3.14,3.14,4040,0
2016-05-06,13:10:00,3.14,3.14,3.14,3.14,1242,0
2016-05-06,13:15:00,3.14,3.14,3.13,3.13,1567,0
2016-05-06,13:20:00,3.13,3.13,3.12,3.13,3728,0
2016-05-06,13:25:00,3.13,3.13,3.12,3.13,2460,0
2016-05-06,13:30:00,3.12,3.13,3.12,3.12,1930,0
2016-05-06,13:35:00,3.13,3.14,3.13,3.14,11048,0
2016-05-06,13:40:00,3.14,3.14,3.14,3.14,280,0
2016-05-06,13:45:00,3.13,3.13,3.13,3.13,1000,0
2016-05-06,13:50:00,3.12,3.13,3.12,3.13,1027,0
2016-05-06,14:00:00,3.12,3.13,3.12,3.13,467,0
2016-05-06,14:10:00,3.11,3.11,3.1,3.1,3681,0
2016-05-06,14:15:00,3.1,3.1,3.1,3.1,800,0
2016-05-06,14:25:00,3.1,3.1,3.1,3.1,600,0
2016-05-06,14:30:00,3.1,3.1,3.1,3.1,379,0
2016-05-06,14:35:00,3.07,3.07,3.06,3.07,6150,0
2016-05-06,14:40:00,3.07,3.07,3.04,3.04,29405,0
2016-05-06,14:50:00,3.05,3.06,3.05,3.06,5093,0
2016-05-06,14:55:00,3.06,3.06,3.06,3.06,3530,0
2016-05-06,15:20:00,3.06,3.06,3.06,3.06,650,0
2016-05-06,15:30:00,3.07,3.07,3.06,3.06,705,0
2016-05-06,15:45:00,3.06,3.06,3.04,3.05,14231,0
2016-05-06,15:50:00,3.04,3.05,3.04,3.05,6246,0
2016-05-06,16:00:00,3.05,3.05,3.05,3.05,80,0
2016-05-06,16:05:00,3.06,3.06,3.06,3.06,1475,0
2016-05-06,16:10:00,3.05,3.05,3.05,3.05,266,0
2016-05-06,16:20:00,3.05,3.05,3.04,3.04,2870,0
2016-05-06,16:25:00,3.04,3.05,3.04,3.05,2200,0
2016-05-06,16:30:00,3.06,3.06,3.06,3.06,40,0
2016-05-06,16:35:00,3.07,3.07,3.07,3.07,1000,0
2016-05-06,16:40:00,3.06,3.06,3.05,3.05,300,0
2016-05-06,16:45:00,3.07,3.08,3.07,3.08,13605,0
2016-05-06,16:50:00,3.09,3.11,3.09,3.11,41805,0
2016-05-09,09:05:00,3.18,3.3,3.18,3.3,149070,0
2016-05-09,09:10:00,3.3,3.33,3.3,3.32,50476,0
2016-05-09,09:15:00,3.32,3.34,3.32,3.34,30346,0
2016-05-09,09:20:00,3.34,3.35,3.34,3.35,38905,0
2016-05-09,09:25:00,3.36,3.36,3.31,3.31,33686,0
2016-05-09,09:30:00,3.32,3.32,3.24,3.24,21440,0
2016-05-09,09:35:00,3.26,3.26,3.24,3.26,19949,0
2016-05-09,09:40:00,3.28,3.29,3.28,3.28,8403,0
2016-05-09,09:45:00,3.25,3.25,3.24,3.24,2731,0
2016-05-09,09:50:00,3.24,3.24,3.24,3.24,9400,0
2016-05-09,09:55:00,3.26,3.29,3.26,3.29,2399,0
2016-05-09,10:05:00,3.29,3.29,3.28,3.29,8939,0
2016-05-09,10:10:00,3.3,3.3,3.29,3.3,5890,0
2016-05-09,10:15:00,3.3,3.31,3.3,3.31,1025,0
2016-05-09,10:25:00,3.29,3.29,3.29,3.29,1748,0
2016-05-09,10:30:00,3.28,3.28,3.24,3.27,15139,0
2016-05-09,10:35:00,3.27,3.27,3.27,3.27,220,0
2016-05-09,10:40:00,3.24,3.24,3.22,3.23,32474,0
2016-05-09,10:50:00,3.26,3.26,3.26,3.26,400,0
2016-05-09,10:55:00,3.27,3.27,3.27,3.27,918,0
2016-05-09,11:00:00,3.28,3.28,3.27,3.27,1395,0
2016-05-09,11:10:00,3.28,3.28,3.28,3.28,600,0
2016-05-09,11:15:00,3.28,3.28,3.28,3.28,320,0
2016-05-09,11:20:00,3.27,3.27,3.24,3.24,682,0
2016-05-09,11:30:00,3.25,3.26,3.25,3.26,1621,0
2016-05-09,11:35:00,3.26,3.26,3.25,3.25,3069,0
2016-05-09,11:40:00,3.25,3.26,3.25,3.26,17592,0
2016-05-09,11:45:00,3.27,3.3,3.27,3.3,5102,0
2016-05-09,11:50:00,3.3,3.3,3.29,3.29,514,0
2016-05-09,12:15:00,3.29,3.3,3.28,3.28,808,0
2016-05-09,12:25:00,3.28,3.31,3.28,3.31,6154,0
2016-05-09,12:30:00,3.29,3.29,3.29,3.29,2300,0
2016-05-09,12:40:00,3.29,3.29,3.29,3.29,575,0
2016-05-09,12:45:00,3.29,3.29,3.29,3.29,2200,0
2016-05-09,13:20:00,3.27,3.27,3.27,3.27,622,0
2016-05-09,13:25:00,3.27,3.27,3.27,3.27,600,0
2016-05-09,13:35:00,3.27,3.27,3.27,3.27,1500,0
2016-05-09,13:50:00,3.27,3.27,3.27,3.27,1864,0
2016-05-09,13:55:00,3.28,3.3,3.28,3.3,7825,0
2016-05-09,14:00:00,3.31,3.31,3.31,3.31,6966,0
2016-05-09,14:05:00,3.31,3.31,3.3,3.3,416,0
2016-05-09,14:10:00,3.3,3.32,3.3,3.32,1800,0
2016-05-09,14:15:00,3.32,3.32,3.31,3.31,2300,0
2016-05-09,14:20:00,3.3,3.3,3.3,3.3,299,0
2016-05-09,14:25:00,3.31,3.32,3.31,3.31,1330,0
2016-05-09,14:40:00,3.31,3.31,3.3,3.3,3050,0
2016-05-09,14:45:00,3.32,3.32,3.32,3.32,4205,0
2016-05-09,14:50:00,3.31,3.32,3.3,3.3,8482,0
2016-05-09,14:55:00,3.31,3.31,3.26,3.26,5569,0
2016-05-09,15:00:00,3.27,3.27,3.25,3.25,17377,0
2016-05-09,15:05:00,3.25,3.31,3.24,3.31,4255,0
2016-05-09,15:10:00,3.31,3.33,3.31,3.33,7584,0
2016-05-09,15:15:00,3.33,3.34,3.33,3.34,16831,0
2016-05-09,15:20:00,3.33,3.35,3.33,3.34,36362,0
2016-05-09,15:25:00,3.35,3.35,3.35,3.35,3850,0
2016-05-09,15:30:00,3.35,3.35,3.34,3.34,2300,0
2016-05-09,15:35:00,3.35,3.35,3.35,3.35,4,0
2016-05-09,15:40:00,3.35,3.35,3.35,3.35,27451,0
2016-05-09,15:45:00,3.34,3.37,3.34,3.37,82639,0
2016-05-09,15:50:00,3.37,3.38,3.36,3.37,20771,0
2016-05-09,15:55:00,3.38,3.4,3.38,3.4,51241,0
2016-05-09,16:00:00,3.4,3.4,3.4,3.4,29561,0
2016-05-09,16:05:00,3.4,3.4,3.39,3.4,3381,0
2016-05-09,16:10:00,3.4,3.4,3.4,3.4,13080,0
2016-05-09,16:15:00,3.4,3.41,3.4,3.41,14531,0
2016-05-09,16:20:00,3.41,3.43,3.41,3.43,35123,0
2016-05-09,16:25:00,3.42,3.45,3.42,3.45,41304,0
2016-05-09,16:30:00,3.44,3.47,3.44,3.47,77295,0
2016-05-09,16:35:00,3.46,3.48,3.46,3.48,50852,0
2016-05-09,16:40:00,3.48,3.49,3.47,3.49,19030,0
2016-05-09,16:45:00,3.48,3.49,3.48,3.49,8703,0
2016-05-09,16:50:00,3.49,3.5,3.49,3.5,21340,0
2016-05-10,09:05:00,3.53,3.59,3.53,3.57,95261,0
2016-05-10,09:10:00,3.57,3.61,3.57,3.59,43794,0
2016-05-10,09:15:00,3.58,3.65,3.56,3.64,154059,0
2016-05-10,09:20:00,3.65,3.68,3.64,3.68,65804,0
2016-05-10,09:25:00,3.69,3.7,3.67,3.7,34300,0
2016-05-10,09:30:00,3.69,3.74,3.69,3.74,21315,0
2016-05-10,09:35:00,3.74,3.74,3.64,3.64,25759,0
2016-05-10,09:40:00,3.7,3.73,3.63,3.65,30674,0
2016-05-10,09:45:00,3.65,3.73,3.65,3.66,6490,0
2016-05-10,09:50:00,3.67,3.7,3.66,3.66,2012,0
2016-05-10,09:55:00,3.68,3.68,3.65,3.65,13614,0
2016-05-10,10:00:00,3.64,3.64,3.56,3.6,47026,0
2016-05-10,10:05:00,3.62,3.66,3.62,3.66,5000,0
2016-05-10,10:10:00,3.63,3.63,3.63,3.63,2254,0
2016-05-10,10:15:00,3.63,3.64,3.63,3.64,1188,0
2016-05-10,10:20:00,3.64,3.64,3.56,3.56,11400,0
2016-05-10,10:25:00,3.56,3.62,3.54,3.62,11597,0
2016-05-10,10:30:00,3.6,3.6,3.55,3.55,3800,0
2016-05-10,10:35:00,3.55,3.58,3.54,3.58,2470,0
2016-05-10,10:40:00,3.58,3.58,3.56,3.56,400,0
2016-05-10,10:45:00,3.55,3.58,3.55,3.58,5751,0
2016-05-10,10:50:00,3.58,3.58,3.58,3.58,561,0
2016-05-10,10:55:00,3.58,3.58,3.58,3.58,1639,0
2016-05-10,11:00:00,3.54,3.54,3.52,3.52,5861,0
2016-05-10,11:05:00,3.51,3.51,3.51,3.51,18042,0
2016-05-10,11:10:00,3.51,3.54,3.51,3.54,3428,0
2016-05-10,11:15:00,3.54,3.55,3.54,3.55,1220,0
2016-05-10,11:20:00,3.55,3.55,3.52,3.52,1131,0
2016-05-10,11:30:00,3.55,3.55,3.54,3.54,1392,0
2016-05-10,11:35:00,3.54,3.55,3.54,3.55,3828,0
2016-05-10,11:40:00,3.54,3.54,3.52,3.52,3400,0
2016-05-10,11:45:00,3.55,3.56,3.54,3.56,1001,0
2016-05-10,11:50:00,3.55,3.55,3.53,3.55,11500,0
2016-05-10,11:55:00,3.56,3.56,3.56,3.56,1925,0
2016-05-10,12:00:00,3.56,3.58,3.56,3.58,5653,0
2016-05-10,12:05:00,3.59,3.6,3.59,3.6,3384,0
2016-05-10,12:10:00,3.6,3.61,3.6,3.61,1710,0
2016-05-10,12:15:00,3.61,3.61,3.61,3.61,2000,0
2016-05-10,12:20:00,3.6,3.6,3.52,3.58,9826,0
2016-05-10,12:25:00,3.57,3.57,3.57,3.57,100,0
2016-05-10,12:45:00,3.56,3.59,3.56,3.59,19971,0
2016-05-10,12:50:00,3.58,3.6,3.58,3.6,1423,0
2016-05-10,12:55:00,3.6,3.6,3.59,3.59,11115,0
2016-05-10,13:00:00,3.6,3.61,3.6,3.61,1990,0
2016-05-10,13:05:00,3.6,3.6,3.6,3.6,1460,0
2016-05-10,13:15:00,3.59,3.59,3.58,3.58,849,0
2016-05-10,13:40:00,3.59,3.6,3.59,3.6,5042,0
2016-05-10,13:45:00,3.61,3.61,3.61,3.61,4500,0
2016-05-10,13:50:00,3.61,3.61,3.61,3.61,782,0
2016-05-10,13:55:00,3.6,3.6,3.6,3.6,308,0
2016-05-10,14:05:00,3.61,3.62,3.61,3.62,2965,0
2016-05-10,14:10:00,3.63,3.63,3.63,3.63,137,0
2016-05-10,14:15:00,3.63,3.65,3.62,3.62,17000,0
2016-05-10,14:25:00,3.64,3.64,3.64,3.64,270,0
2016-05-10,14:30:00,3.64,3.64,3.64,3.64,315,0
2016-05-10,14:45:00,3.64,3.64,3.64,3.64,763,0
2016-05-10,14:55:00,3.64,3.64,3.62,3.62,3351,0
2016-05-10,15:00:00,3.62,3.62,3.62,3.62,500,0
2016-05-10,15:15:00,3.58,3.58,3.56,3.56,4694,0
2016-05-10,15:20:00,3.55,3.55,3.51,3.51,16720,0
2016-05-10,15:30:00,3.52,3.52,3.51,3.51,1900,0
2016-05-10,15:40:00,3.55,3.55,3.51,3.51,8784,0
2016-05-10,15:45:00,3.55,3.55,3.55,3.55,1,0
2016-05-10,15:50:00,3.52,3.52,3.52,3.52,100,0
2016-05-10,16:00:00,3.55,3.55,3.55,3.55,965,0
2016-05-10,16:05:00,3.55,3.55,3.51,3.51,14095,0
2016-05-10,16:25:00,3.52,3.52,3.51,3.51,16626,0
2016-05-10,16:30:00,3.51,3.51,3.51,3.51,6048,0
2016-05-10,16:35:00,3.5,3.52,3.5,3.52,7835,0
2016-05-10,16:40:00,3.54,3.54,3.52,3.52,1285,0
2016-05-10,16:45:00,3.52,3.52,3.5,3.5,9520,0
2016-05-10,16:50:00,3.5,3.51,3.5,3.5,48226,0
2016-05-11,09:05:00,3.55,3.58,3.55,3.55,4429,0
2016-05-11,09:10:00,3.56,3.56,3.56,3.56,1000,0
2016-05-11,09:15:00,3.56,3.56,3.55,3.55,6047,0
2016-05-11,09:20:00,3.58,3.58,3.57,3.57,188,0
2016-05-11,09:25:00,3.58,3.58,3.58,3.58,2336,0
2016-05-11,09:30:00,3.57,3.6,3.57,3.6,7807,0
2016-05-11,09:35:00,3.59,3.59,3.59,3.59,2333,0
2016-05-11,09:40:00,3.57,3.57,3.57,3.57,500,0
2016-05-11,09:45:00,3.57,3.57,3.56,3.56,793,0
2016-05-11,09:50:00,3.55,3.55,3.54,3.54,13760,0
2016-05-11,09:55:00,3.53,3.53,3.53,3.53,684,0
2016-05-11,10:00:00,3.53,3.55,3.53,3.55,4664,0
2016-05-11,10:05:00,3.57,3.58,3.57,3.58,3010,0
2016-05-11,10:10:00,3.57,3.59,3.57,3.59,19280,0
2016-05-11,10:15:00,3.59,3.63,3.58,3.58,34037,0
2016-05-11,10:25:00,3.58,3.59,3.58,3.59,1915,0
2016-05-11,10:30:00,3.59,3.61,3.59,3.61,13349,0
2016-05-11,10:35:00,3.62,3.63,3.62,3.63,5428,0
2016-05-11,10:40:00,3.63,3.63,3.6,3.63,9492,0
2016-05-11,10:45:00,3.63,3.63,3.63,3.63,1641,0
2016-05-11,10:50:00,3.62,3.62,3.62,3.62,11000,0
2016-05-11,11:10:00,3.57,3.57,3.57,3.57,2454,0
2016-05-11,11:40:00,3.57,3.57,3.57,3.57,550,0
2016-05-11,11:45:00,3.55,3.55,3.54,3.54,3338,0
2016-05-11,11:50:00,3.57,3.57,3.57,3.57,700,0
2016-05-11,11:55:00,3.57,3.57,3.57,3.57,130,0
2016-05-11,12:20:00,3.57,3.6,3.57,3.59,8000,0
2016-05-11,12:30:00,3.55,3.55,3.55,3.55,730,0
2016-05-11,12:35:00,3.55,3.55,3.55,3.55,900,0
2016-05-11,12:40:00,3.55,3.55,3.54,3.54,950,0
2016-05-11,12:55:00,3.57,3.57,3.57,3.57,3,0
2016-05-11,13:05:00,3.57,3.57,3.57,3.57,100,0
2016-05-11,13:10:00,3.57,3.57,3.57,3.57,3000,0
2016-05-11,13:15:00,3.55,3.55,3.55,3.55,2768,0
2016-05-11,13:20:00,3.54,3.54,3.54,3.54,13796,0
2016-05-11,13:30:00,3.54,3.54,3.54,3.54,500,0
2016-05-11,13:50:00,3.54,3.54,3.54,3.54,500,0
2016-05-11,14:15:00,3.54,3.54,3.54,3.54,300,0
2016-05-11,14:30:00,3.55,3.55,3.55,3.55,500,0
2016-05-11,14:45:00,3.54,3.54,3.54,3.54,314,0
2016-05-11,14:50:00,3.53,3.53,3.53,3.53,966,0
2016-05-11,15:00:00,3.53,3.53,3.53,3.53,1000,0
2016-05-11,15:10:00,3.53,3.53,3.52,3.53,11300,0
2016-05-11,15:15:00,3.53,3.53,3.53,3.53,1000,0
2016-05-11,15:20:00,3.53,3.53,3.51,3.51,19000,0
2016-05-11,15:25:00,3.52,3.58,3.52,3.58,12224,0
2016-05-11,15:30:00,3.58,3.59,3.58,3.59,8432,0
2016-05-11,15:35:00,3.59,3.6,3.59,3.6,3719,0
2016-05-11,15:40:00,3.59,3.6,3.59,3.6,6400,0
2016-05-11,15:50:00,3.6,3.6,3.6,3.6,700,0
2016-05-11,16:15:00,3.59,3.59,3.59,3.59,73,0
2016-05-11,16:25:00,3.58,3.58,3.55,3.55,1046,0
2016-05-11,16:30:00,3.56,3.56,3.56,3.56,700,0
2016-05-11,16:35:00,3.56,3.56,3.56,3.56,23,0
2016-05-11,16:45:00,3.55,3.55,3.51,3.51,30000,0
2016-05-11,16:50:00,3.56,3.56,3.53,3.55,28431,0
2016-05-12,09:05:00,3.59,3.59,3.59,3.59,345,0
2016-05-12,09:20:00,3.55,3.55,3.53,3.53,2180,0
2016-05-12,09:25:00,3.53,3.53,3.51,3.51,6610,0
2016-05-12,09:30:00,3.51,3.51,3.5,3.5,24599,0
2016-05-12,09:35:00,3.5,3.5,3.5,3.5,374,0
2016-05-12,09:40:00,3.5,3.5,3.5,3.5,3242,0
2016-05-12,09:45:00,3.5,3.5,3.5,3.5,8730,0
2016-05-12,09:50:00,3.51,3.51,3.51,3.51,2350,0
2016-05-12,10:00:00,3.5,3.5,3.5,3.5,11536,0
2016-05-12,10:10:00,3.5,3.51,3.5,3.51,3641,0
2016-05-12,10:15:00,3.52,3.54,3.52,3.54,4433,0
2016-05-12,10:20:00,3.54,3.54,3.54,3.54,4503,0
2016-05-12,10:25:00,3.55,3.55,3.55,3.55,2000,0
2016-05-12,10:35:00,3.55,3.56,3.54,3.54,39268,0
2016-05-12,10:40:00,3.54,3.54,3.54,3.54,285,0
2016-05-12,10:50:00,3.54,3.54,3.54,3.54,715,0
2016-05-12,11:35:00,3.51,3.51,3.51,3.51,900,0
2016-05-12,11:40:00,3.5,3.51,3.5,3.51,7857,0
2016-05-12,11:45:00,3.55,3.55,3.5,3.5,853,0
2016-05-12,12:00:00,3.5,3.5,3.5,3.5,1000,0
2016-05-12,12:35:00,3.5,3.5,3.5,3.5,1879,0
2016-05-12,13:15:00,3.53,3.53,3.53,3.53,313,0
2016-05-12,13:35:00,3.53,3.53,3.53,3.53,1350,0
2016-05-12,13:40:00,3.53,3.53,3.53,3.53,850,0
2016-05-12,14:00:00,3.53,3.53,3.53,3.53,1562,0
2016-05-12,14:30:00,3.53,3.53,3.53,3.53,104,0
2016-05-12,15:05:00,3.5,3.5,3.5,3.5,4000,0
2016-05-12,15:10:00,3.53,3.53,3.53,3.53,461,0
2016-05-12,15:45:00,3.51,3.51,3.51,3.51,300,0
2016-05-12,15:55:00,3.53,3.53,3.53,3.53,1300,0
2016-05-12,16:00:00,3.53,3.53,3.53,3.53,1168,0
2016-05-12,16:10:00,3.51,3.51,3.5,3.5,2300,0
2016-05-12,16:25:00,3.5,3.5,3.5,3.5,4020,0
2016-05-12,16:30:00,3.5,3.5,3.5,3.5,2000,0
2016-05-12,16:40:00,3.5,3.5,3.5,3.5,2308,0
2016-05-12,16:50:00,3.5,3.51,3.5,3.5,2406,0
2016-05-13,09:05:00,3.5,3.5,3.49,3.49,21908,0
2016-05-13,09:10:00,3.49,3.49,3.47,3.47,6282,0
2016-05-13,09:15:00,3.47,3.47,3.47,3.47,8691,0
2016-05-13,09:20:00,3.44,3.44,3.42,3.42,8909,0
2016-05-13,09:25:00,3.41,3.41,3.25,3.4,25068,0
2016-05-13,09:35:00,3.4,3.4,3.4,3.4,1740,0
2016-05-13,09:55:00,3.39,3.39,3.39,3.39,500,0
2016-05-13,10:05:00,3.36,3.4,3.36,3.36,7230,0
2016-05-13,10:10:00,3.36,3.36,3.32,3.32,21372,0
2016-05-13,10:15:00,3.32,3.32,3.32,3.32,13611,0
2016-05-13,10:25:00,3.32,3.32,3.32,3.32,2869,0
2016-05-13,10:35:00,3.34,3.34,3.33,3.33,1000,0
2016-05-13,10:40:00,3.33,3.39,3.32,3.39,1019,0
2016-05-13,10:50:00,3.39,3.39,3.39,3.39,2000,0
2016-05-13,11:10:00,3.39,3.39,3.39,3.39,1000,0
2016-05-13,11:15:00,3.39,3.39,3.39,3.39,1900,0
2016-05-13,11:20:00,3.39,3.4,3.39,3.4,1830,0
2016-05-13,11:25:00,3.4,3.4,3.4,3.4,1726,0
2016-05-13,11:30:00,3.43,3.43,3.43,3.43,342,0
2016-05-13,11:40:00,3.43,3.43,3.43,3.43,212,0
2016-05-13,11:45:00,3.43,3.43,3.43,3.43,246,0
2016-05-13,11:50:00,3.41,3.41,3.41,3.41,1000,0
2016-05-13,12:00:00,3.41,3.45,3.41,3.45,4035,0
2016-05-13,12:05:00,3.46,3.48,3.46,3.48,2241,0
2016-05-13,12:10:00,3.48,3.48,3.48,3.48,1559,0
2016-05-13,12:40:00,3.48,3.48,3.48,3.48,56,0
2016-05-13,13:00:00,3.48,3.49,3.48,3.49,3500,0
2016-05-13,13:05:00,3.49,3.49,3.49,3.49,515,0
2016-05-13,13:45:00,3.49,3.49,3.49,3.49,1000,0
2016-05-13,14:30:00,3.47,3.49,3.42,3.49,6000,0
2016-05-13,15:10:00,3.42,3.42,3.42,3.42,843,0
2016-05-13,15:25:00,3.45,3.45,3.45,3.45,286,0
2016-05-13,15:45:00,3.42,3.42,3.42,3.42,714,0
2016-05-13,15:55:00,3.39,3.39,3.39,3.39,1000,0
2016-05-13,16:00:00,3.39,3.39,3.39,3.39,2000,0
2016-05-13,16:35:00,3.4,3.4,3.4,3.4,1000,0
2016-05-13,16:40:00,3.42,3.42,3.42,3.42,50,0
2016-05-13,16:45:00,3.42,3.42,3.42,3.42,7777,0
2016-05-13,16:50:00,3.42,3.42,3.42,3.42,1050,0
