2016-03-07,09:40:00,3.57,3.57,3.57,3.57,1,0
2016-03-07,16:50:00,3.65,3.65,3.65,3.65,129,0
2016-03-08,13:00:00,3.75,3.75,3.75,3.75,10,0
2016-03-08,13:55:00,3.65,3.65,3.65,3.65,1,0
2016-03-08,14:45:00,3.65,3.65,3.51,3.51,2980,0
2016-03-08,16:50:00,3.65,3.65,3.65,3.65,10,0
2016-03-09,09:05:00,3.54,3.54,3.54,3.54,1,0
2016-03-09,09:20:00,3.54,3.54,3.54,3.54,2999,0
2016-03-09,09:35:00,3.65,3.65,3.65,3.65,10,0
2016-03-09,10:05:00,3.35,3.35,3.35,3.35,1,0
2016-03-09,10:35:00,3.35,3.35,3.35,3.35,150,0
2016-03-09,12:00:00,3.68,3.68,3.35,3.35,12,0
2016-03-09,15:05:00,3.65,3.65,3.35,3.35,20,0
2016-03-09,16:00:00,3.64,3.64,3.64,3.64,10,0
2016-03-09,16:05:00,3.35,3.35,3.35,3.35,1,0
2016-03-09,16:35:00,3.64,3.64,3.35,3.64,3,0
2016-03-09,16:40:00,3.35,3.35,3.35,3.35,1,0
2016-03-09,16:50:00,3.64,3.64,3.35,3.35,125,0
2016-03-10,09:05:00,3.32,3.32,3.32,3.32,1,0
2016-03-10,09:15:00,3.65,3.65,3.65,3.65,2642,0
2016-03-10,09:30:00,3.65,3.65,3.65,3.65,1156,0
2016-03-10,09:55:00,3.46,3.46,3.46,3.46,1,0
2016-03-10,16:00:00,3.65,3.65,3.53,3.53,404,0
2016-03-10,16:10:00,3.53,3.53,3.53,3.53,14,0
2016-03-10,16:25:00,3.53,3.65,3.53,3.65,8000,0
2016-03-10,16:50:00,3.65,3.65,3.65,3.65,5127,0
2016-03-11,09:30:00,3.67,3.67,3.67,3.67,100,0
2016-03-11,09:45:00,4,4,4,4,10,0
2016-03-11,11:05:00,3.84,3.84,3.84,3.84,735,0
2016-03-11,15:35:00,3.71,3.71,3.71,3.71,50,0
2016-03-11,16:00:00,3.89,3.9,3.89,3.9,2000,0
2016-03-11,16:10:00,3.75,3.75,3.75,3.75,47,0
2016-03-11,16:50:00,3.81,3.81,3.81,3.81,300,0
2016-03-14,09:40:00,3.74,3.74,3.74,3.74,1,0
2016-03-14,13:30:00,3.75,3.75,3.75,3.75,9,0
2016-03-14,15:30:00,3.75,3.75,3.75,3.75,300,0
2016-03-14,15:40:00,3.9,3.9,3.9,3.9,1,0
2016-03-14,16:50:00,3.89,3.89,3.89,3.89,291,0
2016-03-15,09:40:00,3.89,3.89,3.89,3.89,50,0
2016-03-15,11:45:00,3.89,4,3.89,4,3285,0
2016-03-15,11:50:00,3.75,3.75,3.75,3.75,1,0
2016-03-15,16:25:00,3.85,3.85,3.85,3.85,1741,0
2016-03-15,16:45:00,4,4,4,4,1,0
2016-03-15,16:50:00,3.86,3.86,3.86,3.86,136,0
2016-03-16,09:40:00,3.86,3.86,3.86,3.86,360,0
2016-03-16,10:05:00,3.86,3.86,3.75,3.75,1262,0
2016-03-16,10:15:00,3.54,3.54,3.54,3.54,1,0
2016-03-16,16:20:00,3.8,3.8,3.8,3.8,200,0
2016-03-16,16:25:00,3.8,3.8,3.8,3.8,100,0
2016-03-16,16:30:00,3.99,3.99,3.99,3.99,10,0
2016-03-16,16:50:00,3.73,3.73,3.73,3.73,99,0
2016-03-17,09:25:00,3.89,3.89,3.72,3.72,2,0
2016-03-18,16:00:00,3.94,3.94,3.94,3.94,10,0
2016-03-18,16:25:00,3.72,3.72,3.72,3.72,124,0
2016-03-21,10:35:00,3.72,3.72,3.72,3.72,150,0
2016-03-21,16:15:00,3.75,3.75,3.75,3.75,2924,0
2016-03-22,12:40:00,3.89,3.89,3.89,3.89,10,0
2016-03-23,10:35:00,3.75,3.75,3.75,3.75,10,0
2016-03-23,16:50:00,3.87,3.87,3.87,3.87,10,0
2016-03-29,15:10:00,3.85,3.85,3.85,3.85,1200,0
2016-03-30,09:15:00,3.85,3.85,3.85,3.85,1972,0
2016-03-30,10:20:00,3.85,3.85,3.85,3.85,2020,0
2016-03-30,11:55:00,3.81,3.81,3.81,3.81,1600,0
2016-03-30,12:05:00,3.81,3.81,3.81,3.81,1000,0
2016-03-30,12:10:00,3.81,3.81,3.81,3.81,2000,0
2016-03-30,12:25:00,3.81,3.81,3.81,3.81,500,0
2016-03-30,15:25:00,3.97,4.19,3.97,4.19,11001,0
2016-03-30,15:45:00,4.09,4.09,4.09,4.09,2,0
2016-03-30,16:35:00,3.99,3.99,3.99,3.99,1000,0
2016-03-30,16:40:00,4,4,4,4,678,0
2016-03-30,16:45:00,3.99,3.99,3.99,3.99,322,0
2016-03-30,16:50:00,3.99,3.99,3.99,3.99,678,0
2016-03-31,10:55:00,3.76,3.76,3.76,3.76,1,0
2016-04-01,09:05:00,3.85,3.85,3.85,3.85,92,0
2016-04-01,11:15:00,3.85,3.85,3.85,3.85,500,0
2016-04-01,11:55:00,3.85,3.85,3.85,3.85,407,0
2016-04-01,13:40:00,3.85,3.85,3.85,3.85,1,0
2016-04-01,14:20:00,3.85,3.85,3.85,3.85,134,0
2016-04-01,14:50:00,3.94,3.94,3.94,3.94,500,0
2016-04-05,09:05:00,3.98,3.98,3.98,3.98,2328,0
2016-04-05,09:25:00,3.97,3.98,3.97,3.98,2759,0
2016-04-05,16:00:00,3.78,3.78,3.78,3.78,1,0
2016-04-05,16:35:00,3.97,3.97,3.97,3.97,1,0
2016-04-06,13:30:00,3.96,3.96,3.96,3.96,1,0
2016-04-07,11:45:00,3.83,3.83,3.83,3.83,2000,0
2016-04-07,12:00:00,3.85,3.85,3.85,3.85,2250,0
2016-04-07,16:50:00,3.96,3.96,3.96,3.96,1,0
2016-04-08,09:20:00,3.78,3.78,3.78,3.78,1,0
2016-04-11,09:40:00,3.81,3.81,3.81,3.81,600,0
2016-04-11,12:25:00,3.83,3.96,3.82,3.96,5900,0
2016-04-11,12:30:00,3.97,3.97,3.97,3.97,25,0
2016-04-11,13:50:00,3.97,3.97,3.97,3.97,756,0
2016-04-11,14:35:00,3.97,4,3.97,4,3466,0
2016-04-11,16:50:00,3.99,3.99,3.99,3.99,890,0
2016-04-12,11:05:00,3.99,3.99,3.99,3.99,227,0
2016-04-12,14:00:00,3.99,4,3.99,4,4606,0
2016-04-12,16:50:00,4.01,4.01,4.01,4.01,1000,0
2016-04-13,09:25:00,4.12,4.12,4.12,4.12,1500,0
2016-04-13,12:00:00,4.14,4.14,4.14,4.14,10,0
2016-04-13,14:35:00,4.24,4.24,4.24,4.24,326,0
2016-04-13,14:40:00,4.25,4.25,4.25,4.25,1240,0
2016-04-13,14:45:00,4.16,4.16,4.1,4.1,12500,0
2016-04-13,14:50:00,4.25,4.25,4.25,4.25,1,0
2016-04-13,16:50:00,4.25,4.25,4.25,4.25,10,0
2016-04-14,09:05:00,4.25,4.35,4.25,4.35,3010,0
2016-04-14,10:15:00,4.39,4.39,4.39,4.39,1,0
2016-04-14,14:25:00,4.31,4.31,4.31,4.31,79,0
2016-04-14,15:35:00,4.32,4.32,4.32,4.32,392,0
2016-04-14,16:50:00,4.44,4.44,4.44,4.44,10,0
2016-04-15,09:05:00,4.48,4.54,4.48,4.54,5185,0
2016-04-15,09:10:00,4.54,4.55,4.54,4.55,246,0
2016-04-15,09:15:00,4.55,4.8,4.55,4.8,7620,0
2016-04-15,09:20:00,4.8,4.9,4.8,4.9,6500,0
2016-04-15,09:25:00,4.61,4.61,4.61,4.61,1,0
2016-04-15,09:35:00,4.71,4.71,4.71,4.71,150,0
2016-04-15,09:40:00,4.8,4.8,4.8,4.8,106,0
2016-04-15,09:45:00,4.8,4.8,4.8,4.8,55,0
2016-04-15,09:50:00,4.8,4.8,4.8,4.8,327,0
2016-04-15,10:00:00,4.8,4.8,4.8,4.8,312,0
2016-04-15,10:20:00,4.84,4.85,4.84,4.85,2770,0
2016-04-15,10:25:00,4.85,4.85,4.85,4.85,255,0
2016-04-15,10:30:00,4.9,4.9,4.9,4.9,155,0
2016-04-15,10:35:00,4.91,4.91,4.91,4.91,1300,0
2016-04-15,10:40:00,4.92,4.92,4.92,4.92,700,0
2016-04-15,11:15:00,4.95,5.26,4.95,5.26,2700,0
2016-04-15,11:40:00,5.17,5.17,5.17,5.17,1,0
2016-04-15,12:35:00,4.95,5.17,4.7,5.17,2910,0
2016-04-15,12:40:00,5,5,5,5,15,0
2016-04-15,12:50:00,4.79,4.79,4.79,4.79,15,0
2016-04-15,12:55:00,4.81,4.81,4.81,4.81,45,0
2016-04-15,13:05:00,4.81,4.81,4.81,4.81,57,0
2016-04-15,13:30:00,5,5,5,5,2,0
2016-04-15,14:50:00,4.99,5,4.99,5,1956,0
2016-04-15,15:20:00,5,5,4.85,4.85,323,0
2016-04-15,16:30:00,5,5.2,5,5.2,2,0
2016-04-18,09:05:00,5.19,5.19,5.19,5.19,50,0
2016-04-18,09:55:00,5.19,5.19,5.19,5.19,89,0
2016-04-18,10:00:00,5.19,5.2,5.19,5.2,837,0
2016-04-18,10:25:00,5.2,5.2,5.2,5.2,148,0
2016-04-18,10:35:00,4.83,4.83,4.83,4.83,1,0
2016-04-18,10:55:00,5.19,5.19,5.19,5.19,286,0
2016-04-18,12:15:00,4.91,4.91,4.91,4.91,15,0
2016-04-18,12:20:00,4.91,4.91,4.91,4.91,690,0
2016-04-18,12:35:00,4.9,5,4.9,5,25,0
2016-04-18,12:40:00,4.99,4.99,4.99,4.99,88,0
2016-04-18,12:45:00,4.98,4.99,4.98,4.99,247,0
2016-04-18,14:20:00,4.99,4.99,4.99,4.99,53,0
2016-04-18,14:25:00,4.91,5.06,4.91,5.06,385,0
2016-04-18,14:55:00,5.06,5.07,5.06,5.07,100,0
2016-04-18,15:05:00,5.06,5.06,5.06,5.06,30,0
2016-04-18,15:40:00,5.06,5.06,5.06,5.06,58,0
2016-04-18,15:55:00,5.06,5.07,5.06,5.07,51,0
2016-04-18,16:00:00,5.07,5.07,5.07,5.07,15,0
2016-04-19,11:00:00,5.1,5.1,5.1,5.1,1,0
2016-04-19,11:05:00,5.1,5.1,5.1,5.1,240,0
2016-04-19,11:45:00,5.07,5.1,5.07,5.1,247,0
2016-04-19,13:05:00,5.06,5.07,5.06,5.07,438,0
2016-04-19,14:45:00,5.09,5.1,5.09,5.1,322,0
2016-04-19,16:05:00,5.09,5.1,5.09,5.1,223,0
2016-04-20,09:15:00,4.87,4.87,4.87,4.87,1,0
2016-04-20,09:55:00,4.92,4.92,4.91,4.91,5000,0
2016-04-20,12:00:00,5,5,5,5,10,0
2016-04-20,12:45:00,5.01,5.01,5,5,310,0
2016-04-20,13:25:00,5.05,5.05,5.05,5.05,250,0
2016-04-20,13:30:00,5.05,5.05,5.05,5.05,1,0
2016-04-20,14:05:00,5.08,5.09,5.08,5.09,968,0
2016-04-20,14:55:00,5.1,5.1,5.1,5.1,500,0
2016-04-20,15:30:00,5.04,5.04,5,5,4000,0
2016-04-20,16:35:00,5.14,5.35,5.14,5.29,9812,0
2016-04-20,16:45:00,5.17,5.17,5.17,5.17,100,0
2016-04-20,16:50:00,5.14,5.24,5.14,5.24,5160,0
2016-04-21,09:25:00,5.04,5.22,5.03,5.03,9548,0
2016-04-21,09:35:00,5.05,5.05,5.05,5.05,100,0
2016-04-21,09:40:00,5.05,5.05,5,5,5000,0
2016-04-21,10:00:00,5.1,5.1,5.1,5.1,622,0
2016-04-21,10:40:00,5.05,5.05,5.05,5.05,10,0
2016-04-21,16:50:00,5.07,5.07,5.07,5.07,305,0
2016-04-22,12:50:00,5.19,5.19,5.19,5.19,10,0
2016-04-22,12:55:00,5.19,5.2,5.19,5.2,1800,0
2016-04-22,13:55:00,5.11,5.11,5,5,10000,0
2016-04-22,14:15:00,5.19,5.2,5.19,5.2,450,0
2016-04-22,16:45:00,5.05,5.05,5.05,5.05,1,0
2016-04-25,10:25:00,5.05,5.05,5.05,5.05,400,0
2016-04-25,12:40:00,5.08,5.08,5.08,5.08,197,0
2016-04-25,12:55:00,5.07,5.07,5.07,5.07,307,0
2016-04-25,13:10:00,5.05,5.05,5.05,5.05,600,0
2016-04-25,13:15:00,5.02,5.02,5.02,5.02,303,0
2016-04-25,16:50:00,5.02,5.02,5.02,5.02,199,0
2016-04-26,09:05:00,5.01,5.01,5,5,7262,0
2016-04-26,09:15:00,4.9,4.9,4.9,4.9,1,0
2016-04-28,09:05:00,5.05,5.08,5.05,5.08,3000,0
2016-04-28,09:15:00,5.07,5.07,5.07,5.07,562,0
2016-04-28,09:45:00,5.07,5.07,5.07,5.07,500,0
2016-04-28,10:40:00,5.07,5.07,5.07,5.07,500,0
2016-04-28,15:10:00,5,5,5,5,1438,0
2016-04-29,12:10:00,5,5,5,5,300,0
2016-04-29,15:55:00,5.01,5.01,5,5,753,0
