2016-03-07,09:05:00,402.75,402.75,402.75,402.75,3,0
2016-03-07,10:05:00,400.95,400.95,400.95,400.95,1,0
2016-03-07,10:55:00,400.95,400.95,400.95,400.95,5,0
2016-03-07,11:00:00,400.95,400.95,400.95,400.95,5,0
2016-03-07,16:00:00,400,400,400,400,4,0
2016-03-07,16:15:00,399.52,399.52,399.52,399.52,11,0
2016-03-08,10:40:00,399.05,399.05,399.05,399.05,4,0
2016-03-08,10:45:00,399.05,399.05,399.05,399.05,1,0
2016-03-09,13:25:00,387.07,387.07,384.79,384.79,21,0
2016-03-09,15:05:00,385.84,385.84,384.79,384.79,32,0
2016-03-09,15:10:00,384.79,384.79,384.79,384.79,20,0
2016-03-09,15:20:00,389.45,389.45,389.45,389.45,5,0
2016-03-09,15:55:00,389.45,389.45,389.45,389.45,2,0
2016-03-09,16:10:00,389.45,389.45,389.45,389.45,2,0
2016-03-09,16:15:00,389.54,389.54,389.54,389.54,1,0
2016-03-09,16:30:00,384.89,384.89,380.04,380.04,66,0
2016-03-09,16:50:00,391.92,391.92,391.92,391.92,1,0
2016-03-10,09:05:00,391.87,391.87,391.87,391.87,32,0
2016-03-10,09:40:00,391.82,391.82,391.82,391.82,4,0
2016-03-10,12:20:00,391.92,391.92,391.92,391.92,5,0
2016-03-10,12:45:00,392.39,392.39,392.39,392.39,1,0
2016-03-10,14:35:00,392.39,392.39,392.39,392.39,4,0
2016-03-10,14:40:00,392.39,392.39,392.39,392.39,4,0
2016-03-10,15:00:00,392.39,392.39,392.39,392.39,2,0
2016-03-10,15:05:00,392.39,392.39,392.39,392.39,13,0
2016-03-10,16:10:00,392.39,392.39,392.39,392.39,5,0
2016-03-11,09:05:00,394.3,394.3,394.3,394.3,4,0
2016-03-11,09:10:00,394.3,394.3,394.3,394.3,84,0
2016-03-11,09:25:00,395.25,395.25,395.25,395.25,3,0
2016-03-14,09:15:00,394.3,394.3,394.3,394.3,21,0
2016-03-14,09:50:00,394.3,394.3,394.3,394.3,1,0
2016-03-14,10:10:00,399.05,399.05,399.05,399.05,3,0
2016-03-14,10:20:00,394.3,394.3,394.3,394.3,16,0
2016-03-14,10:45:00,398.57,399.05,398.57,399.05,11,0
2016-03-14,11:30:00,398.95,398.95,398.95,398.95,9,0
2016-03-14,12:15:00,392.87,392.87,392.87,392.87,1,0
2016-03-14,13:50:00,398.1,398.86,398.1,398.86,8,0
2016-03-14,13:55:00,398.95,399.05,398.95,399.05,11,0
2016-03-14,14:40:00,399.05,399.05,399.05,399.05,11,0
2016-03-14,15:35:00,399.05,399.05,399.05,399.05,14,0
2016-03-14,15:50:00,399.05,399.05,399.05,399.05,5,0
2016-03-15,09:05:00,398.1,398.1,398.1,398.1,1,0
2016-03-15,10:30:00,398.1,398.1,398.1,398.1,41,0
2016-03-15,12:00:00,400.95,419,400.95,419,158,0
2016-03-15,12:05:00,419,422.8,419,422.8,115,0
2016-03-15,12:10:00,425.65,425.65,422.8,422.8,9,0
2016-03-15,13:30:00,403.89,403.89,403.8,403.8,11,0
2016-03-15,14:10:00,408.55,408.55,408.55,408.55,11,0
2016-03-15,15:35:00,408.55,408.55,408.55,408.55,2,0
2016-03-16,12:25:00,410.45,410.45,410.45,410.45,5,0
2016-03-16,12:30:00,413.3,413.3,413.3,413.3,7,0
2016-03-16,12:55:00,410.45,410.45,410.45,410.45,7,0
2016-03-16,13:25:00,410.45,410.45,410.45,410.45,2,0
2016-03-16,16:30:00,408.55,408.55,408.55,408.55,8,0
2016-03-17,10:45:00,408.55,408.55,408.55,408.55,5,0
2016-03-17,10:50:00,413.3,413.3,413.3,413.3,2,0
2016-03-17,11:05:00,413.3,413.3,413.3,413.3,1,0
2016-03-17,11:30:00,413.3,413.3,413.3,413.3,5,0
2016-03-17,11:50:00,413.3,413.3,413.3,413.3,1,0
2016-03-17,12:40:00,408.55,408.55,408.55,408.55,2,0
2016-03-17,15:40:00,408.55,408.55,408.55,408.55,12,0
2016-03-17,16:05:00,408.55,408.55,408.55,408.55,6,0
2016-03-17,16:25:00,408.55,408.55,408.55,408.55,5,0
2016-03-18,09:30:00,413.3,422.8,413.3,422.8,127,0
2016-03-18,10:00:00,422.8,422.8,422.8,422.8,5,0
2016-03-18,10:20:00,409.97,409.97,409.5,409.5,8,0
2016-03-18,14:30:00,409.97,409.97,409.97,409.97,4,0
2016-03-18,15:05:00,418.05,419,418.05,419,3,0
2016-03-21,09:05:00,419,419,418.05,418.05,6,0
2016-03-21,10:20:00,414.25,414.25,414.25,414.25,2,0
2016-03-21,11:55:00,404.27,404.27,404.27,404.27,3,0
2016-03-21,15:10:00,413.3,413.3,413.3,413.3,1,0
2016-03-21,16:10:00,413.3,413.3,413.3,413.3,2,0
2016-03-22,09:55:00,413.3,418.05,413.3,418.05,23,0
2016-03-22,10:40:00,417.1,417.1,417.1,417.1,2,0
2016-03-22,10:50:00,417.1,417.1,417.1,417.1,3,0
2016-03-22,11:35:00,417.1,417.1,417.1,417.1,3,0
2016-03-22,12:25:00,417.1,417.1,417.1,417.1,3,0
2016-03-22,16:50:00,413.3,413.3,413.3,413.3,5,0
2016-03-23,09:25:00,413.3,413.3,413.3,413.3,8,0
2016-03-23,11:15:00,413.3,413.3,413.3,413.3,2,0
2016-03-24,09:05:00,411.4,411.4,411.4,411.4,5,0
2016-03-24,09:10:00,413.3,413.3,413.3,413.3,5,0
2016-03-24,09:55:00,417.1,417.1,417.1,417.1,5,0
2016-03-24,10:45:00,413.3,417.1,413.3,417.1,7,0
2016-03-24,10:55:00,418.05,421.8,418.05,421.8,34,0
2016-03-24,11:10:00,421.75,421.75,421.75,421.75,3,0
2016-03-24,11:15:00,420.9,420.9,420.9,420.9,1,0
2016-03-24,11:20:00,417.62,417.62,417.62,417.62,3,0
2016-03-24,11:35:00,417.1,417.1,417.1,417.1,5,0
2016-03-24,11:55:00,417.1,417.1,417.1,417.1,5,0
2016-03-24,12:40:00,413.3,413.3,392.39,392.39,84,0
2016-03-24,12:45:00,406.65,406.65,406.65,406.65,5,0
2016-03-24,13:20:00,411.4,411.4,411.4,411.4,5,0
2016-03-24,16:10:00,416.15,416.15,416.15,416.15,3,0
2016-03-29,09:05:00,417.1,417.1,417.1,417.1,6,0
2016-03-29,09:10:00,417.62,417.62,417.62,417.62,5,0
2016-03-29,09:15:00,421.75,421.8,421.75,421.8,16,0
2016-03-29,09:25:00,421.75,421.75,417.1,417.1,9,0
2016-03-29,09:30:00,421.8,421.85,421.8,421.85,12,0
2016-03-29,09:40:00,420.9,421.85,420.9,421.85,11,0
2016-03-29,12:30:00,420.9,421.71,420.9,421.71,7,0
2016-03-29,16:15:00,421.56,421.56,421.56,421.56,3,0
2016-03-30,09:35:00,421.71,421.8,403.8,413.3,168,0
2016-03-30,09:40:00,418.05,418.05,418.05,418.05,1,0
2016-03-30,10:00:00,417.1,417.1,417.1,417.1,2,0
2016-03-30,10:40:00,417.1,417.1,417.1,417.1,3,0
2016-03-30,13:05:00,417.1,417.1,417.1,417.1,4,0
2016-03-30,13:25:00,419.47,419.47,419.47,419.47,11,0
2016-03-30,13:30:00,419.47,421.71,419.47,421.71,39,0
2016-03-30,13:35:00,421.71,421.85,421.71,421.85,174,0
2016-03-30,14:20:00,418.52,418.52,417.1,417.1,26,0
2016-03-31,09:05:00,409.5,409.5,409.5,409.5,53,0
2016-03-31,09:15:00,412.82,412.82,412.82,412.82,5,0
2016-03-31,09:30:00,409.59,412.35,409.59,412.35,6,0
2016-03-31,10:00:00,412.35,412.35,412.35,412.35,26,0
2016-03-31,10:05:00,412.35,416.15,412.35,416.15,7,0
2016-03-31,10:55:00,420.8,421.8,420.8,421.8,12,0
2016-03-31,12:15:00,416.62,416.62,416.62,416.62,2,0
2016-03-31,13:10:00,421.71,421.85,421.71,421.85,15,0
2016-03-31,13:55:00,421.8,421.85,421.8,421.85,16,0
2016-04-01,09:35:00,420.9,422.8,420.9,422.8,42,0
2016-04-01,09:40:00,421.85,423.75,421.85,423.75,155,0
2016-04-01,09:45:00,425.6,425.65,425.6,425.65,12,0
2016-04-01,09:50:00,426.6,427.36,426.6,427.36,11,0
2016-04-01,10:00:00,427.31,427.31,425.65,425.65,3,0
2016-04-01,10:10:00,425.65,425.65,425.65,425.65,47,0
2016-04-01,10:15:00,425.65,425.65,425.65,425.65,48,0
2016-04-01,11:15:00,419.76,419.76,418.1,418.1,7,0
2016-04-01,12:30:00,425.46,425.46,425.46,425.46,21,0
2016-04-01,12:35:00,425.46,425.46,425.46,425.46,11,0
2016-04-01,12:40:00,425.46,425.46,425.46,425.46,3,0
2016-04-01,13:55:00,424.6,424.6,424.6,424.6,3,0
2016-04-01,14:15:00,424.7,424.7,424.7,424.7,4,0
2016-04-01,14:20:00,424.7,424.7,424.7,424.7,56,0
2016-04-01,16:50:00,424.51,424.51,424.51,424.51,1,0
2016-04-04,09:05:00,423.75,423.75,423.75,423.75,3,0
2016-04-04,09:15:00,424.51,424.51,424.51,424.51,5,0
2016-04-04,09:45:00,424.7,424.7,424.7,424.7,12,0
2016-04-04,09:55:00,425.17,425.17,425.17,425.17,3,0
2016-04-04,10:00:00,425.17,425.17,425.17,425.17,1,0
2016-04-04,10:30:00,424.7,424.7,424.7,424.7,4,0
2016-04-04,10:50:00,425.17,425.17,425.17,425.17,12,0
2016-04-04,11:00:00,425.65,425.65,425.65,425.65,16,0
2016-04-04,11:10:00,425.65,425.65,425.65,425.65,29,0
2016-04-04,11:15:00,426.6,427.55,426.6,427.55,123,0
2016-04-04,12:35:00,427.55,427.55,427.55,427.55,11,0
2016-04-04,12:55:00,427.55,427.55,427.55,427.55,4,0
2016-04-04,13:35:00,427.55,427.55,427.55,427.55,56,0
2016-04-04,15:25:00,427.55,427.55,427.55,427.55,1,0
2016-04-04,16:10:00,427.6,427.6,427.55,427.55,2,0
2016-04-04,16:35:00,427.55,427.55,427.55,427.55,4,0
2016-04-04,16:50:00,427.5,427.5,427.5,427.5,2,0
2016-04-05,09:25:00,427.45,427.45,427.45,427.45,2,0
2016-04-05,12:40:00,426.5,427.55,426.5,427.55,280,0
2016-04-05,12:45:00,427.55,427.55,427.55,427.55,123,0
2016-04-05,14:10:00,422.8,422.8,422.8,422.8,11,0
2016-04-05,14:25:00,426.6,426.6,426.6,426.6,4,0
2016-04-05,14:40:00,426.6,426.6,426.6,426.6,3,0
2016-04-05,15:40:00,426.6,426.6,426.6,426.6,2,0
2016-04-05,15:45:00,426.6,426.6,426.6,426.6,1,0
2016-04-06,09:05:00,426.6,426.6,426.6,426.6,12,0
2016-04-06,09:25:00,426.98,426.98,426.98,426.98,4,0
2016-04-06,11:00:00,427.55,427.55,427.55,427.55,14,0
2016-04-06,11:45:00,427.55,427.55,427.55,427.55,4,0
2016-04-06,12:00:00,427.55,427.55,427.55,427.55,3,0
2016-04-06,12:20:00,431.82,431.82,431.82,431.82,5,0
2016-04-06,13:25:00,431.78,431.78,431.78,431.78,12,0
2016-04-06,14:50:00,427.55,427.55,427.55,427.55,3,0
2016-04-07,09:05:00,427.55,427.55,427.55,427.55,19,0
2016-04-07,09:10:00,427.55,427.55,427.55,427.55,4,0
2016-04-07,09:30:00,431.21,431.21,431.21,431.21,1,0
2016-04-07,11:25:00,430.4,430.4,430.4,430.4,3,0
2016-04-07,11:30:00,430.87,430.87,430.87,430.87,2,0
2016-04-07,11:45:00,430.4,430.4,430.4,430.4,1,0
2016-04-07,11:55:00,430.4,430.4,430.4,430.4,1,0
2016-04-07,14:00:00,427.55,427.55,427.55,427.55,27,0
2016-04-07,16:20:00,427.55,427.55,427.55,427.55,2,0
2016-04-07,16:40:00,427.55,427.55,427.55,427.55,2,0
2016-04-07,16:50:00,427.55,427.55,427.55,427.55,2,0
2016-04-08,09:45:00,427.55,427.55,427.55,427.55,1,0
2016-04-08,10:20:00,427.55,427.55,427.55,427.55,4,0
2016-04-08,10:35:00,427.55,427.55,427.55,427.55,4,0
2016-04-08,11:20:00,429.45,429.45,429.45,429.45,1,0
2016-04-08,13:20:00,429.45,431.25,429.45,431.25,6,0
2016-04-08,13:35:00,424.7,424.7,422.89,422.89,5,0
2016-04-11,09:05:00,429.16,429.16,422.8,422.8,6,0
2016-04-11,09:20:00,429.16,432.3,429.16,432.3,42,0
2016-04-11,12:00:00,427.55,427.55,427.55,427.55,4,0
2016-04-11,13:40:00,427.55,427.55,427.55,427.55,2,0
2016-04-11,15:05:00,422.89,422.89,422.89,422.89,8,0
2016-04-11,16:15:00,422.89,422.89,422.89,422.89,11,0
2016-04-11,16:35:00,422.89,422.89,422.8,422.8,65,0
2016-04-11,16:45:00,415.43,415.43,415.43,415.43,12,0
2016-04-12,09:15:00,410.68,410.68,406.65,406.65,32,0
2016-04-12,09:20:00,406.65,406.65,406.65,406.65,3,0
2016-04-12,10:10:00,409.73,409.73,409.73,409.73,2,0
2016-04-12,12:35:00,411.4,411.4,411.4,411.4,4,0
2016-04-12,12:40:00,413.3,413.3,413.3,413.3,4,0
2016-04-12,13:20:00,415.67,415.67,415.67,415.67,4,0
2016-04-12,15:55:00,417.1,417.1,416.15,416.15,32,0
2016-04-12,16:45:00,413.3,413.3,413.3,413.3,33,0
2016-04-13,09:05:00,413.3,413.3,413.3,413.3,11,0
2016-04-13,09:20:00,413.3,413.3,413.3,413.3,3,0
2016-04-13,09:30:00,413.3,413.3,413.3,413.3,11,0
2016-04-13,09:35:00,413.3,413.3,413.3,413.3,4,0
2016-04-13,09:50:00,413.3,413.3,413.3,413.3,12,0
2016-04-13,10:05:00,416.15,416.15,416.15,416.15,1,0
2016-04-13,10:20:00,416.05,416.15,416.05,416.15,8,0
2016-04-13,10:35:00,416.15,416.15,416.15,416.15,9,0
2016-04-13,10:50:00,416.15,416.15,416.15,416.15,3,0
2016-04-13,12:45:00,414.25,414.25,411.25,411.25,23,0
2016-04-14,09:25:00,413.3,413.3,413.3,413.3,4,0
2016-04-14,09:40:00,413.3,413.3,413.3,413.3,5,0
2016-04-14,10:50:00,411.4,411.4,411.4,411.4,20,0
2016-04-14,11:40:00,411.4,411.4,411.4,411.4,1,0
2016-04-14,11:55:00,411.4,411.4,411.4,411.4,11,0
2016-04-14,12:20:00,409.5,409.5,408.78,408.78,21,0
2016-04-14,13:20:00,408.83,408.83,408.83,408.83,3,0
2016-04-14,13:55:00,408.83,408.83,408.83,408.83,33,0
2016-04-14,14:30:00,408.55,408.55,408.55,408.55,4,0
2016-04-14,14:40:00,408.55,408.55,408.55,408.55,2,0
2016-04-14,14:45:00,408.83,408.83,408.83,408.83,5,0
2016-04-14,15:20:00,408.83,408.83,408.83,408.83,6,0
2016-04-14,15:25:00,408.83,408.83,408.83,408.83,15,0
2016-04-14,15:30:00,408.83,408.83,408.83,408.83,7,0
2016-04-14,15:45:00,408.83,408.83,408.83,408.83,2,0
2016-04-14,16:15:00,408.83,408.83,408.55,408.55,32,0
2016-04-15,10:20:00,413.3,413.3,413.3,413.3,4,0
2016-04-15,11:15:00,413.3,416.62,413.3,416.62,8,0
2016-04-15,11:55:00,416.62,416.62,416.62,416.62,11,0
2016-04-15,12:40:00,416.62,416.62,416.62,416.62,5,0
2016-04-15,13:15:00,416.62,416.62,416.62,416.62,3,0
2016-04-15,15:35:00,414.25,414.25,414.25,414.25,12,0
2016-04-15,15:40:00,414.25,414.25,414.25,414.25,5,0
2016-04-15,16:45:00,419,424.32,419,424.32,22,0
2016-04-15,16:50:00,424.32,424.32,424.32,424.32,2,0
2016-04-18,09:05:00,424.51,424.51,424.51,424.51,17,0
2016-04-18,11:10:00,422.8,422.8,422.8,422.8,16,0
2016-04-18,11:40:00,422.8,422.8,422.8,422.8,5,0
2016-04-18,14:35:00,423.75,423.75,423.75,423.75,11,0
2016-04-18,15:20:00,421.85,421.85,421.85,421.85,3,0
2016-04-18,15:35:00,422.89,422.89,422.89,422.89,1,0
2016-04-19,09:05:00,422.89,422.89,422.89,422.89,11,0
2016-04-19,10:05:00,423.27,424.6,423.27,424.6,8,0
2016-04-19,11:05:00,424.6,424.6,424.6,424.6,11,0
2016-04-19,14:20:00,424.7,424.7,424.7,424.7,105,0
2016-04-19,14:45:00,421.85,421.85,421.85,421.85,5,0
2016-04-19,15:15:00,424.22,424.22,424.22,424.22,5,0
2016-04-19,15:50:00,424.7,424.7,424.7,424.7,2,0
2016-04-19,16:00:00,424.7,424.7,424.7,424.7,2,0
2016-04-19,16:50:00,424.46,424.46,424.46,424.46,2,0
2016-04-20,09:05:00,424.7,424.7,424.7,424.7,3,0
2016-04-20,09:15:00,425.65,425.65,425.65,425.65,3,0
2016-04-20,09:20:00,425.65,425.65,425.65,425.65,2,0
2016-04-20,09:30:00,425.65,425.65,425.65,425.65,11,0
2016-04-20,10:35:00,425.65,425.65,425.65,425.65,5,0
2016-04-20,11:50:00,425.65,425.65,425.65,425.65,21,0
2016-04-20,14:30:00,426.41,426.41,426.41,426.41,4,0
2016-04-20,15:40:00,423.8,423.8,423.8,423.8,3,0
2016-04-20,16:30:00,422.8,422.8,422.8,422.8,12,0
2016-04-21,09:05:00,422.85,422.85,422.85,422.85,5,0
2016-04-21,09:10:00,422.89,422.89,421.85,421.85,13,0
2016-04-21,09:30:00,421.85,421.85,421.85,421.85,1,0
2016-04-21,09:45:00,418.05,418.05,418.05,418.05,2,0
2016-04-21,09:55:00,422.8,422.8,422.8,422.8,2,0
2016-04-21,10:10:00,419,419,419,419,4,0
2016-04-21,10:15:00,419,419,419,419,6,0
2016-04-21,10:25:00,422.8,422.8,422.8,422.8,3,0
2016-04-21,10:30:00,422.8,422.8,422.8,422.8,24,0
2016-04-21,13:15:00,422.8,422.8,422.8,422.8,5,0
2016-04-21,14:25:00,425.55,425.55,425.55,425.55,2,0
2016-04-21,14:35:00,425.55,425.55,425.55,425.55,8,0
2016-04-21,15:15:00,425.17,425.65,425.17,425.65,26,0
2016-04-21,16:10:00,425.65,425.65,425.65,425.65,1,0
2016-04-22,09:05:00,426.6,426.6,426.6,426.6,7,0
2016-04-22,09:30:00,425.65,425.65,425.65,425.65,47,0
2016-04-22,09:35:00,425.65,425.65,425.65,425.65,48,0
2016-04-22,10:10:00,423.75,423.75,423.75,423.75,2,0
2016-04-22,10:30:00,423.75,427.55,423.75,427.55,57,0
2016-04-22,11:35:00,427.55,427.55,427.55,427.55,2,0
2016-04-22,12:15:00,425.65,425.65,425.65,425.65,17,0
2016-04-22,13:20:00,427.55,427.55,427.55,427.55,12,0
2016-04-22,14:05:00,428.5,428.5,428.5,428.5,5,0
2016-04-22,14:20:00,432.3,432.3,432.3,432.3,7,0
2016-04-22,15:50:00,429.45,429.45,429.45,429.45,11,0
2016-04-22,15:55:00,429.45,429.45,429.45,429.45,2,0
2016-04-22,16:20:00,428.5,428.5,428.5,428.5,11,0
2016-04-22,16:25:00,429.45,429.45,429.45,429.45,13,0
2016-04-22,16:45:00,432.3,432.3,432.3,432.3,1,0
2016-04-22,16:50:00,432.3,432.3,432.3,432.3,3,0
2016-04-25,09:05:00,432.39,432.39,432.39,432.39,18,0
2016-04-25,10:00:00,432.39,432.39,432.3,432.3,42,0
2016-04-25,10:30:00,432.3,432.3,432.3,432.3,21,0
2016-04-25,11:00:00,433.25,433.25,433.25,433.25,2,0
2016-04-25,11:05:00,435.15,435.15,435.15,435.15,11,0
2016-04-25,11:15:00,435.62,435.81,435.62,435.81,9,0
2016-04-25,11:30:00,436.1,436.1,435.15,435.15,6,0
2016-04-25,11:35:00,433.25,433.25,433.25,433.25,4,0
2016-04-25,11:50:00,436.1,436.1,436.1,436.1,2,0
2016-04-25,11:55:00,436.1,436.1,436.1,436.1,5,0
2016-04-25,12:10:00,436.1,436.1,436.1,436.1,4,0
2016-04-25,12:15:00,436.1,436.1,436.1,436.1,11,0
2016-04-25,12:25:00,436.1,436.1,436.1,436.1,3,0
2016-04-25,12:30:00,436.1,437.05,436.1,437.05,32,0
2016-04-25,12:50:00,437.05,437.05,437.05,437.05,21,0
2016-04-25,12:55:00,437.05,437.05,437.05,437.05,2,0
2016-04-25,13:05:00,437.05,437.05,437.05,437.05,21,0
2016-04-25,13:15:00,438,438,438,438,111,0
2016-04-25,13:25:00,438,438,433.25,433.25,72,0
2016-04-25,13:40:00,433.25,433.25,433.25,433.25,11,0
2016-04-25,14:00:00,433.72,433.72,433.72,433.72,5,0
2016-04-25,15:20:00,437.05,437.05,437.05,437.05,42,0
2016-04-25,15:45:00,437.05,437.05,437.05,437.05,1,0
2016-04-25,16:50:00,434.29,434.29,434.29,434.29,4,0
2016-04-26,09:15:00,441.33,441.33,441.33,441.33,8,0
2016-04-26,09:20:00,441.56,441.56,441.56,441.56,12,0
2016-04-26,09:25:00,441.52,441.52,441.52,441.52,1,0
2016-04-26,09:30:00,441.33,441.33,441.33,441.33,2,0
2016-04-26,09:35:00,440.85,440.85,440.85,440.85,4,0
2016-04-26,09:40:00,440.85,441.42,440.85,441.42,4,0
2016-04-26,10:05:00,438.95,438.95,435.24,435.24,14,0
2016-04-26,10:45:00,438.95,440.61,438.95,440.61,3,0
2016-04-26,11:30:00,437.05,437.05,435.15,435.15,15,0
2016-04-26,11:35:00,439.9,439.9,439.9,439.9,21,0
2016-04-26,12:30:00,439.9,439.9,439.9,439.9,2,0
2016-04-26,13:15:00,437.1,437.1,437.05,437.05,5,0
2016-04-26,13:20:00,439.9,439.9,439.9,439.9,13,0
2016-04-26,14:35:00,438.95,438.95,438.95,438.95,5,0
2016-04-26,14:45:00,438,438,438,438,97,0
2016-04-26,14:55:00,439.66,439.66,439.66,439.66,12,0
2016-04-26,15:00:00,439.66,439.66,439.66,439.66,5,0
2016-04-26,15:55:00,438.9,438.9,438.9,438.9,3,0
2016-04-26,16:10:00,437.14,437.14,437.14,437.14,16,0
2016-04-26,16:20:00,438,438,438,438,14,0
2016-04-26,16:35:00,438,438,438,438,2,0
2016-04-26,16:50:00,438,438,438,438,52,0
2016-04-27,09:05:00,451,451,451,451,108,0
2016-04-27,09:40:00,450,450,450,450,10,0
2016-04-27,10:10:00,448,448,448,448,15,0
2016-04-27,10:15:00,448,448,448,448,4,0
2016-04-27,10:25:00,450,450,450,450,1,0
2016-04-27,12:10:00,448,448,448,448,4,0
2016-04-27,12:20:00,448,448,448,448,5,0
2016-04-27,12:40:00,448,450,448,448,7,0
2016-04-27,14:45:00,439.05,439.05,439,439,4,0
2016-04-27,15:30:00,440,441,440,441,14,0
2016-04-27,15:50:00,439,439,439,439,2,0
2016-04-28,09:05:00,435,435,435,435,2,0
2016-04-28,12:40:00,440,440,440,440,1,0
2016-04-28,13:35:00,440,440,440,440,2,0
2016-04-28,14:05:00,440,440,440,440,12,0
2016-04-28,15:45:00,440,440,440,440,3,0
2016-04-29,09:05:00,435,435,435,435,7,0
2016-04-29,10:00:00,436,436,435,435,65,0
2016-04-29,10:55:00,435,435,435,435,5,0
2016-04-29,11:40:00,435,435,435,435,2,0
2016-04-29,13:10:00,435,435,435,435,23,0
2016-04-29,13:35:00,435,435,435,435,17,0
2016-04-29,13:45:00,427,427,427,427,3,0
2016-04-29,13:50:00,427,427,425,425,30,0
2016-04-29,14:05:00,423,423,423,423,4,0
2016-04-29,14:10:00,422,422,422,422,15,0
2016-04-29,14:15:00,421,421,421,421,8,0
2016-04-29,14:30:00,419,419,419,419,1,0
2016-04-29,14:45:00,417,417,417,417,3,0
2016-04-29,14:55:00,416,416,416,416,5,0
2016-04-29,15:00:00,416,416,416,416,2,0
2016-04-29,15:10:00,425,425,425,425,5,0
2016-04-29,16:45:00,425,425,425,425,2,0
