Date,Open,High,Low,Close,Volume,OpenInt
20110104,16.192,16.466,15.552,15.909,58591,0
20110105,15.89,15.89,15.277,15.543,6274,0
20110107,15.543,15.552,15.287,15.552,8792,0
20110110,15.552,15.552,14.637,15.497,4659,0
20110111,15.46,15.46,15.094,15.094,88326,0
20110112,15.452,15.452,15.094,15.094,2040,0
20110113,15.094,15.368,15.094,15.368,2530,0
20110114,15.341,15.368,15.094,15.368,2190,0
20110117,15.414,15.414,15.104,15.414,3756,0
20110118,15.414,15.524,15.186,15.524,1909,0
20110119,15.607,15.99,15.533,15.99,11880,0
20110120,15.99,15.99,15.662,15.863,4109,0
20110121,15.973,15.973,15.368,15.368,5057,0
20110124,15.368,15.378,15.149,15.186,2210,0
20110125,15.186,15.543,15.186,15.405,285,0
20110126,15.186,15.433,14.911,15.433,788,0
20110127,15.405,15.405,15.368,15.368,70,0
20110128,15.368,15.734,15.094,15.734,3934,0
20110131,15.909,15.918,15.561,15.918,3523,0
20110201,15.918,15.918,15.918,15.918,362,0
20110202,15.818,15.818,15.368,15.818,1913,0
20110203,15.818,15.818,15.818,15.818,160,0
20110204,15.825,16.009,15.78,16.009,3375,0
20110207,16,16.091,15.561,15.561,4592,0
20110208,15.507,16.1,15.368,16.1,6111,0
20110209,16.082,16.082,16.074,16.082,3282,0
20110210,16.055,16.074,15.515,16.009,8168,0
20110211,16.009,16.009,16.009,16.009,2,0
20110214,16.009,16.009,16.009,16.009,1,0
20110215,15.918,16.009,15.378,16,3543,0
20110216,15.99,15.99,15.561,15.561,3282,0
20110217,15.935,15.935,15.368,15.368,3938,0
20110218,15.78,15.78,15.194,15.194,159,0
20110221,15.533,15.825,15.194,15.323,4094,0
20110222,15.734,15.78,15.689,15.78,3717,0
20110223,15.734,15.78,15.46,15.46,3573,0
20110224,15.46,15.734,15.46,15.734,3629,0
20110225,15.725,15.734,15.725,15.734,1640,0
20110228,15.734,15.734,15.478,15.478,1771,0
20110301,15.717,15.78,15.478,15.478,2755,0
20110302,15.717,15.964,15.552,15.945,11259,0
20110303,15.964,15.964,15.945,15.964,9106,0
20110304,15.973,15.973,15.954,15.973,23779,0
20110307,15.99,16.192,15.99,16.009,9313,0
20110308,16.183,16.421,16.174,16.403,3691,0
20110309,16.403,16.512,16.403,16.466,25903,0
20110310,16.466,16.466,16.466,16.466,2858,0
20110311,16.1,16.466,16.1,16.466,3600,0
20110314,16.375,16.375,16.283,16.375,3334,0
20110315,16.375,16.375,16.009,16.192,4285,0
20110316,16.009,16.192,16.009,16.192,318,0
20110317,16.192,16.375,16.019,16.1,5447,0
20110318,16.375,16.375,16.055,16.192,5520,0
20110321,16.366,16.375,16.366,16.375,3280,0
20110322,16.283,16.283,16.283,16.283,3717,0
20110323,16.045,16.375,16.045,16.375,2722,0
20110324,16.064,16.375,16.064,16.375,7326,0
20110325,16.366,16.366,16.074,16.366,1183,0
20110328,16.366,16.375,16.019,16.366,154720,0
20110329,16.283,16.283,16.283,16.283,1,0
20110330,16.283,16.375,16.027,16.375,59335,0
20110331,16.375,16.375,16.019,16.375,69,0
20110401,16.1,16.293,16.1,16.256,748,0
20110404,16.256,16.256,16.009,16.009,1293,0
20110405,16.009,16.009,16.009,16.009,176,0
20110406,16.019,16.375,16.019,16.045,859,0
20110407,16.036,16.366,16.036,16.366,3662,0
20110408,16.375,16.375,16.064,16.064,380,0
20110411,16.064,16.064,16.036,16.036,2612,0
20110412,16.009,16.256,16.009,16.256,1344,0
20110413,16.283,16.283,16.009,16.009,3281,0
20110414,16.009,16.009,16.009,16.009,370,0
20110415,16.009,16.009,15.552,15.552,653,0
20110418,16.009,16.009,15.552,15.552,35,0
20110419,15.552,16.1,15.552,16.1,6833,0
20110420,16.1,16.283,16.1,16.283,7552,0
20110421,16.283,16.311,15.552,16.275,4864,0
20110426,16.265,16.265,16.192,16.192,87,0
20110427,15.789,16.275,15.789,16.275,579,0
20110428,15.835,16.238,15.835,16.238,15007,0
20110429,16.192,16.265,16.192,16.265,281,0
20110502,16.265,16.265,16.265,16.265,5,0
20110504,16.265,16.366,16.009,16.366,1097,0
20110505,16.246,16.246,16.246,16.246,10,0
20110506,16.192,16.192,16.009,16.192,1552,0
20110509,16.009,16.192,16.009,16.192,1006,0
20110510,16.1,16.1,16.1,16.1,109,0
20110511,16.045,16.045,16.045,16.045,2,0
20110512,16.174,16.174,15.835,16.155,637,0
20110513,16.174,16.174,15.835,15.835,1554,0
20110516,16.009,16.009,16.009,16.009,11,0
20110517,16.009,16.009,16.009,16.009,11,0
20110518,16.009,16.183,15.653,16.183,2083,0
20110519,16.174,16.174,15.643,16.146,719,0
20110520,16.146,16.146,16.146,16.146,11,0
20110523,16.1,16.1,16.1,16.1,11,0
20110524,16.1,16.146,15.653,16.146,1974,0
20110525,16.137,16.137,15.689,16.1,1207,0
20110526,16.119,16.146,15.734,16.146,398,0
20110527,16.137,16.137,15.689,16.1,218,0
20110530,16.146,16.146,15.689,16.1,661,0
20110531,16.1,16.146,16.1,16.146,2850,0
20110601,16.183,16.183,16.183,16.183,5,0
20110602,16.1,16.1,15.744,16.1,333,0
20110603,16.1,16.1,16.1,16.1,5,0
20110606,15.799,16.009,15.799,16.009,989,0
20110607,16.091,16.091,16,16.009,1051,0
20110608,16.082,16.082,16.082,16.082,5,0
20110609,16.082,16.082,15.918,15.918,15353,0
20110610,15.725,15.734,15.725,15.734,29,0
20110613,16.082,16.082,15.918,15.918,21868,0
20110614,16.082,16.082,16.082,16.082,5,0
20110615,15.662,15.662,15.662,15.662,22,0
20110616,15.662,15.662,15.662,15.662,29,0
20110617,15.671,15.689,15.671,15.689,283,0
20110620,15.689,15.689,14.783,15.543,1743,0
20110622,15.186,15.543,15.186,15.543,147,0
20110624,15.552,15.552,15.552,15.552,55,0
20110627,15.552,15.873,15.552,15.873,4373,0
20110628,15.918,15.918,15.552,15.552,72,0
20110629,15.552,15.552,15.507,15.507,6382,0
20110630,15.552,15.552,15.552,15.552,10,0
20110705,15.552,15.552,15.552,15.552,97,0
20110706,14.938,15.414,14.656,15.414,243,0
20110712,14.92,14.92,14.911,14.911,196,0
20110715,14.911,14.911,14.911,14.911,97,0
20110718,14.911,14.911,14.911,14.911,144,0
20110719,15.094,15.094,14.271,15.094,1204,0
20110720,14.911,15.058,14.911,15.058,38,0
20110803,14.18,14.993,14.18,14.993,601,0
20110808,11.893,13.996,11.893,13.996,3163,0
20110809,12.35,13.631,12.35,13.631,2241,0
20110811,13.174,13.174,13.155,13.164,6584,0
20110812,13.155,13.174,13.155,13.174,1268,0
20110816,12.533,12.533,11.893,12.35,5794,0
20110817,12.99,12.99,12.716,12.716,7072,0
20110818,12.716,12.808,12.35,12.808,14967,0
20110822,12.35,12.35,12.35,12.35,4315,0
20110823,12.442,12.442,11.481,12.35,9115,0
20110824,12.259,12.34,11.893,12.34,5466,0
20110829,11.709,12.624,11.709,12.624,1201,0
20110831,11.893,12.259,11.893,12.259,6942,0
20110901,12.35,13.53,12.35,13.53,2405,0
20110906,13.521,13.521,13.521,13.521,24,0
20110907,12.542,13.511,12.542,13.511,583,0
20110908,13.511,13.511,12.533,12.808,7043,0
20110909,12.533,12.533,12.442,12.442,611,0
20110912,11.893,12.35,11.893,12.35,35527,0
20110914,13.485,13.485,13.485,13.485,2,0
20110915,11.912,11.938,11.893,11.893,13645,0
20110916,11.709,12.706,11.436,12.706,4859,0
20110919,11.709,12.753,11.709,12.56,2976,0
20110920,11.893,11.893,11.893,11.893,2325,0
20110921,11.893,12.698,11.893,12.698,5138,0
20110922,11.893,12.679,11.893,12.679,7274,0
20110923,11.893,13.164,11.893,13.164,2966,0
20110928,13.174,13.475,12.99,13.475,410,0
20111003,12.277,13.128,12.277,13.128,436,0
20111007,13.265,13.265,13.265,13.265,55,0
20111010,13.493,13.722,13.493,13.722,546,0
20111011,13.722,14.453,13.722,14.453,333,0
20111012,14.82,14.82,14.82,14.82,6,0
20111025,14.728,14.773,14.728,14.773,494,0
20111031,14.591,14.773,14.591,14.773,109,0
20111103,13.301,14.765,13.301,14.637,3641,0
20111107,14.18,14.491,13.594,13.594,22167,0
20111108,14.481,14.491,14.481,14.491,109,0
20111109,13.548,14.445,13.548,13.548,126,0
20111110,13.548,13.548,13.548,13.548,62,0
20111116,13.722,13.722,13.722,13.722,1092,0
20111117,14.17,14.18,14.17,14.18,1092,0
20111118,14.17,14.17,14.17,14.17,33563,0
20111129,13.548,14.161,13.548,14.161,248,0
20111205,14.151,14.151,14.151,14.151,70,0
20111208,13.722,14.161,13.722,14.161,3280,0
20111209,13.95,13.95,13.95,13.95,163971,0
20111212,13.722,13.987,13.722,13.987,4723,0
20111213,14.151,14.161,13.996,13.996,6559,0
20111214,13.859,14.151,13.722,13.996,11274,0
20111222,13.987,14.161,13.987,14.161,1225,0
20111223,14.161,14.161,14.161,14.161,546,0
20111227,14.161,14.161,14.161,14.161,546,0
20111228,14.088,14.161,14.088,14.161,546,0
20111230,13.995,13.995,13.995,13.995,218,0
20120105,14.362,14.362,13.722,13.722,983,0
20120113,13.722,13.996,13.722,13.996,218,0
20120118,13.722,13.722,13.722,13.722,49,0
20120119,14.17,14.18,14.17,14.18,2187,0
20120126,14.18,14.18,14.18,14.18,109,0
20120127,13.722,13.722,13.722,13.722,1092,0
20120131,13.721,13.721,13.721,13.721,546,0
20120201,14.335,14.335,13.767,13.767,1045,0
20120206,13.767,13.767,13.767,13.767,36,0
20120215,13.767,13.767,13.767,13.767,1,0
20120216,13.767,13.767,13.767,13.767,1,0
20120228,13.767,13.905,13.767,13.905,6559,0
20120229,13.91,15.09,13.91,15.09,1681,0
20120301,15.084,15.084,13.759,15.084,1640,0
20120302,15.084,15.084,15.084,15.084,546,0
20120306,14.18,14.82,14.18,14.718,1936,0
20120307,14.71,14.71,14.71,14.71,164,0
20120312,14.656,14.656,14.656,14.656,2187,0
20120313,14.637,14.637,14.637,14.637,2187,0
20120319,14.673,14.673,13.731,14.601,989,0
20120320,14.682,14.682,14.663,14.663,263,0
20120321,14.663,14.663,14.536,14.536,273,0
20120322,14.536,14.536,14.042,14.161,1191,0
20120323,14.271,14.271,14.271,14.271,21,0
20120326,14.252,14.252,14.252,14.252,21,0
20120327,14.453,14.453,14.453,14.453,55,0
20120328,14.133,14.271,13.887,14.271,2507,0
20120329,14.18,14.637,13.777,14.637,5105,0
20120330,14.816,14.816,14.778,14.816,1220,0
20120402,15.003,15.003,14.865,14.865,55,0
20120403,15.003,15.003,14.82,14.82,49,0
20120404,15.094,15.094,14.637,14.728,84628,0
20120405,14.728,14.728,14.637,14.728,8477,0
20120410,15.094,15.094,14.773,14.773,23,0
20120411,15.094,15.094,14.958,15.084,46,0
20120412,14.958,14.958,14.958,14.958,10,0
20120413,15.094,15.094,14.728,15.084,3911,0
20120416,14.911,14.911,14.911,14.911,21,0
20120417,15.137,15.137,14.457,15.137,811,0
20120418,15.277,15.277,14.728,14.728,898,0
20120419,15.003,15.003,14.773,14.773,44,0
20120420,15.003,15.003,15.003,15.003,21,0
20120423,15.021,15.021,14.71,14.71,53,0
20120424,14.911,14.911,14.911,14.911,3,0
20120425,14.993,15.003,14.828,15.003,575,0
20120426,15.084,15.094,15.084,15.094,4,0
20120427,15.094,15.094,14.929,15.094,2208,0
20120430,15.09,15.09,15.09,15.09,5,0
20120502,15.094,15.094,14.911,14.911,23,0
20120504,15.094,15.094,14.344,15.094,127,0
20120507,14.17,14.911,14.17,14.911,581,0
20120508,14.911,14.911,14.911,14.911,10,0
20120509,14.778,14.778,14.315,14.315,44,0
20120510,14.731,14.731,13.91,14.731,1865,0
20120511,14.731,14.731,14.731,14.731,29,0
20120514,14.728,14.728,14.728,14.728,10,0
20120515,14.637,14.637,14.637,14.637,10,0
20120516,14.637,14.637,14.637,14.637,4390,0
20120517,14.637,14.728,14.271,14.728,4345,0
20120518,14.731,14.731,14.684,14.684,5483,0
20120521,14.728,14.728,14.728,14.728,2198,0
20120522,14.728,14.728,14.728,14.728,10,0
20120523,14.728,14.82,14.637,14.637,49212,0
20120524,14.637,14.637,14.582,14.637,5486,0
20120525,14.807,14.816,14.807,14.816,5477,0
20120528,14.816,14.816,14.684,14.807,2256,0
20120529,14.798,14.798,14.798,14.798,5645,0
20120530,14.788,14.788,14.751,14.768,5470,0
20120531,14.788,14.788,14.637,14.637,5555,0
20120601,14.637,14.637,14.637,14.637,5469,0
20120604,14.647,15.109,14.647,15.109,1600,0
20120605,15.1,15.1,15.062,15.062,15,0
20120606,15.1,15.1,15.1,15.1,5,0
20120608,15.1,15.1,15.1,15.1,5,0
20120611,15.1,15.1,15.1,15.1,1,0
20120612,15.1,15.1,15.1,15.1,5,0
20120613,15.014,15.014,15.014,15.014,10,0
20120614,15.005,15.014,15.005,15.014,10,0
20120615,15.005,15.014,15.005,15.014,6,0
20120618,15.014,15.014,15.014,15.014,10,0
20120619,15.014,15.014,15.014,15.014,3,0
20120620,15.014,15.014,14.543,15.014,555,0
20120621,15.014,15.014,15.014,15.014,2,0
20120622,15.014,15.014,14.306,14.637,47734,0
20120625,14.637,14.637,14.637,14.637,5,0
20120626,15.014,15.014,14.958,14.958,20,0
20120627,15.014,15.014,15.014,15.014,2,0
20120628,15.1,15.1,15.1,15.1,8,0
20120629,14.863,14.863,14.863,14.863,20,0
20120702,15.109,15.109,15.109,15.109,10,0
20120703,15.109,15.109,15.109,15.109,5,0
20120704,15.109,15.109,15.109,15.109,5,0
20120705,15.109,15.109,14.637,14.637,109,0
20120706,15.1,15.1,15.1,15.1,5,0
20120709,15.1,15.1,15.062,15.062,947,0
20120710,15.081,15.081,14.504,15.052,1143,0
20120711,15.071,15.071,15.071,15.071,5,0
20120712,15.005,15.005,15.005,15.005,2,0
20120713,15.005,15.005,14.637,14.873,280,0
20120716,15.005,15.005,15.005,15.005,3,0
20120717,14.996,15.005,14.637,15.005,3188,0
20120718,15.005,15.005,15.005,15.005,5,0
20120719,15.005,15.005,14.873,14.873,202,0
20120720,15.014,15.014,15.014,15.014,5,0
20120723,15.014,15.014,15.014,15.014,5,0
20120724,15.014,15.014,15.014,15.014,5,0
20120725,15.014,15.014,14.07,14.07,1191,0
20120726,14.825,14.873,13.352,13.834,580,0
20120727,15.014,15.014,13.702,13.702,1185,0
20120730,13.231,14.637,13.231,14.165,8846,0
20120731,14.165,14.165,13.268,14.165,12192,0
20120801,14.061,14.061,14.023,14.023,10,0
20120802,14.061,14.061,14.023,14.023,15,0
20120803,14.023,14.92,13.787,14.92,1067,0
20120806,14.92,14.92,13.598,14.92,211,0
20120807,14.92,14.92,13.636,13.636,1943,0
20120808,14.59,14.59,13.645,13.645,117,0
20120809,14.07,14.07,13.787,13.806,551,0
20120810,12.616,13.796,12.549,13.39,1097,0
20120814,14.165,14.165,14.165,14.165,2,0
20120816,14.165,14.165,13.787,13.787,21,0
20120817,14.165,14.165,13.494,13.503,2465,0
20120820,14.165,14.165,13.315,13.315,63539,0
20120821,14.155,14.155,12.748,13.221,984,0
20120822,13.787,13.787,13.315,13.456,101,0
20120823,13.551,13.551,13.541,13.551,323,0
20120824,13.74,13.74,13.231,13.692,360,0
20120827,13.74,13.74,13.74,13.74,5,0
20120828,13.74,13.74,13.74,13.74,5,0
20120829,13.74,13.74,13.683,13.683,10,0
20120830,13.74,14.372,12.635,14.372,2464,0
20120831,14.543,14.637,14.401,14.637,2118,0
20120903,15.014,15.014,13.598,14.449,1491,0
20120904,15.005,15.005,15.005,15.005,4,0
20120905,13.692,14.496,13.692,14.496,161,0
20120906,14.496,14.496,14.496,14.496,5,0
20120907,14.496,14.496,14.496,14.496,2,0
20120910,14.496,14.496,13.759,14.496,447,0
20120911,14.496,14.496,13.07,14.165,1403,0
20120912,14.496,14.496,14.165,14.496,84,0
20120913,14.543,14.543,13.627,14.543,16029,0
20120914,14.543,14.543,14.457,14.457,638,0
20120917,14.449,14.449,13.938,14.449,495,0
20120918,14.449,14.449,13.174,14.353,1967,0
20120919,14.449,14.449,14.098,14.098,281,0
20120920,14.07,14.146,13.541,14.146,3155,0
20120921,13.674,14.523,13.674,14.523,141,0
20120924,14.523,14.523,14.523,14.523,2,0
20120925,14.523,14.523,14.523,14.523,5,0
20120926,14.344,14.344,14.344,14.344,5,0
20120927,14.344,14.344,14.344,14.344,2,0
20120928,14.344,14.344,14.344,14.344,111,0
20121001,14.344,14.344,14.344,14.344,4,0
20121002,14.344,14.543,13.824,14.543,2000,0
20121003,14.325,15.052,14.325,15.052,7317,0
20121004,14.306,14.759,14.306,14.57,630,0
20121005,14.297,14.825,14.297,14.825,328,0
20121008,15.014,15.014,15.014,15.014,201,0
20121009,14.637,15.014,14.278,15.014,222,0
20121010,15.014,15.014,15.014,15.014,5,0
20121011,14.165,14.637,14.165,14.637,111,0
20121012,14.92,14.92,14.92,14.92,2,0
20121015,14.92,14.92,14.92,14.92,2,0
20121016,14.92,15.052,14.92,15.052,1090,0
20121017,15.052,15.052,14.165,15.052,1601,0
20121018,15.109,15.109,15.109,15.109,5,0
20121019,15.109,15.109,15.109,15.109,2,0
20121022,14.637,14.637,14.637,14.637,10,0
20121023,15.1,15.1,15.1,15.1,10,0
20121024,15.1,15.1,14.731,15.1,5941,0
20121025,15.1,15.1,15.1,15.1,10,0
20121026,15.1,15.1,15.1,15.1,10,0
20121029,14.353,14.353,14.353,14.353,530,0
20121030,14.363,14.637,14.363,14.637,2815,0
20121031,15.1,15.1,15.1,15.1,2,0
20121102,15.1,15.1,15.1,15.1,10,0
20121105,15.1,15.1,14.306,15.014,1571,0
20121106,15.071,15.071,14.496,15.071,328,0
20121107,15.071,15.1,14.825,15.1,4111,0
20121108,15.1,15.1,14.449,15.1,22743,0
20121109,15.1,15.1,14.958,14.958,791,0
20121112,14.967,14.967,14.637,14.902,86,0
20121113,14.967,14.967,14.967,14.967,43,0
20121114,14.967,14.967,14.967,14.967,10,0
20121115,14.967,14.967,14.967,14.967,10,0
20121116,14.967,14.967,14.967,14.967,20,0
20121119,14.967,14.967,14.967,14.967,4,0
20121120,14.637,14.967,14.637,14.967,11,0
20121121,14.967,15.062,13.853,15.062,1904,0
20121122,15.062,15.071,15.062,15.071,52,0
20121123,15.014,15.912,15.014,15.912,7741,0
20121126,15.912,16.053,15.109,16.053,1776,0
20121127,16.525,16.525,15.818,15.818,481,0
20121128,15.818,15.818,15.109,15.771,662,0
20121129,15.675,15.675,14.986,15.675,10665,0
20121130,15.581,16.431,15.581,16.431,4,0
20121203,16.422,16.431,15.354,16.431,2438,0
20121204,16.431,16.431,16.053,16.431,2587,0
20121205,16.516,16.516,16.469,16.469,345,0
20121206,16.469,16.469,15.591,16.459,9,0
20121207,16.459,16.459,16.459,16.459,1,0
20121210,16.232,16.232,16.232,16.232,3,0
20121211,16.232,16.232,15.666,16.232,10815,0
20121212,16.232,16.232,16.232,16.232,3,0
20121213,16.053,16.053,15.393,16.053,3342,0
20121214,16.053,16.053,16.053,16.053,1743,0
20121217,16.053,16.289,16.053,16.289,20,0
20121218,16.053,16.053,15.959,16.053,2652,0
20121219,16.422,16.422,16.422,16.422,5,0
20121220,16.336,16.336,16.053,16.336,31000,0
20121221,16.336,16.336,16.336,16.336,1,0
20121227,15.892,16.328,15.553,16.328,346,0
20121228,16.053,16.422,16.053,16.242,9094,0
20130102,16.431,16.431,16.242,16.422,145,0
20130103,16.422,16.422,16.147,16.147,401,0
20130104,16.129,16.129,16.129,16.129,5,0
20130107,16.422,16.422,16.242,16.242,25,0
20130108,16.422,16.422,16.11,16.11,3742,0
20130109,16.422,16.422,15.741,16.28,566,0
20130110,16.422,16.487,16.422,16.487,980,0
20130111,16.591,17.923,16.591,17.923,1955,0
20130114,17.923,17.923,16.856,16.903,988,0
20130115,16.903,16.903,16.903,16.903,10,0
20130116,17.281,17.281,17.281,17.281,89,0
20130117,17.187,17.187,17.187,17.187,3,0
20130118,17.187,17.668,17.187,17.668,263,0
20130121,17.187,17.187,17.187,17.187,5,0
20130122,17.196,17.942,17.196,17.942,46,0
20130123,17.895,17.895,17.895,17.895,2,0
20130124,17.801,17.801,17.801,17.801,10,0
20130125,17.801,17.801,17.801,17.801,348,0
20130128,17.801,17.801,17.801,17.801,1,0
20130129,17.895,17.895,17.3,17.895,207,0
20130130,17.895,17.895,17.895,17.895,22,0
20130131,17.895,17.942,17.187,17.942,1186,0
20130201,17.942,17.942,17.942,17.942,1,0
20130204,17.942,17.942,17.942,17.942,38,0
20130205,17.848,17.848,16.507,17.801,1028,0
20130206,17.801,17.801,17.801,17.801,36,0
20130207,17.753,17.801,17.753,17.801,121,0
20130208,17.801,17.801,17.801,17.801,1,0
20130211,17.801,17.801,17.801,17.801,1,0
20130212,17.801,17.801,17.801,17.801,3,0
20130213,17.658,17.658,17.658,17.658,3,0
20130214,17.658,17.658,17.658,17.658,209,0
20130215,17.848,17.848,17.848,17.848,1,0
20130218,16.913,17.848,16.913,17.848,1369,0
20130219,17.848,18.886,17.375,18.886,3075,0
20130220,18.886,18.886,17.942,18.886,3777,0
20130221,18.886,18.886,18.886,18.886,59,0
20130222,18.414,18.414,17.762,17.762,39865,0
20130225,18.414,18.414,18.414,18.414,5,0
20130226,18.414,18.414,18.414,18.414,2,0
20130227,18.414,18.414,18.414,18.414,2,0
20130228,18.418,18.418,18.322,18.418,3497,0
20130301,18.414,18.414,18.414,18.414,288,0
20130304,18.886,18.886,17.526,18.433,1004,0
20130305,18.433,18.433,18.433,18.433,1,0
20130306,18.452,18.886,16.913,18.395,962,0
20130307,18.395,18.886,17.99,18.886,1587,0
20130308,18.886,18.886,17.951,18.886,637,0
20130311,18.886,18.886,18.886,18.886,98,0
20130312,18.886,18.886,18.886,18.886,1,0
20130313,18.886,18.886,18.886,18.886,1,0
20130314,18.877,18.877,18.877,18.877,25,0
20130315,18.669,18.669,18.669,18.669,1,0
20130318,18.886,18.886,18.886,18.886,1,0
20130319,18.791,18.886,18.791,18.886,2,0
20130320,18.886,18.886,18.886,18.886,1,0
20130321,18.886,19.359,18.886,18.886,41101,0
20130322,19.831,19.831,19.831,19.831,1,0
20130325,19.821,19.821,19.359,19.537,1615,0
20130326,19.821,19.821,18.886,19.302,198,0
20130327,19.821,19.821,18.603,19.359,55628,0
20130328,19.359,19.359,18.886,19.359,21338,0
20130402,19.831,19.831,19.359,19.359,517,0
20130403,19.821,19.821,19.821,19.821,186,0
20130404,19.821,19.821,19.594,19.821,53343,0
20130405,19.784,19.784,19.641,19.641,1062,0
20130408,19.821,19.821,19.821,19.821,174,0
20130409,19.812,19.821,19.812,19.821,131,0
20130410,19.821,19.821,19.594,19.821,70163,0
20130411,19.831,19.831,19.812,19.812,797,0
20130412,19.812,19.812,19.812,19.812,2,0
20130415,19.831,19.831,19.831,19.831,5,0
20130417,19.831,19.831,19.735,19.735,34947,0
20130418,19.641,19.641,19.641,19.641,2,0
20130419,19.735,19.735,19.735,19.735,1,0
20130422,19.735,19.735,19.735,19.735,130,0
20130423,19.735,19.735,19.359,19.594,316,0
20130424,19.537,19.537,19.537,19.537,25,0
20130425,19.537,19.547,19.537,19.547,127,0
20130426,19.547,19.547,19.547,19.547,9769,0
20130429,19.547,19.547,19.528,19.528,280,0
20130430,19.535,19.535,19.363,19.363,117,0
20130502,19.537,19.547,19.528,19.547,508,0
20130506,19.594,19.594,19.594,19.594,328,0
20130507,19.594,19.594,19.594,19.594,2,0
20130508,19.49,19.831,19.17,19.831,5412,0
20130509,19.831,20.019,19.831,19.972,801,0
20130510,20.208,20.208,20.208,20.208,175,0
20130513,20.492,20.492,20.492,20.492,86,0
20130514,20.492,20.492,20.492,20.492,1,0
20130515,20.492,22.191,20.416,22.191,9552,0
20130516,23.59,23.59,22.644,22.843,12385,0
20130517,22.834,22.834,22.824,22.824,53,0
20130520,22.843,22.843,22.663,22.663,310,0
20130521,22.663,22.663,22.663,22.663,52,0
20130522,22.663,22.663,22.663,22.663,1,0
20130523,22.663,22.663,22.663,22.663,6,0
20130524,22.654,22.843,21.596,22.786,79860,0
20130527,22.786,22.834,22.663,22.834,32685,0
20130528,22.834,22.834,22.663,22.663,214,0
20130529,22.829,22.829,21.673,22.607,393,0
20130531,22.559,22.838,19.835,19.835,28815,0
20130603,21.53,21.586,21.53,21.586,268,0
20130604,20.537,21.182,20.537,21.076,429,0
20130605,20.778,22.193,20.778,22.193,934,0
20130606,22.838,22.838,21.365,21.741,235,0
20130607,21.257,22.191,21.257,22.191,87,0
20130610,22.285,22.834,22.191,22.834,1563,0
20130611,22.838,24.793,22.838,24.793,26247,0
20130612,24.788,24.788,24.788,24.788,39,0
20130613,24.788,24.788,24.788,24.788,5,0
20130614,24.793,24.793,24.793,24.793,5,0
20130617,24.637,24.788,22.852,24.788,11777,0
20130618,24.793,24.793,24.793,24.793,1,0
20130619,24.552,24.552,23.429,23.778,319,0
20130620,23.882,24.552,22.475,24.552,14284,0
20130621,24.552,24.552,23.676,24.167,7816,0
20130624,24.552,24.552,23.964,23.964,1066,0
20130625,24.552,24.552,24.552,24.552,2,0
20130626,24.552,24.552,24.523,24.533,5716,0
20130627,24.552,24.793,24.359,24.793,14267,0
20130628,24.778,24.788,24.778,24.788,2,0
20130701,24.552,24.552,24.552,24.552,108,0
20130702,22.145,24.456,22.145,24.456,1028,0
20130704,23.396,26.949,23.396,26.949,105,0
20130705,26.949,26.949,25.563,25.611,1414,0
20130708,25.601,25.601,25.601,25.601,132,0
20130709,25.611,25.611,25.611,25.611,1,0
20130710,25.611,25.611,25.611,25.611,1,0
20130711,25.611,25.611,24.35,25.601,1677,0
20130712,25.611,25.611,25.515,25.611,94777,0
20130715,25.601,25.601,25.515,25.515,131,0
20130716,25.611,25.611,24.167,24.167,718,0
20130717,25.573,25.573,23.907,23.907,440,0
20130718,23.83,23.83,23.493,23.83,7668,0
20130719,23.83,23.83,22.733,23.762,2863,0
20130722,23.82,23.82,23.108,23.82,1143,0
20130723,23.82,23.82,22.915,23.696,676,0
20130724,23.83,23.83,23.108,23.3,54,0
20130725,23.686,23.686,23.686,23.686,1,0
20130726,23.686,23.686,23.686,23.686,1,0
20130729,23.686,23.686,23.638,23.638,115,0
20130730,23.82,23.82,22.579,23.628,1400,0
20130731,23.82,23.82,22.587,23.618,1822,0
20130801,23.83,23.83,23.396,23.792,6926,0
20130802,23.82,23.82,23.82,23.82,95,0
20130805,23.83,23.83,23.83,23.83,192,0
20130806,23.83,23.83,23.82,23.82,492,0
20130807,23.83,23.83,23.83,23.83,1,0
20130808,23.782,23.782,23.782,23.782,735,0
20130809,23.782,23.782,23.782,23.782,21,0
20130812,23.83,23.83,23.83,23.83,22,0
20130813,23.83,23.83,22.261,22.675,2283,0
20130814,22.771,23.493,22.723,22.723,1827,0
20130816,23.3,23.3,22.491,22.491,87,0
20130819,23.493,23.493,22.049,23.108,1075,0
20130820,23.011,23.011,23.011,23.011,227,0
20130821,23.83,23.83,21.664,23.108,2013,0
20130822,23.801,23.801,21.664,22.145,110391,0
20130823,23.002,23.002,21.23,21.567,3787,0
20130826,23.002,23.002,20.99,21.182,743,0
20130827,20.894,21.182,20.894,21.182,90,0
20130828,20.894,20.894,20.894,20.894,2,0
20130829,21.856,21.856,21.856,21.856,1,0
20130830,22.433,22.53,20.903,22.53,2901,0
20130902,23.088,23.088,21.712,21.712,2146,0
20130903,22.521,22.521,21.548,21.615,3513,0
20130904,21.615,21.615,21.096,21.615,1249,0
20130905,21.182,21.182,18.41,18.41,42777,0
20130906,19.247,19.247,18.304,18.304,2168,0
20130909,18.342,18.756,18.005,18.756,1635,0
20130910,18.486,20.219,18.294,20.219,39103,0
20130911,20.229,21.664,20.229,20.239,302,0
20130912,20.219,21.837,20.219,21.664,489,0
20130913,21.837,22.193,21.837,22.193,446,0
20130916,22.049,22.049,22.049,22.049,32,0
20130917,22.049,22.579,22.049,22.193,286,0
20130918,22.337,22.617,22.337,22.579,1137,0
20130919,22.617,22.627,22.617,22.627,529,0
20130920,22.539,22.627,22.337,22.337,185,0
20130923,22.627,23.098,21.615,23.098,2133,0
20130924,23.108,23.108,22.049,22.53,192,0
20130925,22.53,22.53,22.53,22.53,1,0
20130926,22.337,22.337,22.337,22.337,1,0
20130927,23.58,23.58,23.58,23.58,84,0
20130930,23.493,23.493,22.433,22.867,826,0
20131001,23.464,23.464,23.108,23.444,573,0
20131002,23.444,23.444,23.444,23.444,1,0
20131003,23.435,23.435,22.367,23.108,788,0
20131004,23.098,23.098,23.098,23.098,1,0
20131007,22.433,22.433,22.433,22.433,1,0
20131008,22.433,22.433,22.145,22.145,362,0
20131009,22.425,22.425,22.145,22.241,344,0
20131010,22.425,22.425,22.425,22.425,1,0
20131011,22.145,23.974,22.145,23.974,3814,0
20131014,23.974,23.974,23.974,23.974,1,0
20131015,22.433,23.964,22.433,23.964,1356,0
20131016,23.964,23.964,22.915,23.955,252,0
20131017,23.955,24.764,23.955,24.745,11831,0
20131018,24.745,24.745,24.745,24.745,1,0
20131021,25.419,25.419,25.419,25.419,1,0
20131022,24.552,25.968,24.398,25.968,5597,0
20131023,25.977,25.977,25.033,25.033,213,0
20131024,25.033,25.033,24.263,24.359,1765,0
20131025,23.127,24.552,23.127,24.552,892,0
20131028,25.033,25.033,25.033,25.033,9,0
20131029,25.033,25.033,23.974,24.494,523,0
20131030,25.033,25.033,25.033,25.033,104,0
20131031,25.033,25.033,25.033,25.033,1,0
20131104,25.033,25.033,23.984,25.033,323,0
20131105,24.937,24.937,24.937,24.937,2,0
20131106,24.937,24.937,23.974,24.937,121,0
20131107,25.033,25.033,24.032,25.033,2117,0
20131108,25.033,25.033,25.033,25.033,1247,0
20131112,25.033,25.033,25.033,25.033,1,0
20131113,25.033,25.033,25.033,25.033,253,0
20131114,25.033,25.033,25.023,25.033,1871,0
20131115,25.033,25.033,25.033,25.033,1,0
20131118,25.033,25.033,25.033,25.033,1,0
20131119,25.033,25.033,25.033,25.033,4554,0
20131120,25.033,25.033,25.033,25.033,1351,0
20131121,25.033,25.852,25.033,25.852,1974,0
20131122,25.852,26.863,25.852,26.863,5486,0
20131125,26.863,26.863,26.863,26.863,10,0
20131126,24.176,26.478,24.176,25.996,584,0
20131127,26.478,26.478,25.563,25.563,2493,0
20131128,25.996,25.996,25.996,25.996,1,0
20131129,26.478,26.478,26.14,26.478,114,0
20131202,25.996,26.478,24.937,26.478,239,0
20131203,26.478,26.478,24.773,25.996,697,0
20131204,26.478,26.478,24.793,26.14,582,0
20131205,26.478,26.478,26.228,26.228,1573,0
20131206,26.478,26.478,26.276,26.478,433,0
20131209,26.468,26.468,26.468,26.468,25,0
20131210,26.468,26.468,25.9,25.9,5433,0
20131211,26.478,26.478,26.478,26.478,1,0
20131212,26.478,26.478,26.285,26.285,3,0
20131213,26.478,26.478,26.382,26.382,2,0
20131216,26.478,26.478,26.372,26.372,2,0
20131217,26.478,26.478,25.139,25.139,512,0
20131218,25.129,25.129,25.043,25.043,158,0
20131220,25.043,26.478,23.878,25.033,1273,0
20131223,25.015,25.015,23.955,24.061,10715,0
20131227,23.59,24.542,23.59,24.523,21903,0
20131230,24.07,25.033,24.032,24.552,7073,0
20140102,24.793,25.323,24.667,25.323,741,0
20140103,25.419,25.419,24.841,24.841,682,0
20140107,24.841,24.841,24.07,24.07,41,0
20140108,24.803,24.803,24.783,24.783,2,0
20140109,23.646,24.812,23.646,23.974,182,0
20140110,24.639,24.639,22.261,23.444,9084,0
20140113,23.686,25.409,23.204,25.409,3006,0
20140114,23.696,25.274,23.696,25.274,106,0
20140115,25.015,25.515,24.86,24.86,4269,0
20140116,25.139,25.149,25.139,25.149,2,0
20140117,25.033,25.033,24.552,25.033,105,0
20140120,25.033,25.033,25.033,25.033,796,0
20140121,25.515,25.611,25.515,25.611,368,0
20140122,25.698,25.698,25.611,25.698,460,0
20140123,25.601,25.611,25.601,25.611,2,0
20140124,24.128,25.611,24.128,25.611,158,0
20140127,25.996,25.996,25.996,25.996,1,0
20140128,24.417,25.419,24.417,25.419,105,0
20140129,25.419,25.419,25.419,25.419,2,0
20140130,25.033,25.428,25.033,25.226,652,0
20140131,25.274,25.323,25.274,25.323,728,0
20140203,25.467,25.467,25.467,25.467,208,0
20140204,24.6,24.6,24.591,24.591,824,0
20140205,24.07,25.023,24.07,25.023,109,0
20140206,24.985,24.985,24.206,24.206,7589,0
20140207,24.224,24.224,24.224,24.224,1,0
20140210,24.224,24.224,23.618,23.618,413,0
20140211,23.618,24.224,23.618,24.224,364,0
20140212,24.224,24.224,24.07,24.07,21,0
20140213,24.224,24.224,24.224,24.224,1,0
20140214,24.224,24.224,24.224,24.224,1,0
20140217,24.215,24.224,24.167,24.224,438,0
20140218,24.224,24.224,23.926,24.167,417,0
20140219,24.215,24.215,24.215,24.215,4,0
20140220,24.215,24.215,24.07,24.206,6881,0
20140221,24.206,24.206,24.206,24.206,1,0
20140224,24.206,24.206,24.206,24.206,209,0
20140225,24.215,24.215,24.215,24.215,1,0
20140226,24.215,24.215,24.07,24.07,729,0
20140227,24.07,24.07,24.07,24.07,260,0
20140228,24.061,24.07,24.022,24.022,77,0
20140303,23.878,24.07,23.108,24.07,909,0
20140304,24.07,24.215,23.108,24.215,3287,0
20140305,24.215,24.224,24.215,24.224,2,0
20140306,24.07,24.07,24.07,24.07,416,0
20140307,24.215,24.215,24.148,24.148,1040,0
20140310,24.022,24.022,22.385,23.396,13180,0
20140311,24.215,24.215,24.052,24.052,53,0
20140312,24.167,24.167,23.002,24.109,1419,0
20140313,24.157,24.157,23.011,24.09,3001,0
20140314,24.042,24.042,24.042,24.042,521,0
20140317,24.042,24.042,24.042,24.042,1,0
20140318,24.042,24.042,23.108,24.032,2079,0
20140319,24.042,24.042,24.042,24.042,1,0
20140320,24.042,24.042,23.108,23.108,1257,0
20140321,24.032,24.032,22.935,23.974,4,0
20140324,23.974,23.974,23.011,23.541,26670,0
20140325,24.042,24.042,23.204,23.204,53,0
20140326,23.204,23.994,23.204,23.994,436,0
20140327,24.042,24.042,24.042,24.042,1,0
20140328,24.042,24.042,24.042,24.042,10,0
20140331,23.974,23.974,23.974,23.974,1,0
20140401,23.974,23.974,23.974,23.974,1,0
20140402,23.974,24.022,23.782,24.022,78178,0
20140403,24.109,25.467,24.07,25.467,8099,0
20140404,25.033,25.784,25.033,25.784,283,0
20140407,25.784,25.784,25.784,25.784,10,0
20140408,25.515,25.515,25.515,25.515,1,0
20140409,25.707,25.707,24.841,25.033,103904,0
20140410,25.033,25.679,25.033,25.033,788,0
20140411,25.659,25.659,24.359,25.65,2215,0
20140414,25.65,25.65,24.552,25.553,3121,0
20140415,25.553,25.553,24.456,25.226,3754,0
20140416,25.226,25.226,24.109,25.111,368,0
20140417,25.226,25.226,24.465,25.217,1042,0
20140422,24.927,25.033,24.33,25.033,1334,0
20140423,25.226,25.226,24.292,24.292,2404,0
20140424,24.34,24.745,24.263,24.263,760,0
20140425,24.282,24.937,24.263,24.937,2194,0
20140428,25.129,25.129,24.07,24.07,2226,0
20140429,24.359,24.831,24.07,24.07,198,0
20140430,25.081,25.081,23.59,24.07,8419,0
20140502,25.033,25.033,23.752,23.782,44,0
20140505,23.646,23.646,23.646,23.646,32,0
20140506,24.803,24.803,23.686,23.686,10,0
20140507,23.782,23.782,22.145,23.628,363,0
20140508,24.032,24.032,24.032,24.032,236,0
20140509,23.792,24.456,23.108,24.311,6309,0
20140512,24.302,24.311,23.108,24.07,4967,0
20140513,24.302,24.302,24.302,24.302,1,0
20140514,24.292,24.292,24.282,24.282,2,0
20140515,24.282,24.282,23.108,23.396,6384,0
20140516,22.819,24.052,22.241,23.926,993,0
20140519,23.868,23.926,22.819,23.926,1780,0
20140520,22.838,23.608,22.539,22.539,6815,0
20140521,22.723,23.484,22.53,23.204,126,0
20140522,22.569,24.167,22.569,24.167,2357,0
20140523,23.3,24.061,23.214,23.214,2351,0
20140526,23.3,25.081,23.021,25.081,13602,0
20140527,25.033,25.659,23.598,25.505,17187,0
20140528,25.698,25.698,24.745,25.467,2921,0
20140529,25.659,25.659,25.419,25.621,3119,0
20140530,25.043,25.592,24.783,25.592,2462,0
20140602,24.697,25.65,24.697,25.582,1677,0
20140603,25.129,25.611,25.033,25.033,174306,0
20140604,24.465,25.033,24.167,24.985,343,0
20140606,24.263,25.419,24.263,25.419,958,0
20140609,25.226,25.226,24.851,25.226,882,0
20140610,25.409,25.419,25.226,25.419,14294,0
20140611,25.419,25.419,25.409,25.409,10,0
20140612,25.419,25.419,24.263,25.169,2186,0
20140613,25.313,25.313,24.629,25.303,527,0
20140616,25.293,25.293,25.265,25.265,174,0
20140617,25.313,25.313,24.379,25.265,1963,0
20140618,25.303,25.303,24.485,25.226,1365,0
20140620,25.323,25.323,24.648,25.023,4523,0
20140623,25.023,25.023,24.379,25.023,110,0
20140624,24.369,24.937,24.369,24.937,281049,0
20140625,25.293,25.293,25.293,25.293,16,0
20140626,25.303,25.303,24.937,24.937,10371,0
20140627,24.937,24.937,24.648,24.841,875,0
20140630,25.419,25.419,24.561,24.561,523,0
20140701,25.419,25.419,24.561,25.419,251,0
20140702,25.419,25.419,25.419,25.419,5,0
20140703,25.419,25.419,25.419,25.419,4,0
20140704,25.033,25.033,24.369,24.369,398,0
20140707,24.369,25.399,24.369,25.399,336,0
20140708,25.753,25.753,24.045,25.37,444,0
20140709,25.409,25.409,25.409,25.409,5,0
20140710,25.409,25.409,25.409,25.409,5,0
20140711,25.409,25.409,24.055,25.409,34,0
20140714,25.409,25.409,25.409,25.409,5,0
20140715,25.389,25.389,24.045,24.536,6947,0
20140716,25.321,25.321,23.662,25.223,1000,0
20140717,25.389,25.389,25.389,25.389,5,0
20140718,25.213,25.213,24.241,24.241,1981,0
20140721,24.987,24.987,23.476,24.536,339,0
20140722,25.115,25.115,23.947,25.115,304,0
20140723,25.115,25.115,25.115,25.115,5,0
20140724,25.115,25.115,25.115,25.115,5,0
20140725,25.115,25.115,25.115,25.115,8,0
20140728,25.115,25.115,25.115,25.115,7,0
20140729,25.115,25.115,25.115,25.115,5,0
20140730,25.115,25.115,25.115,25.115,5,0
20140731,24.172,24.536,24.172,24.536,2189,0
20140801,25.115,25.115,23.26,23.947,4834,0
20140804,24.536,25.085,24.536,25.085,10,0
20140805,25.085,25.085,24.143,24.143,6,0
20140806,24.536,25.085,23.211,25.085,417,0
20140807,24.536,24.536,23.368,24.536,7434,0
20140808,24.536,24.536,24.536,24.536,34,0
20140811,24.624,24.624,24.624,24.624,31,0
20140812,24.536,24.536,24.536,24.536,5116,0
20140813,24.536,24.536,24.526,24.526,224,0
20140814,24.536,24.536,24.526,24.526,20,0
20140818,24.536,24.624,24.536,24.624,14,0
20140819,24.536,24.536,23.731,24.487,1752,0
20140820,24.536,24.624,24.536,24.624,10,0
20140821,24.624,24.624,24.624,24.624,4,0
20140822,24.624,24.624,24.624,24.624,5,0
20140825,24.536,24.536,24.536,24.536,5,0
20140826,24.536,24.536,23.574,23.574,22025,0
20140827,24.437,24.437,23.662,23.809,15356,0
20140828,24.349,24.428,23.662,24.428,325,0
20140829,23.554,24.428,23.554,24.428,2302,0
20140901,24.241,24.241,24.241,24.241,10,0
20140902,24.624,24.624,24.624,24.624,10,0
20140903,24.536,24.536,24.428,24.428,41,0
20140904,24.624,24.624,22.965,24.428,21162,0
20140905,24.722,24.722,23.898,24.722,10194,0
20140908,24.536,24.536,24.536,24.536,118,0
20140909,24.536,24.536,24.536,24.536,10,0
20140910,24.536,24.536,23.75,24.536,10709,0
20140911,24.536,24.536,23.554,23.947,2022,0
20140912,24.241,24.241,23.819,23.819,228,0
20140915,24.32,24.32,24.29,24.29,329,0
20140916,24.536,25.507,23.623,25.507,439,0
20140917,25.026,25.026,24.536,24.536,20,0
20140918,25.026,25.026,25.026,25.026,10,0
20140919,25.026,25.026,25.026,25.026,51,0
20140922,25.026,25.026,25.026,25.026,10,0
20140923,25.026,25.507,25.026,25.507,51,0
20140924,25.497,25.517,24.536,25.507,998,0
20140925,25.026,25.223,24.536,25.223,1834,0
20140926,24.545,25.419,24.251,25.419,2477,0
20140929,25.419,25.419,24.644,25.419,418,0
20140930,25.419,25.419,25.419,25.419,5,0
20141001,24.801,24.928,24.545,24.82,2582,0
20141002,25.193,25.193,23.564,24.536,3400,0
20141003,24.83,24.928,24.83,24.928,29,0
20141006,24.83,24.928,24.339,24.928,1129,0
20141007,25.419,25.419,24.732,24.732,67,0
20141008,25.409,25.409,25.409,25.409,10,0
20141009,25.409,25.409,25.409,25.409,10,0
20141010,25.409,25.517,24.055,25.517,14692,0
20141013,25.713,25.713,24.742,25.703,214,0
20141014,25.851,25.851,24.536,24.536,30017,0
20141015,25.507,25.507,24.349,24.349,11,0
20141016,25.507,25.507,25.507,25.507,10,0
20141017,25.507,25.507,25.507,25.507,10,0
20141020,25.507,25.507,25.507,25.507,10,0
20141021,25.507,26.096,25.507,26.096,2048,0
20141022,26.106,26.39,26.106,26.39,1029,0
20141023,25.429,26.4,25.429,26.381,122,0
20141024,26.381,26.381,26.381,26.381,10,0
20141027,26.194,26.194,26.194,26.194,10,0
20141028,26.194,26.194,26.194,26.194,10,0
20141029,26.194,26.194,26.194,26.194,10,0
20141030,26.194,26.194,25.429,26.155,571,0
20141031,26.155,26.155,26.155,26.155,204,0
20141103,26.449,26.449,26.449,26.449,236,0
20141104,26.695,26.695,26.685,26.685,36,0
20141105,26.685,26.685,26.685,26.685,10,0
20141106,26.685,26.685,26.498,26.498,57,0
20141107,26.479,26.498,26.479,26.498,20,0
20141110,26.498,26.498,26.498,26.498,10,0
20141112,26.498,26.498,26.498,26.498,5,0
20141113,26.498,26.498,26.498,26.498,5,0
20141114,26.498,26.498,26.498,26.498,5105,0
20141117,26.4,26.489,25.713,26.489,195,0
20141118,26.498,26.498,26.498,26.498,10,0
20141119,26.498,26.498,26.498,26.498,10,0
20141120,26.498,26.498,26.498,26.498,10,0
20141121,26.498,26.498,26.498,26.498,56,0
20141124,26.498,26.498,25.723,25.723,137,0
20141125,26.41,26.41,24.536,25.517,602,0
20141126,24.683,24.683,24.683,24.683,132,0
20141127,25.821,25.91,24.683,25.9,769,0
20141128,25.9,25.9,25.9,25.9,283,0
20141201,25.9,25.9,24.859,25.713,463,0
20141202,25.713,25.713,25.713,25.713,148,0
20141203,25.713,25.988,25.713,25.988,15,0
20141204,25.713,25.713,25.419,25.419,627,0
20141205,25.988,25.988,25.988,25.988,5,0
20141208,25.959,25.959,25.036,25.959,862,0
20141209,25.998,25.998,25.998,25.998,5,0
20141210,25.949,25.949,25.949,25.949,5,0
20141211,25.949,25.949,25.949,25.949,3,0
20141212,25.949,25.949,25.036,25.036,101,0
20141215,25.949,25.949,25.949,25.949,10,0
20141216,24.781,25.939,24.153,25.026,1081,0
20141217,25.419,25.419,24.536,24.536,184,0
20141218,25.507,25.517,24.094,25.517,512,0
20141219,24.732,25.409,24.241,24.241,3798,0
20141222,24.241,25.389,24.241,25.389,2,0
20141223,24.241,25.419,24.241,25.409,53,0
20141229,25.409,25.409,25.409,25.409,3,0
20141230,25.409,25.517,24.536,25.124,15735,0
20150102,24.241,25.026,24.241,25.026,104,0
20150105,24.31,25.174,23.76,25.174,2118,0
20150107,25.144,25.144,23.76,25.026,516,0
20150108,25.134,25.134,25.134,25.134,4,0
20150109,25.026,25.026,24.045,25.026,2841,0
20150112,25.026,25.026,25.026,25.026,112,0
20150113,25.223,25.223,24.536,25.017,11,0
20150114,24.604,25.223,24.536,25.223,1425,0
20150115,25.223,25.223,24.437,25.213,3065,0
20150116,25.213,25.213,25.213,25.213,5,0
20150119,25.223,25.223,25.213,25.213,8,0
20150120,25.223,25.223,25.223,25.223,5,0
20150121,25.223,25.223,25.223,25.223,107,0
20150122,25.223,27.185,24.487,27.185,1076,0
20150123,27.48,27.48,26.498,27.185,6619,0
20150126,26.106,27.185,26.106,27.185,139,0
20150127,26.214,27.185,26.214,27.185,237,0
20150128,27.185,27.185,27.185,27.185,5,0
20150129,27.185,27.185,26.135,27.185,1381,0
20150130,27.185,27.185,26.165,27.185,2559,0
20150202,26.214,27.352,26.214,27.352,415,0
20150203,26.4,28.952,26.4,28.952,704,0
20150204,29.443,29.443,28.618,28.618,197,0
20150205,29.443,31.101,28.481,30.424,1955,0
20150206,30.424,30.424,30.424,30.424,5,0
20150209,30.424,31.101,30.424,31.101,172,0
20150210,29.933,31.111,29.933,30.62,409,0
20150211,31.406,31.406,28.726,28.736,1325,0
20150212,29.482,29.482,28.736,28.736,63,0
20150213,29.482,29.541,28.118,29.541,924,0
20150216,28.128,29.541,28.128,28.599,2743,0
20150217,28.177,28.854,28.177,28.854,71,0
20150218,29.433,29.433,28.177,29.237,119,0
20150219,29.433,30.424,28.461,29.04,4033,0
20150220,30.414,30.414,28.471,28.932,65,0
20150223,29.443,29.443,29.443,29.443,1,0
20150224,29.443,29.443,29.443,29.443,5,0
20150225,29.433,29.433,29.433,29.433,5,0
20150226,29.246,29.443,28.285,29.443,1182,0
20150227,29.443,29.443,28.667,29.443,57,0
20150302,29.482,29.482,28.559,28.569,11318,0
20150303,29.148,29.423,29.148,29.423,10598,0
20150304,28.314,29.482,28.314,29.394,460,0
20150305,29.482,29.482,28.167,28.952,6555,0
20150306,28.275,28.275,26.518,27.274,11045,0
20150309,27.274,27.274,26.498,26.498,493,0
20150310,27.254,27.264,26.204,27.264,443,0
20150311,27.274,27.284,26.881,26.881,2521,0
20150312,27.382,27.382,27.382,27.382,5,0
20150313,27.372,27.372,27.372,27.372,5,0
20150316,27.352,27.362,26.008,27.362,1859,0
20150317,27.284,27.284,27.274,27.274,112,0
20150318,27.441,27.441,26.076,27.274,1095,0
20150319,27.431,29.443,27.431,28.461,7570,0
20150320,30.395,30.395,28.481,29.364,5473,0
20150323,29.246,29.246,27.971,29.138,1040,0
20150324,29.099,29.099,27.323,28.952,5582,0
20150325,28.461,29.089,28.187,28.903,4529,0
20150326,29.089,29.089,28.187,28.756,4292,0
20150327,27.971,29.089,27.814,29.089,5234,0
20150330,29.246,29.246,28.177,28.903,2559,0
20150331,28.02,28.854,28.02,28.756,2834,0
20150401,29.246,30.218,28.432,29.129,5814,0
20150402,29.089,29.089,28.903,28.903,3951,0
20150407,29.345,29.345,28.294,28.844,1581,0
20150408,28.736,28.736,28.353,28.383,805,0
20150409,28.461,28.952,28.363,28.363,653,0
20150410,29.443,30.316,28.461,28.648,5772,0
20150413,29.158,29.158,28.265,28.461,718,0
20150414,29.089,29.089,28.461,28.461,2321,0
20150415,28.402,28.402,27.48,27.627,7966,0
20150416,27.971,28.059,27.48,27.5,3343,0
20150417,28.216,28.216,27.49,27.49,18126,0
20150420,27.529,28.049,27.529,27.774,6255,0
20150421,27.676,28.216,27.676,27.774,7325,0
20150422,28.196,28.991,28.167,28.461,10373,0
20150423,28.461,28.609,27.99,28.373,48781,0
20150424,28.471,28.756,28.471,28.756,4510,0
20150427,28.834,30.424,28.834,30.424,6785,0
20150428,30.032,30.915,29.737,30.915,11983,0
20150429,31.111,32.367,30.62,31.307,3194,0
20150430,31.406,31.798,31.111,31.7,2218,0
20150504,31.7,31.7,30.67,31.7,3569,0
20150505,31.7,31.7,30.72,31.1,1954,0
20150506,31.44,31.44,30.75,30.75,166,0
20150507,30.9,30.9,30.3,30.77,1865,0
20150508,31,31.4,30.5,30.6,53024,0
20150511,31.4,31.4,31.3,31.3,262,0
20150512,31,31.4,30.49,31,1331,0
20150513,31.39,31.39,31,31,53,0
20150514,31,31,31,31,561,0
20150515,31.01,33.8,31.01,32.48,8338,0
20150518,32.5,32.5,31.61,32.49,1119,0
20150519,32.5,32.5,32.49,32.5,415,0
20150520,32.01,32.94,31,31.77,9378,0
20150521,31.69,31.76,31.09,31.76,920,0
20150522,31.78,31.78,31.1,31.5,1028,0
20150525,31.13,31.73,31.12,31.69,1160,0
20150526,31.65,32.77,31.65,32.77,800,0
20150527,32.49,32.73,31.81,31.83,40071,0
20150528,32.5,32.5,32.5,32.5,10,0
20150529,32.69,32.69,32.1,32.6,2687,0
20150601,32.6,32.6,32.6,32.6,166,0
20150602,32.95,32.95,32.1,32.1,609,0
20150603,32.98,32.98,32.88,32.88,131,0
20150605,32.88,32.88,32.11,32.11,123,0
20150608,32.94,32.94,32.1,32.5,442,0
20150609,32.1,32.1,31.35,32.1,1812,0
20150610,31.41,32.27,31,32.27,1800,0
20150611,32.48,32.55,31.51,32.4,785,0
20150612,32.4,32.4,32.4,32.4,399,0
20150615,31.53,32.59,31.53,32.59,54,0
20150616,32.59,32.59,31.53,32.58,101,0
20150617,32.59,32.59,31.44,31.53,1162,0
20150618,32.47,32.47,32.44,32.45,312,0
20150619,32.5,32.5,31.32,32.5,834,0
20150622,32,32,31.25,31.25,912,0
20150623,32.3,32.3,31.28,31.29,106,0
20150624,31.29,31.68,30.5,31,1162,0
20150625,30.42,30.79,30.3,30.3,1506,0
20150626,30.21,30.21,28.99,28.99,194964,0
20150629,28.5,29.98,28.5,29.98,45345,0
20150630,30,32.3,29.99,32.3,8234,0
20150701,32.2,32.2,32,32,10,0
20150702,31.35,31.35,31.3,31.3,337,0
20150703,30.95,30.95,30.12,30.95,950,0
20150706,31.5,31.5,30.5,31,243,0
20150707,31,31,30.17,30.4,1368,0
20150708,31.42,31.42,29.11,30.1,795,0
20150709,30,31.96,30,30.15,3219,0
20150710,31.5,31.5,31.33,31.33,6,0
20150713,31.48,31.48,31.1,31.1,340,0
20150714,31.3,31.3,30.04,31,1361,0
20150715,30.12,30.77,29.9,29.9,1909,0
20150716,30.3,30.4,29.73,30,790,0
20150717,30.45,30.45,29.73,30.39,603,0
20150720,30.42,30.42,30,30,842,0
20150721,30,30,29.23,29.54,662,0
20150722,29.45,30,29.2,30,279,0
20150723,29.33,30,29.33,30,1185,0
20150724,30.36,30.36,30,30,20605,0
20150727,30,30,29.71,29.76,206,0
20150728,29.68,31.05,29.68,31.05,8018,0
20150729,31.05,32.55,31.05,31.7,2058,0
20150730,32.55,33.5,32.54,32.99,17532,0
20150731,32.98,32.98,32.98,32.98,315,0
20150803,32.99,32.99,32.98,32.98,546,0
20150804,33.2,33.2,33.2,33.2,5,0
20150805,33.19,33.19,33,33.05,30117,0
20150806,33.19,33.19,32.6,32.8,272,0
20150807,32.8,33.19,32.79,33.19,940,0
20150810,33.18,33.19,33.18,33.19,276,0
20150811,33.2,33.2,33.2,33.2,7,0
20150812,33.1,33.1,33.1,33.1,8,0
20150813,33.1,33.1,32.8,32.8,14843,0
20150814,32.8,32.8,32.8,32.8,5,0
20150817,32.8,32.8,31.95,32.2,1190,0
20150818,32.8,32.8,32.8,32.8,285,0
20150819,33,33,33,33,5,0
20150820,33,33,33,33,5,0
20150821,33,33,31.4,32.3,3042,0
20150824,30.87,32.98,29.2,32.98,6165,0
20150825,30.3,32.9,30.3,32.9,3811,0
20150826,32.55,32.9,32.01,32.9,2275,0
20150827,32.9,32.9,32.7,32.85,20140,0
20150828,32.9,32.9,32,32.5,4503,0
20150831,32.11,32.9,32.11,32.9,3999,0
20150901,32.97,32.97,32.41,32.9,3869,0
20150902,32.9,32.9,32.89,32.89,3224,0
20150903,32.9,32.9,32.21,32.8,3962,0
20150904,32.88,32.88,32.2,32.8,12640,0
20150907,32.8,32.8,32.8,32.8,244,0
20150908,32.79,32.79,32.6,32.7,1531,0
20150909,32.7,32.7,32.5,32.5,312,0
20150910,32.3,32.7,32.3,32.7,170,0
20150911,32.7,32.7,32.3,32.3,246,0
20150914,32.8,32.8,32.12,32.12,205,0
20150915,32.8,32.8,32.02,32.02,47,0
20150916,32.69,32.69,32.04,32.06,64,0
20150917,32.76,32.76,32.76,32.76,5,0
20150918,32.55,32.69,32.11,32.63,464,0
