20150105,4.39,4.39,4.39,4.39,100,0
20150107,4.16,4.37,4.15,4.2,1419,0
20150108,4.2,4.4,4.2,4.4,404,0
20150109,4.4,4.4,4.31,4.4,895,0
20150112,4.4,4.4,4.4,4.4,180,0
20150113,4.4,4.4,4.4,4.4,700,0
20150115,4.33,4.4,4.33,4.4,540,0
20150116,4.4,4.4,4.4,4.4,6000,0
20150122,4.6,4.6,4.6,4.6,50,0
20150123,4.4,4.4,4.4,4.4,587,0
20150126,4.33,4.99,4.2,4.99,7411,0
20150127,4.99,5.45,4.99,5,7965,0
20150128,5,5,4.58,4.69,1635,0
20150129,4.6,4.6,4.55,4.55,1420,0
20150130,4.44,4.44,4.3,4.4,2550,0
20150202,4.24,4.3,4.16,4.27,1689,0
20150203,4.01,4.1,4,4,2440,0
20150205,4,4,4,4,500,0
20150206,4,4,4,4,6950,0
20150211,4,4,4,4,5500,0
20150212,4,4,4,4,110,0
20150213,3.92,3.92,3.8,3.8,2000,0
20150216,3.67,3.77,3.4,3.77,979,0
20150217,3.77,3.78,3.77,3.78,520,0
20150218,3.78,3.8,3.78,3.8,9221,0
20150219,3.65,3.8,3.6,3.8,1315,0
20150223,3.51,3.8,3.51,3.8,170,0
20150224,3.78,3.8,3.78,3.8,2001,0
20150225,3.8,3.8,3.8,3.8,1200,0
20150226,3.7,3.79,3.6,3.67,2701,0
20150227,3.67,3.7,3.56,3.7,310,0
20150302,3.7,3.8,3.7,3.7,3822,0
20150303,3.7,3.7,3.7,3.7,200,0
20150306,3.65,3.65,3.56,3.63,1210,0
20150309,3.63,3.69,3.56,3.69,2236,0
20150312,3.6,3.6,3.6,3.6,10,0
20150313,3.6,3.8,3.6,3.8,2021,0
20150318,3.7,3.8,3.7,3.8,5468,0
20150319,3.7,3.78,3.65,3.78,4274,0
20150320,3.7,3.8,3.7,3.8,400,0
20150323,3.66,3.69,3.5,3.69,5203,0
20150324,3.7,3.77,3.7,3.77,622,0
20150325,3.77,3.77,3.77,3.77,100,0
20150326,3.8,3.8,3.68,3.68,8371,0
20150327,3.79,3.8,3.65,3.65,838,0
20150330,3.65,3.65,3.65,3.65,6525,0
20150331,3.62,3.62,3.62,3.62,175,0
20150401,3.62,3.62,3.6,3.62,460,0
20150407,3.6,3.7,3.6,3.63,4678,0
20150409,3.7,3.7,3.63,3.63,230,0
20150410,3.7,3.7,3.7,3.7,250,0
20150413,3.7,3.7,3.7,3.7,540,0
20150414,3.62,3.7,3.62,3.7,10050,0
20150416,3.69,3.7,3.69,3.7,4940,0
20150417,3.7,3.7,3.7,3.7,500,0
20150420,3.65,3.65,3.5,3.5,750,0
20150421,3.65,3.65,3.65,3.65,475,0
20150422,3.48,3.55,3.4,3.55,4043,0
20150424,3.42,3.55,3.42,3.55,280,0
20150427,3.42,3.42,3.22,3.42,4590,0
20150428,3.4,3.4,3.4,3.4,2000,0
20150430,3.22,3.44,3.22,3.44,325,0
20150505,3.42,3.42,3.22,3.22,2302,0
20150506,3.22,3.25,3.04,3.25,4974,0
20150507,3.04,3.3,3.03,3.25,5819,0
20150508,3.25,3.25,3.25,3.25,850,0
20150511,3.04,3.2,3.04,3.1,2983,0
20150512,3.1,3.25,3.1,3.25,1100,0
20150514,3.03,3.2,3.03,3.2,350,0
20150515,3.03,3.15,2.9,3.08,4664,0
20150518,3.07,3.07,2.9,3.07,498,0
20150519,2.77,2.77,2.65,2.77,13836,0
20150520,2.77,3,2.77,3,14096,0
20150521,3,3,3,3,40,0
20150522,2.99,2.99,2.99,2.99,50,0
20150526,3,3.08,3,3.08,2009,0
20150527,3.08,3.2,3.08,3.2,59,0
20150528,3.2,3.2,2.88,3.12,3059,0
20150601,3,3,3,3,200,0
20150602,3,3.2,3,3.2,73,0
20150603,3.18,3.18,3.18,3.18,1895,0
20150605,2.9,3.18,2.9,3.18,350,0
20150609,3.18,3.18,3.18,3.18,150,0
20150610,3.18,3.18,2.88,3.16,948,0
20150615,3,3,2.9,2.99,5141,0
20150616,2.91,2.91,2.88,2.9,1762,0
20150617,2.9,2.9,2.9,2.9,620,0
20150618,2.87,2.87,2.68,2.87,2827,0
20150624,2.87,2.88,2.84,2.86,4550,0
20150625,2.89,2.89,2.89,2.89,50,0
20150626,2.88,2.88,2.87,2.87,4200,0
20150630,2.82,2.89,2.7,2.88,395,0
20150701,2.88,2.88,2.88,2.88,345,0
20150702,2.68,2.68,2.68,2.68,100,0
20150703,2.68,2.93,2.62,2.62,63712,0
20150706,2.62,2.7,2.62,2.62,2400,0
20150707,2.62,2.65,2.52,2.52,1756,0
20150708,2.52,2.77,2.42,2.51,37013,0
20150709,2.51,2.75,2.51,2.64,53445,0
20150710,2.9,2.9,2.65,2.7,22565,0
20150713,2.8,3.35,2.8,3.05,211934,0
20150714,3.15,3.26,3.01,3.05,17954,0
20150715,3.09,3.6,3.05,3.41,107364,0
20150716,3.7,4.06,3.4,4.06,44574,0
20150717,4.31,4.84,4.3,4.84,23433,0
20150720,4.84,4.89,4.25,4.36,35112,0
20150721,4.22,4.58,3.89,3.9,14459,0
20150722,3.95,4.18,3.8,4.15,14493,0
20150723,3.83,4.15,3.8,4.12,17471,0
20150724,4.14,4.14,3.89,4.09,272,0
20150727,3.72,4.02,3.72,4,3329,0
20150728,3.81,4.17,3.8,4.17,5742,0
20150729,3.8,4.86,3.8,4.79,12501,0
20150730,4.84,4.84,4.4,4.6,10495,0
20150731,4.51,4.7,4.5,4.6,834,0
20150803,4.92,5.27,4.66,4.9,48598,0
20150804,5.11,5.41,5.01,5.3,24649,0
20150805,5.4,5.94,5.25,5.8,16102,0
20150806,6.18,6.18,5.7,5.96,35568,0
20150807,6.01,6.02,5.82,5.91,16671,0
20150810,5.8,5.95,5.3,5.35,37389,0
20150811,5.4,5.5,5.4,5.49,3817,0
20150812,5.35,5.49,5.02,5.11,8903,0
20150813,5.58,5.58,5.11,5.57,5047,0
20150814,5.5,5.7,5.13,5.5,6017,0
20150817,5.2,5.49,5.2,5.4,5391,0
20150818,5.36,5.49,5.3,5.49,548,0
20150819,5.32,5.41,5.32,5.41,1210,0
20150820,5.46,5.49,5.31,5.49,3700,0
20150821,5.49,5.49,5.31,5.34,10207,0
20150824,5.34,5.34,4.41,5.1,9904,0
20150825,5.25,5.48,5,5.4,6979,0
20150826,5.11,5.4,5.11,5.4,10942,0
20150827,5.39,5.65,5.22,5.65,10269,0
20150828,5.5,5.5,5.4,5.5,1121,0
20150831,5.33,5.5,5.11,5.5,4595,0
20150901,5.21,5.4,5.2,5.4,750,0
20150902,5.2,5.39,5.2,5.39,435,0
20150903,5.39,5.64,5.39,5.59,12583,0
20150904,5.59,5.59,5.4,5.4,2360,0
20150907,5.4,5.4,5.4,5.4,80,0
20150908,5.4,5.4,5.2,5.2,3549,0
20150909,5.21,5.4,5.21,5.21,355,0
20150910,5.4,5.4,5.21,5.21,1001,0
20150911,5.39,5.39,5.23,5.23,1174,0
20150914,5.23,5.25,5.2,5.2,4294,0
20150915,5.2,5.25,5.2,5.25,2608,0
20150916,5.4,5.45,5.22,5.39,20184,0
20150917,5.35,5.35,5.01,5.03,3554,0
20150918,5.02,5.22,5.02,5.22,5886,0
20150921,5.22,5.22,5.04,5.12,3283,0
20150922,5.12,5.26,5.12,5.26,49416,0
20150923,5.04,5.31,5.04,5.12,1992,0
20150924,5.25,5.4,5.25,5.39,1960,0
20150925,5.4,5.46,5.39,5.46,4418,0
20150928,5.46,5.46,5.02,5.21,4636,0
20150929,5.04,5.34,5.04,5.33,4696,0
20150930,5.12,5.35,5.12,5.35,2900,0
20151001,5.24,5.44,5.1,5.34,3011,0
20151002,5.34,5.35,5.34,5.35,2668,0
20151006,5.22,5.44,5.22,5.44,421,0
20151007,5.22,5.43,5.22,5.43,758,0
20151008,5.22,5.39,5.22,5.39,1428,0
20151009,5.3,5.3,5.3,5.3,1,0
20151013,5.2,5.38,4.9,5.38,7784,0
20151014,4.9,5.36,4.9,5.36,3,0
20151015,5.05,5.29,5.05,5.29,172,0
20151016,5.22,5.22,4.9,5.01,4908,0
20151019,4.7,5.12,4.7,5.01,644,0
20151020,4.8,5.11,4.8,5.11,616,0
20151021,5.11,5.11,4.8,5.11,782,0
20151022,4.91,5.11,4.91,5.11,395,0
20151023,4.82,5.1,4.82,5.1,1223,0
20151026,4.82,5.1,4.82,5.09,605,0
20151027,4.94,5.11,4.7,5.01,8855,0
20151028,4.66,5.08,4.66,4.75,2452,0
20151029,4.72,4.95,4.66,4.89,6143,0
20151030,4.66,4.88,4.66,4.87,321,0
20151102,4.5,4.86,4.5,4.85,6392,0
20151103,4.84,4.86,4.7,4.86,2328,0
20151104,4.86,4.86,4.66,4.86,5225,0
20151105,4.67,4.87,4.66,4.87,328,0
20151106,4.66,4.87,4.65,4.87,1506,0
20151109,4.82,4.85,4.82,4.85,150,0
20151110,4.65,4.9,4.65,4.9,6952,0
20151112,4.6,4.96,4.6,4.96,5977,0
20151113,4.96,5.1,4.89,5.1,1191,0
20151116,5.24,5.38,4.8,5.13,7942,0
20151118,4.9,5.05,4.82,5.05,2237,0
20151119,4.86,5.05,4.86,5.01,4439,0
20151120,4.87,4.98,4.76,4.93,3010,0
20151123,4.9,4.9,4.73,4.9,1304,0
20151124,4.94,4.94,4.94,4.94,20,0
20151130,4.73,4.94,4.73,4.94,31,0
20151201,4.94,4.94,4.54,4.84,5119,0
20151202,4.65,4.8,4.65,4.8,1914,0
20151203,4.8,4.8,4.5,4.78,4851,0
20151204,4.61,4.78,4.61,4.76,562,0
