Date,Open,High,Low,Close,Volume,OpenInt
20101229,14.554,14.92,14.346,14.41,52334,0
20101230,14.459,14.506,14.346,14.402,18436,0
20101231,14.4,14.4,13.708,14.382,12083,0
20110103,14.395,14.474,14.346,14.426,18361,0
20110104,14.426,14.434,14.346,14.434,9164,0
20110105,14.442,14.442,14.346,14.419,7817,0
20110107,14.346,14.402,13.845,14.402,6631,0
20110110,14.386,14.386,14.195,14.37,5788,0
20110111,14.346,14.419,14.338,14.386,4700,0
20110112,14.386,14.586,14.386,14.57,8735,0
20110113,14.577,14.577,14.395,14.538,9954,0
20110114,14.546,14.665,14.434,14.538,7881,0
20110117,14.546,14.546,14.434,14.506,1889,0
20110118,14.522,14.522,14.466,14.514,3174,0
20110119,14.514,14.514,14.466,14.506,5912,0
20110120,14.466,14.506,14.466,14.506,4158,0
20110121,14.514,14.57,14.466,14.57,7444,0
20110124,14.514,14.561,14.514,14.561,3519,0
20110125,14.561,14.561,14.426,14.459,6330,0
20110126,14.459,14.459,14.379,14.459,8236,0
20110127,14.426,14.466,14.426,14.466,133,0
20110128,14.355,14.506,14.355,14.498,2302,0
20110131,14.498,14.498,14.35,14.498,1257,0
20110201,14.49,14.49,14.346,14.466,4030,0
20110202,14.426,14.561,14.346,14.53,6820,0
20110203,14.554,14.554,14.53,14.53,2,0
20110204,14.53,14.53,14.426,14.522,829,0
20110207,14.426,14.506,14.386,14.506,12048,0
20110208,14.506,14.554,14.346,14.554,41348,0
20110209,14.506,14.665,14.346,14.665,44858,0
20110210,14.402,14.873,14.402,14.865,7323,0
20110211,14.402,14.984,14.402,14.976,8616,0
20110214,14.482,15.104,14.482,15.104,7080,0
20110215,14.761,15.065,14.617,15.065,8237,0
20110216,15.065,15.144,14.856,15.144,10710,0
20110217,15.144,15.542,15.144,15.502,3964,0
20110218,15.542,15.853,15.447,15.694,4204,0
20110221,15.829,15.829,15.375,15.694,38637,0
20110222,15.462,15.773,15.462,15.741,39973,0
20110223,15.39,15.813,15.383,15.765,33917,0
20110224,15.32,15.765,15.32,15.685,19631,0
20110225,15.39,15.717,15.39,15.606,14151,0
20110228,15.717,15.717,15.335,15.606,652,0
20110301,15.399,15.669,15.399,15.614,106,0
20110302,15.598,15.598,15.311,15.535,449,0
20110303,14.674,15.231,14.466,14.976,1562,0
20110304,15.135,15.135,14.641,14.896,457,0
20110307,14.729,14.944,14.729,14.896,247,0
20110308,14.889,14.969,14.594,14.856,466,0
20110309,14.96,14.96,14.554,14.816,137,0
20110310,14.816,14.816,14.434,14.705,99,0
20110311,14.426,14.697,14.426,14.697,35,0
20110314,14.689,14.697,14.665,14.697,28,0
20110315,14.657,14.689,14.386,14.386,1024,0
20110316,14.65,14.665,14.386,14.386,268,0
20110317,14.665,14.665,14.362,14.362,3,0
20110318,14.665,14.665,14.362,14.362,107,0
20110321,14.657,14.657,14.362,14.362,65,0
20110322,14.657,14.657,14.426,14.426,56884,0
20110323,14.657,14.657,14.362,14.657,1440,0
20110324,14.657,14.657,14.426,14.426,52709,0
20110325,14.546,14.546,14.379,14.379,3,0
20110328,14.546,14.546,14.546,14.546,1,0
20110329,14.657,14.657,14.586,14.586,2,0
20110330,14.65,14.65,14.65,14.65,2,0
20110331,14.375,14.646,14.375,14.646,21,0
20110401,14.641,14.641,14.267,14.346,2866,0
20110404,14.346,14.346,14.346,14.346,721,0
20110405,14.577,14.577,14.577,14.577,2,0
20110406,14.665,14.665,14.657,14.665,8094,0
20110407,14.665,14.665,14.657,14.657,258,0
20110408,14.665,14.665,14.657,14.657,2,0
20110411,14.689,14.689,14.657,14.657,2,0
20110412,14.657,14.657,14.346,14.586,98,0
20110413,14.586,14.586,14.346,14.426,1264,0
20110414,14.586,14.586,14.426,14.506,1037,0
20110415,14.506,14.506,14.498,14.498,1256,0
20110418,14.498,14.498,14.267,14.498,66,0
20110419,14.506,14.546,14.506,14.546,540,0
20110420,14.546,14.546,14.267,14.538,651,0
20110421,14.53,14.53,14.274,14.522,51606,0
20110426,14.14,14.546,14.14,14.538,537,0
20110427,14.538,14.538,14.346,14.53,128,0
20110428,14.346,14.346,14.346,14.346,983,0
20110429,14.35,14.424,14.35,14.424,177,0
20110502,14.506,14.506,14.474,14.474,2,0
20110504,14.474,14.474,14.426,14.426,65,0
20110505,14.419,14.419,14.346,14.419,776,0
20110506,14.419,14.419,14.267,14.419,316,0
20110509,14.419,14.419,14.386,14.386,2,0
20110510,14.338,14.419,14.338,14.419,3301,0
20110511,14.419,14.419,13.972,14.419,50,0
20110512,14.419,14.419,13.949,14.379,1045,0
20110513,14.346,14.346,13.676,14.259,293,0
20110516,14.306,14.306,13.836,14.267,3,0
20110517,14.306,14.306,14.306,14.306,2,0
20110518,14.267,14.346,13.949,14.346,12407,0
20110519,14.386,14.386,13.949,14.386,42557,0
20110520,14.386,14.419,14.386,14.41,66,0
20110523,14.419,14.419,14.419,14.419,2,0
20110524,14.419,14.419,14.379,14.379,2,0
20110525,14.402,14.402,14.346,14.37,149,0
20110526,14.37,14.37,14.362,14.362,2,0
20110527,14.37,14.37,14.346,14.346,4,0
20110530,14.346,14.346,13.868,14.338,470,0
20110531,14.342,14.342,14.334,14.334,2,0
20110601,14.331,14.338,13.789,14.338,2109,0
20110602,14.338,14.338,13.789,14.338,199,0
20110603,14.338,14.338,14.338,14.338,2,0
20110606,14.338,14.346,14.107,14.346,2700,0
20110607,14.426,14.434,14.426,14.426,3248,0
20110608,14.426,14.426,14.419,14.419,2,0
20110609,14.426,14.426,14.426,14.426,1,0
20110610,14.346,14.346,14.346,14.346,2,0
20110613,14.426,14.426,14.419,14.419,2,0
20110614,14.41,14.41,14.41,14.41,1,0
20110615,14.41,14.41,14.41,14.41,2,0
20110616,14.4,14.4,14.4,14.4,2,0
20110617,14.395,14.395,14.346,14.346,2,0
20110620,14.338,14.338,13.19,14.06,3139,0
20110621,14.346,14.346,13.749,13.749,29,0
20110622,13.709,13.709,13.215,13.709,209,0
20110624,13.549,13.549,13.23,13.23,580,0
20110627,13.151,13.151,13.071,13.071,467,0
20110628,13.111,13.59,13.111,13.509,808,0
20110629,13.59,13.59,13.549,13.581,908,0
20110630,13.593,13.61,13.585,13.585,781,0
20110701,13.947,13.947,13.947,13.947,152,0
20110704,13.947,13.947,13.313,13.51,661,0
20110705,13.61,13.61,13.51,13.51,109,0
20110706,13.51,13.51,13.51,13.51,22,0
20110707,13.51,13.51,13.51,13.51,17,0
20110708,13.791,13.791,13.552,13.552,26,0
20110711,13.789,13.789,13.175,13.35,631,0
20110712,13.469,13.469,13.346,13.346,16,0
20110713,13.342,13.342,13.19,13.23,122,0
20110714,13.247,13.247,13.151,13.151,2,0
20110715,13.223,13.223,12.828,12.828,666,0
20110718,12.808,12.808,12.753,12.808,41,0
20110719,12.795,12.795,12.153,12.343,819,0
20110720,12.235,12.235,10.557,10.557,3578,0
20110721,10.918,11.955,10.918,11.437,2335,0
20110722,11.478,11.478,10.763,10.763,842,0
20110725,11.478,11.478,10.557,11.478,4505,0
20110726,11.478,11.955,11.478,11.955,391,0
20110727,11.955,11.955,11.955,11.955,1,0
20110728,11.849,12.343,11.767,12.343,956,0
20110729,12.343,13.083,11.849,12.343,1528,0
20110801,12.424,12.424,12.054,12.424,1360,0
20110802,12.465,12.465,12.219,12.219,136,0
20110803,12.219,12.219,11.643,11.89,328,0
20110804,11.824,11.824,11.437,11.792,332,0
20110805,10.606,11.626,10.606,11.519,1290,0
20110808,10.696,10.696,10.367,10.532,560,0
20110809,9.873,10.696,9.783,9.939,127,0
20110810,9.841,9.841,9.792,9.792,731,0
20110811,9.751,9.866,9.0429,9.866,3168,0
20110812,10.03,10.581,9.792,10.581,140,0
20110816,9.873,10.121,9.643,9.931,388,0
20110817,9.997,9.997,9.923,9.939,262,0
20110818,9.4787,9.914,9.4539,9.914,400,0
20110819,9.955,9.955,9.955,9.955,1,0
20110822,9.955,9.955,9.955,9.955,1,0
20110824,9.0511,10.696,9.0511,10.696,258,0
20110825,10.696,10.696,10.688,10.688,139,0
20110826,10.688,10.688,10.688,10.688,2,0
20110829,9.775,10.261,9.775,10.261,769,0
20110830,10.367,10.367,10.318,10.367,1121,0
20110831,10.318,10.367,10.318,10.367,30,0
20110901,10.318,10.367,10.318,10.367,196,0
20110902,10.367,10.696,10.318,10.696,676,0
20110905,10.491,10.491,9.833,9.997,848,0
20110906,10.285,10.285,10.285,10.285,1,0
20110908,9.4042,9.873,9.4042,9.873,735,0
20110909,9.4042,9.873,9.4042,9.873,196,0
20110912,7.792,8.3926,7.792,8.1458,2318,0
20110913,9.174,9.174,8.6313,8.6313,927,0
20110914,9.4214,9.4214,9.4128,9.4128,89,0
20110915,8.5984,8.8863,8.4831,8.8043,6194,0
20110916,8.4668,8.4668,7.175,7.5204,8174,0
20110919,7.5204,7.5204,7.5204,7.5204,1,0
20110920,7.3971,7.3971,7.0762,7.3971,882,0
20110921,7.3889,7.3889,6.7882,6.7882,342,0
20110922,7.2984,7.2984,6.2204,7.1173,1299,0
20110923,7.1173,7.1173,6.3357,6.6647,178,0
20110926,6.0066,6.5496,6.0066,6.5496,174,0
20110927,6.5414,6.5414,5.3153,5.5128,42890,0
20110928,5.9983,5.9983,5.5128,5.5951,1331,0
20110929,5.9243,5.9243,5.5128,5.8419,1753,0
20110930,5.7926,5.7926,5.4717,5.735,3362,0
20111003,5.5128,5.7596,5.5128,5.6693,3454,0
20111004,5.7514,5.7514,5.7432,5.7432,2361,0
20111005,5.7596,5.8995,5.7596,5.8583,2599,0
20111006,5.9324,5.9324,5.7185,5.8831,9257,0
20111007,5.8831,5.9736,5.7596,5.9407,1241,0
20111010,5.9818,5.9901,5.628,5.8831,2762,0
20111011,5.9489,5.9489,5.5128,5.7762,2434,0
20111012,5.7762,5.7762,5.7514,5.7514,126,0
20111013,5.7514,5.7679,5.7514,5.7679,4188,0
20111014,5.7596,5.9653,5.7596,5.9571,8043,0
20111017,5.9983,6.5496,5.9983,6.5496,3068,0
20111018,6.418,6.5002,6.0066,6.5002,869,0
20111019,6.5002,6.5002,6.5002,6.5002,130,0
20111020,6.5002,6.5002,6.1711,6.5002,842,0
20111021,6.5002,6.5002,6.0889,6.5002,833,0
20111024,6.4755,6.9938,6.4755,6.8458,1262,0
20111025,6.8458,7.5286,6.8458,7.4629,7163,0
20111026,7.9483,8.1952,7.2819,7.6028,1224,0
20111027,8.3516,8.3516,7.899,7.9812,4776,0
20111028,8.3762,8.475,7.9483,8.1211,3072,0
20111031,8.1129,8.1211,8.1129,8.1211,357,0
20111102,7.8167,7.8167,7.8167,7.8167,157,0
20111103,7.899,7.899,7.6357,7.899,1125,0
20111104,7.899,8.1458,7.5698,8.1458,1520,0
20111107,7.7755,8.1458,7.4053,7.8577,3509,0
20111108,8.1377,8.1377,7.4053,8.1377,5181,0
20111109,8.1377,8.878,7.7344,8.623,4681,0
20111110,8.1458,8.5984,8.1458,8.5161,4258,0
20111114,8.475,8.8043,8.475,8.8043,888,0
20111115,8.6396,8.6396,8.5572,8.5572,934,0
20111116,8.6396,8.6396,8.6396,8.6396,1,0
20111117,8.5572,8.5572,8.549,8.5572,240,0
20111118,8.6396,8.7214,8.2281,8.6396,1597,0
20111121,8.5984,8.5984,7.8577,8.2281,965,0
20111122,8.7961,9.0511,8.2281,8.2281,135,0
20111123,8.2281,8.8863,8.2034,8.7633,133,0
20111124,8.7214,8.8863,8.1869,8.475,311,0
20111125,8.4668,8.7214,8.4668,8.7214,216,0
20111128,8.6396,9.3803,8.1458,8.475,263,0
20111129,8.6396,9.0511,8.2281,8.4339,1125,0
20111130,8.4339,8.4339,8.2281,8.3926,2484,0
20111201,8.6396,9.2151,8.5572,8.5572,1184,0
20111202,8.5572,8.7131,8.2281,8.2281,931,0
20111205,8.7214,8.7214,8.549,8.549,553,0
20111206,8.6396,8.7214,8.5572,8.5572,261,0
20111207,8.7214,8.7214,8.2363,8.475,20,0
20111208,8.6396,9.323,8.6396,9.0511,228,0
20111209,8.6804,9.2982,8.6804,9.2982,738,0
20111212,9.0265,9.2982,8.7304,9.2982,67,0
20111213,9.2982,9.775,9.2982,9.4615,820,0
20111214,9.783,9.783,9.0511,9.7,877,0
20111215,9.7,9.709,8.9682,8.9682,406,0
20111216,9.627,9.627,9.0511,9.3803,247,0
20111219,9.3717,9.3717,9.3717,9.3717,416,0
20111220,9.4042,9.4042,9.3393,9.3393,23,0
20111221,9.4042,9.4042,9.3717,9.3717,133,0
20111222,9.388,9.668,9.2151,9.4539,596,0
20111223,9.504,9.668,9.4539,9.4539,748,0
20111227,9.4539,9.4539,9.0511,9.3717,244,0
20111228,9.4539,9.4539,9.4539,9.4539,336,0
20111229,9.4615,9.783,9.4615,9.783,1400,0
20111230,9.873,10.841,9.4338,10.125,5436,0
20120102,10.285,10.688,10.112,10.121,165,0
20120103,10.367,10.449,10.277,10.277,43,0
20120104,10.039,10.696,9.618,10.277,4116,0
20120105,10.235,10.244,9.2151,10.162,1878,0
20120109,10.277,10.277,8.6396,10.063,3567,0
20120110,10.063,10.194,9.504,10.146,87,0
20120111,10.367,10.367,9.783,10.285,785,0
20120112,10.532,10.68,9.4787,10.631,903,0
20120113,10.606,10.672,9.873,10.656,12974,0
20120116,10.656,11.19,10.656,10.771,10449,0
20120117,11.231,11.56,11.19,11.273,15639,0
20120118,11.519,11.931,11.396,11.684,13815,0
20120119,11.939,12.153,11.89,11.947,15865,0
20120120,12.219,12.219,11.898,11.98,6403,0
20120123,12.219,12.219,12.095,12.178,5456,0
20120124,12.219,12.416,12.219,12.343,4609,0
20120125,12.343,12.343,12.005,12.153,4078,0
20120126,12.26,12.26,11.651,11.89,4422,0
20120127,11.939,12.012,11.601,11.971,1637,0
20120130,11.971,12.178,11.931,12.178,7523,0
20120131,12.18,12.18,12.06,12.06,2535,0
20120201,12.26,12.334,12.136,12.251,2785,0
20120202,12.251,12.326,12.095,12.095,7660,0
20120203,12.095,12.326,12.054,12.095,1289,0
20120206,12.178,12.178,11.149,11.601,3810,0
20120207,11.725,11.725,10.696,10.82,5338,0
20120208,10.984,11.849,10.943,11.767,3107,0
20120209,12.054,12.054,11.767,11.849,1333,0
20120210,11.996,11.996,11.808,11.808,1806,0
20120213,11.808,11.914,11.116,11.643,549,0
20120214,11.601,11.601,10.911,11.429,4552,0
20120215,11.429,11.429,11.026,11.396,3264,0
20120216,11.396,11.429,10.992,11.38,519,0
20120217,11.478,11.478,11.461,11.461,288,0
20120220,11.478,11.478,10.688,11.437,4123,0
20120221,11.437,11.437,11.034,11.421,963,0
20120222,11.396,11.396,11.026,11.273,3576,0
20120223,11.314,11.314,11.067,11.305,1902,0
20120224,11.429,11.429,11.314,11.429,1451,0
20120227,11.56,11.601,11.323,11.601,1541,0
20120228,11.643,11.75,11.519,11.75,636,0
20120229,11.75,11.75,11.511,11.741,634,0
20120301,11.767,11.849,11.75,11.849,661,0
20120302,11.849,11.849,11.355,11.849,299,0
20120305,11.849,11.849,11.528,11.684,240,0
20120306,11.774,11.774,11.519,11.684,1219,0
20120307,11.61,11.716,10.565,11.19,3931,0
20120308,11.19,11.231,10.87,11.231,925,0
20120309,11.273,11.314,10.87,11.314,607,0
20120312,11.314,11.314,10.606,11.273,7213,0
20120313,11.273,11.667,10.829,11.273,2566,0
20120314,11.273,11.273,10.935,10.935,4374,0
20120315,10.935,11.273,10.696,11.273,126864,0
20120316,11.273,11.273,10.721,10.943,2279,0
20120319,10.943,11.478,10.696,10.779,2830,0
20120320,10.771,11.108,10.704,10.779,796,0
20120321,10.935,10.935,10.294,10.696,4841,0
20120322,10.244,11.1,10.244,10.935,489,0
20120323,10.943,11.215,10.943,10.943,1387,0
20120326,10.574,11.084,10.574,10.656,883,0
20120327,10.59,11.075,10.59,11.067,5384,0
20120328,11.19,11.19,11.19,11.19,83,0
20120329,10.696,11.19,10.31,11.19,88598,0
20120330,11.109,11.109,10.082,10.695,13525,0
20120402,10.82,10.861,10.615,10.696,1996,0
20120403,10.696,10.696,10.244,10.696,3171,0
20120404,10.696,10.696,10.326,10.524,771,0
20120405,10.524,10.532,10.408,10.491,390,0
20120410,10.449,10.688,10.408,10.574,1061,0
20120411,10.565,10.696,10.532,10.696,621,0
20120412,10.696,10.696,10.68,10.68,2,0
20120413,10.696,10.696,10.696,10.696,706,0
20120416,10.688,10.688,10.367,10.663,130,0
20120417,10.663,10.672,10.401,10.672,175,0
20120418,10.647,10.647,10.261,10.491,429,0
20120419,10.261,10.449,9.873,10.08,2604,0
20120420,10.08,10.08,9.627,9.833,793,0
20120423,9.627,9.627,9.174,9.618,200,0
20120424,9.174,9.2982,9.174,9.2982,798,0
20120425,9.2982,9.2982,9.2982,9.2982,1,0
20120426,9.0511,9.0511,8.6886,8.6886,1830,0
20120427,8.96,9.0429,8.96,9.0429,3,0
20120430,9.0447,9.053,8.6386,9.053,820,0
20120502,9.0511,9.0511,8.6396,9.0511,1657,0
20120504,9.0511,9.0511,8.6396,9.0511,69,0
20120507,9.0511,9.0511,8.6396,9.0511,247,0
20120508,9.0102,9.0511,9.0102,9.0511,513,0
20120509,9.0511,9.0511,7.8167,8.2199,45656,0
20120510,8.3022,8.3022,7.4053,7.578,5026,0
20120511,7.4958,7.7673,7.4958,7.7673,246,0
20120514,7.4958,7.7673,7.0762,7.4053,3732,0
20120515,7.4053,7.4053,7.323,7.4053,853,0
20120516,7.4053,7.4053,7.323,7.4053,196,0
20120517,7.4053,7.6768,7.1173,7.323,2241,0
20120518,7.3065,7.3065,6.6812,6.9938,15712,0
20120521,6.9856,7.0762,6.6647,7.0762,3751,0
20120522,7.068,7.0762,7.068,7.0762,488,0
20120523,7.0762,7.0762,6.7471,6.8705,1468,0
20120524,6.8293,6.9938,6.7799,6.9938,2345,0
20120525,6.9938,7.1584,6.9938,6.9938,717,0
20120528,7.035,7.1584,7.035,7.1584,25,0
20120529,7.1502,7.1584,7.1502,7.1584,276,0
20120530,7.1584,7.1584,7.1584,7.1584,1,0
20120531,7.1614,7.1614,7.1614,7.1614,85,0
20120601,7.1584,7.1584,6.8293,6.8293,737,0
20120604,6.8293,6.8293,6.7882,6.7882,179,0
20120605,6.7059,6.9938,6.7059,6.9938,187,0
20120606,6.9116,6.9116,6.6894,6.9116,73,0
20120608,6.9116,6.9116,6.9116,6.9116,2,0
20120611,6.9116,6.9116,6.8293,6.9116,732,0
20120612,6.9116,6.9116,6.8293,6.8293,1084,0
20120613,6.9116,6.9116,6.9116,6.9116,2,0
20120614,6.9116,6.9116,6.7634,6.9116,880,0
20120615,6.9116,7.035,6.9116,7.035,161,0
20120618,7.0762,7.7344,7.0762,7.7344,2355,0
20120619,8.0307,9.0511,7.7426,8.6396,6357,0
20120620,8.6396,8.6396,8.0307,8.2199,1808,0
20120621,8.2199,8.2199,7.9812,8.154,1369,0
20120622,8.1211,8.1211,7.7344,7.9894,1634,0
20120625,7.9894,7.9894,7.6686,7.9731,137,0
20120626,7.9731,7.9731,7.899,7.9565,136,0
20120627,7.9648,8.7469,7.6932,7.8496,17654,0
20120628,7.7344,7.8496,7.6932,7.8496,1247,0
20120629,7.7748,7.7834,7.7748,7.7834,4911,0
20120702,7.8577,7.8577,7.4135,7.718,4887,0
20120703,7.7591,7.8577,7.4053,7.6768,3111,0
20120704,7.5946,7.6028,7.4053,7.6028,313,0
20120705,7.6028,7.611,7.6028,7.6028,150,0
20120706,7.611,7.611,7.4135,7.611,293,0
20120709,7.611,7.611,7.4135,7.5698,955,0
20120710,7.5946,7.6932,7.4135,7.6932,785,0
20120711,7.611,7.8167,7.4053,7.5615,3201,0
20120712,7.5452,7.611,7.5452,7.611,163,0
20120713,7.4135,7.4793,7.4053,7.4793,1663,0
20120716,7.5369,7.5369,7.2489,7.5204,3857,0
20120717,7.5204,7.5204,7.4053,7.5204,544,0
20120718,7.5242,7.5242,7.075,7.075,2480,0
20120719,6.9938,6.9938,6.0889,6.0889,11026,0
20120720,6.4919,6.5002,5.7596,5.7596,10641,0
20120723,5.8008,5.8749,5.7596,5.7596,1734,0
20120724,5.8656,6.1594,5.8656,6.1594,3045,0
20120726,6.2534,6.8705,6.2534,6.8705,1459,0
20120727,6.8622,6.9446,6.7059,6.9446,1010,0
20120730,6.6401,6.9938,6.6401,6.9693,2577,0
20120731,6.9628,6.9628,6.9628,6.9628,133,0
20120801,6.9528,6.9528,6.9528,6.9528,122,0
20120802,6.9541,6.9541,6.9109,6.9455,328,0
20120803,7.2325,7.2325,7.0762,7.0762,246,0
20120806,7.0762,7.0762,7.0762,7.0762,2,0
20120807,7.0762,7.0762,7.0762,7.0762,154,0
20120808,7.2078,7.2078,7.2078,7.2078,1,0
20120810,7.175,7.175,7.175,7.175,120,0
20120814,6.8622,6.8705,6.8622,6.8705,71,0
20120816,6.8705,7.1091,6.8705,7.1091,366,0
20120817,7.1091,7.1091,6.8293,7.1008,337,0
20120820,7.1255,7.4876,7.1255,7.4876,2663,0
20120821,7.5698,7.9812,7.5698,7.9483,1686,0
20120822,7.8167,7.9812,7.8167,7.9812,553,0
20120823,7.9812,7.9812,7.9731,7.9812,1696,0
20120824,7.9821,7.9821,7.1873,7.6106,1127,0
20120827,7.611,7.611,7.2161,7.5041,874,0
20120828,7.5615,7.5615,7.5123,7.5123,389,0
20120830,7.4793,7.578,7.2654,7.3313,934,0
20120831,7.3428,7.6798,7.3428,7.6106,1494,0
20120903,7.6438,7.8908,7.3313,7.8908,4776,0
20120904,7.818,8.1981,7.628,8.1463,1734,0
20120905,8.1463,8.3967,7.9994,8.3881,556,0
20120906,8.0426,8.4658,8.0426,8.3881,386,0
20120907,8.3967,8.3967,8.0253,8.0253,1199,0
20120910,8.1463,8.6386,8.1463,8.6386,44,0
20120911,8.2585,8.5523,8.2585,8.3104,273,0
20120912,8.3794,8.5782,8.1635,8.4831,1112,0
20120913,8.4831,9.3297,8.1635,9.2437,2087,0
20120914,9.2007,9.2007,8.7678,8.8115,3144,0
20120917,8.8543,8.9154,8.6386,8.9154,715,0
20120918,8.8115,8.8115,8.4226,8.725,766,0
20120919,8.725,8.725,8.3536,8.63,762,0
20120920,8.2499,8.3709,8.0339,8.2931,2047,0
20120921,8.2931,9.0702,7.9821,8.7077,3701,0
20120924,8.7077,8.7077,8.63,8.63,139,0
20120925,8.63,8.63,8.63,8.63,66,0
20120926,8.63,8.63,8.2326,8.5437,26,0
20120927,8.63,8.63,8.224,8.2931,640,0
20120928,8.4573,8.4573,8.1894,8.4486,105,0
20121001,8.4399,8.4399,8.414,8.414,24,0
20121002,8.3967,8.3967,8.3794,8.3794,262,0
20121003,8.3794,8.725,8.3794,8.725,1171,0
20121004,8.7423,8.7678,8.7423,8.7678,871,0
20121005,8.6822,8.6822,8.5523,8.6822,751,0
20121008,8.561,8.6822,8.5523,8.5523,585,0
20121009,8.5091,8.8115,8.5091,8.8115,133016,0
20121010,9.0702,9.0702,8.9846,9.0702,215,0
20121011,9.0702,9.0702,8.9409,9.0702,13721,0
20121012,9.1568,9.1568,8.8981,9.1568,61,0
20121015,9.2007,9.2007,8.7851,9.062,267,0
20121016,9.062,9.0702,9.062,9.0702,1547,0
20121017,9.0702,9.762,8.777,9.762,5777,0
20121018,9.762,9.891,9.1568,9.1568,10978,0
20121019,9.3995,9.3995,8.8981,9.0702,767,0
20121022,8.8716,8.8716,8.5005,8.6386,1150,0
20121023,8.6473,8.7596,8.6473,8.725,493,0
20121024,8.7168,8.7168,8.6822,8.6822,16,0
20121025,8.7168,8.7168,8.7077,8.7077,242,0
20121026,8.7077,8.7077,8.7077,8.7077,1,0
20121029,8.7077,8.7077,8.7077,8.7077,1157,0
20121030,8.6904,8.6904,8.6904,8.6904,2,0
20121031,8.6995,8.6995,8.4054,8.6995,310,0
20121102,8.6995,8.6995,8.6995,8.6995,2,0
20121105,8.6386,8.725,7.8698,8.5177,4142,0
20121106,8.4658,8.6822,8.0426,8.4658,2479,0
20121107,8.7505,8.7505,8.3363,8.3794,274,0
20121108,8.7077,8.7077,8.0253,8.4226,736,0
20121109,8.1117,8.345,8.0253,8.345,248,0
20121112,8.345,8.345,7.9648,8.345,93,0
20121113,8.345,8.7168,8.345,8.7168,1372,0
20121114,8.6731,8.6731,8.3363,8.3363,676,0
20121115,8.1117,8.1117,7.7402,7.7402,933,0
20121116,8.1203,8.1721,7.7402,8.1721,125,0
20121119,8.1117,8.1117,7.7402,7.7402,1818,0
20121120,7.5156,7.7402,7.5156,7.7402,955,0
20121121,7.8093,7.8093,7.7921,7.8093,255,0
20121122,7.8093,7.818,7.7748,7.7748,189,0
20121123,7.818,7.818,7.818,7.818,1,0
20121126,7.818,7.818,7.4552,7.818,80,0
20121127,7.818,7.818,7.7748,7.818,118,0
20121128,7.818,7.818,7.7748,7.7748,718,0
20121129,7.818,7.818,7.7748,7.7748,1969,0
20121130,7.5415,7.818,7.5415,7.818,40,0
20121203,7.818,7.818,7.7748,7.7748,560,0
20121204,7.7661,7.7748,7.4638,7.7748,1403,0
20121205,7.818,7.818,7.7748,7.7748,234,0
20121206,7.7748,7.7748,7.7748,7.7748,1,0
20121207,7.7748,7.7748,7.6712,7.6712,1008,0
20121210,7.4984,7.818,7.4984,7.818,442,0
20121211,7.8093,7.8093,7.5156,7.8093,1474,0
20121212,7.7661,7.7661,7.4293,7.4293,553,0
20121213,7.5761,7.5761,7.4293,7.5761,944,0
20121214,7.3428,7.8612,7.3428,7.8612,9986,0
20121217,7.8612,7.8612,7.7748,7.7748,209,0
20121218,7.7748,7.7748,7.5588,7.723,218,0
20121219,7.723,7.8871,7.602,7.8871,1057,0
20121220,7.8871,8.008,7.602,7.9821,364,0
20121221,7.9821,7.9821,7.9821,7.9821,1,0
20121227,7.9908,8.3794,7.818,8.3622,1626,0
20121228,8.4658,8.8115,8.129,8.7596,877,0
20130102,8.129,8.8025,7.9648,8.8025,15767,0
20130103,8.8115,8.8115,8.6386,8.6386,1261,0
20130104,8.8115,8.8115,8.7596,8.8115,5702,0
20130107,8.8115,9.1568,8.8115,9.1568,3821,0
20130108,9.3211,9.3211,9.1482,9.3125,402,0
20130109,9.3211,9.503,9.1482,9.503,336,0
20130110,9.4243,9.4243,9.1396,9.3469,505,0
20130111,9.3383,9.3383,9.3383,9.3383,1,0
20130114,9.2858,9.3211,9.2437,9.2437,144,0
20130115,9.2007,9.2007,8.9846,9.0274,964,0
20130116,9.0274,9.3211,8.9582,9.0274,343,0
20130117,9.0274,9.2781,9.0102,9.2781,386,0
20130118,9.2858,9.2858,9.0702,9.0702,5724,0
20130121,9.0702,9.3125,9.0702,9.3125,324,0
20130122,9.3125,9.3125,9.088,9.3125,447,0
20130123,9.3125,9.3125,9.3125,9.3125,232,0
20130124,9.3039,9.3039,9.1568,9.1664,505,0
20130125,9.1664,9.2858,9.1664,9.2858,678,0
20130128,9.3125,9.3125,9.1664,9.1664,1123,0
20130129,9.3125,9.3125,9.1664,9.3125,606,0
20130130,9.1664,9.3125,9.1664,9.3125,1172,0
20130131,9.3125,9.3125,9.1664,9.1664,216,0
20130201,9.3039,9.3039,9.1568,9.2437,149,0
20130204,9.2437,9.891,9.2437,9.891,2172,0
20130205,9.597,9.891,9.597,9.676,1299,0
20130206,9.676,9.891,9.676,9.848,554,0
20130207,9.883,9.891,9.693,9.693,783,0
20130208,9.4415,9.693,9.4415,9.4596,397,0
20130211,9.4338,9.667,9.4338,9.667,65,0
20130212,9.667,9.676,9.3297,9.676,1592,0
20130213,9.676,9.693,9.676,9.693,600,0
20130214,9.693,9.719,9.511,9.719,1163,0
20130215,9.754,9.787,9.754,9.787,1387,0
20130218,9.977,10.764,9.676,10.366,3491,0
20130219,10.383,10.695,10.263,10.453,1840,0
20130220,10.539,10.703,10.383,10.617,1240,0
20130221,10.617,10.617,9.934,10.237,2505,0
20130222,9.987,10.366,9.987,10.366,269,0
20130225,10.366,10.366,10.263,10.358,206,0
20130226,10.358,10.358,10.34,10.34,88,0
20130227,10.34,10.34,10.186,10.323,292,0
20130228,10.323,10.323,10.107,10.28,854,0
20130301,10.28,10.28,10.176,10.176,250,0
20130304,10.28,11.195,10.176,10.893,3704,0
20130305,11.195,11.205,10.98,11.195,1882,0
20130306,11.205,12.008,11.144,11.878,2401,0
20130307,11.922,11.922,11.438,11.878,1552,0
20130308,12.008,12.008,11.282,11.757,4497,0
20130311,12.008,12.008,11.912,11.922,3315,0
20130312,12.086,12.093,11.793,12.086,2030,0
20130313,12.086,12.093,11.793,11.8,1036,0
20130314,12.12,12.12,12.008,12.008,268,0
20130315,12.077,12.077,11.567,11.99,748,0
20130318,11.99,12.008,11.601,12.008,1049,0
20130319,11.999,12.008,11.576,11.749,639,0
20130320,11.878,11.878,11.48,11.817,529,0
20130321,11.817,11.817,11.507,11.817,553,0
20130322,11.817,11.817,11.49,11.49,246,0
20130325,11.81,11.81,11.282,11.679,782,0
20130326,11.679,11.793,11.36,11.644,630,0
20130327,11.654,12.492,11.317,12.396,8632,0
20130328,12.362,12.396,12.008,12.396,1100,0
20130402,12.345,12.345,11.965,12.31,4,0
20130403,12.319,12.319,11.965,12.319,243,0
20130404,12.345,12.345,11.973,12.093,2044,0
20130405,12.302,12.302,12.093,12.276,1224,0
20130408,12.266,12.31,12.137,12.137,562,0
20130409,12.293,12.293,12.18,12.18,232,0
20130410,12.293,12.293,12.224,12.224,255,0
20130411,12.293,12.379,12.266,12.379,856,0
20130412,12.379,12.379,12.266,12.266,522,0
20130415,12.345,12.396,12.284,12.31,1569,0
20130417,12.388,12.388,12.163,12.163,1928,0
20130418,12.388,12.388,12.05,12.05,420,0
20130419,12.06,12.388,12.06,12.388,49,0
20130422,12.06,12.561,12.06,12.526,1931,0
20130423,12.482,12.482,12.31,12.31,630,0
20130424,12.353,12.353,12.093,12.31,407,0
20130425,12.266,12.266,11.965,11.965,1339,0
20130426,11.999,11.999,11.23,11.87,3344,0
20130429,11.956,11.956,11.36,11.619,2506,0
20130430,11.662,11.688,11.662,11.671,246,0
20130502,11.662,11.671,11.662,11.671,2,0
20130506,11.377,11.377,11.377,11.377,273,0
20130507,11.567,12.44,11.567,12.44,3778,0
20130508,12.396,12.396,12.396,12.396,38,0
20130509,12.396,12.396,12.371,12.371,8,0
20130510,12.18,12.345,12.12,12.345,84,0
20130513,12.345,12.353,12.345,12.353,406,0
20130514,12.31,12.31,11.679,11.999,4894,0
20130515,11.999,11.999,11.584,11.584,157,0
20130516,11.99,11.99,11.671,11.671,505,0
20130517,11.671,11.749,11.654,11.749,383,0
20130520,11.982,11.982,11.757,11.757,6,0
20130521,11.774,11.81,11.774,11.81,130,0
20130522,12.043,12.043,11.619,11.749,636,0
20130523,11.947,12.033,11.947,12.033,15,0
20130524,12.026,12.093,12.008,12.093,581,0
20130527,12.093,12.093,11.774,11.774,105,0
20130528,11.783,12.093,11.749,12.093,67662,0
20130529,12.093,12.093,12.008,12.016,1515,0
20130531,12.088,12.088,12.088,12.088,83,0
20130603,12.086,12.086,12.086,12.086,1,0
20130604,11.843,11.965,11.843,11.965,57967,0
20130605,12.086,12.086,11.965,12.016,35107,0
20130606,12.086,12.093,11.843,12.093,23701,0
20130607,12.215,12.224,12.215,12.224,215,0
20130610,12.266,12.353,12.18,12.336,672,0
20130611,12.266,12.336,12.266,12.336,568,0
20130612,12.345,12.345,12.18,12.18,116555,0
20130613,12.18,12.18,11.351,12.155,2305,0
20130614,12.155,12.163,12.06,12.163,131,0
20130617,12.163,12.163,12.155,12.155,360,0
20130618,12.155,12.155,12.093,12.093,621,0
20130619,12.093,12.093,12.093,12.093,2,0
20130620,12.093,12.093,12.086,12.086,117,0
20130621,12.068,12.068,11.714,11.714,452,0
20130624,11.99,11.99,11.99,11.99,163,0
20130625,11.999,12.008,11.99,12.008,227,0
20130626,11.999,11.999,11.965,11.965,3,0
20130627,11.965,12.043,11.679,11.679,468,0
20130628,11.671,11.793,11.662,11.662,1480,0
20130701,11.533,11.644,11.23,11.644,1170,0
20130702,11.654,11.662,11.654,11.662,122,0
20130703,11.662,11.662,11.662,11.662,2,0
20130704,11.654,11.662,11.247,11.317,2567,0
20130705,11.317,11.49,11.317,11.317,133487,0
20130708,11.567,11.567,11.23,11.567,365,0
20130709,11.619,11.619,11.23,11.23,1696,0
20130710,11.386,11.386,11.058,11.386,1989,0
20130711,11.438,11.438,11.066,11.317,827,0
20130712,11.394,11.473,11.394,11.455,1825,0
20130715,11.446,11.446,11.144,11.144,337,0
20130716,11.152,11.446,11.152,11.446,113,0
20130717,10.807,11.351,10.591,11.351,10672,0
20130718,11.343,11.343,11.144,11.144,651,0
20130719,11.308,11.308,10.807,11.048,379,0
20130722,11.048,11.048,11.048,11.048,118,0
20130723,11.048,11.23,11.048,11.23,1374,0
20130724,11.222,11.222,10.798,11.222,182,0
20130725,11.222,12.093,10.851,11.49,29064,0
20130726,11.48,11.48,11.463,11.473,1379,0
20130729,11.473,11.473,11.239,11.239,210,0
20130730,11.23,11.23,10.824,11.205,419,0
20130731,11.205,11.619,10.824,11.619,6370,0
20130801,11.731,11.912,11.524,11.912,2747,0
20130802,11.99,11.999,11.723,11.922,678,0
20130805,11.965,12.18,11.793,12.18,1478,0
20130806,11.731,12.266,11.731,12.266,67,0
20130807,11.853,12.093,11.749,12.086,4760,0
20130808,12.06,12.128,12.06,12.093,1870,0
20130809,12.068,12.093,11.835,11.835,1472,0
20130812,12.043,12.043,11.774,11.774,657,0
20130813,11.827,11.827,11.723,11.8,11621,0
20130814,11.8,12.043,11.8,12.043,524,0
20130816,11.999,11.999,11.835,11.973,1374,0
20130819,11.99,11.99,11.965,11.965,146,0
20130820,11.576,11.922,11.118,11.922,8498,0
20130821,11.912,12.008,11.827,11.965,857,0
20130822,11.912,12.043,11.912,12.026,1587,0
20130823,12.026,12.093,11.982,12.086,1292,0
20130826,12.111,12.206,12.093,12.128,1725,0
20130827,12.12,12.12,12.12,12.12,1402,0
20130828,11.965,12.12,11.644,12.12,1313,0
20130829,12.111,12.111,11.671,12.103,242,0
20130830,12.103,12.103,12.008,12.008,183,0
20130902,11.895,12.05,11.895,12.05,346,0
20130903,12.033,12.033,12.025,12.025,60,0
20130904,12.033,12.033,12.033,12.033,348,0
20130905,11.833,11.833,10.794,11.323,2526,0
20130906,11.523,11.733,11.523,11.523,496,0
20130909,11.731,11.731,11.662,11.662,163,0
20130910,11.724,11.997,11.724,11.943,1192,0
20130911,11.999,11.999,11.878,11.878,1288,0
20130912,11.878,11.878,11.637,11.688,1417,0
20130913,11.687,11.879,11.687,11.833,1248,0
20130916,11.878,11.887,11.878,11.887,1547,0
20130917,11.924,12.115,11.924,12.07,2877,0
20130918,12.115,12.435,12.115,12.435,13623,0
20130919,12.453,13.391,12.453,13.373,18985,0
20130920,13.937,13.937,13.118,13.118,3920,0
20130923,13.017,13.027,13.017,13.017,701,0
20130924,12.999,12.999,12.863,12.863,544,0
20130925,12.899,12.899,12.507,12.754,791,0
20130926,12.79,12.917,12.754,12.917,1105,0
20130927,12.662,12.935,12.662,12.935,3421,0
20130930,12.953,13.118,12.754,13.118,949,0
20131001,13.108,13.108,12.435,12.89,342531,0
20131002,12.881,12.881,12.635,12.635,458,0
20131003,12.744,12.744,12.461,12.461,291,0
20131004,12.543,12.543,12.461,12.461,808,0
20131007,12.343,12.635,12.343,12.635,306,0
20131008,12.571,12.571,12.088,12.298,1728,0
20131009,12.307,12.307,12.088,12.298,265,0
20131010,12.307,12.316,12.097,12.097,637,0
20131011,12.325,12.325,12.115,12.115,1154,0
20131014,12.262,12.27,12.115,12.115,1484,0
20131015,12.216,12.216,12.198,12.206,1924,0
20131016,12.206,12.206,12.07,12.206,208,0
20131017,12.07,13.327,12.07,13.327,3074,0
20131018,13.208,14.439,13.027,14.166,21027,0
20131021,14.12,15.532,13.573,15.486,28734,0
20131022,15.486,15.486,13.937,14.12,8608,0
20131023,14.21,15.395,14.21,14.803,1860,0
20131024,14.493,15.395,14.493,15.03,3378,0
20131025,14.939,15.03,14.594,15.022,2459,0
20131028,15.022,15.022,14.311,14.575,15552,0
20131029,14.939,15.03,14.584,14.985,33427,0
20131030,15.076,15.076,15.003,15.003,2,0
20131031,15.022,15.022,14.447,14.447,91,0
20131104,15.003,15.03,14.849,15.003,572,0
20131105,15.012,15.03,14.62,14.939,3371,0
20131106,15.03,15.204,14.666,15.03,31065,0
20131107,15.213,15.213,14.721,15.194,343,0
20131108,14.721,15.03,14.721,15.03,445,0
20131112,15.295,15.295,15.295,15.295,1,0
20131113,15.341,15.341,14.766,15.022,2267,0
20131114,15.022,15.03,14.921,15.03,461,0
20131115,15.194,15.194,14.921,15.194,758,0
20131118,14.785,14.976,14.666,14.921,2486,0
20131119,14.921,14.921,14.721,14.721,841,0
20131120,14.885,14.885,14.885,14.885,1,0
20131121,14.885,15.677,14.849,15.386,3439,0
20131122,14.958,15.03,14.657,15.03,3009,0
20131125,14.757,14.994,14.657,14.949,1002,0
20131126,14.985,14.985,14.666,14.939,551,0
20131127,14.921,14.939,14.657,14.939,293,0
20131128,14.985,14.985,14.393,14.393,1436,0
20131129,14.575,14.575,13.208,14.074,4522,0
20131202,14.12,14.256,13.345,14.21,2701,0
20131203,14.21,14.256,13.664,14.256,2582,0
20131204,14.256,14.256,13.846,13.846,281,0
20131205,14.22,14.256,13.674,14.256,814,0
20131206,14.21,14.21,14.21,14.21,51,0
20131209,14.21,14.256,14.21,14.256,2118,0
20131210,14.247,14.256,13.846,13.855,3471,0
20131211,14.238,14.238,14.128,14.128,89,0
20131212,14.102,14.102,14.074,14.074,64,0
20131213,14.074,14.184,13.846,14.184,374,0
20131216,14.11,14.11,13.81,13.846,398,0
20131217,13.929,13.929,13.801,13.801,283,0
20131218,13.911,13.911,13.664,13.901,388,0
20131219,13.919,13.919,13.801,13.801,2,0
20131220,13.911,13.911,12.708,12.708,35995,0
20131223,11.842,12.908,10.703,12.908,3512,0
20131227,12.307,13.318,12.307,13.318,657,0
20131230,13.19,13.19,12.617,13.163,294,0
20140102,13.145,13.145,11.988,12.115,2663,0
20140103,12.471,13.2,12.125,13.2,1235,0
20140107,13.2,13.2,12.134,12.143,220,0
20140108,12.698,12.708,12.525,12.525,689,0
20140109,12.471,12.471,12.298,12.298,495,0
20140110,12.471,12.772,12.298,12.662,5337,0
20140113,12.698,12.698,12.698,12.698,1,0
20140114,12.835,12.835,12.115,12.298,1587,0
20140115,12.38,12.389,12.38,12.389,1649,0
20140116,12.708,12.708,12.298,12.298,599,0
20140117,12.698,12.698,12.698,12.698,1,0
20140120,12.698,12.698,12.343,12.343,234,0
20140121,12.708,12.708,12.435,12.435,13175,0
20140122,12.489,12.708,12.489,12.607,144,0
20140123,12.708,12.708,12.571,12.698,2307,0
20140124,12.68,12.68,12.635,12.644,908,0
20140127,12.617,12.617,12.206,12.598,677,0
20140128,12.607,12.607,12.517,12.571,2828,0
20140129,12.708,12.708,12.479,12.479,352,0
20140130,12.708,12.708,11.66,12.025,6285,0
20140131,12.206,12.206,11.842,12.152,50218,0
20140203,12.389,13.182,12.389,13.035,5889,0
20140204,12.799,13.035,12.58,12.945,7560,0
20140205,13.163,13.208,12.853,13.182,9216,0
20140206,13.208,13.664,13.027,13.664,6673,0
20140207,14.038,14.22,13.937,13.947,12601,0
20140210,14.429,14.429,13.947,14.029,4812,0
20140211,14.11,14.11,13.646,13.646,5422,0
20140212,14.047,14.047,13.664,13.664,12666,0
20140213,14.029,14.029,13.664,13.974,1841,0
20140214,14.01,14.029,13.937,13.937,715,0
20140217,14.047,14.047,13.937,13.937,222,0
20140218,14.047,14.047,13.664,13.664,1230,0
20140219,13.664,13.664,13.582,13.582,677,0
20140220,13.983,13.983,13.491,13.929,59,0
20140221,14.056,14.056,13.546,13.546,3,0
20140224,14.047,14.047,14.047,14.047,1,0
20140225,14.056,14.056,13.718,14.029,28996,0
20140226,14.019,14.056,13.937,14.029,32376,0
20140227,14.056,14.347,14.029,14.074,1247,0
20140228,14.347,15.395,14.347,15.249,18908,0
20140303,14.949,14.949,13.974,14.429,3878,0
20140304,14.511,14.511,14.166,14.365,1625,0
20140305,14.365,14.365,14.029,14.302,1184,0
20140306,14.302,14.393,14.12,14.393,15653,0
20140307,14.52,14.52,14.302,14.302,1648,0
20140310,14.302,14.393,14.156,14.166,4837,0
20140311,14.484,14.484,13.81,14.383,8093,0
20140312,14.12,14.12,13.664,13.71,4150,0
20140313,14.019,14.029,13.855,14.029,1412,0
20140314,14.029,14.029,13.437,14.029,506,0
20140317,13.437,14.029,13.437,14.029,164297,0
20140318,14.029,14.029,13.537,14.029,4238,0
20140319,13.692,14.12,13.692,13.819,363,0
20140320,14.11,14.11,13.782,13.782,341,0
20140321,13.937,14.12,13.937,14.12,3844,0
20140324,14.11,14.12,14.11,14.12,34176,0
20140325,14.038,14.365,14.038,14.357,715,0
20140326,14.302,14.302,14.293,14.293,196,0
20140327,14.393,14.939,14.383,14.894,88701,0
20140328,14.985,17.399,14.985,17.126,24833,0
20140331,17.126,17.308,17.126,17.162,8642,0
20140401,16.944,16.944,15.805,16.753,6569,0
20140402,16.689,17.673,16.06,17.673,9040,0
20140403,17.673,17.717,16.862,17.717,50437,0
20140404,17.663,17.991,16.88,17.763,12939,0
20140407,17.673,17.673,17.144,17.617,850,0
20140408,17.617,18.219,17.308,17.763,12496,0
20140409,18.209,18.675,17.872,18.165,11522,0
20140410,18.219,18.665,17.891,18.201,12050,0
20140411,18.037,18.219,18.037,18.219,521,0
20140414,18.127,18.127,17.353,18.018,10069,0
20140415,18.127,18.127,17.308,17.308,6261,0
20140416,17.845,18.483,17.617,18.219,3657,0
20140417,18.219,18.219,18.219,18.219,1174,0
20140422,18.219,18.219,17.854,17.854,26194,0
20140423,18.219,18.219,17.854,17.854,808,0
20140424,18.209,18.209,17.399,17.946,1935,0
20140425,17.372,18.082,17.372,18.082,832,0
20140428,18.037,18.037,18.037,18.037,2693,0
20140429,18.127,18.127,17.854,17.946,4260,0
20140430,17.353,18.219,17.353,17.717,4938,0
20140502,17.763,17.763,17.5,17.536,644,0
20140505,17.536,17.545,17.536,17.536,707,0
20140506,18.037,18.037,16.434,18.037,3931,0
20140507,17.763,18.756,16.926,17.673,25799,0
20140508,17.763,17.763,17.444,17.717,7280,0
20140509,17.854,17.854,17.126,17.781,2322,0
20140512,17.044,17.717,17.044,17.126,5858,0
20140513,17.126,17.126,16.46,17.126,5968,0
20140514,17.717,17.717,17.126,17.673,48183,0
20140515,17.673,18.264,17.673,18.219,19170,0
20140516,18.219,19.085,18.219,18.856,9942,0
20140519,19.075,19.111,17.408,18.765,26866,0
20140520,18.219,18.765,18.219,18.765,38613,0
20140521,18.765,19.111,18.438,18.993,2799,0
20140522,18.993,19.858,18.264,19.768,20746,0
20140523,19.366,20.296,19.366,19.768,6962,0
20140526,19.794,20.796,19.494,20.497,48706,0
20140527,20.678,20.678,19.813,20.497,28164,0
20140528,19.858,20.497,19.421,20.405,6190,0
20140529,20.487,20.678,20.041,20.678,5123,0
20140530,20.678,20.742,20.105,20.742,3991,0
20140602,20.742,20.742,19.585,20.497,80481,0
20140603,20.041,20.651,18.738,20.497,3899,0
20140604,19.676,20.478,19.676,20.405,23788,0
20140605,20.423,20.451,19.858,20.451,15029,0
20140606,20.451,20.469,19.95,20.041,12585,0
20140609,20.095,20.095,19.722,20.005,25281,0
20140610,19.704,20.041,19.203,19.558,3329,0
20140611,20.041,20.041,19.33,19.33,9382,0
20140612,20.041,20.041,19.585,19.585,3316,0
20140613,19.585,19.585,19.039,19.129,1010,0
20140616,19.129,19.129,18.364,18.583,2656,0
20140617,18.364,20.105,18.364,19.603,3070,0
20140618,19.603,19.813,18.866,18.93,2421,0
20140620,18.93,19.768,18.364,19.121,4114,0
20140623,18.583,19.713,18.519,19.212,3289,0
20140624,19.221,20.041,18.784,19.95,3944,0
20140625,19.768,20.041,19.203,20.041,1535,0
20140626,20.041,20.141,19.148,19.585,7919,0
20140627,19.585,20.041,18.675,19.768,2934,0
20140630,20.059,20.059,19.139,19.768,8858,0
20140701,19.995,19.995,19.129,19.129,1120,0
20140702,18.629,19.039,18.547,18.583,3419,0
20140703,18.583,19.539,18.219,18.601,15513,0
20140704,19.221,19.403,18.283,18.856,1524,0
20140707,18.838,18.856,18.519,18.747,346,0
20140708,18.856,19.111,18.401,19.111,458,0
20140709,19.111,19.312,18.42,18.465,1300,0
20140710,18.92,18.92,18.219,18.237,11731,0
20140711,18.656,18.665,18.392,18.665,430,0
20140714,18.656,18.656,18.401,18.401,2289,0
20140715,18.665,18.665,18.31,18.401,2680,0
20140716,18.446,18.446,18.273,18.273,83,0
20140717,18.446,18.446,17.418,18.273,3276,0
20140718,18.191,18.382,17.909,18.127,3442,0
20140721,18.127,19.011,18.119,19.011,16984,0
20140722,19.011,19.577,18.629,18.856,4627,0
20140723,19.085,19.577,19.039,19.494,5950,0
20140724,19.585,19.585,19.039,19.577,35088,0
20140725,19.494,19.858,19.048,19.858,11536,0
20140728,19.585,20.587,19.394,20.587,18353,0
20140729,21.304,21.304,20.635,21.16,2741,0
20140730,21.304,21.304,19.584,21.256,81394,0
20140731,21.304,21.972,19.794,21.972,6336,0
20140801,21.027,22.689,21.027,22.689,62852,0
20140804,23.644,23.644,21.992,23.405,11053,0
20140805,23.415,24.982,23.415,24.504,11304,0
20140806,24.504,24.504,23.931,24.16,1317,0
20140807,23.692,24.361,23.214,23.405,7321,0
20140808,22.928,23.778,22.928,23.405,612,0
20140811,23.291,23.31,23.1,23.167,20996,0
20140812,22.976,23.405,22.737,22.928,21595,0
20140813,23.214,24.342,22.928,22.928,27216,0
20140814,22.947,23.491,22.947,23.291,2031,0
20140818,23.501,24.342,23.262,23.262,2951,0
20140819,23.979,23.979,21.972,22.918,3087,0
20140820,22.928,22.928,22.307,22.45,208,0
20140821,22.928,22.976,22.355,22.976,2777,0
20140822,22.928,22.976,22.507,22.976,6056,0
20140825,22.976,23.673,22.976,23.587,885,0
20140826,23.587,24.074,23.033,24.074,6159,0
20140827,24.084,24.084,23.405,24.084,499,0
20140828,24.084,24.084,23.415,23.883,2055,0
20140829,24.074,24.151,23.186,23.74,16278,0
20140901,23.74,24.17,23.405,24.17,349,0
20140902,24.16,24.17,23.405,23.405,4565,0
20140903,23.214,23.854,23.214,23.673,2670,0
20140904,23.845,24.074,23.405,24.074,949,0
20140905,24.074,25.459,24.074,25.459,6988,0
20140908,25.307,25.307,24.838,25.297,857,0
20140909,25.412,25.412,24.838,25.335,3972,0
20140910,25.335,25.335,24.647,24.886,6952,0
20140911,25.307,26.262,25.221,26.185,7431,0
20140912,26.233,28.182,25.555,27.704,18505,0
20140915,26.367,28.469,26.367,27.083,18968,0
20140916,27.036,28.163,26.08,26.224,3813,0
20140917,26.749,27.972,26.262,27.418,5132,0
20140918,27.322,27.322,25.966,27.227,1172,0
20140919,27.322,27.322,26.749,27.313,581,0
20140922,27.361,27.361,26.94,27.227,338,0
20140923,27.303,27.303,26.74,27.179,654,0
20140924,27.275,27.275,26.673,26.74,6420,0
20140925,26.529,27.169,26.482,27.122,950,0
20140926,27.036,27.036,26.023,26.74,4,0
20140929,27.026,27.026,26.023,26.558,8357,0
20140930,27.093,27.093,24.934,26.271,3094,0
20141001,26.176,26.176,24.972,25.794,1030,0
20141002,25.794,25.794,24.858,24.886,430,0
20141003,24.905,25.727,24.838,24.838,768,0
20141006,24.838,25.574,24.838,24.858,556,0
20141007,25.402,25.402,23.969,23.979,910,0
20141008,23.979,24.351,22.364,23.31,6737,0
20141009,23.501,25.45,23.405,23.597,880,0
20141010,23.501,24.571,23.415,24.571,1322,0
20141013,24.561,24.571,23.405,23.883,566,0
20141014,23.921,23.921,23.883,23.883,1547,0
20141015,24.838,24.838,23.883,24.695,67,0
20141016,24.647,24.647,23.883,24.638,1367,0
20141017,24.647,24.743,24.647,24.743,3069,0
20141020,24.743,24.743,22.928,22.928,2044,0
20141021,23.597,23.597,22.488,22.928,574,0
20141022,22.928,23.31,22.555,23.31,108,0
20141023,22.488,23.262,22.488,22.832,475,0
20141024,22.861,23.501,22.832,23.501,319,0
20141027,23.501,23.501,22.995,23.272,1274,0
20141028,23.549,23.597,22.985,23.597,189,0
20141029,23.597,24.17,23.444,24.17,255,0
20141030,24.17,24.17,23.558,23.883,174,0
20141031,23.883,24.838,23.883,24.791,1116,0
20141103,24.791,24.791,24.351,24.361,3341,0
20141104,24.829,25.345,24.743,24.924,631,0
20141105,25.335,25.354,24.838,25.287,2763,0
20141106,25.278,25.278,24.743,24.838,450,0
20141107,25.221,25.221,24.647,24.647,4415,0
20141110,25.345,25.345,24.647,24.838,1155,0
20141112,24.858,25.364,24.858,25.364,21,0
20141113,25.364,25.364,23.272,23.31,2991,0
20141114,22.928,24.934,21.972,24.934,5058,0
20141117,24.647,24.647,23.415,23.788,3181,0
20141118,23.883,23.893,22.995,23.119,1602,0
20141119,23.405,23.883,23.405,23.883,7982,0
20141120,23.883,23.883,22.928,23.396,2497,0
20141121,24.074,24.074,23.32,23.912,453,0
20141124,24.074,24.074,23.396,23.835,141,0
20141125,23.874,25.125,23.835,24.838,69077,0
20141126,25.03,25.163,24.743,25.106,64363,0
20141127,25.221,25.603,24.991,24.991,2750,0
20141128,25.125,25.125,24.858,24.858,323,0
20141201,24.848,25.689,24.848,25.689,22948,0
20141202,26.004,26.271,26.004,26.08,30179,0
20141203,25.803,26.472,25.803,25.985,1184,0
20141204,26.491,26.491,25.803,26.08,21678,0
20141205,26.482,26.482,25.918,26.042,2640,0
20141208,25.985,26.367,25.947,26.224,26523,0
20141209,26.463,26.463,26.224,26.271,511,0
20141210,26.348,26.654,25.994,25.994,8944,0
20141211,25.994,25.994,24.858,25.794,1201,0
20141212,26.262,26.262,25.316,25.794,131,0
20141215,26.119,26.119,24.179,24.342,1203,0
20141216,24.342,24.342,23.491,23.788,1328,0
20141217,23.835,24.647,23.835,24.647,1456,0
20141218,24.695,24.838,23.979,24.838,865,0
20141219,24.838,24.838,24.361,24.743,307,0
20141222,24.743,25.316,24.361,24.829,1919,0
20141223,24.829,24.838,24.37,24.838,3905,0
20141229,24.934,25.163,24.074,24.647,986,0
20141230,23.988,24.838,23.988,24.361,551,0
20150102,24.838,24.838,23.444,23.979,545,0
20150105,24.074,24.838,24.074,24.533,248,0
20150107,23.931,24.571,23.931,24.571,236,0
20150108,25.278,25.278,24.237,24.37,3913,0
20150109,24.428,24.456,24.428,24.456,2,0
20150112,24.447,24.456,24.026,24.428,707,0
20150113,24.447,25.03,24.447,25.03,251,0
20150114,25.02,25.02,24.026,24.542,2816,0
20150115,24.791,24.791,24.026,24.026,198,0
20150116,24.724,24.724,23.883,24.036,385,0
20150119,24.561,24.561,24.074,24.561,64,0
20150120,24.561,24.561,24.065,24.561,1067,0
20150121,24.552,24.561,24.074,24.561,1892,0
20150122,24.561,24.581,24.122,24.313,888,0
20150123,24.552,24.552,24.074,24.074,112,0
20150126,24.695,26.147,24.695,25.221,1425,0
20150127,25.221,25.221,24.456,24.838,2581,0
20150128,24.838,24.838,23.415,24.619,5905,0
20150129,24.829,24.829,23.511,24.6,1047,0
20150130,24.6,24.6,23.883,24.59,6843,0
20150202,24.581,26.071,24.581,26.071,4214,0
20150203,26.033,26.558,25.66,25.66,2014,0
20150204,25.794,26.243,25.421,26.243,409,0
20150205,25.125,26.271,24.848,25.412,805,0
20150206,25.985,26.463,25.985,26.463,631,0
20150209,26.51,26.51,25.354,25.364,3444,0
20150210,25.412,25.412,25.364,25.412,274,0
20150211,26.319,26.319,25.794,25.794,4765,0
20150212,25.794,25.794,25.794,25.794,2872,0
20150213,25.842,25.842,25.316,25.507,747,0
20150216,25.507,25.985,25.507,25.889,2929,0
20150217,25.889,25.889,25.889,25.889,585,0
20150218,25.889,28.469,25.889,27.609,22009,0
20150219,28.373,28.373,27.275,27.275,1667,0
20150220,27.275,27.704,27.275,27.704,597,0
20150223,28.067,29.233,28.067,29.233,2547,0
20150224,30.093,32.472,29.787,32.472,35135,0
20150225,32.003,32.481,30.475,32.462,6732,0
20150226,32.481,32.729,30.475,31.908,9027,0
20150227,31.526,35.815,31.526,34.392,56116,0
20150302,34.583,34.583,34.048,34.392,869,0
20150303,34.382,35.796,33.436,35.796,16971,0
20150304,35.72,37.84,35.72,36.78,9931,0
20150305,36.876,38.213,36.78,37.735,3245,0
20150306,37.735,37.735,37.258,37.735,3571,0
20150309,37.735,37.735,36.398,37.726,7363,0
20150310,37.735,38.213,37.449,38.213,3771,0
20150311,38.213,41.069,38.213,41.069,11324,0
20150312,41.05,41.05,40.468,41.041,6045,0
20150313,40.697,41.824,40.124,40.554,4852,0
20150316,41.261,41.967,40.601,41.939,3050,0
20150317,41.996,41.996,40.124,40.124,3992,0
20150318,40.133,41.079,39.264,40.726,1113,0
20150319,40.802,40.983,39.837,40.601,2436,0
20150320,41.079,41.079,39.55,40.028,1844,0
20150323,40.028,40.601,36.302,38.213,8260,0
20150324,38.309,40.601,38.213,40.601,3882,0
20150325,40.315,40.315,39.168,40.114,639,0
20150326,39.359,47.566,39.359,45.856,12405,0
20150327,45.655,48.96,43.945,48.674,35101,0
20150330,48.722,50.489,47.957,49.19,2298,0
20150331,49.199,49.199,47.193,47.289,2065,0
20150401,47.719,47.719,44.9,46.056,1637,0
20150402,44.967,46.639,43.754,44.805,3643,0
20150407,45.378,45.378,44.041,44.996,311,0
20150408,44.9,46.066,44.9,44.91,978,0
20150409,44.996,46.696,44.041,46.696,3265,0
20150410,47.719,47.738,45.856,47.547,410,0
20150413,47.642,47.642,46.142,47.289,1121,0
20150414,47.289,47.289,46.4,46.811,360,0
20150415,46.811,46.811,45.282,46.763,953,0
20150416,45.951,46.763,45.856,46.419,722,0
20150417,45.665,46.4,45.426,46.333,767,0
20150420,46.314,46.314,45.282,45.282,701,0
20150421,45.282,45.856,45.187,45.856,345,0
20150422,46.238,46.238,45.034,45.808,446,0
20150423,45.808,47.098,45.76,47.098,6689,0
20150424,47.098,47.098,47.05,47.098,198,0
20150427,47.623,47.623,45.856,45.856,6157,0
20150428,45.856,46.333,45.856,45.951,3957,0
20150429,46.907,47.575,46.19,47.289,2930,0
20150430,47.623,49.486,46.524,49.152,4031,0
20150504,48.053,52.858,47.766,52.533,6402,0
20150505,53.498,54.454,51.11,52.591,14170,0
20150506,52.734,53.355,50.346,52.524,12276,0
20150507,52.925,52.925,50.68,51.492,4826,0
20150508,51.205,51.588,50.68,51.397,649,0
20150511,52.543,52.543,52.495,52.543,7093,0
20150512,52.543,54.454,50.68,53.049,9443,0
20150513,53.594,56.355,53.594,54.454,4141,0
20150514,54.74,55.982,52.371,53.479,2218,0
20150515,51.826,54.454,51.826,53.126,3473,0
20150518,53.498,55.113,52.065,52.447,11097,0
20150519,53.46,54.348,51.874,52.533,10262,0
20150520,53.976,53.976,51.588,52.543,487,0
20150521,52.533,53.479,51.588,52.524,360,0
20150522,52.524,53.307,50.728,51.683,478,0
20150525,51.674,51.674,49.209,49.218,1832,0
20150526,49.218,50.986,47.241,49.104,3216,0
20150527,49.772,49.772,47.776,48.722,1997,0
20150528,48.913,49.467,47.766,48.244,2781,0
20150529,48.664,49.648,48.254,49.648,909,0
20150601,49.648,50.155,49.199,49.696,10413,0
20150602,48.445,51.32,48.435,50.919,995,0
20150603,51.731,52.065,50.632,50.632,14407,0
20150605,50.823,51.54,50.355,51.014,215,0
20150608,50.355,51.014,48.244,48.808,2326,0
20150609,48.254,51.005,47.862,50.986,10199,0
20150610,49.916,50.632,49.868,50.155,535,0
20150611,50.155,50.919,48.913,48.913,387,0
20150612,48.712,48.722,48.378,48.502,3372,0
20150615,48.502,49.658,48.378,48.378,118,0
20150616,48.722,48.817,48.378,48.817,151,0
20150617,48.263,48.817,44.47,44.91,2743,0
20150618,44.9,45.856,44.165,45.378,1856,0
20150619,44.719,47.289,44.719,47.289,172,0
20150622,47.289,49.658,46.257,48.722,1010,0
20150623,49.199,49.199,47.766,47.766,284,0
20150624,47.766,49.085,46.811,46.811,1369,0
20150625,47.766,47.776,46.811,47.766,23268,0
20150626,48.387,48.435,47.766,48.435,509,0
20150629,47.776,49.075,47.766,47.766,4212,0
20150630,47.757,48.712,47.671,48.712,1689,0
20150701,47.776,48.703,47.766,47.766,4960,0
20150702,47.766,47.766,45.674,47.738,2162,0
20150703,47.002,49.075,45.942,46.62,1143,0
20150706,47.757,48.148,47.757,48.148,661,0
20150707,48.148,48.148,46.047,46.715,397,0
20150708,46.142,47.002,45.684,45.97,314,0
20150709,46.715,46.811,42.512,44.757,3685,0
20150710,43.955,46.324,43.955,46.324,1870,0
20150713,46.524,46.543,45.856,45.856,549,0
20150714,46.467,46.639,46.467,46.639,689,0
20150715,46.811,46.811,46.008,46.018,521,0
20150716,45.913,47.766,45.913,46.333,7223,0
20150717,46.333,47.728,45.894,47.728,6142,0
20150720,47.776,47.871,47.776,47.871,267,0
20150721,47.871,49.677,47.871,48.96,1423,0
20150722,48.96,51.11,48.96,49.677,1745,0
20150723,49.677,51.119,49.677,51.11,2898,0
20150724,51.387,52.065,51.11,51.11,3815,0
20150727,52.142,52.142,51.11,51.11,1124,0
20150728,50.126,51.387,48.722,51.11,2651,0
20150729,51.1,51.568,51.1,51.11,801,0
20150730,51.11,51.11,51.11,51.11,789,0
20150731,51.11,51.119,50.642,50.642,8558,0
20150803,51.205,51.588,50.269,50.632,1200,0
20150804,50.155,50.623,49.343,50.623,3869,0
20150805,50.623,51.005,49.677,49.677,2321,0
20150806,49.686,50.632,49.677,49.677,831,0
20150807,49.677,53.011,49.677,52.877,6184,0
20150810,52.925,52.925,50.766,52.352,665,0
20150811,52.065,55.887,51.731,55.39,3376,0
20150812,55.352,55.352,53.498,53.498,2267,0
20150813,53.527,53.536,50.632,51.119,2318,0
20150814,50.776,54.454,50.776,53.785,2962,0
20150817,54.931,56.154,54.931,55.409,16291,0
20150818,55.896,57.32,55.896,57.224,4849,0
20150819,58.275,58.772,57.224,57.31,5224,0
20150820,56.3,57,55.5,57,1289,0
20150821,56.59,56.59,55,55.96,1517,0
20150824,52.22,52.99,51.6,52.35,6290,0
