20150224,17.56,17.75,17.4,17.75,11811,0
20150225,17.86,18.18,17.86,18.18,28786,0
20150226,18.19,18.19,18,18.17,4751,0
20150227,18,18.3,17.7,18.29,58116,0
20150302,18.65,19,17.7,18.24,97591,0
20150303,18.25,18.48,18.25,18.43,6298,0
20150304,18.25,18.25,18,18.17,1822,0
20150305,18.5,18.5,18.2,18.2,3534,0
20150306,18.2,19,17.98,19,20167,0
20150309,18.62,18.9,18.6,18.6,2263,0
20150310,18.8,18.8,18.4,18.5,5149,0
20150311,18.4,19.73,18.4,19.7,37429,0
20150312,19.72,19.8,19.5,19.75,1786,0
20150313,19.7,20.05,19.7,20.03,30290,0
20150316,20.03,20.03,19.8,19.8,1860,0
20150317,19.7,20,19.7,20,3104,0
20150318,20,20,19.6,19.62,2466,0
20150319,19.6,19.7,19.5,19.7,12884,0
20150320,19.7,20,19.45,19.94,2234,0
20150324,20,20,19.5,19.99,900,0
20150325,19.51,19.53,19.5,19.5,3144,0
20150326,19.29,19.9,19.2,19.9,3488,0
20150327,19.5,19.9,19.5,19.9,126854,0
20150330,19.9,19.9,19.51,19.78,326,0
20150331,19.7,19.7,19.5,19.5,1400,0
20150401,19.5,19.5,19.2,19.49,4184,0
20150402,19.49,19.9,19.49,19.6,9573,0
20150407,19.8,20.4,19.6,20.27,20413,0
20150408,20.26,20.27,20.1,20.27,10649,0
20150409,20.2,20.4,20.1,20.4,4638,0
20150410,20.4,20.4,20.2,20.38,4001,0
20150413,20.11,20.3,20,20.25,853,0
20150414,20.3,20.3,20.2,20.2,22077,0
20150415,20.2,20.2,20,20.1,1309,0
20150416,19.95,20.1,19.82,20.1,1774,0
20150417,19.9,20.04,19.89,19.99,2517,0
20150420,19.9,20.04,19.9,19.94,1892,0
20150421,19.94,19.99,19.9,19.9,1708,0
20150422,19.94,19.94,19.9,19.9,214,0
20150423,19.89,19.94,19.65,19.94,1113,0
20150424,19.94,20.05,19.94,20.05,6221,0
20150427,19.5,20.2,19.5,19.71,2505,0
20150428,19.75,19.99,19.51,19.98,794,0
20150429,19.8,19.98,19.55,19.98,12607,0
20150430,19.98,19.98,19.63,19.65,2120,0
20150504,19.63,19.89,19.57,19.88,3535,0
20150505,20,22,19.8,21.9,71895,0
20150506,21.9,22.25,21.61,21.9,9245,0
20150507,21.75,22.7,21.75,22.7,10308,0
20150508,22.9,22.98,22.3,22.7,5850,0
20150511,21.85,23.5,21.3,23.28,67130,0
20150512,23.31,23.5,23,23.15,32293,0
20150513,23.16,23.16,23.12,23.12,386,0
20150514,22.81,23.33,22.41,23.3,7842,0
20150515,23.35,23.88,23.3,23.87,13157,0
20150518,24,24,23.26,23.98,12645,0
20150519,23.51,23.88,23.31,23.5,1713,0
20150520,23.29,23.85,23.2,23.77,19322,0
20150521,23.65,24.8,23.2,24.6,20273,0
20150522,24.49,24.7,24.29,24.29,4020,0
20150525,24.31,24.49,23.9,24.3,6446,0
20150526,24,24.3,24,24.28,2036,0
20150527,24.29,24.69,24.11,24.16,6840,0
20150528,24.39,24.39,24,24.28,11561,0
20150529,24.28,24.28,23.31,23.97,5737,0
20150601,23.98,24.45,23.98,24.45,4614,0
20150602,24.45,24.45,24.03,24.42,3746,0
20150603,24.45,24.45,24.1,24.4,369,0
20150605,24.44,24.44,24.28,24.29,1225,0
20150608,24.3,24.3,22.55,24.29,11610,0
20150609,24,24.09,23.65,24.09,5474,0
20150610,24,24.45,24,24.45,5614,0
20150611,24.45,24.45,23.71,24.3,5036,0
20150612,24.3,24.3,23.61,24.15,5172,0
20150615,24.15,24.3,24.15,24.3,1447,0
20150616,23.66,24.44,23.66,24.37,2198,0
20150617,24.37,24.37,24.28,24.28,160,0
20150618,23.72,24.2,23.5,24.2,3823,0
20150619,23.2,23.89,23.2,23.83,3265,0
20150622,24.02,24.02,23.65,23.88,1434,0
20150623,23.71,23.79,23.55,23.62,2528,0
20150624,23.55,23.72,22.8,23.13,3477,0
20150625,23.01,23.8,23.01,23.75,1224,0
20150626,23.25,23.74,23.25,23.55,549,0
20150629,23,23,21.4,22.9,14688,0
20150630,22.55,23,22.55,22.9,3883,0
20150701,22.51,24,22.51,23.86,7078,0
20150702,23.82,24.24,23.61,24.2,4683,0
20150703,24.15,24.3,23.55,24.18,5192,0
20150706,23.52,23.94,23.35,23.79,5417,0
20150707,23.42,24.18,23.42,24.18,2355,0
20150708,23.5,24,23.4,23.65,6720,0
20150709,23.4,23.86,23.4,23.4,1475,0
20150710,23.31,23.78,23.02,23.75,5358,0
20150713,23.26,24.2,23.26,24.2,3497,0
20150714,24.2,24.34,23.98,23.98,394,0
20150715,24.3,25.76,24,24.8,43102,0
20150716,25.5,27.97,25.15,27.55,33450,0
20150717,27.55,27.8,27.4,27.71,15510,0
20150720,27.69,27.69,27.41,27.44,1704,0
20150721,27.54,27.54,26,26.7,11426,0
20150722,26.65,26.99,26.1,26.99,10818,0
20150723,26.15,27.5,26.15,26.54,8421,0
20150724,26.99,26.99,25.81,26.03,14140,0
20150727,26.6,26.6,26.06,26.53,2105,0
20150728,26.6,28,26.6,27.5,26273,0
20150729,27.5,28.7,27.5,28.49,8762,0
20150730,28.51,29.14,28.49,28.49,44625,0
20150731,28.87,28.87,28.02,28.61,15173,0
20150803,28.9,29.29,28.9,29.2,41760,0
20150804,29.2,29.5,29.19,29.5,11953,0
20150805,29.6,30.77,29.6,30.3,88940,0
20150806,30.7,30.9,30.12,30.15,3909,0
20150807,30.3,30.86,29.37,30.64,2607,0
20150810,30.6,30.6,30.06,30.06,2235,0
20150811,30.06,30.06,28.87,29.5,34091,0
20150812,29,29.89,28.8,29.78,5721,0
20150813,29.78,30,29,29.11,6624,0
20150814,29.11,29.8,29.11,29.6,7093,0
20150817,29.79,30.5,29.6,30,59076,0
20150818,29.6,30.27,29.6,30.27,3380,0
20150819,30.29,30.29,29.8,29.98,415,0
20150820,29.2,29.4,28.17,28.36,14249,0
20150821,28.35,29.25,28,28,17212,0
20150824,27,27.15,24.5,25.79,65403,0
20150825,25.79,27.2,25.79,26.2,9118,0
20150826,26.7,27,26.5,26.9,4518,0
20150827,27.05,27.4,26.9,27,1402,0
20150828,26.73,27.34,26.61,26.69,2202,0
20150831,26.6,27,26.5,26.5,1974,0
20150901,27,27.83,27,27.6,8719,0
20150902,27.6,28.4,27.41,28.4,2850,0
20150903,28.45,28.5,27.78,27.78,8122,0
20150904,27.8,29,27.8,28.61,2535,0
20150907,28.62,28.98,28.62,28.94,983,0
20150908,28.94,28.94,28.6,28.83,675,0
20150909,28.62,28.62,28,28,3659,0
20150910,28,28,27.72,28,38625,0
20150911,28,28.6,28,28.2,3032,0
20150914,28.23,28.38,28,28.38,7591,0
20150915,28.38,28.38,28.2,28.2,7346,0
20150916,28.22,28.4,27.8,28.01,24629,0
20150917,28.21,29.15,28.21,29.15,18464,0
20150918,29.99,30.5,29.99,30.5,42770,0
20150921,30.98,31,30.2,31,6012,0
20150922,31,31,30.2,30.38,1617,0
20150923,30.38,30.38,28.9,29.6,8218,0
20150924,29.5,29.9,28.7,29.9,2316,0
20150925,29.64,30.29,28.81,30.29,14252,0
20150928,30.31,30.31,29.71,29.71,4738,0
20150929,29.71,30.34,28.6,30.24,7520,0
20150930,30.02,30.23,30.02,30.23,3636,0
20151001,30.21,31.29,30.21,30.27,5393,0
20151002,30.27,30.99,30.27,30.4,1618,0
20151005,30.5,30.75,30.5,30.75,1391,0
20151006,31.1,31.48,30.8,31.38,3170,0
20151007,31.4,32.29,31.4,32,17355,0
20151008,32,32.35,31.63,32,22231,0
20151009,32.06,32.85,32.06,32.8,2652,0
20151012,32.89,32.89,32.45,32.69,978,0
20151013,32.45,32.79,32.45,32.69,2576,0
20151014,32.45,32.54,31.6,31.86,4608,0
20151015,31.98,32.39,31.98,32.1,1593,0
20151016,32.6,32.6,32,32.1,6987,0
20151019,32.6,32.6,31.46,31.47,857,0
20151020,31.47,32.37,31.47,32,1318,0
20151021,31.9,31.9,31.5,31.51,1371,0
20151022,31.51,31.7,31.25,31.7,2290,0
20151023,31.45,32.6,31.45,32.6,7302,0
20151026,32.8,32.86,32.25,32.86,6588,0
20151027,32.83,32.83,32.28,32.28,2021,0
20151028,32.4,32.81,32.21,32.81,1506,0
20151029,32.79,32.79,31.07,32.38,15165,0
20151030,31.66,32.76,31.66,32.71,2808,0
20151102,32.8,33.5,32.26,33.5,14255,0
20151103,33.5,34.2,33.5,34.1,15716,0
20151104,34.35,34.4,33.81,33.81,46499,0
20151105,34,34,33.15,33.49,980,0
20151106,33.35,33.35,33.21,33.21,250,0
20151109,33.25,33.8,33.15,33.15,6859,0
20151110,32.6,33.2,32.56,33.2,3196,0
20151112,33.2,33.61,32.7,33.61,5842,0
20151113,33.6,34.29,33.53,34,6967,0
20151116,33.53,33.53,32,32.01,6226,0
20151117,31.99,31.99,29.3,31.35,24671,0
20151118,31.35,31.9,31.35,31.9,1123,0
20151119,32.2,32.2,31.51,31.51,3979,0
20151120,31.52,32.05,31.52,31.8,5651,0
20151123,31.52,31.55,31.5,31.5,2436,0
20151124,30.55,31.2,30.55,31.2,721,0
20151125,30.66,31.15,30.66,31.15,2054,0
20151126,30.7,31.1,30.7,30.7,2013,0
20151127,30.7,30.89,30.67,30.89,5412,0
20151130,30.7,30.9,30.7,30.9,5386,0
20151201,31.09,31.09,31,31,698,0
20151202,31,31,30.66,30.66,2299,0
20151203,30.5,30.5,29.55,29.6,1501,0
20151204,29.3,29.3,28.01,28.69,9003,0
