20150225,2.03,2.07,1.91,1.93,773558,0
20150226,1.94,1.96,1.91,1.92,327299,0
20150227,1.93,2.03,1.93,2,424464,0
20150302,2.05,2.1,2.04,2.09,610925,0
20150303,2.11,2.11,2.05,2.05,145728,0
20150304,2.07,2.08,2.03,2.05,359395,0
20150305,2.07,2.07,2.02,2.04,334315,0
20150306,2.06,2.08,2.03,2.06,111324,0
20150309,2.08,2.11,2.07,2.11,820790,0
20150310,2.12,2.21,2.12,2.2,2412352,0
20150311,2.18,2.26,2.18,2.24,2751682,0
20150312,2.26,2.29,2.23,2.23,585898,0
20150313,2.25,2.3,2.24,2.28,2101914,0
20150316,2.31,2.43,2.28,2.38,1634060,0
20150317,2.39,2.39,2.35,2.37,466024,0
20150318,2.37,2.38,2.26,2.35,432594,0
20150319,2.35,2.38,2.26,2.31,781195,0
20150320,2.32,2.32,2.27,2.29,719076,0
20150323,2.28,2.3,2.27,2.28,221439,0
20150324,2.28,2.28,2.21,2.24,424144,0
20150325,2.23,2.23,2.17,2.19,414450,0
20150326,2.17,2.17,2.11,2.12,384617,0
20150327,2.11,2.14,2.08,2.09,308571,0
20150330,2.1,2.1,2.05,2.08,184843,0
20150331,2.11,2.11,2.04,2.08,286088,0
20150401,2.07,2.07,1.96,1.97,757667,0
20150402,1.99,2,1.93,1.94,459846,0
20150407,1.94,2.05,1.94,2.04,532325,0
20150408,2.06,2.14,2.06,2.1,748653,0
20150409,2.1,2.19,2.08,2.19,406815,0
20150410,2.17,2.18,2.09,2.09,502367,0
20150413,2.1,2.15,2.1,2.14,226794,0
20150414,2.14,2.14,2.11,2.13,187496,0
20150415,2.13,2.17,2.13,2.16,408854,0
20150416,2.17,2.25,2.17,2.19,893666,0
20150417,2.2,2.22,2.18,2.19,327261,0
20150420,2.18,2.21,2.18,2.2,297354,0
20150421,2.21,2.24,2.18,2.2,230440,0
20150422,2.2,2.21,2.18,2.19,204293,0
20150423,2.19,2.21,2.18,2.19,180479,0
20150424,2.2,2.2,2.17,2.18,83464,0
20150427,2.17,2.19,2.1,2.14,385530,0
20150428,2.12,2.16,2.11,2.12,250598,0
20150429,2.14,2.17,2.11,2.17,378462,0
20150430,2.17,2.18,2.14,2.15,373084,0
20150504,2.16,2.16,2.11,2.16,146717,0
20150505,2.16,2.17,2.15,2.16,573569,0
20150506,2.13,2.17,2.13,2.16,163500,0
20150507,2.16,2.16,2.13,2.16,274391,0
20150508,2.2,2.21,2.18,2.19,456685,0
20150511,2.19,2.22,2.15,2.16,302654,0
20150512,2.16,2.16,2.12,2.16,151149,0
20150513,2.16,2.16,2.1,2.11,226440,0
20150514,2.11,2.13,2.07,2.09,558792,0
20150515,2.1,2.11,2.08,2.11,128657,0
20150518,2.11,2.11,2.05,2.08,269291,0
20150519,2.07,2.07,2.05,2.06,683795,0
20150520,2.05,2.05,2.02,2.05,110222,0
20150521,2.06,2.06,2.01,2.04,288540,0
20150522,2.05,2.05,1.99,2,247934,0
20150525,2.01,2.01,1.91,1.93,1097935,0
20150526,1.94,1.99,1.94,1.95,595361,0
20150527,1.96,2.02,1.95,2.01,221661,0
20150528,2.03,2.03,2,2,92466,0
20150529,2,2.03,1.96,1.96,290228,0
20150601,1.95,2,1.95,1.99,83211,0
20150602,2,2,1.95,1.96,137554,0
20150603,1.98,1.98,1.95,1.97,146671,0
20150605,1.95,1.96,1.94,1.96,58251,0
20150608,1.94,1.97,1.92,1.93,156363,0
20150609,1.93,1.93,1.89,1.92,118671,0
20150610,1.92,1.96,1.92,1.95,110312,0
20150611,1.94,1.95,1.91,1.95,113864,0
20150612,1.95,1.96,1.91,1.93,114535,0
20150615,1.92,1.93,1.89,1.9,73730,0
20150616,1.9,1.9,1.86,1.87,110747,0
20150617,1.9,1.9,1.82,1.84,275963,0
20150618,1.82,1.82,1.78,1.78,311522,0
20150619,1.76,1.82,1.7,1.73,545896,0
20150622,1.74,1.78,1.72,1.75,223075,0
20150623,1.76,1.78,1.75,1.78,322305,0
20150624,1.78,1.79,1.77,1.77,202353,0
20150625,1.77,1.79,1.74,1.77,155737,0
20150626,1.77,1.77,1.72,1.75,161698,0
20150629,1.69,1.7,1.62,1.67,243889,0
20150630,1.65,1.7,1.65,1.66,108385,0
20150701,1.66,1.7,1.66,1.68,143646,0
20150702,1.68,1.7,1.66,1.7,82719,0
20150703,1.7,1.71,1.63,1.64,180125,0
20150706,1.61,1.61,1.56,1.59,166424,0
20150707,1.59,1.68,1.5,1.55,1155049,0
20150708,1.54,1.54,1.44,1.49,357996,0
20150709,1.49,1.51,1.45,1.51,149857,0
20150710,1.53,1.58,1.51,1.57,232222,0
20150713,1.59,1.66,1.59,1.63,434490,0
20150714,1.65,1.69,1.64,1.65,325294,0
20150715,1.69,1.69,1.63,1.64,273012,0
20150716,1.65,1.67,1.64,1.64,106366,0
20150717,1.67,1.67,1.63,1.63,74976,0
20150720,1.64,1.64,1.54,1.56,235525,0
20150721,1.54,1.55,1.52,1.54,53035,0
20150722,1.53,1.53,1.39,1.44,627421,0
20150723,1.47,1.48,1.44,1.45,498191,0
20150724,1.45,1.46,1.37,1.4,258166,0
20150727,1.4,1.4,1.29,1.38,357232,0
20150728,1.4,1.49,1.39,1.48,403514,0
20150729,1.5,1.62,1.5,1.5,1064345,0
20150730,1.53,1.58,1.51,1.53,222006,0
20150731,1.54,1.59,1.52,1.59,119476,0
20150803,1.6,1.61,1.56,1.6,264045,0
20150804,1.6,1.6,1.56,1.57,70816,0
20150805,1.58,1.58,1.53,1.56,140817,0
20150806,1.54,1.54,1.39,1.46,1658512,0
20150807,1.49,1.51,1.45,1.47,308823,0
20150810,1.51,1.52,1.48,1.48,118929,0
20150811,1.5,1.5,1.46,1.47,132412,0
20150812,1.46,1.48,1.46,1.47,26164,0
20150813,1.47,1.5,1.45,1.49,214107,0
20150814,1.49,1.49,1.43,1.43,87881,0
20150817,1.41,1.44,1.39,1.44,174077,0
20150818,1.44,1.54,1.43,1.53,499717,0
20150819,1.51,1.66,1.51,1.64,804497,0
20150820,1.65,1.66,1.62,1.64,296327,0
20150821,1.62,1.64,1.61,1.62,143131,0
20150824,1.6,1.6,1.49,1.54,834226,0
20150825,1.5,1.57,1.5,1.54,381286,0
20150826,1.54,1.56,1.5,1.5,322649,0
20150827,1.53,1.56,1.51,1.55,303128,0
20150828,1.58,1.58,1.53,1.54,260490,0
20150831,1.54,1.55,1.53,1.55,321517,0
20150901,1.55,1.55,1.5,1.52,246497,0
20150902,1.53,1.55,1.5,1.54,186875,0
20150903,1.54,1.59,1.54,1.56,181095,0
20150904,1.56,1.56,1.5,1.5,289662,0
20150907,1.51,1.52,1.41,1.45,186970,0
20150908,1.45,1.49,1.45,1.46,105038,0
20150909,1.49,1.49,1.43,1.43,236910,0
20150910,1.44,1.45,1.41,1.44,161078,0
20150911,1.46,1.47,1.45,1.46,245303,0
20150914,1.46,1.46,1.42,1.45,119795,0
20150915,1.44,1.46,1.42,1.42,160847,0
20150916,1.45,1.48,1.43,1.47,247511,0
20150917,1.49,1.57,1.49,1.55,690723,0
20150918,1.56,1.56,1.48,1.48,857756,0
20150921,1.49,1.51,1.49,1.5,325494,0
20150922,1.52,1.53,1.49,1.51,159335,0
20150923,1.51,1.51,1.47,1.49,80675,0
20150924,1.49,1.52,1.49,1.5,102024,0
20150925,1.5,1.52,1.5,1.51,222079,0
20150928,1.5,1.51,1.47,1.47,75306,0
20150929,1.47,1.49,1.45,1.49,68242,0
20150930,1.49,1.5,1.47,1.49,72653,0
20151001,1.49,1.49,1.43,1.47,211500,0
20151002,1.48,1.48,1.44,1.45,90401,0
20151005,1.46,1.48,1.45,1.47,112255,0
20151006,1.47,1.53,1.47,1.5,537648,0
20151007,1.51,1.51,1.49,1.5,68615,0
20151008,1.51,1.51,1.48,1.51,58778,0
20151009,1.53,1.65,1.53,1.65,1044971,0
20151012,1.65,1.66,1.61,1.65,579124,0
20151013,1.67,1.69,1.62,1.65,350275,0
20151014,1.65,1.66,1.58,1.58,340461,0
20151015,1.59,1.64,1.59,1.64,175957,0
20151016,1.65,1.69,1.65,1.67,299872,0
20151019,1.67,1.67,1.65,1.66,114726,0
20151020,1.66,1.66,1.62,1.66,187851,0
20151021,1.64,1.67,1.62,1.66,312379,0
20151022,1.67,1.67,1.62,1.62,162846,0
20151023,1.61,1.64,1.6,1.62,97761,0
20151026,1.6,1.61,1.52,1.59,366946,0
20151027,1.59,1.59,1.58,1.58,96502,0
20151028,1.59,1.64,1.59,1.64,169987,0
20151029,1.64,1.64,1.61,1.62,243818,0
20151030,1.61,1.62,1.58,1.6,83998,0
20151102,1.58,1.65,1.58,1.62,172688,0
20151103,1.65,1.65,1.61,1.61,67686,0
20151104,1.64,1.64,1.61,1.63,73798,0
20151105,1.63,1.63,1.61,1.62,150972,0
20151106,1.61,1.63,1.61,1.62,60201,0
20151109,1.62,1.63,1.61,1.62,81306,0
20151110,1.61,1.62,1.61,1.61,123629,0
20151112,1.62,1.63,1.61,1.61,53103,0
20151113,1.6,1.61,1.5,1.54,329323,0
20151116,1.53,1.53,1.45,1.45,123467,0
20151117,1.45,1.5,1.45,1.47,196596,0
20151118,1.49,1.49,1.39,1.42,512813,0
20151119,1.42,1.45,1.41,1.43,181988,0
20151120,1.45,1.45,1.39,1.4,298225,0
20151123,1.39,1.39,1.3,1.31,752333,0
20151124,1.34,1.34,1.3,1.3,415826,0
20151125,1.33,1.33,1.22,1.29,229585,0
20151126,1.29,1.3,1.25,1.28,82173,0
20151127,1.29,1.31,1.25,1.27,133530,0
20151130,1.29,1.31,1.24,1.31,442948,0
20151201,1.32,1.33,1.21,1.21,248701,0
20151202,1.22,1.24,1.18,1.18,1109254,0
20151203,1.18,1.2,1.14,1.14,769488,0
20151204,1.14,1.14,1.01,1.02,2276698,0
