Date,Open,High,Low,Close,Volume,OpenInt
20070716,11.523,12.211,11.481,12.17,12733543,0
20070717,12.369,12.501,12.136,12.136,14267779,0
20070718,12.136,12.344,12.136,12.279,14280112,0
20070719,12.336,12.402,11.962,12.287,17926077,0
20070720,12.344,12.551,11.596,11.596,10185097,0
20070723,12.036,12.279,11.796,12.062,7005218,0
20070724,12.294,12.294,11.133,11.133,7028566,0
20070725,11.216,11.589,10.777,11.531,5033991,0
20070726,11.631,11.771,10.909,10.909,6659933,0
20070727,10.544,10.768,9.771,10.081,5253977,0
20070730,10.146,10.578,9.815,9.815,7144520,0
20070731,10.245,10.286,10.081,10.263,4741223,0
20070801,10.046,10.61,9.789,10.369,19554982,0
20070802,10.46,10.46,9.947,10.12,2975897,0
20070803,10.245,10.245,9.739,9.872,3326098,0
20070806,9.815,9.947,9.565,9.681,3625726,0
20070807,9.913,10.004,9.557,9.69,3315378,0
20070808,9.872,9.938,9.54,9.647,4013363,0
20070809,9.574,9.806,9.532,9.664,4558009,0
20070810,9.4727,9.739,9.1582,9.3824,5903030,0
20070813,9.532,9.623,8.6604,9.2164,7582216,0
20070814,9.1086,9.1171,8.586,8.6523,5485357,0
20070815,8.4865,8.9095,8.0303,8.8182,3776645,0
20070816,8.6857,8.6857,8.088,8.3123,6339633,0
20070817,8.1297,9.0175,8.1297,8.8598,22589328,0
20070820,8.9593,9.1419,8.3619,8.8182,2440305,0
20070821,9.1419,9.1419,8.4365,8.4365,2181906,0
20070822,8.2957,8.8764,8.2957,8.8182,4758207,0
20070823,8.9923,9.25,8.8681,9.0755,1527188,0
20070824,8.7602,9.1506,8.7602,9.0175,794105,0
20070828,8.9923,9.0921,8.8764,8.8764,922405,0
20070829,8.8016,9.0423,8.7685,8.9262,4288645,0
20070830,9.0921,9.2578,8.9345,9.0589,875362,0
20070831,9.2252,9.2252,8.9677,9.1419,2748930,0
20070903,9.0423,9.54,9.0175,9.507,1601478,0
20070904,9.325,10.095,9.2909,9.938,4096211,0
20070905,10.237,11.083,10.237,10.52,2473758,0
20070906,10.602,10.602,10.087,10.46,6099009,0
20070907,10.602,10.992,10.254,10.536,3081266,0
20070910,10.204,10.527,10.204,10.476,1903735,0
20070911,10.386,11.033,10.386,10.827,6171321,0
20070912,10.942,10.942,10.263,10.263,1613142,0
20070913,10.411,10.411,10.072,10.072,2305528,0
20070914,9.988,10.211,9.54,9.664,3727307,0
20070917,9.4984,9.905,9.3493,9.707,5092589,0
20070918,9.557,9.922,9.557,9.806,2972600,0
20070919,9.955,10.277,9.93,10.021,2397625,0
20070920,10.037,10.037,9.606,9.64,3327588,0
20070921,9.615,9.798,9.2909,9.664,4724366,0
20070924,9.523,9.714,9.4153,9.548,726173,0
20070925,9.3902,9.4331,9.0755,9.2329,3455712,0
20070926,9.175,9.3085,8.8598,8.9843,2991544,0
20070927,9.1827,9.2744,8.9511,9.1913,3087797,0
20070928,9.325,9.325,8.7436,8.8347,10585610,0
20071001,8.7436,9.4242,8.7436,9.2832,7407549,0
20071002,9.3338,9.681,9.3338,9.582,5930332,0
20071003,9.681,9.78,9.516,9.764,2907897,0
20071004,9.523,9.889,9.523,9.872,2065806,0
20071005,9.681,9.831,9.2415,9.449,2448439,0
20071008,9.4648,9.664,9.325,9.565,2506703,0
20071009,9.2744,9.574,9.2744,9.4727,3794342,0
20071010,9.597,9.64,9.4331,9.565,2698986,0
20071011,9.4727,9.4905,9.2909,9.3338,4180238,0
20071012,9.2078,9.574,9.2078,9.449,1074714,0
20071015,9.582,9.631,9.4727,9.516,5555814,0
20071016,9.2997,9.4331,9.0669,9.3985,4329012,0
20071017,9.449,10.081,9.449,10.046,5505573,0
20071018,9.815,9.872,9.4242,9.854,2909267,0
20071019,9.938,10.818,9.672,10.651,6225480,0
20071022,10.294,10.303,10.046,10.254,5065372,0
20071023,10.485,10.527,10.329,10.494,2147982,0
20071024,10.353,10.61,10.353,10.544,899316,0
20071025,10.437,10.703,10.437,10.703,2405877,0
20071026,10.527,10.593,10.411,10.502,7222387,0
20071029,10.651,10.742,10.644,10.742,3473286,0
20071030,10.742,11.249,10.742,10.959,2958511,0
20071031,11.025,11.025,10.602,10.677,3287919,0
20071101,10.593,10.841,10.055,10.511,1909245,0
20071102,10.411,10.552,10.163,10.303,1639061,0
20071105,10.211,10.211,9.565,9.806,1819377,0
20071106,9.846,10.037,9.631,9.922,1903749,0
20071107,9.872,9.872,9.4074,9.748,1105910,0
20071108,9.54,9.755,9.3736,9.623,1616983,0
20071109,9.565,9.823,9.2832,9.698,1159483,0
20071112,9.631,9.771,9.3649,9.516,789114,0
20071113,9.582,9.764,9.449,9.647,1264019,0
20071114,9.64,10.111,9.615,9.806,1336271,0
20071115,9.823,10.111,9.823,9.971,896312,0
20071116,10.021,10.095,9.4648,9.574,1621627,0
20071119,9.4816,9.922,9.2078,9.3902,1096685,0
20071120,9.4411,9.4816,8.8764,9.3571,1706421,0
20071121,9.2164,9.2164,8.9178,9.1248,1981009,0
20071122,9.1248,9.1248,8.7935,8.8681,478673,0
20071123,8.9013,9.1913,8.8598,9.1334,568504,0
20071126,9.2909,9.3736,8.9345,9.1009,717557,0
20071127,8.8431,9.1171,8.8431,8.8764,979303,0
20071128,8.9843,9.0258,8.8598,8.9759,757827,0
20071129,8.8598,9.0669,8.8347,8.9511,518401,0
20071130,8.8182,9.1009,8.7851,8.9511,2167341,0
20071203,8.9013,9.2415,8.9013,8.9013,1354874,0
20071204,8.8598,8.8598,8.6857,8.7685,781693,0
20071205,8.7188,8.7436,8.4781,8.6359,2340371,0
20071206,8.727,8.7602,8.3204,8.6857,1434399,0
20071207,8.6939,8.7354,8.5281,8.6772,1430796,0
20071210,8.5943,8.7851,8.4365,8.5779,930144,0
20071211,8.4118,8.9428,8.088,8.3705,1858073,0
20071212,8.3372,8.7935,8.2624,8.7436,2768823,0
20071213,8.6857,9.1506,8.5943,8.6857,2599495,0
20071214,8.7104,8.8266,8.6276,8.752,730153,0
20071217,8.7188,8.7188,7.8975,8.3039,2138198,0
20071218,8.1879,8.4036,8.022,8.022,1585838,0
20071219,8.1049,8.1631,7.914,7.914,1336483,0
20071220,8.0632,8.1215,7.997,8.1049,574586,0
20071221,8.1215,8.3705,8.0303,8.0303,1815070,0
20071224,8.2043,8.2043,7.997,7.997,39533,0
20071227,7.8644,8.1131,7.7564,7.7564,522506,0
20071228,7.823,7.8892,7.6319,7.6902,305588,0
20071231,7.6319,7.914,7.5409,7.7482,532727,0
20080102,7.8146,8.1631,7.6985,7.9888,1403830,0
20080103,7.9805,7.9805,7.7232,7.9223,341216,0
20080104,7.7977,7.8808,7.3417,7.3417,569614,0
20080107,7.4826,7.7232,7.1592,7.6403,986411,0
20080108,7.7152,7.7977,7.516,7.7977,788261,0
20080109,7.7731,7.7731,7.2919,7.3997,1319292,0
20080110,7.4496,7.5076,7.1758,7.1924,1732904,0
20080111,7.1261,7.3583,6.8854,7.3166,3010678,0
20080114,7.2919,7.491,7.1758,7.408,3188384,0
20080115,7.3667,7.5741,7.267,7.4662,6194623,0
20080116,7.516,7.5324,7.2005,7.3417,4386434,0
20080117,7.4412,7.6319,7.35,7.491,2261987,0
20080118,7.5489,7.6651,7.3916,7.6237,1400940,0
20080121,7.5409,7.8146,7.5076,7.6985,1324315,0
20080122,7.4992,7.4992,7.0349,7.2173,6597815,0
20080123,7.3748,7.3748,6.9268,7.1924,2677879,0
20080124,7.4578,7.7977,7.2173,7.5822,3426403,0
20080125,7.7152,7.8808,7.5741,7.7152,1322010,0
20080128,7.6651,7.8063,7.6153,7.7813,669355,0
20080129,7.7813,8.0551,7.7813,7.914,697123,0
20080130,8.0303,8.0469,7.5822,7.8063,824642,0
20080131,7.5822,7.6651,7.3417,7.6319,1299099,0
20080201,7.5076,7.9805,7.4826,7.9805,1437502,0
20080204,7.9554,8.3705,7.9306,8.1715,1969706,0
20080205,8.1547,8.2293,7.997,8.0966,1111067,0
20080206,8.1049,8.1879,7.6319,7.6319,1182520,0
20080207,7.7731,8.1715,7.6734,7.914,2868944,0
20080208,8.1879,8.3953,7.997,8.3289,1120533,0
20080211,8.254,8.4533,8.0303,8.1297,590380,0
20080212,7.9473,8.727,7.9473,8.7104,612795,0
20080213,8.5031,8.6192,8.1049,8.3619,1090130,0
20080214,8.42,8.6523,8.2957,8.6192,1097066,0
20080215,8.5198,8.5198,8.3204,8.3372,704837,0
20080218,8.2957,8.5612,8.2957,8.4947,1058937,0
20080219,8.3787,8.5612,8.3372,8.5281,819993,0
20080220,8.3204,8.5198,8.0551,8.1547,881593,0
20080221,8.3123,8.3705,8.1631,8.3289,519691,0
20080222,8.2457,8.3868,8.1879,8.2043,312638,0
20080225,8.3204,8.3204,8.1297,8.2043,285472,0
20080226,8.3039,8.4118,8.1297,8.4118,558260,0
20080227,8.254,8.5445,8.1879,8.4781,351473,0
20080228,8.2957,8.4036,8.0303,8.0632,733529,0
20080229,8.0054,8.1049,7.5822,7.8063,2554508,0
20080303,7.6403,7.6819,7.3997,7.5822,1182316,0
20080304,7.6487,7.7647,7.4992,7.7152,1183588,0
20080305,7.7152,9.0423,7.7152,8.7851,1550495,0
20080306,8.6359,9.25,8.6359,9.0589,1061278,0
20080307,8.9511,9.1086,8.6026,8.9345,1115023,0
20080310,8.8515,9.0258,8.6689,8.6939,801382,0
20080311,8.5694,8.9095,8.3619,8.6192,2001230,0
20080312,8.586,8.6857,8.4947,8.6109,2988942,0
20080313,8.4283,8.6026,8.3868,8.4283,452240,0
20080314,8.3787,8.5694,7.9554,7.9554,477202,0
20080317,7.6319,8.0469,7.2919,7.9306,2177885,0
20080318,8.0303,8.1631,7.823,8.1049,1471271,0
20080319,8.1879,8.1879,7.7813,7.9473,888775,0
20080320,7.972,8.1215,7.8063,7.8975,1930100,0
20080325,8.0137,8.4365,7.3916,7.5741,3500719,0
20080326,7.4992,7.9306,7.4412,7.8063,2037188,0
20080327,7.7977,8.5362,7.7977,8.4616,2643564,0
20080328,8.2957,8.2957,8.1131,8.2791,1171073,0
20080331,8.0632,8.3619,8.0303,8.3619,1426594,0
20080401,8.2874,9.0175,8.2212,8.2874,4790254,0
20080402,8.2212,8.7023,8.1547,8.3787,3011162,0
20080403,8.3456,8.42,8.2043,8.3787,555171,0
20080404,8.2212,8.6939,8.2212,8.6604,1967970,0
20080407,8.6276,8.8846,8.1631,8.5612,2419875,0
20080408,8.3705,8.4781,8.1547,8.2624,2120503,0
20080409,8.1049,8.3868,8.022,8.2212,586843,0
20080410,8.1297,8.1963,7.7564,8.1049,1012344,0
20080411,8.0798,8.1547,7.9554,8.0632,4356660,0
20080414,7.9554,8.1963,7.9554,8.0386,2754123,0
20080415,8.0966,8.0966,7.9306,7.9888,3418577,0
20080416,8.0137,8.0469,7.9056,8.0054,4503758,0
20080417,7.9805,8.2791,7.972,7.9805,2370964,0
20080418,8.2293,8.2293,7.9638,8.0551,932841,0
20080421,7.997,7.997,7.7316,7.7977,2221531,0
20080422,7.8146,7.9473,7.7316,7.8892,2342006,0
20080423,7.9888,8.4449,7.9223,8.2376,2340682,0
20080424,8.3787,8.3787,8.1131,8.3039,2721492,0
20080425,8.3953,8.5031,8.3456,8.4365,1554726,0
20080428,8.5198,8.6109,8.4701,8.5031,721933,0
20080429,8.42,8.5198,8.3787,8.3787,388835,0
20080430,8.42,8.752,8.354,8.6689,1569777,0
20080501,8.6441,8.6523,8.5362,8.5694,1866626,0
20080502,8.6276,9.0089,8.6276,8.8182,1622211,0
20080506,8.7104,9.0669,8.7104,8.8598,2043645,0
20080507,8.7685,9.1086,8.7685,9.0507,2192301,0
20080508,8.9013,8.9843,8.8182,8.9428,1547877,0
20080509,8.6939,8.9677,8.6939,8.8431,979990,0
20080512,8.9345,8.9923,8.7768,8.8846,741419,0
20080513,8.8846,9.0669,8.6359,8.7935,2123876,0
20080514,8.8347,8.9677,8.6109,8.6772,1304016,0
20080515,8.7104,8.8431,8.5943,8.752,1900363,0
20080516,8.727,9.3085,8.727,9.1582,1221462,0
20080519,9.0921,9.2578,9.0669,9.2415,868641,0
20080520,9.2078,9.2657,8.8846,8.8846,1083364,0
20080521,8.9923,9.0507,8.8347,8.9345,935237,0
20080522,8.8182,9.1171,8.8182,8.8681,1117417,0
20080523,8.9345,8.9511,8.7023,8.7104,698328,0
20080527,8.6689,8.8431,8.6689,8.7851,822099,0
20080528,8.9013,8.9013,8.752,8.8598,695412,0
20080529,8.9178,9.1248,8.7685,9.0589,3000866,0
20080530,9.1171,9.4569,9.1009,9.175,2036417,0
20080602,9.2164,9.2164,8.752,8.8266,1161804,0
20080603,8.9262,9.1171,8.8016,8.8928,1746232,0
20080604,8.9013,8.9593,8.8101,8.8598,1403561,0
20080605,8.8764,9.0669,8.8016,8.9428,1210963,0
20080606,8.9511,9.2744,8.8764,9.1506,2026331,0
20080609,9.0921,9.0921,8.6523,8.7768,733007,0
20080610,8.8515,9.1086,8.7436,9.0089,1881726,0
20080611,9.1171,9.4648,8.6109,8.7023,4575469,0
20080612,8.7768,8.9178,8.6857,8.8515,1487252,0
20080613,8.9262,9.0175,8.8016,8.8681,1592859,0
20080616,8.8266,9.3162,8.8266,9.25,360753,0
20080617,9.2578,9.4153,9.175,9.2329,228456,0
20080618,9.1827,9.4727,8.9923,9.0669,2302423,0
20080619,9.0669,9.2832,9.0669,9.2657,1397836,0
20080620,9.1913,9.3902,9.0258,9.175,2338323,0
20080623,9.2001,9.325,9.1009,9.3162,557886,0
20080624,9.3338,9.4242,9.1009,9.3493,1312829,0
20080625,9.3085,9.557,9.3085,9.4816,1448516,0
20080626,9.4905,9.4984,9.2832,9.3985,1035005,0
20080627,9.3085,9.516,9.1827,9.4569,2193439,0
20080630,9.507,9.798,9.449,9.681,3162508,0
20080701,9.681,9.771,9.2744,9.656,3832121,0
20080702,9.597,9.597,9.3162,9.3493,1228956,0
20080703,9.2415,9.2415,8.9262,8.9923,1888824,0
20080704,9.0589,9.0589,8.6689,8.8266,1351827,0
20080707,8.8182,8.8928,8.6772,8.7935,533091,0
20080708,8.752,8.9593,8.6192,8.9178,1683613,0
20080709,9.0589,9.0589,8.6857,8.7188,2281016,0
20080710,8.586,8.9843,8.5362,8.8846,745385,0
20080711,8.8846,8.9923,8.4781,8.6772,844230,0
20080714,8.6772,8.7768,8.5779,8.6109,896377,0
20080715,8.6192,8.6276,8.3868,8.5281,1568962,0
20080716,8.5362,8.8016,8.3953,8.6604,1486169,0
20080717,8.8764,9.4569,8.8764,9.1667,1234714,0
20080718,9.0258,9.565,9.0258,9.4727,1332673,0
20080721,9.4153,9.755,9.4153,9.4153,1734725,0
20080722,9.4648,9.664,9.2578,9.565,1147943,0
20080723,9.863,10.627,9.806,10.32,3248927,0
20080724,9.98,10.146,9.938,9.997,2583904,0
20080725,9.739,10.004,9.698,10.004,1659834,0
20080728,9.897,9.997,9.565,9.755,801496,0
20080729,9.647,9.897,9.532,9.574,2257817,0
20080730,9.707,10.195,9.647,10.12,3473004,0
20080731,10.146,10.619,9.922,10.337,1488205,0
20080801,10.263,10.734,10.204,10.694,3232833,0
20080804,10.502,10.619,10.377,10.377,1016869,0
20080805,10.428,10.785,10.286,10.585,2484608,0
20080806,10.659,10.925,10.627,10.834,3454042,0
20080807,10.859,10.925,10.578,10.759,2891999,0
20080808,10.834,11.465,10.801,11.266,1997007,0
20080811,11.299,11.299,10.552,10.726,2741251,0
20080812,10.71,10.71,10.303,10.377,2449323,0
20080813,10.303,10.377,10.029,10.129,1344557,0
20080814,10.362,10.485,10.163,10.402,1397196,0
20080815,10.428,10.569,10.312,10.446,891263,0
20080818,10.42,10.468,10.362,10.428,209200,0
20080819,10.353,10.46,10.245,10.32,677018,0
20080820,10.294,10.395,10.245,10.277,1338906,0
20080821,10.103,10.195,9.922,10.063,1739494,0
20080822,10.095,10.286,9.997,10.204,2530657,0
20080826,10.146,10.593,10.029,10.386,1167996,0
20080827,10.353,10.983,10.228,10.901,1694204,0
20080828,10.734,10.884,10.585,10.619,797764,0
20080829,10.476,10.909,10.476,10.668,871534,0
20080901,10.56,11.016,10.56,10.876,605649,0
20080902,10.793,11.133,10.793,10.917,445021,0
20080903,10.771,10.822,10.562,10.705,909825,0
20080904,10.947,11.339,10.804,10.837,952252,0
20080905,10.889,10.921,10.438,10.438,964530,0
20080908,10.88,11.056,10.637,10.637,481608,0
20080909,10.705,10.788,10.411,10.477,2430687,0
20080910,10.271,10.344,10.079,10.118,2669130,0
20080911,10.136,10.277,9.743,9.868,1450009,0
20080912,9.935,10.11,9.827,9.927,963980,0
20080915,9.851,10.161,9.534,9.534,1140139,0
20080916,9.4173,9.6,9.1496,9.3085,2323345,0
20080917,9.551,9.835,9.2415,9.3746,2037525,0
20080918,9.2164,9.618,9.0161,9.1827,2186687,0
20080919,9.851,10.344,9.0496,9.1496,6601741,0
20080922,9.0078,9.651,8.8071,9.3172,1310549,0
20080923,9.1745,9.643,9.1334,9.501,2180979,0
20080924,9.4589,9.6,8.9828,9.1409,1542429,0
20080925,9.1086,9.3581,8.9659,9.0329,1942123,0
20080926,8.9743,9.3834,8.9743,9.1827,762163,0
20080929,9.2744,9.4836,8.849,8.849,2644398,0
20080930,8.7738,9.0411,8.615,8.9076,3803510,0
20081001,8.9743,9.785,8.9743,9.3348,6628317,0
20081002,9.4173,10.186,9.0078,9.1,2360387,0
20081003,8.9828,9.1745,8.6569,8.9326,1784432,0
20081006,8.9493,9.1409,7.788,7.8294,1923642,0
20081007,7.9046,8.1638,7.5956,7.7208,1238554,0
20081008,7.7459,7.9214,7.2029,7.8212,3970256,0
20081009,8.0302,8.4479,7.863,8.2139,1098924,0
20081010,7.9298,8.1471,7.6376,7.9884,1618157,0
20081013,8.2641,8.3308,7.5537,7.8461,2960446,0
20081014,7.6376,8.1554,7.5704,7.863,2494371,0
20081015,7.8964,8.0469,6.5259,6.6597,2450029,0
20081016,6.5093,6.8102,5.8825,6.6096,2830787,0
20081017,6.6515,7.3114,5.983,6.3423,4982935,0
20081020,6.5427,6.7432,4.9885,6.0329,4772150,0
20081021,6.3756,7.0023,6.3589,6.501,1404847,0
20081022,6.5427,6.9187,6.15,6.2086,6969919,0
20081023,6.1248,6.4007,5.7155,5.958,4809562,0
20081024,5.8408,5.8408,5.4398,5.4565,3209816,0
20081027,5.1892,5.4981,5.1388,5.2477,1290661,0
20081028,5.2727,5.2727,4.5874,4.696,2919529,0
20081029,4.7629,4.7629,4.6042,4.6712,1666964,0
20081030,4.813,5.7404,4.6042,5.5819,2701462,0
20081031,5.3895,5.5986,5.1303,5.1892,1138598,0
20081103,5.1641,5.2727,5.1055,5.1558,604495,0
20081104,5.1809,5.7573,5.0805,5.4565,2226711,0
20081105,5.6152,5.6152,5.1892,5.2559,1698544,0
20081106,5.4064,5.4064,4.8547,5.1473,1805161,0
20081107,5.2141,5.7656,5.1222,5.4981,1384588,0
20081110,5.7656,6.434,5.6069,6.0667,1384744,0
20081111,6.1332,6.1332,5.2225,5.3813,1204651,0
20081112,5.4647,6.1418,5.4647,5.7323,3180885,0
20081113,5.6401,5.657,5.4232,5.5986,910249,0
20081114,5.7072,5.7072,5.3645,5.4064,1812867,0
20081117,5.4731,5.7825,5.4731,5.5819,954780,0
20081118,5.774,5.774,5.331,5.5735,1002385,0
20081119,5.7489,5.799,5.5735,5.6652,557077,0
20081120,5.306,5.657,5.306,5.3645,835369,0
20081121,5.4232,5.5735,4.9969,4.9969,1787920,0
20081124,5.1303,5.2811,5.022,5.1388,1974008,0
20081125,5.0553,5.4813,5.0054,5.2225,1562301,0
20081126,5.1055,5.3645,5.0136,5.0303,3081583,0
20081127,5.0553,5.306,5.0553,5.306,465475,0
20081128,5.2559,5.4146,5.2391,5.3479,179811,0
20081201,5.331,5.331,5.1138,5.1975,1077345,0
20081202,5.2308,5.331,5.0136,5.0385,1114087,0
20081203,5.097,5.097,4.5709,4.7963,1229437,0
20081204,4.7043,4.93,4.3701,4.529,1544896,0
20081205,4.4538,4.5373,4.2366,4.27,2174878,0
20081208,4.295,4.487,4.1947,4.3869,1276253,0
20081209,4.529,4.6459,4.3953,4.6125,1765433,0
20081210,4.6293,4.696,4.5709,4.6459,1072787,0
20081211,4.529,5.1388,4.4787,4.8465,1606575,0
20081212,4.8883,4.8883,4.6712,4.6793,1810820,0
20081215,4.7963,4.8465,4.6877,4.6877,1697013,0
20081216,4.8297,4.8381,4.6712,4.7963,1450956,0
20081217,4.7211,5.557,4.7211,5.2976,2459033,0
20081218,5.1892,5.5986,5.0136,5.4647,1601913,0
20081219,5.7825,5.7825,5.4315,5.6652,1321630,0
20081222,5.5735,5.6401,5.4146,5.4896,502211,0
20081223,5.5652,5.5652,5.306,5.331,428540,0
20081224,5.2976,5.3395,5.1138,5.1138,90577,0
20081229,5.1975,5.4146,5.1641,5.1641,373141,0
20081230,5.2727,5.306,4.9885,5.0553,907279,0
20081231,5.022,5.1558,4.9802,4.9802,109742,0
20090102,4.9802,5.3563,4.9802,5.306,257944,0
20090105,5.3563,5.5318,5.3479,5.4482,750385,0
20090106,5.4315,5.7238,5.3563,5.6905,639228,0
20090107,5.7489,6.0581,5.7489,6.0581,656563,0
20090108,5.9078,6.0915,5.9078,5.9913,1566538,0
20090109,6.0246,6.2671,5.8825,6.0831,552681,0
20090112,6.0498,6.2584,6.0413,6.1752,211755,0
20090113,6.242,6.242,5.8743,5.8912,1141415,0
20090114,5.8241,5.8993,5.331,5.4232,1283022,0
20090115,5.5819,5.5819,5.1222,5.3981,2025353,0
20090116,5.3563,5.6319,5.3563,5.4813,1279636,0
20090119,5.4647,5.7573,5.1892,5.2644,1247645,0
20090120,5.2308,5.3645,5.0303,5.0303,1175174,0
20090121,4.9051,5.2225,4.696,5.2225,1192239,0
20090122,5.3395,5.3981,5.1303,5.1558,673906,0
20090123,5.306,5.306,5.1138,5.1725,969609,0
20090126,5.2893,5.306,5.1892,5.2477,452334,0
20090127,5.2644,5.2644,5.1975,5.2308,396370,0
20090128,5.3395,5.657,5.1641,5.4146,1688317,0
20090129,5.5149,5.5149,5.1892,5.1975,1217805,0
20090130,5.3981,5.5318,5.1303,5.3645,2156917,0
20090202,5.2559,5.2644,4.9133,4.9133,1325591,0
20090203,5.2644,5.2644,4.7295,5.1055,1014617,0
20090204,5.2559,5.5819,5.1558,5.4731,1169010,0
20090205,5.3813,5.8325,5.3563,5.8325,1695179,0
20090206,5.6401,5.9328,5.6401,5.8408,756660,0
20090209,5.6905,5.9243,5.6905,5.8743,282549,0
20090210,5.9243,5.958,5.7573,5.774,500700,0
20090211,5.7656,5.8825,5.657,5.6738,762076,0
20090212,5.6652,5.849,5.6652,5.849,692429,0
20090213,5.8825,6.0748,5.7489,5.849,543758,0
20090216,6.0413,6.2086,5.9161,5.9913,847409,0
20090217,6.0081,6.1418,5.8076,5.8743,21006559,0
20090218,5.6486,5.774,5.5149,5.5986,2341083,0
20090219,5.5735,5.6237,5.2559,5.2893,7865501,0
20090220,5.1473,5.1473,4.8883,4.8883,1376382,0
20090223,4.8715,4.9133,4.8048,4.8715,2884095,0
20090224,4.9133,4.9216,4.6376,4.7881,2055952,0
20090225,4.93,5.0721,4.8799,4.8883,1307236,0
20090226,5.0054,5.0303,4.8966,4.93,1030170,0
20090227,5.0385,5.0385,4.8465,4.9634,568922,0
20090302,4.9133,5.0136,4.6543,4.6712,938854,0
20090303,4.5791,4.8297,4.554,4.5874,4024508,0
20090304,4.6712,4.8048,4.5624,4.7881,1292451,0
20090305,4.7295,4.8547,4.5709,4.6042,914270,0
20090306,4.4954,4.4954,4.1781,4.1862,3837524,0
20090309,4.1613,4.2198,4.0611,4.0694,4565641,0
20090310,3.9609,4.0276,3.8771,4.0026,5754916,0
20090311,3.9941,4.0026,3.9106,3.9941,2756680,0
20090312,3.8521,3.8687,3.7769,3.8521,1390222,0
20090313,3.8939,3.8939,3.7269,3.7685,1692846,0
20090316,3.685,3.8103,3.5764,3.7936,4956754,0
20090317,3.7269,3.8187,3.7101,3.7685,3251561,0
20090318,3.6515,3.827,3.6515,3.7936,1320600,0
20090319,3.7854,3.9441,3.7854,3.9023,3442476,0
20090320,3.7854,3.9858,3.6182,3.9858,2566433,0
20090323,3.9525,4.203,3.9525,4.036,2079688,0
20090324,4.0862,4.1947,3.9023,4.0026,2082358,0
20090325,3.8771,4.0526,3.8604,4.0526,464261,0
20090326,4.0109,4.0276,3.9188,3.9525,749365,0
20090327,4.0192,4.0526,3.9441,4.0192,766757,0
20090330,4.0276,4.0694,3.8687,3.8687,1260833,0
20090331,3.9273,3.9273,3.7269,3.7769,903193,0
20090401,3.5931,3.8521,3.5931,3.8103,972080,0
20090402,3.7854,4.295,3.7435,4.295,2330375,0
20090403,4.3534,4.813,4.3452,4.7378,1683228,0
20090406,4.6626,5.2727,4.6626,5.1809,2205136,0
20090407,5.2893,5.2893,4.9469,5.0303,2579228,0
20090408,4.8799,4.9216,4.7798,4.813,589693,0
20090409,4.8048,5.0054,4.6793,5.0054,1828830,0
20090414,4.8547,5.331,4.8547,5.331,1557723,0
20090415,5.4895,5.4982,5.258,5.4555,2552120,0
20090416,5.3182,5.4895,5.3182,5.3869,906477,0
20090417,5.3523,5.6356,5.3267,5.5755,903310,0
20090420,5.7041,5.7899,5.5327,5.5327,2270102,0
20090421,5.524,5.6784,5.4982,5.5669,3012731,0
20090422,5.5669,5.7387,5.5669,5.7387,1467201,0
20090423,5.8072,5.9272,5.7472,5.7985,3288524,0
20090424,5.7728,5.8586,5.6869,5.8586,832180,0
20090427,5.867,5.867,5.7644,5.7644,3077568,0
20090428,5.6784,5.6784,5.5411,5.5583,3057272,0
20090429,5.301,5.6183,5.301,5.6183,955756,0
20090430,5.6183,6.3217,5.6183,6.176,2589823,0
20090501,6.0644,6.0815,5.8586,5.9702,539822,0
20090505,6.1243,6.4933,6.0815,6.3217,570299,0
20090506,6.5448,6.5534,6.1418,6.3818,972968,0
20090507,6.1846,6.3647,6.0215,6.0387,1080351,0
20090508,4.9837,4.9837,3.9029,3.9199,40767728,0
20090511,3.9288,3.9288,3.4225,3.4311,6113687,0
20090512,3.4397,3.5084,3.1224,3.2766,2479648,0
20090513,3.2766,3.3625,2.4791,2.7019,8288305,0
20090514,2.779,3.4225,2.6077,3.4225,14110832,0
20090515,3.4825,3.6112,3.2766,3.3108,5977397,0
20090518,3.3454,3.6028,3.2766,3.5597,4370587,0
20090519,3.5855,3.6712,3.4569,3.4911,3413672,0
20090520,3.4053,3.4738,3.3454,3.3539,5623737,0
20090521,3.3797,3.4053,3.1652,3.2166,3316544,0
20090522,3.2594,3.3023,3.2166,3.2423,4658696,0
20090526,3.2938,3.2938,3.2508,3.2766,3832744,0
20090527,3.328,3.4481,3.328,3.414,1121577,0
20090528,3.4311,3.4481,3.4225,3.4311,1816620,0
20090529,3.4053,3.5167,3.4053,3.4225,972482,0
20090601,3.4569,3.6028,3.4225,3.5513,1002758,0
20090602,3.6112,3.6112,3.5341,3.5426,2227156,0
20090603,3.6197,3.6197,3.3968,3.414,1453917,0
20090604,3.3881,3.4997,3.3881,3.3881,628425,0
20090605,3.5341,3.6454,3.4911,3.6028,2961863,0
20090608,3.6197,3.6197,3.5513,3.5597,2826449,0
20090609,3.5685,3.5942,3.4569,3.5341,1987027,0
20090610,3.5513,3.6541,3.5084,3.5167,1462321,0
20090611,3.4997,3.5167,3.328,3.3625,1780366,0
20090612,3.3968,3.577,3.328,3.5341,672394,0
20090615,3.6712,3.7399,3.6283,3.6283,2002567,0
20090616,3.6799,3.7484,3.6368,3.7312,3164681,0
20090617,3.6712,3.6884,3.6112,3.6541,4904308,0
20090618,3.6627,3.6627,3.5254,3.5685,5924230,0
20090619,3.5685,3.6454,3.4481,3.4481,11408143,0
20090622,3.577,3.577,3.3881,3.4397,2361519,0
20090623,3.4397,3.4481,3.2938,3.3023,4856807,0
20090624,3.3454,3.3454,3.131,3.1739,1972262,0
20090625,3.1652,3.3454,2.9764,3.0194,1920606,0
20090626,3.0794,3.3968,3.0794,3.3968,8987227,0
20090629,3.3881,3.4997,3.3367,3.414,2154806,0
20090630,3.4053,3.4911,3.2854,3.2854,3369602,0
20090701,3.2681,3.2681,3.1394,3.191,2790128,0
20090702,3.1739,3.2681,3.1481,3.1566,814998,0
20090703,3.1137,3.1481,3.0367,3.1224,834200,0
20090706,3.1481,3.1481,2.9423,2.9764,1579200,0
20090707,3.0022,3.1566,2.9764,3.0794,2575431,0
20090708,3.0794,3.1224,3.0108,3.0367,1447226,0
20090709,3.0367,3.1823,3.0108,3.1394,1522326,0
20090710,3.1739,3.2594,3.1566,3.2508,1219246,0
20090713,3.2338,3.3108,3.1994,3.2251,842775,0
20090714,3.191,3.2938,3.191,3.2508,521394,0
20090715,3.208,3.3797,3.208,3.3367,3891209,0
20090716,3.3711,3.757,3.3367,3.7055,3690375,0
20090717,3.7141,3.7741,3.4825,3.5942,1643783,0
20090720,3.5426,3.5426,3.4397,3.4569,784689,0
20090721,3.4911,3.6541,3.4911,3.5685,1900639,0
20090722,3.5426,3.5426,3.3625,3.3625,1398482,0
20090723,3.6541,4.9492,3.6541,4.9235,6923317,0
20090724,4.8634,5.867,4.8207,5.7472,7085146,0
20090727,5.6529,5.8844,5.6269,5.8757,5836015,0
20090728,5.8329,6.013,5.5669,5.6098,1366479,0
20090729,5.6098,5.7041,5.3267,5.7041,26711556,0
20090730,5.6869,5.9702,5.6869,5.7728,15424009,0
20090731,5.7728,5.7728,5.4639,5.5755,1114035,0
20090803,5.3952,5.5411,5.3952,5.524,1342514,0
20090804,5.4895,5.5327,5.404,5.4469,1900496,0
20090805,5.6183,6.013,5.4639,5.8414,6840840,0
20090806,5.8158,5.91,5.8072,5.91,3549486,0
20090807,5.7815,5.7815,5.5327,5.7815,1000938,0
20090810,5.6183,5.6869,5.524,5.6784,921863,0
20090811,5.7985,5.7985,5.5327,5.6012,1915372,0
20090812,5.5755,5.6269,5.4297,5.5411,1095791,0
20090813,5.5327,5.7472,5.4383,5.6784,2927685,0
20090814,5.7387,5.8242,5.6529,5.7815,1356246,0
20090817,5.8329,5.8329,5.5068,5.5669,546126,0
20090818,5.6356,5.7728,5.5583,5.6443,362024,0
20090819,5.3612,5.584,5.2838,5.5669,844581,0
20090820,5.5669,5.7644,5.5411,5.7644,3678798,0
20090821,5.5583,5.9185,5.5583,5.8757,1598309,0
20090824,5.9615,6.0303,5.8586,5.9615,800089,0
20090825,5.9185,5.9702,5.7298,5.8586,2065435,0
20090826,5.9615,6.3131,5.8586,6.0987,2640125,0
20090827,6.1674,6.2103,5.8928,6.013,1669599,0
20090828,6.0303,6.1588,6.0043,6.0559,580737,0
20090901,6.279,6.279,5.867,5.867,508639,0
20090902,5.8923,5.9095,5.5521,5.6481,849613,0
20090903,5.7004,5.744,5.5958,5.6307,738379,0
20090904,5.5958,5.7265,5.5783,5.7265,799662,0
20090907,5.7352,6.0752,5.6393,6.0667,2679589,0
20090908,6.0752,6.1274,5.8835,5.9182,400342,0
20090909,5.9007,6.1012,5.9007,5.9444,490186,0
20090910,5.9356,6.0403,5.8835,5.9793,765518,0
20090911,5.9793,6.2582,5.9793,6.2321,5387727,0
20090914,6.1274,6.1537,5.9532,6.0752,290655,0
20090915,6.0054,6.0054,5.7004,5.7004,1835270,0
20090916,5.6917,5.8571,5.6045,5.8397,630356,0
20090917,5.9095,5.9793,5.7964,5.7964,5709898,0
20090918,5.7964,5.7964,5.4477,5.4477,5364571,0
20090921,5.6045,5.6917,5.4215,5.4825,962680,0
20090922,5.5783,5.7788,5.5783,5.7004,1106820,0
20090923,5.805,6.0403,5.7528,5.8835,1342929,0
20090924,5.7788,5.8748,5.6221,5.6221,4184433,0
20090925,5.6829,5.6829,5.5609,5.5696,507977,0
20090928,5.5173,5.8923,5.4389,5.8311,1265391,0
20090929,5.8485,6.5458,5.8485,6.5458,3720552,0
20090930,6.4153,6.6244,6.3803,6.5373,2731168,0
20091001,6.5458,6.8073,6.5285,6.7812,1010360,0
20091002,6.5633,6.8858,6.4413,6.5197,3581110,0
20091005,6.4413,6.6416,6.389,6.5546,447482,0
20091006,6.5458,6.8858,6.5458,6.7288,1414509,0
20091007,6.9294,7.2346,6.9294,7.0253,1043937,0
20091008,7.1995,7.3914,7.1733,7.2258,1287751,0
20091009,7.2346,7.4348,7.2346,7.313,978112,0
20091012,7.3217,8.2368,7.313,8.2368,8752128,0
20091013,8.2629,8.5942,8.0276,8.446,3152175,0
20091014,8.7161,8.8556,8.507,8.8383,9032480,0
20091015,8.8471,8.9429,8.5505,8.5768,2138714,0
20091016,8.8033,9.0039,8.6727,8.6727,1733679,0
20091019,8.5593,8.7598,8.2805,8.7423,2653089,0
20091020,8.7858,9.3095,8.7335,9.2039,4221917,0
20091021,9.3182,9.605,9.1778,9.509,3030990,0
20091022,9.648,9.648,9.2481,9.4134,1010780,0
20091023,9.3523,9.3956,9.0388,9.0735,1954566,0
20091026,9.1778,9.3956,8.8817,8.9167,2516043,0
20091027,9.1086,9.1086,8.751,9.0213,1687641,0
20091028,9.1,9.1086,8.507,8.5768,3330906,0
20091029,8.4634,8.8119,8.1583,8.4984,3990794,0
20091030,8.6727,8.9342,8.3762,8.4895,875873,0
20091102,8.5157,8.5942,8.3936,8.5331,970371,0
20091103,8.5419,8.6727,8.4111,8.5505,1596721,0
20091104,8.507,8.8033,8.3499,8.7335,1167152,0
20091105,8.69,8.7685,8.3674,8.6727,901417,0
20091106,8.7598,9.1171,8.629,8.8643,1090102,0
20091109,8.7161,8.908,8.7161,8.8992,347328,0
20091110,8.908,9.1525,8.629,8.7072,741404,0
20091111,8.568,8.629,8.1669,8.2281,1388593,0
20091112,8.2979,8.472,8.2195,8.3326,601156,0
20091113,8.3066,8.3066,8.1236,8.141,333349,0
20091116,8.2717,8.4809,8.1148,8.446,444096,0
20091117,8.5505,8.7945,8.3936,8.6376,1492813,0
20091118,8.4809,8.7248,8.4025,8.6727,961246,0
20091119,8.6465,8.6727,8.4284,8.4634,946578,0
20091120,8.4284,8.4984,8.4198,8.446,966132,0
20091123,8.5505,8.5593,8.3674,8.4548,1239127,0
20091124,8.3674,8.568,8.0972,8.1496,1630598,0
20091125,8.1847,8.202,8.0364,8.0625,853953,0
20091126,8.1583,8.1583,7.6092,7.6529,821358,0
20091127,7.6006,8.0451,7.522,7.9667,945854,0
20091130,8.0014,8.1322,7.8271,7.9055,1074416,0
20091201,8.0711,8.106,7.8968,8.0885,863938,0
20091202,8.0885,8.1847,8.0537,8.141,432308,0
20091203,8.2281,8.2629,8.1236,8.1933,430352,0
20091204,8.0364,8.2629,7.9143,8.2281,695208,0
20091207,8.0797,8.1757,8.0014,8.0537,570756,0
20091208,8.0797,8.1847,7.8359,7.8708,344398,0
20091209,8.0014,8.019,7.7834,8.0014,734697,0
20091210,7.8621,8.106,7.8621,8.0537,458315,0
20091211,8.1496,8.1496,7.679,7.8708,1678154,0
20091214,7.9231,8.1757,7.9055,8.106,735583,0
20091215,8.5331,8.969,8.5331,8.7945,3683749,0
20091216,8.8119,8.873,8.4984,8.6029,3170066,0
20091217,8.873,8.873,8.5244,8.6465,1867847,0
20091218,8.7248,8.8033,8.568,8.6465,2383967,0
20091221,8.6029,8.6376,8.446,8.5942,774962,0
20091222,8.385,8.629,8.385,8.3936,408030,0
20091223,8.324,8.4284,8.2717,8.2717,218219,0
20091224,8.2195,8.324,8.2195,8.3153,8190,0
20091229,8.1933,8.3674,8.1583,8.3153,214920,0
20091230,8.4634,8.4984,8.3153,8.4284,234565,0
20091231,8.6029,8.6029,8.3674,8.3674,88146,0
20100104,8.1496,8.7335,8.1496,8.6465,698202,0
20100105,8.7072,8.7072,8.5419,8.6029,457822,0
20100106,8.5419,8.7685,8.3499,8.7072,622191,0
20100107,8.69,9.4826,8.5593,9.2647,2025970,0
20100108,9.2647,9.536,9.2481,9.3007,1380366,0
20100111,9.3873,9.518,9.3007,9.36,1036489,0
20100112,9.509,9.509,9.1086,9.3095,888821,0
20100113,9.231,9.3095,9.1086,9.3095,1049275,0
20100114,9.327,9.4223,9.1611,9.4223,1300954,0
20100115,9.3786,9.553,9.1953,9.2397,1478310,0
20100118,9.1866,9.2039,9.0818,9.1171,598860,0
20100119,9.1258,9.3182,9.0213,9.3182,388940,0
20100120,9.3007,9.579,9.1866,9.2734,491302,0
20100121,9.36,9.36,8.9256,9.0475,1629524,0
20100122,8.9777,9.0299,8.6639,8.7248,644942,0
20100125,8.7858,8.969,8.6813,8.7685,449405,0
20100126,8.7335,9.0913,8.6639,9.056,1446059,0
20100127,8.8471,9.327,8.8296,9.1258,2983974,0
20100128,9.327,9.327,9.0299,9.1171,1626111,0
20100129,9.1,9.1258,8.8643,8.9256,717222,0
20100201,8.69,8.8992,8.69,8.7423,740257,0
20100202,8.7772,9.0299,8.6553,8.8556,1532715,0
20100203,9.0039,9.0039,8.8383,8.9256,1066707,0
20100204,9.1525,9.1611,8.6202,8.69,794015,0
20100205,8.751,8.751,7.7487,8.1496,3614071,0
20100208,8.1496,8.2107,8.0014,8.1236,868245,0
20100209,7.984,8.141,7.9231,8.0797,548992,0
20100210,7.9927,8.4284,7.9927,8.141,1113135,0
20100211,8.2195,8.2195,8.0101,8.0101,434553,0
20100212,8.1757,8.2107,7.9492,8.0537,973133,0
20100215,8.0364,8.1933,8.0276,8.0797,358852,0
20100216,7.9667,8.3326,7.9667,8.2281,864424,0
20100217,8.2979,8.5942,8.2979,8.5331,1015364,0
20100218,8.5768,8.6029,8.4372,8.5419,462407,0
20100219,8.3414,8.4111,8.202,8.254,1773941,0
20100222,8.2107,8.3589,8.1496,8.254,354856,0
20100223,8.4634,8.4634,7.958,8.1236,701745,0
20100224,8.1757,8.2107,7.9492,8.1322,536560,0
20100225,7.9754,8.0972,7.7312,7.7575,731326,0
20100226,7.7575,7.7834,7.6179,7.6877,766106,0
20100301,7.7399,8.0711,7.5831,7.9927,1595752,0
20100302,7.9667,7.984,7.6703,7.8184,1372080,0
20100303,7.7923,7.7923,6.8596,7.4435,3994524,0
20100304,7.5048,8.0451,7.3392,8.0451,3673036,0
20100305,8.0014,8.6727,7.9667,8.5593,3132486,0
20100308,8.5419,9.0299,8.2107,8.3066,2348452,0
20100309,8.4111,8.5768,8.2281,8.4809,1051365,0
20100310,8.4372,8.7685,8.324,8.7161,1239560,0
20100311,8.7772,8.8296,8.6116,8.7945,978347,0
20100312,8.6987,8.8296,8.6202,8.6376,482663,0
20100315,8.568,8.6987,8.4634,8.5768,503653,0
20100316,8.7248,8.7423,8.5244,8.7161,451893,0
20100317,8.6987,8.8556,8.5855,8.8208,441861,0
20100318,8.8905,8.9256,8.7248,8.8296,391572,0
20100319,8.8296,8.9429,8.7598,8.908,1070737,0
20100322,8.9777,8.9777,8.6116,8.7335,293925,0
20100323,8.6029,8.873,8.6029,8.7858,486315,0
20100324,8.8817,9.056,8.751,9.0299,804645,0
20100325,8.9429,9.1953,8.8992,9.1171,760092,0
20100326,9.0913,9.1525,8.9603,9.0127,570542,0
20100329,8.908,8.9864,8.8033,8.9603,583805,0
20100330,9.0475,9.0475,8.9603,8.9603,245423,0
20100331,9.0039,9.2397,8.8643,9.0648,620719,0
20100401,9.0039,9.2909,9.0039,9.2909,383172,0
20100406,9.3523,9.64,9.3357,9.562,1712355,0
20100407,9.735,9.788,9.588,9.693,522878,0
20100408,9.735,9.735,9.4223,9.4223,845411,0
20100409,9.588,9.588,9.1953,9.2734,1464281,0
20100412,9.3182,9.3523,9.1778,9.2127,316542,0
20100413,9.3873,9.3873,8.7858,9.0388,720788,0
20100414,9.2058,9.665,9.2058,9.4618,3592228,0
20100415,9.4885,10.098,9.4885,10.098,2365967,0
20100416,10.143,10.293,10.098,10.259,1257104,0
20100419,10.293,10.496,10.019,10.276,778989,0
20100420,10.32,10.621,10.196,10.496,875535,0
20100421,10.417,10.515,10.222,10.408,2056251,0
20100422,10.496,10.612,10.33,10.469,2892303,0
20100423,10.558,10.78,10.453,10.655,771737,0
20100426,10.683,11.23,10.664,11.115,1572487,0
20100427,11.143,11.257,11.01,11.054,998162,0
20100428,10.921,10.939,10.506,10.638,13708126,0
20100429,10.612,10.726,10.496,10.692,1607545,0
20100430,10.743,10.849,10.701,10.832,926177,0
20100504,11.124,11.178,10.717,10.816,952794,0
20100505,11.187,11.187,10.515,10.524,1927914,0
20100506,10.701,10.903,10.364,10.515,2155507,0
20100507,10.212,10.408,9.2588,9.533,1916640,0
20100510,9.524,10.212,9.524,10.161,2305169,0
20100511,10.293,10.293,9.887,10.001,1255769,0
20100512,9.816,10.259,9.647,10.259,4575631,0
20100513,10.205,10.496,10.09,10.453,1305293,0
20100514,10.445,10.612,10.073,10.125,1437171,0
20100517,10.134,10.134,9.887,9.94,1218288,0
20100518,10.098,10.426,10.046,10.337,865730,0
20100519,10.196,10.196,9.85,9.93,1175952,0
20100520,9.93,10.036,9.1439,9.4084,1656348,0
20100521,9.1963,9.4885,9.1171,9.3551,1869652,0
20100524,9.55,9.55,9.2588,9.3726,645064,0
20100525,9.3995,9.3995,9.1258,9.1439,3695865,0
20100526,9.3824,9.445,9.1171,9.1706,1209635,0
20100527,9.1963,9.3551,8.8784,9.3551,2647068,0
20100528,9.4885,9.603,9.2415,9.3386,1665506,0
20100601,9.577,9.577,9.3123,9.4697,2343523,0
20100602,9.3298,9.594,9.3211,9.55,3976747,0
20100603,9.603,10.055,9.603,9.798,1364158,0
20100604,9.975,10.083,9.2763,9.3298,2737851,0
20100607,9.3386,9.3386,9.0818,9.1963,1293143,0
20100608,9.0552,9.1,8.8076,8.9137,1006272,0
20100609,9.0729,9.0818,8.79,9.0463,1178252,0
20100610,8.79,9.2588,8.79,9.1353,1231681,0
20100611,9.1788,9.1876,8.9226,8.9667,637567,0
20100614,8.8431,9.2319,8.8431,9.2232,1100935,0
20100615,9.0818,9.2145,8.8431,8.8696,1391444,0
20100616,9.011,9.1788,8.9491,9.0818,1088219,0
20100617,8.896,9.0375,8.896,8.9226,544540,0
20100618,8.8873,9.1439,8.8873,9.0552,869393,0
20100621,9.0022,9.569,9.0022,9.524,1727068,0
20100622,9.639,9.683,9.4084,9.4786,1033743,0
20100623,9.771,10.222,9.445,9.612,1411995,0
20100624,9.789,9.789,9.2665,9.2763,704724,0
20100625,9.2665,9.3298,9.1439,9.2415,555413,0
20100628,9.3726,9.533,9.2145,9.4084,394716,0
20100629,9.2232,9.3123,8.8784,8.9314,794944,0
20100630,8.896,8.896,8.4715,8.4893,1430310,0
20100701,8.4185,8.6485,8.1798,8.2063,1821588,0
20100702,8.1091,8.3566,8.0561,8.2329,1335880,0
20100705,8.3478,8.7634,8.3478,8.7458,1033610,0
20100706,8.7016,8.9226,8.6485,8.9226,1104985,0
20100707,8.5953,8.7458,8.454,8.7458,1448405,0
20100708,8.5867,9.1439,8.5867,8.834,1167507,0
20100709,8.7545,8.8431,8.7016,8.7545,651638,0
20100712,8.9667,8.9667,8.6397,8.8608,992514,0
20100713,8.8519,9.011,8.7016,8.8254,2633880,0
20100714,8.9226,8.9757,8.7723,8.834,1460754,0
20100715,8.7545,8.896,8.6928,8.7104,566954,0
20100716,8.6838,8.8165,8.445,8.4715,993109,0
20100719,8.4361,8.4805,8.0561,8.1091,1844638,0
20100720,8.2418,8.2507,8.0471,8.2153,1685032,0
20100721,8.3213,8.834,8.2239,8.7545,1466042,0
20100722,8.5245,8.9049,8.2595,8.896,2284245,0
20100723,8.8873,9.585,8.8873,9.541,2328285,0
20100726,9.4539,10.09,9.2665,10.073,2779976,0
20100727,9.984,10.381,9.887,10.381,3723215,0
20100728,10.4,10.445,9.859,9.896,2253450,0
20100729,10.001,10.09,9.789,9.965,1025094,0
20100730,10.083,10.39,9.949,10.33,1885846,0
20100802,10.4,10.78,10.4,10.709,3042445,0
20100803,10.647,10.701,10.55,10.621,2788185,0
20100804,10.638,10.743,10.524,10.664,692616,0
20100805,10.593,10.762,10.524,10.55,1045908,0
20100806,10.568,10.612,10.311,10.46,672471,0
20100809,10.408,10.496,10.283,10.436,435207,0
20100810,10.436,10.436,10.268,10.372,1144581,0
20100811,10.46,10.469,10.222,10.24,1753082,0
20100812,10.125,10.205,9.835,9.965,1352396,0
20100813,9.949,10.019,9.835,9.94,626189,0
20100816,9.958,9.993,9.753,9.949,438652,0
20100817,9.798,9.958,9.674,9.958,388388,0
20100818,9.825,10.001,9.78,9.94,308704,0
20100819,10.001,10.196,9.965,10.011,416365,0
20100820,10.143,10.179,9.958,10.116,956010,0
20100823,10.311,10.4,10.17,10.346,329129,0
20100824,10.152,10.33,9.825,9.896,508232,0
20100825,9.808,9.958,9.745,9.869,602461,0
20100826,10.036,10.055,9.816,9.949,246240,0
20100827,9.887,9.949,9.665,9.878,288122,0
20100831,9.841,10.196,9.71,10.196,664703,0
20100901,10.134,10.541,10.055,10.541,679937,0
20100902,10.515,10.533,10.408,10.478,448508,0
20100903,10.205,10.249,9.896,10.205,929027,0
20100906,10.259,10.577,10.259,10.533,479344,0
20100907,10.655,10.877,10.629,10.849,679515,0
20100908,11.066,11.147,10.869,11.147,804382,0
20100909,11.2,11.387,10.941,11.333,908795,0
20100910,11.092,11.342,11.092,11.333,491665,0
20100913,11.244,11.494,11.226,11.441,449062,0
20100914,11.414,11.414,11.28,11.333,413974,0
20100915,11.379,11.512,11.325,11.423,477584,0
20100916,11.351,11.45,11.262,11.397,1023988,0
20100917,11.494,11.601,11.272,11.272,936154,0
20100920,11.147,11.253,11.101,11.192,501983,0
20100921,11.154,11.244,11.066,11.109,1189718,0
20100922,11.057,11.057,10.78,10.78,240995,0
20100923,11.021,11.021,10.691,10.86,450429,0
20100924,10.825,11.003,10.654,11.003,607902,0
20100927,11.084,11.736,11.084,11.531,4157130,0
20100928,11.503,11.503,11.2,11.441,781710,0
20100929,11.325,11.387,11.235,11.333,671283,0
20100930,11.244,11.333,10.888,11.039,1364117,0
20101001,10.967,11.128,10.888,10.959,854806,0
20101004,11.039,11.147,11.021,11.021,877559,0
20101005,10.95,10.985,10.816,10.888,532367,0
20101006,10.851,11.387,10.851,11.351,2038221,0
20101007,11.45,11.567,11.28,11.387,1339693,0
20101008,11.414,11.414,11.173,11.226,821750,0
20101011,11.369,11.736,11.192,11.647,480677,0
20101012,11.423,11.736,11.423,11.638,961956,0
20101013,11.45,12.298,11.397,11.825,1524535,0
20101014,11.736,11.834,11.476,11.531,462664,0
20101015,11.567,11.709,11.503,11.601,469414,0
20101018,11.548,12.119,11.548,11.933,476490,0
20101019,12.164,12.414,11.958,12.209,1238477,0
20101020,12.217,12.272,11.985,12.111,583711,0
20101021,11.985,12.217,11.968,12.174,639451,0
20101022,12.191,12.54,12.156,12.37,598815,0
20101025,12.307,12.726,12.272,12.423,1197606,0
20101026,12.61,13.003,12.61,12.843,1034729,0
20101027,12.852,13.04,12.557,12.593,667107,0
20101028,12.763,12.799,12.378,12.433,721764,0
20101029,12.45,12.735,12.423,12.664,1066101,0
20101101,12.754,12.949,12.673,12.735,169656,0
20101102,12.601,12.601,12.343,12.549,471982,0
20101103,12.583,12.638,12.405,12.583,450269,0
20101104,12.682,12.754,12.575,12.7,148367,0
20101105,12.906,13.299,12.852,13.299,432483,0
20101108,13.415,13.862,13.343,13.504,911873,0
20101109,13.398,13.424,13.164,13.245,392279,0
20101110,13.291,13.486,13.022,13.227,999679,0
20101111,13.431,13.576,13.048,13.2,460112,0
20101112,13.093,13.291,12.923,13.21,336011,0
20101115,13.048,13.227,12.914,12.968,213131,0
20101116,12.977,13.21,12.745,12.789,382146,0
20101117,12.69,12.932,12.433,12.69,1251739,0
20101118,12.86,13.032,12.808,13.032,270483,0
20101119,12.914,13.45,12.914,12.941,1040037,0
20101122,13.227,13.227,12.843,13.04,340076,0
20101123,13.138,13.21,12.87,12.923,357112,0
20101124,12.977,12.977,11.745,12.638,2879445,0
20101125,12.682,13.022,12.656,12.977,752430,0
20101126,13.157,13.157,12.772,12.923,991348,0
20101129,13.352,13.424,13.182,13.182,994292,0
20101130,13.075,13.12,12.799,12.834,868576,0
20101201,12.789,13.013,12.638,12.932,793103,0
20101202,13.022,13.674,12.941,13.674,443634,0
20101203,13.513,13.585,13.227,13.398,409699,0
20101206,13.531,14.361,13.513,14.361,909243,0
20101207,14.423,15.032,14.282,14.45,1178312,0
20101208,14.541,14.585,14.291,14.585,422574,0
20101209,14.603,14.799,14.486,14.763,715112,0
20101210,14.709,14.807,14.611,14.736,802191,0
20101213,14.594,14.969,14.594,14.907,738853,0
20101214,14.763,14.88,14.611,14.611,408823,0
20101215,14.397,15.165,14.307,15.165,887585,0
20101216,15.228,15.764,14.407,14.692,1170465,0
20101217,14.7,14.88,14.432,14.88,1056234,0
20101220,14.924,15.398,14.745,15.246,333111,0
20101221,15.139,15.407,15.076,15.352,307965,0
20101222,15.254,15.531,15.21,15.335,192106,0
20101223,15.307,15.379,15.12,15.352,171818,0
20101224,15.272,15.612,15.165,15.254,16111,0
20101229,15.093,15.987,15.076,15.987,382965,0
20101230,15.728,15.799,15.505,15.648,246683,0
20101231,15.745,15.853,15.683,15.807,77751,0
20110104,15.773,16.023,15.656,15.835,756786,0
20110105,15.648,15.826,15.566,15.62,539435,0
20110106,15.692,15.755,15.317,15.317,757791,0
20110107,15.549,15.585,14.825,14.995,2637797,0
20110110,15.04,15.076,14.62,14.656,783949,0
20110111,14.648,14.924,14.388,14.924,1742893,0
20110112,14.853,15.21,14.825,15.04,767278,0
20110113,14.995,15.21,14.773,15.165,1907870,0
20110114,15.182,15.683,15.182,15.425,1935327,0
20110117,15.539,15.539,14.888,14.924,640076,0
20110118,15.05,15.05,14.585,14.709,1544095,0
20110119,14.682,14.736,14.514,14.532,760258,0
20110120,14.585,14.585,13.79,13.825,1399472,0
20110121,13.79,14.407,13.745,13.932,2858758,0
20110124,13.968,13.968,13.674,13.754,344056,0
20110125,13.638,13.666,13.093,13.415,321991,0
20110126,13.407,13.878,13.407,13.878,1344915,0
20110127,13.835,14.173,13.835,13.995,565922,0
20110128,14.129,14.334,13.906,14.182,737581,0
20110131,14.075,14.121,13.844,14.048,500386,0
20110201,13.932,14.094,13.773,13.95,352462,0
20110202,14.066,14.272,13.825,13.977,283760,0
20110203,14.084,14.45,13.906,14.37,247602,0
20110204,14.307,14.495,14.147,14.244,269283,0
20110207,14.334,14.477,14.182,14.407,1227962,0
20110208,14.244,14.307,13.781,13.986,718545,0
20110209,14.103,14.343,13.968,14.343,4555895,0
20110210,14.557,14.629,13.727,13.835,561376,0
20110211,13.835,13.862,13.61,13.666,304510,0
20110214,13.986,13.986,13.557,13.764,320372,0
20110215,13.657,13.798,13.531,13.718,339702,0
20110216,13.699,13.736,13.299,13.496,512323,0
20110217,13.576,14.103,13.431,13.906,710798,0
20110218,13.986,14.291,13.87,14.291,1653435,0
20110221,14.416,14.495,14.066,14.165,562309,0
20110222,14.182,14.21,13.683,13.916,2142385,0
20110223,13.897,13.95,13.459,13.468,333955,0
20110224,13.45,13.602,13.325,13.557,464961,0
20110225,13.531,13.647,13.496,13.594,712473,0
20110228,13.674,13.968,13.513,13.844,550240,0
20110301,14.111,14.173,13.629,13.816,1309653,0
20110302,13.566,13.61,13.407,13.44,982672,0
20110303,13.307,13.549,13.307,13.424,804592,0
20110304,13.316,13.54,13.066,13.075,346898,0
20110307,12.949,13.066,12.719,13.022,462293,0
20110308,13.022,13.431,13.022,13.316,981861,0
20110309,13.307,13.942,13.307,13.773,1296212,0
20110310,13.764,13.764,13.325,13.325,682820,0
20110311,13.263,13.45,13.173,13.388,595149,0
20110314,13.352,13.629,13.272,13.431,374234,0
20110315,13.343,13.468,12.968,12.977,776698,0
20110316,13.272,13.272,12.949,13.075,735887,0
20110317,12.986,13.12,12.843,12.959,614600,0
20110318,12.932,13.87,12.932,13.388,1073811,0
20110321,13.272,13.272,13.032,13.182,343947,0
20110322,13.272,13.325,12.986,13.191,441719,0
20110323,13.066,13.299,13.048,13.291,466573,0
20110324,13.129,13.219,12.977,13.219,676507,0
20110325,13.325,13.407,13.12,13.245,403285,0
20110328,13.182,13.307,13.084,13.263,266492,0
20110329,13.245,13.245,13.04,13.2,336708,0
20110330,13.431,13.459,13.245,13.334,287431,0
20110331,13.352,13.36,13.057,13.102,359625,0
20110401,13.129,13.431,12.994,13.263,578940,0
20110404,13.157,13.44,13.157,13.44,412181,0
20110405,13.496,13.549,13.415,13.549,338651,0
20110406,13.431,14.129,13.415,13.745,584022,0
20110407,13.764,13.959,13.513,13.549,357471,0
20110408,13.415,13.585,13.415,13.496,280930,0
20110411,13.513,13.862,13.468,13.709,762888,0
20110412,13.61,13.61,13.2,13.272,343730,0
20110413,13.368,13.44,13.052,13.206,805084,0
20110414,13.134,13.323,13.07,13.279,326846,0
20110415,13.296,14.019,13.296,13.937,1345715,0
20110418,14.217,14.272,13.541,13.775,602147,0
20110419,13.685,14.054,13.649,14.019,703577,0
20110420,13.991,14.235,13.964,14.054,421884,0
20110421,14.091,14.433,13.902,14.389,358932,0
20110426,14.1,14.282,14.1,14.253,202229,0
20110427,14.227,14.507,14.127,14.497,957617,0
20110428,14.578,14.696,14.316,14.696,575247,0
20110503,14.525,14.543,14.381,14.543,345641,0
20110504,14.578,14.66,14.398,14.461,482085,0
20110505,14.759,14.759,14.109,14.154,394465,0
20110506,14.316,14.316,13.692,13.991,657383,0
20110509,13.937,14.063,13.865,13.928,317387,0
20110510,13.892,14.164,13.801,14.136,325682,0
20110511,14.316,15.364,14.316,15.248,886209,0
20110512,15.003,15.256,14.905,14.949,401665,0
20110513,15.211,15.301,14.905,14.994,769895,0
20110516,14.831,14.949,14.443,14.788,612394,0
20110517,14.733,14.93,14.597,14.607,202499,0
20110518,14.543,14.578,14.263,14.298,660295,0
20110519,14.371,14.741,14.263,14.677,367622,0
20110520,14.804,14.977,14.804,14.84,314302,0
20110523,14.895,14.895,14.307,14.516,284614,0
20110524,14.687,14.687,14.452,14.561,188118,0
20110525,14.643,14.788,14.479,14.677,191242,0
20110526,14.868,15.031,14.823,14.922,111571,0
20110527,15.085,15.085,14.868,14.994,174254,0
20110531,14.714,15.149,14.561,15.12,395273,0
20110601,15.158,15.31,14.93,15.248,423749,0
20110602,15.103,15.239,14.968,15.021,639428,0
20110603,15.04,15.04,14.633,14.912,155048,0
20110606,14.85,15.057,14.778,15.04,343146,0
20110607,14.958,15.031,14.93,14.968,268219,0
20110608,15.04,15.04,14.75,14.75,491056,0
20110609,14.769,15.103,14.769,15.021,334502,0
20110610,15.012,15.031,14.669,14.778,362121,0
20110613,14.66,14.868,14.66,14.724,121559,0
20110614,14.804,15.158,14.687,14.994,173346,0
20110615,15.211,15.211,14.433,14.443,493835,0
20110616,14.633,14.633,14.001,14.063,688162,0
20110617,13.902,13.902,13.269,13.685,1070937,0
20110620,13.711,13.711,13.423,13.576,420658,0
20110621,13.549,13.793,13.368,13.738,237859,0
20110622,13.675,13.767,13.549,13.586,343587,0
20110623,13.829,13.829,13.396,13.468,234546,0
20110624,13.541,13.82,13.016,13.07,479432,0
20110627,12.988,13.125,12.926,12.952,233386,0
20110628,13.016,13.692,12.835,13.595,500909,0
20110629,13.549,13.902,13.414,13.767,231873,0
20110630,13.793,14.643,13.793,14.643,797819,0
20110701,14.525,15.364,14.209,15.338,692830,0
20110704,15.256,15.364,14.886,15.021,389677,0
20110705,15.049,15.049,14.461,14.569,825145,0
20110706,14.669,14.994,14.479,14.994,562536,0
20110707,14.994,15.355,14.85,14.922,382941,0
20110708,15.211,15.274,15.012,15.183,571581,0
20110711,15.265,15.355,14.696,14.93,548011,0
20110712,15.021,15.201,14.733,14.939,641247,0
20110713,14.93,15.093,14.813,15.049,511319,0
20110714,15.149,15.69,14.986,15.528,333056,0
20110715,15.401,15.553,15.329,15.41,235854,0
20110718,15.338,15.392,14.994,15.021,274673,0
20110719,14.886,15.093,14.479,14.643,365643,0
20110720,14.741,14.741,13.522,14.127,1321626,0
20110721,14.045,14.1,13.702,13.702,1024320,0
20110722,13.848,14.127,13.477,13.668,731266,0
20110725,13.603,13.711,13.567,13.586,395373,0
20110726,13.675,13.793,13.504,13.558,955811,0
20110727,13.64,13.757,13.368,13.387,1126469,0
20110728,13.305,13.558,13.162,13.26,938569,0
20110729,13.143,13.178,12.8,13.016,712739,0
20110801,13.279,13.377,12.952,12.971,706006,0
20110802,13.079,13.206,12.754,12.754,1610828,0
20110803,12.709,12.709,12.267,12.402,601828,0
20110804,12.529,12.745,11.3,11.344,901023,0
20110805,11.2,11.3,10.171,10.777,1025481,0
20110808,10.857,11.091,10.082,10.082,1098561,0
20110809,10,10.505,9.448,10.424,1873173,0
20110810,10.785,11.924,10.758,11.011,1781337,0
20110811,11.2,11.344,10.795,11.282,1469336,0
20110812,11.336,11.986,11.002,11.644,780966,0
20110815,11.733,11.833,11.463,11.67,397801,0
20110816,11.653,11.653,11.192,11.426,585644,0
20110817,11.39,11.526,11.218,11.218,440654,0
20110818,11.218,11.264,10.125,10.181,1675036,0
20110819,10.198,10.452,9.3406,9.892,1390154,0
20110822,9.71,10.234,9.646,9.981,627110,0
20110823,9.972,10.098,9.755,9.873,601636,0
20110824,9.844,10.234,9.719,9.918,593612,0
20110825,10.116,10.334,9.981,10.162,450319,0
20110826,10.144,10.144,9.629,9.962,450956,0
20110830,10.342,10.911,10.234,10.911,543987,0
20110831,10.785,11.535,10.46,11.517,841267,0
20110901,11.589,11.859,11.517,11.859,770827,0
20110902,11.914,12.031,11.454,11.571,934341,0
20110905,11.679,11.679,10.297,10.342,935694,0
20110906,10.515,10.667,10.278,10.405,645662,0
20110907,10.711,10.93,10.447,10.756,501763,0
20110908,11.196,11.196,10.821,10.93,443369,0
20110909,10.994,11.36,10.703,10.703,607611,0
20110912,10.793,10.793,9.988,10.289,616083,0
20110913,10.208,10.208,9.933,10.015,438183,0
20110914,10.162,10.4,10.023,10.162,729590,0
20110915,10.371,10.582,10.023,10.49,936997,0
20110916,10.6,10.866,10.418,10.628,613806,0
20110919,10.766,10.766,10.071,10.235,843299,0
20110920,10.106,10.244,9.705,9.705,835474,0
20110921,9.667,10.235,9.667,9.777,692204,0
20110922,9.815,9.833,9.0367,9.3746,1155889,0
20110923,9.2928,9.3561,8.8446,9.1009,430473,0
20110926,9.0002,9.585,8.9544,9.1827,500886,0
20110927,9.4302,10.693,9.4302,10.4,901521,0
20110928,10.279,10.711,10.097,10.381,415031,0
20110929,10.447,10.5,10.097,10.189,259729,0
20110930,10.519,10.664,10.162,10.49,753480,0
20111003,10.144,10.189,9.815,10.152,486924,0
20111004,10.071,10.308,9.667,9.768,751001,0
20111005,9.969,10.427,9.806,10.189,391216,0
20111006,10.279,11.158,10.279,10.984,617223,0
20111007,11.296,11.836,11.013,11.827,874911,0
20111010,11.387,11.625,9.988,10.455,1366159,0
20111011,10.481,10.994,10.418,10.93,732701,0
20111012,10.821,11.24,10.582,11.076,342536,0
20111013,11.003,11.269,10.784,11.04,567395,0
20111014,10.847,11.433,10.821,11.397,370000,0
20111017,11.635,12,11.451,11.654,540070,0
20111018,11.596,11.725,11.158,11.443,368103,0
20111019,11.379,11.606,11.305,11.553,289123,0
20111020,11.506,11.589,11.168,11.25,554814,0
20111021,11.214,11.654,11.214,11.406,499515,0
20111024,11.506,12,11.131,11.963,266838,0
20111025,12.458,12.485,11.515,12.458,655258,0
20111026,12.219,12.448,11.944,12.101,483405,0
20111027,11.937,12.493,11.635,12.384,561723,0
20111028,12.704,13.025,12.448,12.75,387242,0
20111031,12.997,13.042,12.493,12.677,421588,0
20111101,12.723,12.723,11.187,11.341,1992098,0
20111102,11.196,11.635,10.894,11.112,815840,0
20111103,10.784,11.177,10.638,10.976,803991,0
20111104,11.158,11.315,9.513,10.462,1539214,0
20111107,10.198,10.6,10.033,10.198,642335,0
20111108,10.062,10.5,10.062,10.39,926379,0
20111109,10.793,10.793,10.125,10.308,759251,0
20111110,10.172,10.481,10.081,10.172,1427478,0
20111111,10.062,10.481,10.062,10.437,331871,0
20111114,10.519,10.6,10.115,10.354,279742,0
20111115,10.273,10.427,10.033,10.097,668068,0
20111116,10.125,10.279,9.969,10.071,368392,0
20111117,9.998,10.088,9.714,9.741,397087,0
20111118,9.549,9.705,9.2378,9.4569,455317,0
20111121,9.3298,9.4569,8.8994,8.9909,1022379,0
20111122,9.0643,9.1735,8.7348,8.7439,526376,0
20111123,8.8172,8.8172,8.369,8.4332,1851340,0
20111124,8.5795,8.6252,8.1037,8.4878,655828,0
20111125,8.2411,8.5061,8.1128,8.2502,2616687,0
20111128,8.314,9.0458,8.314,9.0458,845886,0
20111129,9.2744,9.2744,8.7714,8.9818,549289,0
20111130,8.7624,9.585,8.68,9.4747,836190,0
20111201,9.4846,9.952,9.4846,9.815,869178,0
20111202,9.85,10.115,9.75,9.833,415125,0
20111205,9.859,10.902,9.859,10.902,2887231,0
20111206,10.856,11.104,10.462,10.554,1475153,0
20111207,10.664,11.013,10.5,10.703,825621,0
20111208,10.958,10.966,10.39,10.49,580581,0
20111209,10.254,10.354,9.677,9.84,2132322,0
20111212,10.062,10.062,9.2744,9.3396,1690073,0
20111213,9.449,9.503,9.0643,9.2832,1151769,0
20111214,9.2471,9.3834,8.9452,9.0183,906273,0
20111215,8.3872,8.68,7.9758,8.1404,5856363,0
20111216,8.1769,8.1769,7.93,7.9391,1090923,0
20111219,7.8202,7.93,7.6464,7.6555,745174,0
20111220,7.5641,8.1494,7.5641,8.1494,1036457,0
20111221,8.2135,8.5518,8.2043,8.4057,1760140,0
20111222,8.3049,8.6982,8.1037,8.1678,2055452,0
20111223,8.2411,8.2411,7.9758,8.2043,230878,0
20111228,8.1128,8.2135,8.0124,8.0673,213123,0
20111229,8.0124,8.0215,7.8569,7.9848,161319,0
20111230,8.1494,8.3781,8.1037,8.3781,105955,0
20120103,8.5335,9.119,8.3049,9.119,992771,0
20120104,9.1923,9.4025,8.9636,8.9727,623174,0
20120105,8.872,9.0091,8.497,8.5795,558613,0
20120106,8.4148,8.5611,7.8752,7.9758,1230812,0
20120109,8.0031,8.1404,7.7745,7.8111,863840,0
20120110,7.866,7.93,7.5733,7.5823,1051563,0
20120111,7.5457,7.6739,7.372,7.4086,1167372,0
20120112,7.2622,7.3262,7.1891,7.2715,1438798,0
20120113,7.4452,7.4635,7.0704,7.2622,788239,0
20120116,7.2622,7.2715,7.1434,7.2349,444063,0
20120117,7.2349,7.4635,7.2349,7.4635,953905,0
20120118,7.3812,7.9574,7.3262,7.9574,1153450,0
20120119,7.7927,9.2471,7.7927,8.8172,2217745,0
20120120,8.8446,9.201,8.7714,9.201,924223,0
20120123,9.055,9.1553,8.8994,9.0183,656795,0
20120124,8.9909,9.0367,8.7989,9.0367,855015,0
20120125,9.1649,9.3561,9.0733,9.2832,751884,0
20120126,9.1649,9.531,8.8537,9.3211,979745,0
20120127,9.2194,9.2647,9.0458,9.1285,375013,0
20120130,9.1923,9.1923,8.616,8.6525,669650,0
20120131,8.7714,9.0367,8.6617,8.872,369196,0
20120201,8.7714,9.1827,8.6982,8.9544,1209244,0
20120202,9.0183,9.503,8.9269,9.3936,1573217,0
20120203,9.4114,9.84,9.3561,9.777,1760455,0
20120206,9.731,9.859,9.4569,9.815,298304,0
20120207,9.741,9.741,9.4025,9.667,528563,0
20120208,9.631,9.815,9.631,9.768,1081897,0
20120209,9.768,9.85,9.731,9.75,216879,0
20120210,9.815,9.906,9.3936,9.585,600139,0
20120213,9.549,9.777,9.549,9.714,419579,0
20120214,9.649,9.815,9.3936,9.4668,246113,0
20120215,9.641,9.988,9.641,9.888,763393,0
20120216,9.806,9.969,9.539,9.859,390520,0
20120217,9.84,10.152,9.824,10.081,263880,0
20120220,10.015,10.354,10.015,10.289,199657,0
20120221,10.215,10.308,10.015,10.134,125737,0
20120222,10.081,10.225,10.052,10.144,156808,0
20120223,10.081,10.289,9.915,10.106,258173,0
20120224,10.097,10.097,9.85,9.888,298697,0
20120227,9.85,10.015,9.521,9.969,314302,0
20120228,9.942,10.062,9.75,9.998,518876,0
20120229,10.071,11.515,10.023,11.141,2199035,0
20120301,11.214,11.424,10.875,11.094,1417205,0
20120302,11.067,11.269,11.003,11.187,689253,0
20120305,11.222,11.515,11.076,11.424,702487,0
20120306,11.414,11.414,10.591,10.966,861082,0
20120307,10.902,11.24,10.746,11.15,667213,0
20120308,11.187,11.543,10.984,10.984,595030,0
20120309,10.939,11.341,10.885,11.059,423587,0
20120312,11.067,11.122,10.875,10.958,687525,0
20120313,11.158,11.596,11.158,11.478,448386,0
20120314,11.725,12.083,11.725,11.818,413070,0
20120315,11.698,11.852,11.36,11.852,463162,0
20120316,11.872,12.293,11.596,12.293,1036658,0
20120319,12.192,12.266,11.852,11.918,632010,0
20120320,11.909,11.909,11.689,11.845,313222,0
20120321,11.981,12.293,11.789,12.276,323111,0
20120322,12.247,12.421,11.278,11.332,1723828,0
20120323,11.305,11.406,11.085,11.25,670111,0
20120326,11.25,11.625,11.196,11.625,327828,0
20120327,11.781,11.928,11.68,11.872,561338,0
20120328,11.827,11.836,11.562,11.68,476117,0
20120329,11.68,11.981,11.625,11.698,330793,0
20120330,11.671,12.174,11.671,12.174,425175,0
20120402,12.237,12.366,11.909,12.348,619833,0
20120403,12.319,12.576,12.137,12.439,496992,0
20120404,12.594,12.806,12.01,12.137,515152,0
20120405,12.211,12.219,11.478,11.616,695953,0
20120410,11.644,11.763,11.141,11.15,532955,0
20120411,11.112,11.515,11.104,11.461,439995,0
20120412,11.196,11.596,11.168,11.515,747536,0
20120413,11.616,11.981,11.562,11.827,519434,0
20120416,11.745,11.836,11.168,11.214,523881,0
20120417,11.196,11.35,10.976,11.122,798608,0
20120418,11.512,11.865,11.392,11.578,1948688,0
20120419,11.764,11.782,11.503,11.587,526409,0
20120420,11.484,12.052,11.29,12.052,992086,0
20120423,12.007,12.052,11.354,11.82,734537,0
20120424,11.865,11.949,11.494,11.708,692049,0
20120425,11.764,12.331,11.755,12.248,494607,0
20120426,12.304,12.48,12.146,12.463,488357,0
20120427,12.294,12.75,12.257,12.694,429642,0
20120430,12.779,12.881,12.648,12.76,354674,0
20120501,12.639,12.75,12.443,12.676,300048,0
20120502,12.75,12.788,12.471,12.592,279118,0
20120503,12.648,13.123,12.359,12.434,293693,0
20120504,12.518,12.518,11.68,11.726,400399,0
20120508,11.913,12.08,11.038,11.121,516445,0
20120509,11.457,11.475,10.88,11.215,654749,0
20120510,11.326,11.895,11.261,11.829,567526,0
20120511,11.68,11.949,11.68,11.82,366266,0
20120514,11.987,12.109,11.661,11.736,474248,0
20120515,11.997,12.099,11.392,11.429,247838,0
20120516,11.205,11.718,11.001,11.457,578468,0
20120517,11.475,11.531,10.889,10.926,385498,0
20120518,10.805,11.084,10.62,10.628,696512,0
20120521,10.452,10.797,10.302,10.73,311324,0
20120522,10.936,11.066,10.777,10.973,314626,0
20120523,11.019,11.261,10.739,10.945,616882,0
20120524,11.038,11.178,10.973,10.991,378995,0
20120525,11.076,11.215,10.841,10.917,315074,0
20120528,11.076,11.215,10.954,10.991,91463,0
20120529,11.103,11.438,10.861,11.41,264096,0
20120530,11.419,11.605,11.215,11.298,221876,0
20120531,11.326,11.595,11.205,11.401,564378,0
20120601,11.354,11.55,11.168,11.168,716082,0
20120606,11.066,11.475,11.011,11.215,384050,0
20120607,11.224,11.82,11.066,11.634,1117106,0
20120608,11.661,11.829,11.242,11.829,278441,0
20120611,12.228,12.415,12.033,12.183,339956,0
20120612,12.155,12.155,11.541,11.595,400959,0
20120613,11.447,11.578,11.121,11.168,403391,0
20120614,11.121,11.354,11.001,11.158,376717,0
20120615,11.224,11.839,11.224,11.698,730993,0
20120618,11.949,12.071,11.634,11.811,232996,0
20120619,11.736,11.949,11.587,11.904,110703,0
20120620,11.949,12.723,11.811,12.723,349198,0
20120621,12.815,13.141,12.592,13.031,400908,0
20120622,12.909,13.057,12.639,12.648,165972,0
20120625,12.694,12.694,11.773,11.773,214551,0
20120626,11.885,12.117,11.746,11.811,143668,0
20120627,11.82,12.228,11.644,12.136,256441,0
20120628,12.248,12.267,11.718,11.764,260305,0
20120629,11.856,11.856,11.644,11.644,412602,0
20120702,11.718,11.933,11.578,11.856,780268,0
20120703,11.923,12.09,11.689,11.969,299504,0
20120704,12.136,12.174,11.875,12.08,76005,0
20120705,11.913,12.388,11.875,11.997,180218,0
20120706,12.277,12.443,12.146,12.267,225417,0
20120709,12.136,12.174,11.933,11.933,316757,0
20120710,11.959,12.518,11.746,12.341,570204,0
20120711,12.238,12.294,12.016,12.09,221610,0
20120712,12.033,12.08,11.624,11.746,213875,0
20120713,11.782,12.388,11.782,12.294,228712,0
20120716,12.359,12.396,12.09,12.35,204304,0
20120717,12.304,12.528,12.219,12.463,248246,0
20120718,12.582,12.741,12.508,12.555,373847,0
20120719,12.667,12.714,12.471,12.62,270220,0
20120720,12.731,12.76,12.322,12.471,210929,0
20120723,12.434,12.555,11.829,11.829,479738,0
20120724,12.528,12.955,12.117,12.909,992028,0
20120725,12.62,12.881,12.62,12.881,665256,0
20120726,12.769,13.133,12.471,13.113,480201,0
20120727,13.085,13.374,12.964,13.327,662687,0
20120730,13.523,14.147,13.495,14.109,622589,0
20120731,14.044,14.313,13.654,13.654,435215,0
20120801,13.615,13.905,13.605,13.793,450781,0
20120802,13.979,14.38,13.876,13.905,324481,0
20120803,13.737,14.296,13.718,14.044,951043,0
20120806,13.922,14.417,13.737,14.304,662457,0
20120807,14.482,14.751,14.287,14.528,163400,0
20120808,14.734,14.734,14.044,14.166,407542,0
20120809,14.38,14.519,14.091,14.183,318381,0
20120810,14.231,14.424,14.027,14.323,302564,0
20120813,14.408,14.771,14.287,14.434,386384,0
20120814,14.564,14.594,14.231,14.49,1228343,0
20120815,14.603,15.077,14.473,14.49,553032,0
20120816,14.408,14.564,14.137,14.37,299650,0
20120817,14.611,15.058,14.611,14.947,432447,0
20120820,15.002,15.002,14.686,14.835,359985,0
20120821,14.891,15.272,14.667,14.882,676144,0
20120822,14.873,14.891,14.304,14.51,396205,0
20120823,14.696,14.741,14.398,14.473,486481,0
20120824,14.574,14.631,14.044,14.044,309958,0
20120828,14.313,14.463,14.091,14.193,359001,0
20120829,14.36,14.659,14.017,14.183,455226,0
20120830,14.248,14.296,13.96,14.036,271531,0
20120831,14.044,14.304,13.801,14.156,541889,0
20120903,14.36,14.704,14.173,14.704,388866,0
20120904,15.058,15.058,14.771,14.854,309345,0
20120905,14.713,15.098,14.713,15.061,312559,0
20120906,14.74,14.977,14.535,14.873,346294,0
20120907,14.919,15.654,14.825,15.578,498441,0
20120910,15.598,15.974,15.419,15.719,465988,0
20120911,15.325,15.446,15.212,15.221,300150,0
20120912,15.344,15.504,15.212,15.362,726280,0
20120913,15.465,15.475,15.24,15.362,224462,0
20120914,15.465,15.955,15.446,15.446,659933,0
20120917,15.409,15.673,15.381,15.419,398654,0
20120918,15.578,15.578,15.277,15.325,478635,0
20120919,15.371,15.4,14.816,14.977,524799,0
20120920,15.221,15.221,14.77,14.902,569827,0
20120921,14.948,15.268,14.666,14.986,887795,0
20120924,14.968,15.344,14.873,14.986,361906,0
20120925,14.873,15.014,14.618,14.723,449530,0
20120926,14.703,14.789,14.356,14.487,325915,0
20120927,14.78,14.958,14.525,14.733,208130,0
20120928,14.982,14.982,14.364,14.544,372533,0
20121001,14.459,14.77,14.327,14.571,349351,0
20121002,14.393,15.034,14.393,14.835,684410,0
20121003,14.657,14.77,14.506,14.657,790342,0
20121004,14.703,15.305,14.675,15.089,862117,0
20121005,15.221,15.221,14.958,15.07,428576,0
20121008,14.912,15.089,14.74,14.75,205994,0
20121009,15.192,15.192,14.855,15.042,177904,0
20121010,15.024,15.286,15.024,15.108,506391,0
20121011,15.014,15.25,15.014,15.089,165007,0
20121012,15.174,15.362,14.995,15.24,318542,0
20121015,15.24,15.391,15.117,15.277,231054,0
20121016,15.335,15.419,15.147,15.325,474577,0
20121017,15.419,15.945,15.381,15.777,2300117,0
20121018,15.804,16.406,15.804,16.274,2165079,0
20121019,16.237,16.688,16.049,16.453,2746610,0
20121022,16.425,16.51,16.266,16.36,432815,0
20121023,16.453,16.698,16.077,16.36,668469,0
20121024,16.688,16.754,16.199,16.444,1240215,0
20121025,16.52,16.83,16.425,16.688,787693,0
20121026,16.623,16.651,16.425,16.444,361425,0
20121029,16.237,16.746,16.237,16.679,731631,0
20121030,16.848,16.848,16.472,16.642,456613,0
20121031,16.529,16.848,16.472,16.782,384448,0
20121101,16.754,17.846,16.415,17.808,3067674,0
20121102,17.817,18.222,17.78,18.023,590611,0
20121105,18.137,18.364,17.629,17.752,776506,0
20121106,17.686,17.883,17.582,17.621,459875,0
20121107,17.855,18.09,17.338,17.563,489768,0
20121108,17.798,17.827,17.536,17.582,386143,0
20121109,17.536,17.93,17.403,17.798,563711,0
20121112,17.789,17.865,17.507,17.638,353408,0
20121113,17.638,17.76,17.358,17.648,539407,0
20121114,17.469,17.469,16.868,16.868,486635,0
20121115,16.792,16.811,16.547,16.708,295546,0
20121116,16.811,17.102,16.529,16.604,787568,0
20121119,16.633,16.905,16.557,16.83,349226,0
20121120,16.642,16.905,16.51,16.754,319925,0
20121121,16.66,16.754,16.434,16.557,230109,0
20121122,16.491,16.538,16.256,16.388,520374,0
20121123,16.303,16.369,16.189,16.237,171260,0
20121126,16.134,16.303,15.964,16.134,844654,0
20121127,16.274,16.351,16.134,16.341,393736,0
20121128,16.312,16.425,16.237,16.36,701735,0
20121129,16.425,16.698,16.406,16.698,520964,0
20121130,16.721,16.881,16.36,16.453,896471,0
20121203,16.538,16.746,16.434,16.5,224434,0
20121204,16.453,16.557,16.321,16.351,133104,0
20121205,16.415,16.83,16.341,16.792,319347,0
20121206,17.046,17.432,17.009,17.384,287879,0
20121207,17.375,17.441,17.205,17.348,224153,0
20121210,17.215,17.375,17.102,17.215,260079,0
20121211,17.036,17.855,16.924,17.545,354282,0
20121212,17.46,17.959,17.46,17.827,530596,0
20121213,17.875,17.949,17.752,17.836,428238,0
20121214,17.705,17.855,17.676,17.742,256822,0
20121217,17.752,17.921,17.742,17.827,166249,0
20121218,17.733,17.921,17.676,17.817,468830,0
20121219,17.817,18.062,17.76,17.836,1550643,0
20121220,17.724,18.033,17.695,18.005,259425,0
20121221,18.1,18.212,17.479,18.212,719701,0
20121224,18.043,18.147,17.836,17.836,40511,0
20121227,17.563,17.94,17.375,17.554,132372,0
20121228,17.686,17.836,17.469,17.638,77740,0
20121231,17.594,17.689,17.5,17.641,67061,0
20130102,17.902,18.39,17.892,18.081,308404,0
20130103,18.09,18.562,18.09,18.4,262147,0
20130104,18.457,18.899,18.457,18.899,301971,0
20130107,19.003,19.624,18.919,19.455,1033723,0
20130108,19.37,19.52,18.721,18.815,346243,0
20130109,18.645,18.758,18.486,18.683,442745,0
20130110,18.635,18.711,18.297,18.419,330895,0
20130111,18.203,18.39,18.023,18.155,559529,0
20130114,18.11,18.457,17.997,18.081,205698,0
20130115,18.053,18.382,17.921,18.071,616653,0
20130116,18.062,18.062,17.648,17.78,440967,0
20130117,17.666,18.354,17.592,18.203,704582,0
20130118,18.364,19.098,18.364,18.645,549521,0
20130121,18.834,19.04,18.467,18.984,254880,0
20130122,19.088,19.294,18.815,19.003,228503,0
20130123,18.965,19.003,18.504,18.824,192196,0
20130124,18.844,19.059,18.645,18.994,233241,0
20130125,18.824,19.172,18.701,19.143,302005,0
20130128,19.182,19.323,18.382,18.645,446251,0
20130129,18.626,18.673,18.259,18.457,1212701,0
20130130,18.457,18.467,18.268,18.439,308655,0
20130131,18.534,18.895,18.458,18.601,460714,0
20130201,18.288,19.192,18.185,19.098,393805,0
20130204,19.323,19.756,18.919,18.928,451193,0
20130205,18.741,18.928,18.588,18.806,257869,0
20130206,18.766,19.192,18.635,18.766,233007,0
20130207,18.994,19.088,18.374,18.39,230406,0
20130208,18.522,18.862,18.522,18.766,211294,0
20130211,18.626,18.635,18.374,18.512,90458,0
20130212,18.512,19.022,18.39,19.022,154138,0
20130213,18.776,19.416,18.741,19.182,369057,0
20130214,19.361,19.406,18.834,18.955,188779,0
20130215,19.163,19.163,18.419,18.862,184944,0
20130218,18.786,19.022,18.673,18.796,216374,0
20130219,18.664,19.238,18.542,19.21,177602,0
20130220,19.143,19.351,19.059,19.2,164878,0
20130221,19.52,19.52,18.4,18.909,246888,0
20130222,18.955,19.276,18.955,19.116,157475,0
20130225,18.852,19.351,18.683,18.844,251739,0
20130226,19.04,19.04,18.11,18.512,177780,0
20130227,18.532,18.598,18.043,18.212,606862,0
20130228,18.183,18.448,18.003,18.088,1173794,0
20130301,17.965,18.24,17.574,17.708,492591,0
20130304,17.875,17.883,17.393,17.602,616541,0
20130305,17.679,18.554,17.5,18.296,941746,0
20130306,18.76,21.423,18.554,21.346,1107025,0
20130307,21.127,21.423,20.568,21.242,976314,0
20130308,21.033,21.869,21.033,21.659,1115944,0
20130311,21.816,21.816,20.62,20.733,714269,0
20130312,20.678,21.213,20.678,20.819,390960,0
20130313,20.649,20.743,20.198,20.489,651703,0
20130314,21.11,21.26,20.526,20.789,338824,0
20130315,20.814,21.004,20.482,20.518,851056,0
20130318,20.471,21.223,20.329,21.166,572512,0
20130319,21.394,21.526,21.137,21.146,242497,0
20130320,21.232,21.413,20.89,21.223,314900,0
20130321,21.242,21.575,20.587,21.118,237006,0
20130322,20.662,21.052,20.558,20.719,279756,0
20130325,21.033,21.717,20.682,21.271,1036736,0
20130327,21.232,24.7,21.185,22.04,14076,0
20130328,22.42,22.516,21.279,21.289,2306,0
20130402,21.09,21.09,20.899,20.899,1789,0
20130403,22.41,22.41,21.375,21.375,438,0
20130404,21.754,22.316,21.754,22.316,71,0
20130405,21.849,22.506,20.424,20.454,2101,0
20130408,20.88,20.899,19.951,20.899,1920,0
20130409,20.852,20.852,20.852,20.852,10,0
20130410,20.852,20.852,20.852,20.852,30,0
20130411,20.804,20.804,20.804,20.804,10,0
20130412,20.719,20.719,20.709,20.709,264,0
20130417,20.473,20.709,20.473,20.709,214,0
20130419,20.709,20.709,20.424,20.709,84,0
20130422,20.092,21.137,20.092,21.137,360,0
20130423,21.279,21.375,21.279,21.375,298,0
20130424,21.754,21.849,21.754,21.849,41,0
20130425,21.849,23.655,21.849,23.655,1038,0
20130426,24.129,24.129,22.42,23.275,139,0
20130429,22.609,22.609,22.609,22.609,25,0
20130502,23.275,23.275,23.275,23.275,10,0
20130506,23.275,23.275,22.895,22.895,116,0
20130507,23.465,23.465,23.465,23.465,10,0
20130508,23.465,23.465,22.8,22.8,111,0
20130509,22.372,22.8,22.372,22.8,253,0
20130510,22.79,22.79,22.79,22.79,2,0
20130513,23.266,23.266,23.266,23.266,10,0
20130514,23.275,23.275,23.275,23.275,10,0
20130515,23.275,23.275,23.275,23.275,20,0
20130516,23.275,23.275,22.42,23.275,72,0
20130517,23.284,23.284,22.895,22.895,301,0
20130520,23.275,24.025,22.372,24.025,461,0
20130521,24.225,25.033,23.465,25.033,1222,0
20130522,24.7,24.7,24.7,24.7,106,0
20130523,24.7,24.7,23.179,24.225,177,0
20130528,23.275,23.275,23.275,23.275,29,0
20130529,24.225,24.7,23.275,24.7,298,0
20130531,24.697,24.697,24.697,24.697,1,0
20130604,23.655,23.655,23.655,23.655,27,0
20130606,23.749,23.749,23.749,23.749,10,0
20130607,23.749,23.749,23.749,23.749,158,0
20130610,24.178,24.178,24.178,24.178,5,0
20130611,24.129,24.129,22.705,22.705,74,0
20130612,22.705,23.749,22.705,23.749,30,0
20130613,22.372,23.369,22.326,23.369,137,0
20130614,23.369,23.369,23.369,23.369,5,0
20130617,23.369,23.369,22.336,22.336,52,0
20130618,23.085,23.085,23.085,23.085,10,0
20130619,23.085,23.085,22.8,23.085,173,0
20130620,23.085,23.749,23.085,23.749,169,0
20130621,22.904,24.109,22.705,22.81,1774,0
20130624,22.8,22.8,22.135,22.135,111,0
20130625,22.657,22.838,22.657,22.838,1025,0
20130626,23.465,24.7,23.465,24.225,1314,0
20130627,24.064,24.129,24.064,24.129,8,0
20130628,23.958,23.958,23.958,23.958,42,0
20130701,23.853,24.7,23.853,24.7,90,0
20130702,24.7,24.7,24.7,24.7,15,0
20130703,24.362,25.654,24.324,25.654,131,0
20130704,25.24,25.24,24.367,25.175,137,0
20130705,25.175,25.175,25.175,25.175,4,0
20130708,25.175,25.175,25.137,25.175,12,0
20130709,25.175,25.175,24.889,24.889,10,0
20130710,24.889,24.889,24.339,24.889,131,0
20130711,24.899,25.46,24.899,25.46,442,0
20130712,25.231,25.726,25.175,25.726,965,0
20130715,25.175,25.726,25.175,25.726,18,0
20130717,25.175,25.749,25.175,25.749,7,0
20130718,25.934,26.79,25.934,26.79,676,0
20130719,26.79,26.79,26.03,26.41,300,0
20130722,25.203,26.03,25.203,26.03,27,0
20130723,25.175,26.03,25.175,26.03,6,0
20130724,26.03,26.313,26.03,26.313,19,0
20130725,25.651,25.84,25.651,25.84,6,0
20130726,25.574,26.504,25.412,26.504,64,0
20130729,25.574,26.79,25.574,26.79,1441,0
20130730,27.264,30.779,27.264,30.779,1495,0
20130731,30.779,30.779,29.992,30.219,125,0
20130801,30.307,30.307,29.438,30.307,1389,0
20130802,30.305,30.305,30.305,30.305,10,0
20130805,30.398,31.387,30.125,31.35,859,0
20130806,31.263,31.263,30.184,30.872,111,0
20130807,29.762,30.21,29.402,30.21,459,0
20130808,29.868,29.868,28.309,29.26,341,0
20130809,28.499,29.252,28.499,28.499,73,0
20130812,29.252,29.252,29.252,29.252,5,0
20130813,28.272,29.252,28.272,29.252,386,0
20130814,28.643,28.927,28.643,28.927,143,0
20130816,28.026,28.689,27.835,28.689,421,0
20130819,28.927,28.927,28.927,28.927,10,0
20130821,27.759,28.585,27.749,28.585,54,0
20130822,28.88,28.88,28.88,28.88,1,0
20130823,28.921,28.921,28.921,28.921,11,0
20130826,28.88,28.88,28.88,28.88,41,0
20130828,27.558,28.775,27.558,28.775,42,0
20130829,28.861,28.861,28.861,28.861,1,0
20130902,28.841,29.222,28.831,29.222,114,0
20130903,29.218,29.829,29.218,29.829,239,0
20130904,30.584,30.584,29.265,30.584,507,0
20130905,31.063,31.063,31.063,31.063,31,0
20130906,31.063,31.063,31.063,31.063,4,0
20130909,31.053,32.018,30.67,32.018,225,0
20130910,31.378,32.018,31.378,32.018,242,0
20130911,31.445,31.54,30.68,31.54,113,0
20130912,31.245,31.245,30.107,30.107,322,0
20130913,30.107,30.107,29.352,30.107,69,0
20130916,30.107,30.584,30.107,30.584,59,0
20130917,29.629,29.629,29.294,29.629,122,0
20130918,29.265,30.872,29.265,30.872,241,0
20130919,30.872,32.018,30.872,32.018,368,0
20130920,31.54,31.732,31.54,31.732,26,0
20130923,30.566,31.732,30.127,30.584,880,0
20130924,29.993,30.584,29.944,30.584,22,0
20130925,29.849,30.584,29.849,30.584,466,0
20130926,29.944,30.584,29.265,30.584,261,0
20130927,29.944,30.097,28.673,30.097,684,0
20130930,29.667,30.097,28.865,30.097,477,0
20131001,30.097,30.097,30.097,30.097,106,0
20131003,29.343,30.097,29.343,30.097,27,0
20131004,28.769,28.769,28.769,28.769,53,0
20131007,29.906,30.097,29.906,30.097,2,0
20131008,29.829,30.097,29.829,30.097,90,0
20131011,30.097,30.097,28.788,30.097,570,0
20131014,29.486,30.088,29.486,30.088,27,0
20131015,30.097,30.584,29.839,30.584,332,0
20131017,30.584,32.018,30.584,32.018,400,0
20131018,31.063,31.913,31.063,31.913,64,0
20131022,31.54,31.913,31.54,31.913,19,0
20131023,31.54,31.54,28.702,29.638,2524,0
20131024,30.117,30.117,30.107,30.107,127,0
20131028,31.101,31.101,30.202,31.063,7,0
20131029,31.101,31.101,31.101,31.101,41,0
20131030,30.202,30.202,28.749,29.056,2030,0
20131031,28.673,28.673,27.966,28.617,277,0
20131104,27.946,28.617,27.946,28.617,220,0
20131105,28.617,28.617,28.617,28.617,24,0
20131106,28.386,28.663,28.386,28.663,13,0
20131107,27.727,28.663,27.727,28.663,33,0
20131108,27.727,28.663,27.727,28.663,48,0
20131112,28.625,28.663,28.09,28.09,972,0
20131113,28.1,28.1,27.574,27.574,443,0
20131114,27.574,27.717,27.574,27.717,11,0
20131118,27.908,27.908,27.908,27.908,1,0
20131119,27.908,27.908,27.908,27.908,10,0
20131120,27.908,29.056,27.889,29.056,348,0
20131121,29.093,29.093,29.056,29.056,129,0
20131122,28.731,29.056,28.731,29.056,5,0
20131125,28.711,28.711,28.195,28.195,35,0
20131126,28.214,28.214,27.918,27.918,336,0
20131127,28.74,28.769,28.74,28.769,11,0
20131128,28.663,28.769,28.663,28.769,16,0
20131202,29.046,29.046,28.663,28.97,16,0
20131203,28.865,28.865,27.812,27.812,219,0
20131204,27.812,28.195,27.812,28.195,13,0
20131206,28.291,28.291,28.291,28.291,4,0
20131209,27.727,28.3,27.727,28.3,215,0
20131210,27.727,28.291,27.727,28.291,79,0
20131211,28.291,28.663,27.822,28.119,204,0
20131212,28.663,28.663,27.812,27.812,381,0
20131213,27.717,27.717,27.717,27.717,53,0
20131216,28.004,28.004,28.004,28.004,20,0
20131217,28.138,28.138,28.138,28.138,226,0
20131218,28.148,29.151,28.148,29.151,520,0
20131219,28.778,28.778,28.778,28.778,43,0
20131220,28.788,30.01,28.74,30.01,212,0
20131223,29.515,29.515,29.515,29.515,4,0
20131227,29.515,29.515,25.089,26.667,1831,0
20131230,25.232,25.664,25.232,25.664,604,0
20140102,24.563,25.777,24.563,25.777,335,0
20140103,26.093,26.762,25.671,26.762,1120,0
20140107,25.93,26.093,25.634,26.093,472,0
20140108,25.499,25.499,23.703,24.85,711,0
20140109,24.697,25.299,24.659,25.299,170,0
20140110,25.069,25.281,24.85,25.281,828,0
20140113,24.85,26.284,24.85,26.284,267,0
20140114,25.327,25.327,24.62,25.089,1316,0
20140115,25.261,25.567,25.261,25.567,4,0
20140116,25.308,25.308,24.707,24.707,14,0
20140117,24.42,25.003,24.42,24.859,1313,0
20140120,25.013,25.042,24.85,25.042,10,0
20140121,24.697,25.042,24.697,25.042,10,0
20140122,23.914,25.032,23.914,25.032,15,0
20140123,23.914,24.84,23.895,24.84,273,0
20140124,23.98,24.372,23.446,24.372,130,0
20140127,23.703,24.086,23.416,24.086,733,0
20140128,23.416,24.086,23.416,24.086,117,0
20140129,24.324,24.372,23.895,24.372,891,0
20140130,23.885,23.99,23.416,23.99,201,0
20140131,24.113,24.277,23.846,24.277,20,0
20140203,23.416,24.563,23.416,24.563,7,0
20140204,23.464,23.464,22.461,22.939,956,0
20140205,22.747,23.368,22.461,23.368,1780,0
20140206,23.416,24.258,23.416,24.258,587,0
20140207,24.258,24.372,24.258,24.372,30,0
20140210,24.372,24.372,23.895,24.277,51,0
20140211,24.277,24.277,23.895,23.895,211,0
20140212,23.895,24.372,23.895,24.372,214,0
20140213,24.381,24.85,24.123,24.85,42,0
20140214,24.85,24.85,24.85,24.85,4,0
20140217,24.85,25.042,24.85,25.042,223,0
20140218,25.042,25.042,24.688,24.85,903,0
20140219,25.614,25.614,24.563,25.614,1746,0
20140221,23.895,25.442,23.895,25.204,553,0
20140224,24.582,24.831,24.086,24.831,613,0
20140225,24.831,24.831,24.831,24.831,145,0
20140226,25.595,26.714,25.519,25.519,1314,0
20140227,26.56,26.58,26.418,26.418,30,0
20140228,25.939,25.939,25.614,25.805,198,0
20140303,25.71,25.71,24.859,24.859,256,0
20140304,24.85,25.805,24.85,25.805,284,0
20140305,25.835,26.762,25.835,26.762,585,0
20140306,26.762,26.762,25.805,26.57,340,0
20140307,26.57,26.57,26.57,26.57,4,0
20140310,26.543,26.543,25.69,26.475,220,0
20140311,26.475,26.475,26.475,26.475,2,0
20140312,26.456,26.456,26.456,26.456,2,0
20140313,25.987,25.987,25.987,25.987,2,0
20140317,25.777,25.777,25.194,25.194,6,0
20140318,25.281,25.281,24.659,24.85,2036,0
20140319,24.84,24.84,24.381,24.381,27,0
20140320,25.108,25.108,25.108,25.108,4,0
20140324,24.85,25.108,24.592,25.108,265,0
20140325,25.099,25.281,24.859,25.281,111,0
20140326,25.281,25.281,25.281,25.281,45,0
20140327,25.281,25.281,25.281,25.281,2,0
20140328,25.281,25.281,24.85,24.85,246,0
20140331,25.194,25.194,24.764,24.764,6,0
20140401,25.099,25.423,24.793,25.423,111,0
20140402,25.805,25.805,25.805,25.805,5,0
20140403,25.796,25.805,25.585,25.805,205,0
20140404,25.805,26.762,25.805,26.762,219,0
20140407,26.618,27.096,26.618,27.096,908,0
20140408,25.805,25.815,25.805,25.805,537,0
20140409,26.066,27.042,26.066,26.801,76562,0
20140410,26.801,26.801,25.883,26.086,902,0
20140411,26.462,26.462,26.462,26.462,4,0
20140414,26.453,26.453,26.453,26.453,2,0
20140415,26.453,26.453,26.453,26.453,2,0
20140416,26.453,26.453,26.453,26.453,2,0
20140417,26.453,26.453,26.453,26.453,4,0
20140423,26.019,27.042,26.019,27.042,110,0
20140424,27.641,27.641,27.496,27.496,18,0
20140425,27.496,27.496,27.496,27.496,4,0
20140430,27.332,27.496,27.332,27.496,364,0
20140505,28.442,28.442,28.442,28.442,1,0
20140506,28.433,28.433,28.433,28.433,4,0
20140507,28.877,28.877,28.877,28.877,1,0
20140508,28.732,28.732,28.684,28.684,9,0
20140509,28.868,28.868,28.529,28.529,8,0
20140512,28.587,28.587,28.587,28.587,4,0
20140513,28.587,28.587,28.529,28.529,683,0
20140514,29.157,29.157,28.964,28.964,8,0
20140515,28.481,28.481,28.413,28.413,6,0
20140516,27.814,28.413,27.814,28.413,418,0
20140519,28.307,28.307,28.307,28.307,2,0
20140520,28.008,28.085,28.008,28.085,56,0
20140521,28.249,28.974,28.249,28.974,1651,0
20140522,29.36,30.036,29.012,30.036,729,0
20140523,30.036,30.036,30.036,30.036,2,0
20140526,30.036,30.036,30.036,30.036,4,0
20140527,30.036,30.036,30.036,30.036,76,0
20140530,28.684,30.124,28.684,30.124,64,0
20140602,30.412,30.412,29.418,30.181,371,0
20140603,30.2,30.277,29.784,30.277,217,0
20140604,30.191,30.335,29.92,30.335,13,0
20140605,30.104,30.104,30.104,30.104,15,0
20140606,30.412,30.905,30.412,30.905,31,0
20140609,30.895,30.895,30.895,30.895,4,0
20140610,30.905,30.905,30.905,30.905,4,0
20140611,30.905,30.905,30.616,30.616,12,0
20140612,30.905,30.905,30.895,30.895,8,0
20140613,30.905,30.915,30.769,30.769,277,0
20140616,31.388,31.388,31.388,31.388,1,0
20140617,30.451,30.451,29.94,29.94,423,0
20140618,29.456,29.456,29.456,29.456,20,0
20140620,29.456,29.649,27.139,29.649,2139,0
20140623,29.649,29.784,29.649,29.784,79,0
20140624,29.775,29.775,29.428,29.428,6,0
20140625,29.35,29.35,29.35,29.35,2,0
20140626,29.35,29.94,29.35,29.94,316,0
20140630,29.93,29.94,29.93,29.94,65,0
20140701,29.689,29.697,29.689,29.697,24,0
20140702,29.697,29.697,29.697,29.697,701,0
20140707,29.747,29.747,29.747,29.747,2,0
20140708,29.747,29.747,28.974,28.974,394,0
20140709,29.128,29.128,29.128,29.128,4,0
20140710,29.099,29.099,29.099,29.099,2,0
20140711,28.896,28.896,28.896,28.896,5,0
20140714,29.254,29.254,29.254,29.254,4,0
20140715,29.254,29.254,29.254,29.254,1,0
20140716,29.245,29.245,29.07,29.07,97,0
20140717,29.254,29.254,29.254,29.254,65,0
20140721,28.8,28.8,28.394,28.394,72,0
20140722,28.481,28.868,28.481,28.868,55,0
20140723,28.868,29.456,28.868,29.456,307,0
20140724,29.446,29.446,29.446,29.446,3,0
20140725,29.446,29.446,28.974,28.974,92,0
20140728,29.456,29.476,29.456,29.476,3,0
20140729,29.94,29.94,29.94,29.94,1,0
20140730,29.9,29.9,27.911,27.911,393,0
20140731,27.236,28.191,27.236,28.191,312,0
20140804,28.182,28.191,27.525,28.191,261,0
20140805,26.849,27.757,26.849,27.757,360,0
20140806,28.075,28.075,28.075,28.075,1,0
20140807,27.236,27.236,27.236,27.236,300,0
20140808,26.849,26.849,26.849,26.849,20,0
20140812,27.554,27.554,27.554,27.554,4,0
20140814,27.149,27.149,27.149,27.149,4,0
20140818,27.38,27.38,27.38,27.38,1,0
20140826,27.38,27.38,26.366,27.332,132,0
20140827,27.332,27.931,26.491,26.675,1821,0
20140828,27.998,27.998,26.656,26.656,316,0
20140829,28.008,28.008,28.008,28.008,1,0
20140901,27.525,27.525,26.106,27.033,758,0
20140902,27.023,27.226,27.023,27.226,58,0
20140903,26.894,27.439,26.894,27.439,5,0
20140904,27.439,27.439,27.439,27.439,1,0
20140905,26.875,27.439,26.856,27.352,389,0
20140908,27.449,27.449,27.449,27.449,1,0
20140909,26.476,26.495,26.476,26.495,119,0
20140910,26.291,27.031,26.291,27.031,6,0
20140911,26.495,26.768,26.495,26.768,6,0
20140915,26.768,26.768,26.768,26.768,1,0
20140916,26.282,26.282,26.282,26.282,2,0
20140917,25.795,26.087,25.795,26.087,2403,0
20140918,26.087,26.087,26.087,26.087,176,0
20140919,25.697,26.476,25.6,26.476,1199,0
20140922,26.476,26.476,26.476,26.476,2,0
20140923,26.457,26.457,25.6,25.6,206,0
20140924,25.493,25.493,24.87,25.474,839,0
20140925,25.687,25.687,25.687,25.687,1,0
20140926,25.677,25.677,25.677,25.677,4,0
20140929,25.687,25.687,24.821,24.821,379,0
20140930,24.345,25.298,24.345,25.298,10,0
20141001,25.298,25.308,25.298,25.308,435,0
20141002,25.201,25.201,24.821,24.821,22,0
20141003,24.345,24.821,24.345,24.821,11,0
20141006,24.733,24.733,24.733,24.733,9,0
20141007,24.403,24.821,24.403,24.821,11,0
20141008,24.811,24.811,24.811,24.811,2,0
20141009,24.617,24.617,23.847,24.335,492,0
20141010,23.459,23.459,23.069,23.069,148,0
20141013,23.654,23.75,22.874,23.75,254,0
20141014,23.069,23.351,22.874,23.303,1081,0
20141015,22.981,22.981,22.583,22.583,127,0
20141016,22.865,22.865,21.804,22.193,286,0
20141017,22.193,22.68,22.193,22.68,568,0
20141020,23.361,23.361,23.361,23.361,1,0
20141022,24.335,25.016,24.335,25.016,361,0
20141023,24.811,24.811,24.811,24.811,3,0
20141024,24.422,24.422,24.422,24.422,5,0
20141027,24.617,24.617,24.1,24.1,3,0
20141028,24.14,24.14,24.042,24.14,53,0
20141029,24.695,24.695,24.695,24.695,1,0
20141031,24.626,24.626,24.626,24.626,20,0
20141103,24.733,24.87,24.733,24.87,53,0
20141104,25.211,25.211,25.211,25.211,1,0
20141105,24.724,24.724,24.432,24.432,71,0
20141106,24.53,24.743,24.53,24.743,21,0
20141107,23.945,24.87,23.945,24.87,47,0
20141110,24.87,25.308,24.87,25.308,739,0
20141112,24.801,25.298,24.801,25.298,365,0
20141113,24.831,25.279,24.626,25.279,79,0
20141114,25.279,25.279,24.617,24.626,143,0
20141117,24.695,24.695,24.695,24.695,2,0
20141118,24.705,25.104,24.705,25.104,156,0
20141119,24.724,24.724,24.335,24.335,142,0
20141120,24.821,24.821,24.821,24.821,2,0
20141121,24.335,24.811,24.12,24.811,136,0
20141124,24.568,24.665,24.237,24.665,3,0
20141125,24.042,24.821,24.042,24.821,37,0
20141126,24.811,24.821,24.461,24.821,57,0
20141127,24.811,24.821,24.783,24.821,27,0
20141201,24.198,24.315,23.77,24.315,55,0
20141202,23.847,24.335,23.847,24.325,129,0
20141203,24.325,24.325,24.325,24.325,2,0
20141204,24.325,24.325,24.325,24.325,4,0
20141205,24.325,24.325,23.809,23.847,112,0
20141208,23.847,23.945,23.847,23.945,120,0
20141209,23.361,23.361,23.361,23.361,308,0
20141210,23.546,23.546,23.546,23.546,2,0
20141215,22.68,22.796,22.29,22.29,187,0
20141216,22.29,22.29,21.91,21.91,103,0
20141217,21.91,22.29,21.91,22.29,220,0
20141218,22.29,23.847,22.29,23.847,424,0
20141219,23.459,23.994,22.874,23.994,520,0
20141222,23.994,23.994,23.994,23.994,15,0
20141230,24.432,24.626,23.945,24.626,45,0
20150102,24.422,24.422,24.422,24.422,2,0
20150105,23.75,23.945,23.361,23.945,452,0
20150107,23.644,23.644,23.575,23.575,65,0
20150108,23.887,23.887,23.361,23.361,4,0
20150112,23.04,23.04,23.04,23.04,4,0
20150113,22.933,22.933,22.933,22.933,2,0
20150114,22.904,22.904,22.904,22.904,2,0
20150115,23.098,23.098,23.098,23.098,3,0
20150116,22.884,22.884,22.884,22.884,5,0
20150119,22.388,23.361,22.388,23.361,435,0
20150121,23.644,23.644,23.118,23.118,87,0
20150122,23.351,23.351,23.351,23.351,2,0
20150123,23.361,23.361,23.361,23.361,82,0
20150130,23.459,23.459,23.459,23.459,10,0
20150202,23.469,23.702,23.469,23.702,38,0
20150203,23.838,23.838,23.838,23.838,22,0
20150212,23.867,23.867,23.867,23.867,20,0
20150213,24.237,25.211,24.237,25.211,547,0
20150216,25.211,25.211,24.724,24.783,105,0
20150217,25.211,26.174,25.211,26.174,250,0
20150218,26.135,26.135,25.016,25.016,107,0
20150220,26.077,26.077,26.077,26.077,4,0
20150223,25.98,25.98,25.98,25.98,2,0
20150224,25.844,25.844,25.844,25.844,22,0
20150225,25.736,25.736,23.945,23.945,442,0
20150226,24.325,24.335,24.325,24.335,33,0
20150227,24.052,24.052,24.042,24.042,135,0
20150302,24.325,24.325,24.14,24.14,57,0
20150303,23.945,24.15,23.945,24.15,135,0
20150304,23.955,23.955,23.945,23.945,249,0
20150309,23.935,23.935,23.935,23.935,2,0
20150310,24.042,24.042,24.042,24.042,22,0
20150311,24.004,24.004,24.004,24.004,2,0
20150312,24.12,24.335,24.12,24.335,414,0
20150313,25.298,25.308,24.918,24.918,123,0
20150316,24.724,24.724,24.724,24.724,47,0
20150317,24.918,24.918,24.918,24.918,2,0
20150319,24.918,24.918,24.918,24.918,8,0
20150320,24.918,24.918,24.918,24.918,50,0
20150323,25.785,25.785,25.785,25.785,3,0
20150324,25.795,25.795,25.795,25.795,298,0
20150325,27.157,27.157,27.157,27.157,57,0
20150326,26.603,26.603,25.989,25.989,411,0
20150327,26.184,26.282,26.184,26.282,113,0
20150330,26.768,26.768,26.768,26.768,22,0
20150331,26.194,26.194,26.194,26.194,5,0
20150402,25.804,25.804,25.804,25.804,5,0
20150407,26.378,26.778,26.378,26.778,268,0
20150408,27.021,27.021,27.021,27.021,4,0
20150409,26.497,26.497,26.497,26.497,61,0
20150410,27.08,27.08,27.08,27.08,2,0
20150414,26.299,26.299,26.299,26.299,293,0
20150415,27.09,27.189,27.09,27.189,303,0
20150420,26.299,26.299,25.904,25.904,597,0
20150421,26.497,27.377,26.497,27.377,604,0
20150422,27.664,27.664,27.664,27.664,72,0
20150428,28.168,28.168,28.168,28.168,22,0
20150429,27.189,27.189,27.189,27.189,106,0
20150430,27.051,27.051,27.051,27.051,4,0
20150504,28.277,28.277,28.277,28.277,243,0
20150505,27.683,27.683,26.991,27.387,583,0
20150508,31.144,31.144,31.144,31.144,51,0
20150511,31.144,31.144,28.03,30.452,531,0
20150512,28.474,30.046,27.802,28.672,667,0
20150513,29.463,30.748,28.939,28.939,795,0
20150514,27.407,30.145,27.407,28.039,550,0
20150515,28.178,29.651,28.178,28.178,610,0
20150518,27.683,27.683,27.189,27.189,13,0
20150522,28.168,28.168,28.168,28.168,1,0
20150526,28.178,29.048,28.178,28.376,831,0
20150529,28.692,28.692,27.614,27.674,796,0
20150601,28.039,28.039,28.039,28.039,1,0
20150605,28.168,28.168,27.387,27.387,555,0
20150616,27.189,27.189,27.189,27.189,303,0
20150708,27.189,27.189,27.189,27.189,56,0
20150709,27.189,27.189,27.189,27.189,1,0
20150713,27.199,27.199,24.965,24.965,448,0
20150714,24.965,24.965,24.965,24.965,1,0
20150716,24.717,24.717,22.78,22.78,10633,0
20150717,22.78,22.78,22.78,22.78,1,0
20150721,23.63,23.63,23.234,23.234,36732,0
20150722,22.305,22.305,22.305,22.305,213,0
20150723,22.305,22.305,22.305,22.305,131,0
20150727,22.305,22.73,22.305,22.73,109987,0
20150728,22.443,22.443,22.443,22.443,101143,0
20150729,22.641,22.641,22.641,22.641,46,0
20150730,22.641,22.641,22.641,22.641,207,0
20150731,22.74,22.74,22.641,22.641,89,0
20150803,22.641,22.641,22.641,22.641,1,0
20150804,22.345,22.345,22.345,22.345,9,0
20150814,22.345,22.345,22.345,22.345,31,0
20150820,22.74,22.74,22.74,22.74,795,0
20150821,22.74,22.74,22.74,22.74,1,0
20150824,22.74,22.74,22.74,22.74,12,0
20150917,23.01,23.01,23.01,23.01,10,0
20150918,24.9,24.9,24.9,24.9,250,0
