Date,Open,High,Low,Close,Volume,OpenInt
20070719,19.936,25.239,19.936,23.754,2950642,0
20070720,23.754,23.754,22.057,22.057,326128,0
20070723,21.421,22.481,21.273,21.633,85428,0
20070724,21.611,22.46,21.208,22.057,80042,0
20070725,22.269,22.269,20.996,21.208,235047,0
20070726,21.421,21.421,20.614,20.789,31844,0
20070727,20.784,20.784,19.597,20.784,40229,0
20070730,20.361,20.53,19.936,20.361,9770,0
20070731,20.361,21.845,20.361,21.463,184465,0
20070801,21.463,21.463,20.021,21.103,20074,0
20070802,21.208,21.336,20.827,20.827,209284,0
20070803,21.167,21.188,20.784,20.784,3066,0
20070806,20.361,20.361,19.512,19.512,14323,0
20070807,19.936,20.53,19.512,20.19,154772,0
20070808,20.361,20.7,20.233,20.275,3593,0
20070809,20.53,20.53,20.106,20.127,14503,0
20070810,19.385,19.979,18.452,19.512,24078,0
20070813,19.512,20.361,19.512,20.318,2728,0
20070814,20.403,20.403,19.66,19.66,786,0
20070816,18.426,18.536,16.589,16.967,39600,0
20070817,16.967,17.476,16.543,16.967,28392,0
20070820,18.239,18.239,16.967,16.967,8775,0
20070821,17.392,17.392,16.026,16.543,5272,0
20070822,16.543,18.664,16.543,18.239,64128,0
20070823,19.724,19.724,18.96,18.96,166683,0
20070824,19.724,19.724,19.427,19.469,2933,0
20070827,19.427,20.275,19.088,19.512,6484,0
20070828,19.936,19.936,18.664,19.427,1170,0
20070829,18.239,19.084,18.239,18.96,18732,0
20070830,19.088,19.139,19.088,19.13,13554,0
20070831,18.706,19.3,18.706,19.135,1411,0
20070903,19.512,19.724,19.385,19.724,5335,0
20070904,19.767,19.767,19.512,19.724,4627,0
20070905,19.385,19.682,19.385,19.682,6236,0
20070906,19.724,19.894,19.088,19.894,116486,0
20070907,19.936,19.936,18.452,19.936,5884,0
20070910,18.286,19.724,18.286,19.724,3962,0
20070911,19.852,19.852,19.852,19.852,1391,0
20070912,19.092,19.678,19.088,19.678,119,0
20070913,19.805,19.805,19.296,19.716,1460,0
20070914,19.512,19.512,18.748,19.3,917,0
20070917,19.088,19.508,19.088,19.508,402,0
20070918,19.173,19.682,19.173,19.682,1269,0
20070919,19.682,19.716,18.897,19.3,4592,0
20070920,18.96,19.253,18.706,19.236,666,0
20070921,19.088,19.554,19.088,19.512,4526,0
20070924,19.512,20.148,19.512,19.597,12919,0
20070925,19.724,19.724,19.597,19.719,1457,0
20070926,19.719,19.936,19.554,19.724,2395,0
20070927,19.932,19.936,19.597,19.597,1931,0
20070928,19.724,20.021,19.724,19.809,126927,0
20071001,19.724,20.106,19.724,19.936,3648,0
20071002,19.767,19.767,19.767,19.767,754,0
20071003,19.152,19.724,19.152,19.342,534,0
20071004,19.512,19.512,19.016,19.016,1917,0
20071005,18.71,19.512,18.706,19.512,7877,0
20071008,18.727,18.727,18.727,18.727,34,0
20071009,19.682,19.682,19.088,19.173,84678,0
20071010,18.833,19.173,18.748,19.168,2124,0
20071011,18.876,19.682,18.876,19.678,4829,0
20071012,19.088,19.932,19.088,19.932,7451,0
20071015,19.13,20.361,19.088,20.148,4316,0
20071016,20.318,20.318,19.13,19.3,8176,0
20071017,19.279,20.144,19.279,20.093,10391,0
20071018,19.389,19.724,19.389,19.724,9880,0
20071019,19.936,20.326,19.936,20.326,6663,0
20071022,20.326,20.326,19.3,20.313,236194,0
20071023,20.233,20.509,20.233,20.509,4102,0
20071024,20.467,20.467,20.318,20.467,1662,0
20071025,20.467,20.488,20.361,20.361,501,0
20071026,20.148,20.148,19.724,20.102,1007,0
20071029,20.148,20.361,20.021,20.021,3395,0
20071030,19.576,19.936,19.516,19.936,2122,0
20071031,19.936,19.936,19.894,19.894,602,0
20071102,20.318,20.318,19.894,20.318,1262,0
20071105,20.148,20.148,19.682,20.042,1963,0
20071106,20.042,20.042,19.279,19.512,29015,0
20071107,19.512,19.809,19.512,19.809,19075,0
20071108,16.967,19.3,16.967,19.3,928,0
20071109,19.682,19.682,18.452,19.508,970,0
20071112,18.664,19.427,18.664,19.423,1163,0
20071113,19.469,19.682,19.469,19.635,1522,0
20071114,19.809,19.852,19.512,19.64,5397,0
20071115,19.088,19.088,16.975,18.664,21483,0
20071116,18.579,18.579,17.328,18.579,12896,0
20071119,17.392,18.659,17.392,18.659,4985,0
20071120,18.579,18.579,17.476,18.363,117,0
20071121,17.815,18.401,17.392,18.197,3721,0
20071122,17.815,17.985,16.543,17.392,10049,0
20071123,18.197,18.197,17.603,17.815,14742,0
20071126,18.409,18.409,17.603,18.239,49951,0
20071127,18.214,18.214,18.214,18.214,471,0
20071128,18.214,18.219,18.155,18.219,23989,0
20071129,18.239,18.239,17.498,18.235,24892,0
20071130,18.239,18.239,17.815,18.239,2211,0
20071203,18.239,18.706,18.239,18.706,49,0
20071205,18.664,18.664,17.607,18.664,242557,0
20071206,18.664,19.482,18.664,19.088,21044,0
20071207,18.664,19.211,18.664,19.211,145965,0
20071210,19.215,19.215,18.494,19.084,4570,0
20071211,18.515,19.084,18.515,18.647,897,0
20071212,18.876,19.3,18.876,19.173,79304,0
20071213,19.088,19.173,18.876,19.173,5505,0
20071214,18.239,19.3,18.239,19.258,6861,0
20071218,18.523,19.372,18.52,19.3,2719,0
20071219,18.239,19.491,18.239,19.491,3845,0
20071220,18.664,19.719,18.494,19.719,11156,0
20071221,18.706,20.326,18.706,20.326,5192,0
20071227,19.512,20.148,19.512,20.148,820,0
20071228,20.148,20.573,19.936,20.53,33169,0
20080102,20.364,20.445,20.275,20.361,24731,0
20080103,20.148,20.361,20.148,20.275,3701,0
20080104,20.331,20.331,19.936,20.148,8451,0
20080107,19.512,19.936,19.512,19.936,386,0
20080108,19.088,19.512,19.088,19.512,182260,0
20080109,19.088,19.491,17.811,17.811,75514,0
20080110,18.659,18.659,16.967,16.967,76061,0
20080111,19.512,19.512,16.925,16.925,5170,0
20080114,16.963,16.963,16.331,16.331,1142,0
20080115,16.543,16.543,14.702,16.246,5907,0
20080116,15.483,15.69,14.846,15.69,1944,0
20080117,14.851,15.058,14.125,14.125,172971,0
20080118,14.719,14.719,13.531,14.337,839,0
20080121,14.422,15.27,13.276,13.998,1384,0
20080122,13.574,14.846,13.574,13.998,4415,0
20080123,15.258,16.077,13.488,15.258,62896,0
20080124,15.694,15.694,14.846,15.524,1248,0
20080125,15.524,15.694,15.524,15.694,12947,0
20080129,14.846,16.077,14.846,16.077,483,0
20080130,16.077,17.815,15.185,17.815,12042,0
20080131,16.547,16.547,16.5,16.5,2889,0
20080201,16.5,17.561,16.118,17.392,888,0
20080204,17.349,17.599,17.349,17.599,2569,0
20080205,17.392,17.603,16.755,17.603,1089,0
20080206,17.603,17.743,17.392,17.743,172,0
20080207,16.543,18.239,16.543,16.755,41968,0
20080208,17.392,17.392,16.925,16.967,96894,0
20080211,17.815,18.452,17.392,17.392,120409,0
20080212,18.452,18.452,18.452,18.452,11,0
20080213,18.239,18.452,18.239,18.452,82524,0
20080214,18.452,18.579,18.452,18.579,933,0
20080215,18.452,18.536,17.603,18.239,1039,0
20080218,16.967,18.239,16.967,18.239,2991,0
20080219,18.231,18.829,18.231,18.824,3762,0
20080220,18.664,19.3,18.664,19.3,3783,0
20080221,19.469,19.618,19.304,19.597,3691,0
20080222,19.597,19.597,19.067,19.215,116384,0
20080225,19.207,19.207,19.084,19.084,216,0
20080226,19.079,19.079,19.079,19.079,34,0
20080227,18.027,19.084,18.027,19.084,956,0
20080228,17.837,19.067,17.837,19.067,110,0
20080229,18.452,18.872,18.452,18.872,235755,0
20080303,18.6,18.6,18.6,18.6,471,0
20080304,17.094,17.815,17.094,17.815,55,0
20080305,16.118,17.815,16.118,17.815,30068,0
20080306,17.459,18.027,17.459,17.815,518647,0
20080307,17.815,18.006,16.967,17.807,1533,0
20080310,17.073,18.452,17.073,18.452,4898,0
20080311,18.027,18.664,18.027,18.664,666,0
20080312,18.239,18.854,18.027,18.854,506,0
20080317,17.179,18.642,17.179,18.642,95596,0
20080318,18.452,18.452,18.452,18.452,591,0
20080319,18.613,18.664,18.613,18.664,69,0
20080320,17.815,19.088,17.815,18.876,12076,0
20080327,18.833,19.457,18.833,19.457,6620,0
20080328,19.258,19.258,19.258,19.258,471,0
20080331,18.876,19.724,18.876,19.724,56579,0
20080401,19.512,19.894,19.512,19.894,2391,0
20080402,19.512,19.894,19.512,19.894,113828,0
20080403,19.894,19.936,18.88,19.894,611,0
20080404,18.876,19.873,18.876,19.873,49,0
20080407,19.894,19.894,19.873,19.873,55,0
20080408,19.894,19.894,19.894,19.894,28,0
20080409,18.239,19.719,18.239,19.719,193,0
20080410,19.3,19.719,19.3,19.719,92205,0
20080411,19.088,19.64,18.452,19.64,6020,0
20080414,18.515,19.592,17.858,19.592,3705,0
20080415,18.876,19.469,18.366,19.088,27931,0
20080416,19.088,19.457,19.088,19.457,1995636,0
20080417,19.512,19.894,19.512,19.894,12867,0
20080418,19.936,19.936,19.512,19.83,13441,0
20080421,19.936,19.936,19.885,19.894,2298,0
20080422,19.889,19.889,18.919,19.508,1710,0
20080423,19.512,19.512,17.815,19.296,19675,0
20080424,19.258,19.258,19.258,19.258,297,0
20080425,19.724,19.724,19.13,19.13,2788,0
20080428,19.469,19.915,19.469,19.915,3195,0
20080429,19.512,19.915,19.512,19.911,2438,0
20080430,19.894,19.894,19.894,19.894,9,0
20080505,19.936,19.936,19.135,19.724,1811,0
20080506,19.719,19.719,19.347,19.703,373,0
20080507,19.682,19.881,19.563,19.881,17589,0
20080508,19.894,19.894,19.724,19.809,46055,0
20080509,19.597,19.597,19.088,19.173,237578,0
20080512,19.682,19.682,19.682,19.682,4,0
20080513,19.682,20.148,19.682,20.148,45991,0
20080514,19.746,19.746,19.733,19.733,683,0
20080515,19.932,20.361,19.852,20.361,7065,0
20080516,20.361,20.361,20.361,20.361,708,0
20080519,19.77,20.361,19.77,20.361,262,0
20080523,19.936,20.352,19.936,20.352,172,0
20080526,19.66,20.305,19.177,20.305,176,0
20080527,19.258,19.894,18.748,19.847,1979,0
20080528,19.135,19.3,18.88,19.088,57915,0
20080529,18.88,19.3,18.88,19.3,4835,0
20080602,20.139,20.139,19.088,19.296,5897,0
20080603,19.852,19.852,19.852,19.852,4,0
20080606,19.291,19.469,19.291,19.469,655,0
20080609,19.088,19.423,19.088,19.423,4008,0
20080610,18.876,19.088,18.791,18.876,154579,0
20080611,19.088,19.088,18.876,19.088,3107,0
20080612,19.088,19.469,19.088,19.088,25595,0
20080616,19.088,19.936,18.464,19.088,57876,0
20080618,18.876,19.088,18.876,19.088,40679,0
20080619,19.512,19.597,17.815,19.597,549,0
20080623,19.3,19.3,19.3,19.3,207,0
20080625,19.088,19.088,17.519,18.664,680,0
20080626,17.645,18.813,17.625,18.813,350,0
20080627,18.876,18.876,18.876,18.876,1651,0
20080701,18.833,18.833,18.659,18.659,94,0
20080707,18.239,18.239,16.827,16.827,439,0
20080708,18.176,18.176,16.755,17.561,262,0
20080709,17.498,17.498,16.543,17.387,343,0
20080710,16.543,17.387,15.694,17.362,848,0
20080711,15.907,17.314,15.694,17.314,1319,0
20080714,16.467,16.671,15.907,16.649,423,0
20080715,15.058,16.118,15.058,16.118,3300,0
20080716,17.658,17.658,13.807,14.316,3638,0
20080717,14.422,14.846,13.637,14.846,3561,0
20080718,14.846,14.846,14.549,14.549,2847,0
20080721,14.422,14.422,14.422,14.422,846,0
20080722,14.422,14.846,14.422,14.676,356,0
20080723,14.846,14.846,14.422,14.846,4803,0
20080724,14.846,15.27,14.842,14.846,107644,0
20080725,15.266,16.543,15.266,16.543,93343,0
20080728,16.034,16.034,15.487,15.487,9,0
20080729,16.963,16.963,16.963,16.963,2,0
20080730,16.127,17.392,16.118,16.963,1876,0
20080731,16.967,16.967,16.543,16.543,271,0
20080801,16.118,17.392,15.907,17.392,255,0
20080804,17.815,17.815,16.967,17.306,11837,0
20080805,16.123,16.92,16.118,16.92,1310,0
20080806,16.339,17.392,16.335,16.967,933,0
20080807,16.267,16.963,16.267,16.963,1377,0
20080808,16.348,16.755,16.348,16.755,184,0
20080811,16.543,16.963,16.543,16.963,4,0
20080812,16.967,16.967,16.967,16.967,19,0
20080818,16.543,17.811,16.543,16.967,547,0
20080820,15.741,16.963,15.741,16.963,28,0
20080826,15.321,16.118,15.313,16.118,1043,0
20080829,16.097,16.925,15.338,16.925,326,0
20080901,16.118,16.118,15.698,16.118,20612,0
20080902,16.874,16.882,16.874,16.882,9575,0
20080903,16.882,17.392,16.882,17.392,1733,0
20080904,16.131,16.755,16.118,16.755,7162,0
20080908,15.919,16.288,15.898,16.118,4981,0
20080909,16.118,16.543,16.118,16.543,1887,0
20080910,16.543,16.543,16.118,16.543,445,0
20080911,16.543,16.543,16.543,16.543,233,0
20080916,16.034,16.543,16.034,16.543,2379,0
20080917,16.118,16.118,16.118,16.118,11951,0
20080919,16.543,16.899,16.118,16.899,5569,0
20080922,16.118,16.118,15.936,15.936,282,0
20080923,16.331,16.331,16.331,16.331,36,0
20080925,15.483,16.331,15.377,16.331,1113,0
20080926,16.118,16.535,16.118,16.288,1041,0
20081001,16.31,16.31,16.31,16.31,17,0
20081002,16.322,16.322,14.91,15.903,430,0
20081003,16.458,16.458,16.458,16.458,152,0
20081006,16.118,16.118,16.118,16.118,14,0
20081007,15.071,16.11,15.071,16.11,161,0
20081008,15.084,16.093,15.08,16.068,487,0
20081010,14.876,15.461,14.422,14.422,4229,0
20081013,15.304,15.304,13.574,13.574,3351,0
20081014,13.574,13.574,13.149,13.574,5278,0
20081015,12.853,13.569,12.853,13.553,2001,0
20081017,12.768,13.488,12.301,13.476,6261,0
20081020,12.411,13.149,12.408,12.513,48134,0
20081021,12.534,13.149,12.513,12.725,57688,0
20081022,12.301,12.301,11.877,11.877,1609,0
20081023,10.719,10.982,10.18,10.469,5937,0
20081024,10.388,10.388,9.756,9.756,261883,0
20081027,9.968,10.558,9.752,9.752,340587,0
20081028,10.18,10.18,10.18,10.18,165,0
20081029,10.727,10.982,10.605,10.982,47485,0
20081030,11.554,11.554,11.554,11.554,721,0
20081031,11.593,12.301,11.593,12.301,1002,0
20081103,13.311,13.311,13.311,13.311,2,0
20081104,13.311,13.311,13.311,13.311,176,0
20081105,13.311,14.265,13.149,13.149,448,0
20081106,11.877,12.301,11.877,12.301,375,0
20081107,12.301,12.301,11.411,11.453,2772,0
20081110,12.598,12.598,11.453,11.877,37966,0
20081112,12.937,12.937,12.937,12.937,72,0
20081114,13.353,13.353,11.644,12.704,47260,0
20081117,13.353,13.353,13.353,13.353,2,0
20081118,13.357,13.357,13.319,13.319,62,0
20081120,12.721,12.721,11.559,11.559,448,0
20081124,11.877,12.682,11.665,12.682,25,0
20081126,11.665,11.665,11.453,11.453,2690,0
20081127,11.872,11.902,11.665,11.665,244024,0
20081128,11.877,11.877,11.792,11.792,471,0
20081204,11.448,11.448,10.626,10.647,5581,0
20081205,10.647,10.647,10.223,10.647,129647,0
20081208,10.605,10.605,10.605,10.605,708,0
20081209,10.647,10.647,10.074,10.647,2637,0
20081210,11.44,11.792,11.435,11.792,19268,0
20081211,11.58,11.58,11.453,11.453,589,0
20081212,11.24,11.66,10.605,11.58,375,0
20081216,11.533,11.877,11.406,11.406,72,0
20081217,10.443,11.538,10.269,10.269,4983,0
20081218,11.007,11.007,9.925,9.93,4305,0
20081219,9.506,9.925,9.501,9.925,1471,0
20081222,10.011,10.223,9.756,9.756,38354,0
20081223,9.756,9.756,9.544,9.544,498,0
20081229,9.544,9.544,9.544,9.544,6626,0
20090105,10.18,10.18,10.18,10.18,1414,0
20090106,10.049,10.562,10.049,10.562,333,0
20090107,10.562,10.562,10.18,10.519,350,0
20090109,9.506,10.392,9.506,10.392,430,0
20090112,10.18,10.18,9.4593,10.18,46555,0
20090113,9.778,10.18,9.4884,9.4884,669,0
20090114,9.4766,9.756,9.4167,9.756,12290,0
20090115,9.756,9.756,9.756,9.756,125,0
20090122,9.756,9.756,9.756,9.756,2317,0
20090127,10.18,10.18,10.18,10.18,157303,0
20090129,10.18,10.307,10.18,10.307,353727,0
20090130,11.156,11.156,10.312,11.113,6824,0
20090202,10.944,10.944,10.918,10.918,129,0
20090203,10.922,10.922,10.451,10.451,3311,0
20090204,10.605,10.605,10.596,10.596,31566,0
20090205,10.413,10.647,10.392,10.647,5645,0
20090206,10.647,10.817,10.647,10.817,239462,0
20090209,11.24,11.24,10.605,11.028,356,0
20090210,11.24,11.24,10.605,11.028,1060,0
20090211,10.647,11.028,10.342,11.004,278272,0
20090212,10.803,10.803,10.803,10.803,237,0
20090213,10.803,10.803,10.803,10.803,2,0
20090216,10.519,10.757,10.519,10.749,117885,0
20090217,10.396,10.812,10.1,10.6,699,0
20090218,10.18,10.553,10.18,10.553,937,0
20090219,10.511,10.511,10.511,10.511,2,0
20090223,10.18,10.486,10.18,10.477,28390,0
20090224,10.434,10.461,10.138,10.461,23673,0
20090225,10.451,10.456,10.451,10.456,642,0
20090226,10.456,10.456,10.456,10.456,25,0
20090227,10.456,10.456,10.18,10.456,104,0
20090302,10.562,10.605,10.18,10.519,72602,0
20090303,10.18,10.519,10.18,10.519,346558,0
20090304,10.223,10.447,10.201,10.447,82539,0
20090305,10.498,10.498,10.498,10.498,19,0
20090310,10.1,10.426,10.095,10.422,1266,0
20090311,10.515,10.515,10.18,10.413,1181,0
20090312,9.646,10.286,9.646,10.201,763,0
20090313,10.345,10.345,9.675,9.765,1377,0
20090316,9.756,9.756,9.756,9.756,94,0
20090317,10.133,10.133,10.133,10.133,235,0
20090318,9.548,10.091,9.548,9.756,462,0
20090319,9.612,9.862,9.0776,9.816,3279,0
20090320,9.2045,9.607,9.1238,9.2045,1861,0
20090323,9.2091,9.586,9.1202,9.586,9311,0
20090324,9.4929,9.973,9.4639,9.968,8244,0
20090325,9.769,10.345,9.586,9.968,15560,0
20090326,9.968,9.968,9.947,9.964,12565,0
20090327,9.964,9.968,9.756,9.968,28392,0
20090330,9.968,9.968,9.811,9.968,24586,0
20090331,10.138,10.434,9.756,10.18,8665,0
20090401,10.18,10.18,10.18,10.18,237,0
20090402,10.388,10.562,10.388,10.562,260,0
20090403,10.18,10.18,10.176,10.18,5438,0
20090406,10.18,10.223,9.905,9.905,1168,0
20090408,10.18,10.18,10.095,10.095,335,0
20090409,10.095,10.383,10.095,10.18,2637,0
20090414,10.18,10.6,9.968,10.18,5342,0
20090415,10.35,10.833,10.214,10.803,1331,0
20090416,10.803,10.803,10.252,10.684,448,0
20090417,10.396,10.396,9.968,10.295,6914,0
20090420,10.498,10.498,10.307,10.307,2995,0
20090421,10.095,10.172,9.624,10.172,1363,0
20090422,9.964,10.082,9.735,9.968,4078,0
20090423,9.968,10.07,9.841,10.07,4969,0
20090424,9.867,10.18,9.781,9.781,170,0
20090427,9.781,9.884,9.336,9.871,3107,0
20090428,9.637,9.955,9.548,9.955,865,0
20090429,9.591,9.922,9.544,9.841,3321,0
20090430,9.756,9.964,9.633,9.964,1464,0
20090504,9.718,9.841,9.718,9.841,799,0
20090505,9.964,10.074,9.849,9.849,1683,0
20090506,9.841,10.168,9.799,10.168,1051,0
20090507,10.223,10.307,9.892,10.133,3080,0
20090508,9.857,10.032,9.854,9.981,4845,0
20090511,10.18,10.256,10.18,10.256,4801,0
20090512,10.562,11.028,10.307,11.028,7325,0
20090513,12.725,13.056,11.788,11.788,130073,0
20090514,11.66,11.66,10.647,11.028,42511,0
20090515,10.817,10.995,10.477,10.605,28652,0
20090518,10.689,10.965,10.575,10.605,31592,0
20090519,10.939,10.939,10.477,10.477,21026,0
20090520,10.596,10.727,10.456,10.477,11791,0
20090521,10.477,10.477,10.095,10.1,11171,0
20090522,10.138,10.155,9.96,9.968,4337,0
20090525,10.011,10.125,9.867,9.968,27410,0
20090526,10.18,10.434,9.1619,9.3315,39606,0
20090527,9.2471,9.2635,8.8227,8.9071,66615,0
20090528,8.9034,8.9034,8.6532,8.8227,34715,0
20090529,9.1202,9.4122,8.9207,9.0141,26772,0
20090601,9.1918,9.4167,8.8908,8.9116,44545,0
20090602,9.1873,9.713,9.0857,9.4593,40558,0
20090603,9.629,10.519,9.4593,10.18,31554,0
20090604,10.104,10.469,10.104,10.35,6452,0
20090605,11.028,11.207,10.553,10.6,187799,0
20090608,10.753,10.753,10.159,10.18,54754,0
20090609,10.307,10.519,10.206,10.511,12069,0
20090610,10.605,10.812,10.35,10.35,23016,0
20090612,10.392,10.515,9.981,9.981,43840,0
20090615,10.053,10.138,9.607,9.756,13960,0
20090616,9.875,9.875,9.4213,9.713,25825,0
20090617,9.756,9.756,9.501,9.501,7323,0
20090618,9.506,9.599,9.4294,9.544,201770,0
20090619,9.4802,9.569,9.4639,9.531,22808,0
20090622,9.565,9.599,8.9497,9.0141,24966,0
20090623,8.9288,9.1619,8.9288,9.0567,19316,0
20090624,9.0603,9.3152,8.9923,9.3106,8625,0
20090625,9.3532,9.544,9.2471,9.2471,5948,0
20090626,9.4929,9.4929,9.3741,9.3913,25335,0
20090629,9.501,9.501,9.4167,9.4593,6599,0
20090630,9.54,9.578,9.3451,9.3451,12835,0
20090701,9.171,9.3315,9.171,9.2598,8279,0
20090702,9.3315,9.4929,9.2045,9.2045,9013,0
20090703,9.268,9.3741,9.2045,9.2471,105442,0
20090706,9.3315,9.4466,9.073,9.1156,23664,0
20090707,9.3487,9.3487,9.1202,9.2771,3928,0
20090708,9.103,9.2898,9.0984,9.103,1842,0
20090709,9.1202,9.578,9.1202,9.4593,4066,0
20090710,9.3315,9.4503,9.3315,9.4503,820,0
20090713,9.531,9.531,9.2898,9.4376,1657,0
20090714,9.4503,9.4847,9.4167,9.4376,21281,0
20090715,9.544,9.616,9.4974,9.616,7934,0
20090716,9.756,9.756,9.4593,9.4593,7226,0
20090717,9.713,9.713,9.583,9.671,153894,0
20090720,9.71,9.739,9.544,9.591,11834,0
20090721,9.4466,9.713,9.4466,9.671,6932,0
20090722,9.671,9.671,9.544,9.629,6847,0
20090723,9.659,9.662,9.501,9.583,13977,0
20090724,9.586,9.65,9.544,9.599,60458,0
20090727,9.739,9.739,9.4593,9.629,10469,0
20090728,9.713,9.713,9.3315,9.4593,80879,0
20090729,9.3532,9.3532,9.1202,9.1202,107285,0
20090730,9.3315,9.667,9.2045,9.4593,162939,0
20090731,9.713,9.713,9.501,9.501,35991,0
20090803,9.705,9.756,9.501,9.501,28296,0
20090804,9.544,9.544,9.4974,9.4974,11766,0
20090805,9.4503,9.4593,9.3532,9.3741,27270,0
20090806,9.3741,9.523,9.3741,9.523,3324,0
20090807,9.552,9.71,9.4593,9.71,35687,0
20090810,9.756,9.756,9.565,9.569,22761,0
20090811,9.65,9.756,9.586,9.586,20962,0
20090812,9.629,9.629,9.544,9.565,23809,0
20090813,9.752,9.786,9.569,9.612,23321,0
20090814,9.718,10.277,9.637,9.841,62811,0
20090817,9.925,10.223,9.887,9.925,17070,0
20090818,9.973,10.032,9.968,10.023,12354,0
20090819,10.053,10.133,9.99,10.011,22789,0
20090820,10.125,10.519,10.125,10.519,96680,0
20090821,10.634,10.817,10.519,10.605,45616,0
20090824,10.778,10.901,10.519,10.605,22642,0
20090825,10.605,10.605,10.231,10.469,13352,0
20090826,10.537,10.605,10.18,10.35,12979,0
20090827,10.307,10.35,10.201,10.201,12545,0
20090828,10.519,10.519,10.223,10.477,10378,0
20090831,10.477,10.477,10.269,10.35,22755,0
20090901,10.299,10.299,9.544,9.756,61537,0
20090902,9.544,9.544,9.3315,9.3614,15659,0
20090903,9.3741,9.3741,9.1619,9.2426,27261,0
20090904,9.2426,9.536,8.8436,9.4167,93152,0
20090907,9.4213,9.523,9.3959,9.3959,38986,0
20090908,9.4593,9.4593,8.9923,9.141,20137,0
20090909,9.141,9.141,8.8654,8.9415,231626,0
20090910,9.132,9.1619,8.8019,8.8654,253859,0
20090911,9.0776,9.0776,8.81,8.8227,73204,0
20090914,8.8654,8.9071,8.2927,8.7547,47186,0
20090915,8.7293,8.8953,8.4877,8.8019,23706,0
20090916,8.8608,9.0095,8.8608,8.9715,44564,0
20090917,9.2426,9.4593,9.0349,9.1202,64854,0
20090918,9.0685,9.2045,8.8227,8.8654,38945,0
20090921,8.9034,8.9034,8.5259,8.6532,49979,0
20090922,8.6659,9.1202,8.5216,9.0095,47660,0
20090923,9.0984,9.0984,8.7003,8.9842,67080,0
20090924,8.9842,9.1202,8.8273,9.1202,36056,0
20090925,8.9715,9.2471,8.9715,9.2471,46727,0
20090928,9.3233,9.544,9.1283,9.544,48645,0
20090929,9.583,9.841,9.2898,9.841,48034,0
20090930,9.841,10.265,9.2898,9.2898,60214,0
20091001,9.3315,9.501,9.2263,9.501,18774,0
20091002,9.336,9.336,9.1202,9.3061,12606,0
20091005,9.2045,9.3106,8.9923,9.1202,87887,0
20091006,9.1202,9.268,9.1202,9.132,5265,0
20091007,9.132,9.2045,9.132,9.1619,7663,0
20091008,9.1619,9.1619,8.9542,9.1202,15737,0
20091009,9.1238,9.171,9.005,9.1202,335669,0
20091012,9.1202,9.1537,9.0567,9.1202,31624,0
20091013,8.9751,9.1238,8.9751,9.1202,19578,0
20091014,9.1202,9.2,9.1202,9.1837,54238,0
20091015,9.1837,9.4376,9.1202,9.1619,47398,0
20091016,9.2263,9.544,9.2045,9.2471,32536,0
20091019,9.2045,9.2471,9.132,9.132,5810,0
20091020,9.1202,9.2045,9.1202,9.1755,50686,0
20091021,9.1755,9.239,9.1365,9.1619,53344,0
20091022,9.1619,9.1619,9.1202,9.1283,49266,0
20091023,9.2471,9.3315,9.2471,9.3233,22596,0
20091026,9.3061,9.3061,9.1202,9.2471,14919,0
20091027,9.1202,9.1238,9.0603,9.0603,22531,0
20091028,9.1202,9.2898,8.9969,9.0776,34237,0
20091029,8.9923,8.9923,8.9071,8.9071,29080,0
20091030,8.9071,9.0984,8.8654,8.8654,5679,0
20091102,7.9829,8.8654,7.9829,8.6958,9017,0
20091103,8.6958,8.6958,8.475,8.6486,11864,0
20091104,8.5046,8.5685,8.5046,8.5472,9890,0
20091105,8.5472,8.5642,8.5046,8.5598,16512,0
20091106,8.5685,8.5724,8.5046,8.5259,14007,0
20091109,8.645,8.6486,8.5133,8.5133,58538,0
20091110,8.5516,8.6486,8.5472,8.6107,8656,0
20091112,8.6107,8.6107,8.314,8.5472,47225,0
20091113,8.5642,8.5642,8.4837,8.5472,4859,0
20091116,8.5516,8.5724,8.4837,8.5685,41964,0
20091117,8.5685,8.5685,8.4837,8.5516,4861,0
20091118,8.5516,8.645,8.5259,8.5685,49590,0
20091119,8.645,8.8191,8.5516,8.6107,4921,0
20091120,8.7593,8.7593,8.5259,8.5472,39581,0
20091123,8.5046,8.5046,8.314,8.4837,10881,0
20091124,8.4877,8.4877,8.3563,8.475,4256,0
20091125,8.441,8.441,7.8559,8.2714,32688,0
20091126,8.2714,8.2714,8.1104,8.2631,1354,0
20091127,8.1443,8.1443,7.9786,8.0595,51613,0
20091130,7.9747,7.9747,7.775,7.805,8343,0
20091201,7.7837,7.8471,7.7837,7.8471,24487,0
20091202,7.805,7.8471,7.805,7.8471,4390,0
20091203,7.8898,8.441,7.8471,8.0595,39624,0
20091204,8.0595,8.2292,7.932,8.1822,31274,0
20091207,8.3053,8.3053,8.0595,8.2714,6359,0
20091208,8.2631,8.2714,8.1017,8.2035,122877,0
20091209,8.1017,8.2079,8.0595,8.1613,88330,0
20091210,8.0595,8.0595,7.9747,8.0595,2684,0
20091211,8.0595,8.0595,7.9786,8.0595,805,0
20091214,8.0595,8.1017,8.0595,8.0595,1935,0
20091215,8.0168,8.0595,7.9747,8.0212,71708,0
20091216,8.0168,8.0212,7.9616,7.9659,4595,0
20091217,7.8981,7.932,7.8471,7.8471,80247,0
20091218,7.8471,7.9747,7.805,7.8471,164317,0
20091221,7.8471,7.8471,7.7624,7.7624,11743,0
20091222,7.8471,7.8471,7.4229,7.5291,30645,0
20091223,7.4229,7.6692,7.4229,7.4273,25076,0
20091228,7.4656,7.5713,7.4656,7.4739,26257,0
20091229,7.4908,7.5713,7.4908,7.5713,5950,0
20091230,7.5927,7.6775,7.5756,7.6775,3174,0
20091231,7.758,7.758,7.758,7.758,14,0
20100104,7.8428,8.0086,7.7624,8.0086,1503,0
20100105,7.9955,7.9955,7.8685,7.9916,6665,0
20100106,7.9916,8.0595,7.7624,8.0425,3799,0
20100107,8.0381,8.0381,7.7963,8.0125,1319,0
20100108,7.8471,7.932,7.8471,7.932,2875,0
20100111,7.932,7.932,7.8898,7.932,1793,0
20100112,7.932,7.932,7.6353,7.6353,8394,0
20100113,7.6353,7.8428,7.6353,7.8428,2526,0
20100114,7.9659,7.9659,7.8641,7.932,3326,0
20100115,7.8898,8.0086,7.8515,7.8898,13117,0
20100118,7.8471,7.9747,7.8471,7.9533,15914,0
20100119,7.9533,7.9955,7.9533,7.9747,3427,0
20100120,7.932,8.6958,7.932,8.6958,37020,0
20100121,8.6912,8.6912,8.4837,8.4877,7610,0
20100122,8.441,8.5046,8.1187,8.2418,7366,0
20100125,8.0595,8.5598,8.0595,8.5598,29572,0
20100126,8.5216,8.5216,8.3989,8.5133,7237,0
20100127,8.0168,8.6064,8.0168,8.4964,11126,0
20100128,8.5259,8.8826,8.5259,8.8826,12986,0
20100129,8.5886,8.6758,8.4841,8.6323,39229,0
20100201,8.8826,8.8826,8.5259,8.674,2473,0
20100202,8.6107,8.8826,8.6107,8.8826,4914,0
20100203,9.0984,9.0984,8.4837,8.6368,4449,0
20100204,8.7384,8.7384,8.6107,8.6785,24602,0
20100205,8.6107,8.6486,8.4837,8.6486,89682,0
20100208,8.4197,8.6532,8.4197,8.6532,12710,0
20100209,8.6532,8.7166,8.6532,8.7166,50116,0
20100210,8.7166,8.9071,8.7166,8.9071,7394,0
20100211,8.9071,8.9116,8.8227,8.9116,8364,0
20100212,8.9071,8.9796,8.9071,8.9796,12248,0
20100215,9.0395,9.0395,8.9071,9.0395,3188,0
20100216,8.9715,9.4167,8.9715,9.4167,21030,0
20100217,9.4249,9.841,9.4167,9.837,27797,0
20100218,9.765,9.832,9.629,9.671,14526,0
20100219,9.607,9.607,9.4593,9.501,7111,0
20100222,9.501,9.548,9.501,9.501,984,0
20100223,9.501,9.501,9.4593,9.4593,4019,0
20100224,9.523,9.544,9.3959,9.4376,3599,0
20100225,9.501,9.501,9.4974,9.4974,1255,0
20100226,9.4249,9.4974,9.3913,9.4167,1168,0
20100301,9.3959,9.3959,8.509,8.9071,4377,0
20100302,9.1619,9.3315,9.0776,9.1619,10071,0
20100303,9.1202,9.141,8.8227,9.141,551039,0
20100304,9.2898,9.3106,9.1202,9.3106,11065,0
20100305,9.3315,9.3315,8.9161,9.3233,38924,0
20100308,9.2934,9.671,8.9497,9.544,76383,0
20100309,9.544,9.544,9.3315,9.544,111941,0
20100310,9.4766,9.884,9.4167,9.799,368081,0
20100311,9.884,10.091,9.799,10.091,201108,0
20100312,10.087,10.596,10.087,10.592,88474,0
20100315,10.392,10.592,10.244,10.587,104423,0
20100316,10.583,10.583,10.358,10.579,15259,0
20100317,10.519,10.859,10.519,10.608,67116,0
20100318,10.392,10.608,10.375,10.6,25006,0
20100319,10.117,10.608,10.117,10.608,14016,0
20100322,10.562,10.608,10.307,10.605,33084,0
20100323,10.562,10.787,10.142,10.766,22713,0
20100324,10.787,10.787,10.223,10.689,10361,0
20100325,10.392,10.689,10.392,10.689,60420,0
20100326,10.766,10.766,10.498,10.498,155283,0
20100329,10.529,10.719,10.269,10.579,32872,0
20100330,10.6,10.605,10.223,10.392,16073,0
20100331,10.547,10.603,10.334,10.394,24275,0
20100401,10.605,10.605,10.057,10.35,56407,0
20100406,10.371,10.371,10.057,10.057,4070,0
20100407,9.939,10.057,9.578,9.671,13577,0
20100408,9.735,9.735,9.4593,9.629,79451,0
20100409,9.735,9.735,9.4675,9.544,4567,0
20100412,9.544,9.692,9.544,9.692,34110,0
20100413,9.748,9.748,9.599,9.692,8771,0
20100414,9.586,9.925,9.586,9.925,9522,0
20100415,9.925,10.392,9.925,9.93,4848,0
20100416,9.968,10.138,9.93,9.93,2770,0
20100419,9.905,9.905,9.3405,9.752,13814,0
20100420,9.607,9.76,9.607,9.713,15273,0
20100421,9.671,9.799,9.671,9.713,14916,0
20100422,9.799,9.799,9.3913,9.3913,16625,0
20100423,9.65,10.051,9.563,9.925,694,0
20100426,9.501,9.922,9.501,9.671,1314,0
20100427,9.586,9.756,9.4213,9.756,16015,0
20100428,9.544,9.544,9.4167,9.544,4409,0
20100429,9.536,9.54,9.4167,9.54,6525,0
20100430,9.637,9.668,9.4149,9.4149,6224,0
20100504,9.4167,9.4249,9.171,9.171,13698,0
20100505,9.1837,9.1837,8.6958,8.9071,10696,0
20100506,8.7801,8.8654,8.3349,8.8654,117673,0
20100507,8.4837,8.6532,8.2714,8.6532,35251,0
20100510,8.8019,9.103,8.8019,9.0984,2379,0
20100511,9.1202,9.1202,8.6958,8.6958,34869,0
20100512,8.7039,8.9071,8.7039,8.7384,36020,0
20100513,8.6577,8.9071,8.5259,8.8654,33458,0
20100514,8.8862,8.8862,8.5385,8.5472,2586,0
20100517,8.5303,8.5472,8.2714,8.4284,44295,0
20100518,8.441,8.5259,8.314,8.3989,4167,0
20100519,8.1695,8.4667,8.1443,8.3519,52388,0
20100520,8.1443,8.314,8.0381,8.0595,172484,0
20100521,8.0595,8.2292,7.8471,7.8898,8635,0
20100524,8.441,8.441,7.9747,8.1782,8960,0
20100525,7.9955,8.1782,7.9747,7.9747,8036,0
20100526,8.1652,8.284,8.1652,8.284,1876,0
20100527,8.2757,8.3053,8.0721,8.284,656478,0
20100528,8.441,8.5177,8.441,8.5177,3379,0
20100531,8.5233,8.645,8.358,8.358,308,0
20100601,8.314,8.5894,8.314,8.5894,9655,0
20100602,8.4837,8.5685,8.4837,8.5685,1441,0
20100604,8.6958,8.6958,8.2714,8.4837,3385,0
20100607,8.4837,8.4837,8.2801,8.4837,1893,0
20100608,8.3776,8.4837,8.3563,8.4837,2368,0
20100609,8.5259,8.5472,8.4877,8.5472,6045,0
20100610,8.6323,8.9669,8.4837,8.7003,7927,0
20100611,8.9116,8.9923,8.7801,8.9071,8907,0
20100614,8.9923,8.9923,8.5555,8.8908,4564,0
20100615,8.8908,8.8908,8.7384,8.7384,441,0
20100616,8.7384,8.7384,8.3349,8.475,1738,0
20100617,8.4754,8.6495,8.0621,8.3841,4424,0
20100618,8.4367,8.4367,8.2249,8.2714,749,0
20100621,8.475,8.475,8.0634,8.1822,4045,0
20100622,8.1822,8.1822,8.0168,8.0678,5376,0
20100623,7.9364,8.0595,7.9364,8.0595,47844,0
20100624,8.0595,8.0634,7.932,8.0168,6700,0
20100625,8.0595,8.0595,7.932,8.0168,1961,0
20100628,8.14,8.2292,8.0168,8.2292,3638,0
20100629,7.8641,8.2588,7.7201,8.2588,5596,0
20100630,7.8968,8.2535,7.8968,8.2448,17346,0
20100701,7.9533,8.2079,7.9533,8.2079,7,0
20100702,7.9747,8.1782,7.9533,8.1782,8059,0
20100705,8.0634,8.2501,8.0634,8.2501,74,0
20100706,8.2501,8.3902,8.2501,8.3902,996,0
20100707,8.3902,8.3902,8.0595,8.3858,3801,0
20100708,8.3819,8.4837,8.1017,8.4837,1319,0
20100709,8.314,8.4837,8.314,8.4837,371,0
20100712,8.4028,8.4028,8.4028,8.4028,189,0
20100713,8.1739,8.3989,7.8685,8.3989,1740,0
20100714,8.4028,8.4028,8.2757,8.3989,4404,0
20100715,8.2757,8.3858,8.2714,8.3776,1289,0
20100716,8.3563,8.3563,8.2292,8.3349,3114,0
20100719,8.2714,8.4028,8.2714,8.4028,1765,0
20100720,8.2753,8.5146,8.1535,8.4841,25402,0
20100721,8.4841,8.4841,8.2317,8.4841,1876,0
20100722,8.4841,8.6622,8.358,8.3754,191559,0
20100723,8.5625,8.5625,8.3623,8.4711,10428,0
20100726,8.4711,8.4711,8.3623,8.4624,8621,0
20100727,8.4449,8.4624,8.4406,8.458,6605,0
20100728,8.645,8.645,8.3797,8.645,4625,0
20100729,8.6622,8.7021,8.645,8.6885,20056,0
20100730,8.6976,8.9062,8.6976,8.9062,19870,0
20100802,8.9189,8.937,8.7928,8.9189,15177,0
20100803,8.7928,8.8753,8.723,8.7883,3911,0
20100804,8.8318,8.8318,8.4406,8.684,10437,0
20100805,8.5146,8.7801,8.5146,8.7665,627,0
20100806,8.7629,8.7629,8.5451,8.5494,22795,0
20100809,8.5494,8.6976,8.4102,8.4146,8968,0
20100810,8.4232,8.6586,8.3014,8.3972,12324,0
20100811,8.6541,8.6541,8.4406,8.4536,12439,0
20100812,8.6323,8.6323,8.3667,8.3972,29261,0
20100813,8.6495,9.2154,8.6187,9.132,259952,0
20100816,9.1365,9.92,9.1365,9.785,108982,0
20100817,10.051,10.421,10.051,10.381,122234,0
20100818,10.486,10.651,10.355,10.377,60696,0
20100819,10.421,10.616,10.363,10.363,37644,0
20100820,10.416,10.416,10.007,10.355,20794,0
20100823,10.438,10.607,10.285,10.446,178014,0
20100824,10.503,10.503,9.4675,9.833,25349,0
20100825,10.003,10.003,9.799,9.885,10579,0
20100826,9.937,9.937,9.572,9.746,11296,0
20100827,9.855,9.855,9.603,9.676,2567,0
20100830,9.702,9.816,9.603,9.785,4623,0
20100831,9.628,9.78,9.615,9.777,9076,0
20100901,9.833,9.833,9.615,9.789,4813,0
20100902,9.799,9.833,9.4412,9.4412,18704,0
20100903,9.4412,9.519,9.1147,9.1365,515218,0
20100906,9.1365,9.3415,9.1147,9.3369,6031,0
20100907,9.594,9.594,9.1365,9.524,1082419,0
20100908,9.572,9.581,9.3324,9.563,8385,0
20100909,9.463,9.777,9.4412,9.755,38342,0
20100910,9.789,9.867,9.646,9.785,76286,0
20100913,9.794,9.794,9.676,9.737,3073,0
20100914,9.785,9.789,9.3632,9.524,17782,0
20100915,9.385,9.615,9.3804,9.594,563507,0
20100916,9.463,9.702,9.4457,9.702,9278,0
20100917,9.707,9.833,9.576,9.833,50932,0
20100920,9.789,9.833,9.733,9.733,11575,0
20100921,9.4367,9.789,9.4367,9.789,25179,0
20100922,9.811,9.811,9.75,9.789,43515,0
20100923,9.833,9.833,9.576,9.789,9998,0
20100924,9.707,9.872,9.707,9.872,32449,0
20100927,9.715,9.833,9.715,9.833,4038,0
20100928,9.833,9.833,9.572,9.659,162201,0
20100929,9.533,9.537,9.528,9.537,2963,0
20100930,9.4548,9.746,9.4548,9.737,29311,0
20101001,9.746,9.746,9.528,9.528,543,0
20101004,9.572,9.615,9.3804,9.615,122175,0
20101005,9.572,9.615,9.4412,9.4847,5149,0
20101006,9.572,9.572,9.507,9.55,11690,0
20101007,9.528,9.563,9.528,9.563,142804,0
20101008,9.4412,9.615,9.4412,9.615,38814,0
20101011,9.615,9.624,9.615,9.615,3137,0
20101012,9.615,9.702,9.528,9.594,8474,0
20101013,9.659,9.659,9.507,9.572,15951,0
20101014,9.637,9.659,9.4412,9.659,16553,0
20101015,9.572,9.572,9.572,9.572,365,0
20101018,9.528,9.572,9.3804,9.572,38992,0
20101019,9.572,9.572,9.141,9.4367,4615,0
20101020,9.4367,9.4367,8.7756,9.3415,32102,0
20101021,9.3587,9.3587,9.0413,9.3496,6932,0
20101022,9.0368,9.3542,8.5755,9.18,199756,0
20101025,9.2018,9.2671,9.0277,9.2671,9093,0
20101026,9.2626,9.2626,9.0322,9.2453,4125,0
20101027,9.1365,9.2453,9.0322,9.2236,4725,0
20101028,9.0322,9.2154,9.0277,9.2154,3868,0
20101029,9.1365,9.2236,9.0585,9.2236,1793,0
20101102,9.1365,9.1365,9.0494,9.132,27289,0
20101103,9.0585,9.0585,8.7493,8.81,69550,0
20101104,8.723,9.132,8.723,8.9624,12653,0
20101105,9.093,9.3542,9.093,9.1147,27001,0
20101108,9.3496,9.3496,9.1147,9.3279,19856,0
20101109,9.3542,9.3542,9.18,9.3324,21557,0
20101110,9.3324,9.3542,9.2236,9.3106,3847,0
20101112,9.3106,9.528,9.2236,9.2281,62822,0
20101115,9.3542,9.3931,9.2281,9.3496,4388,0
20101116,9.3369,9.3369,9.2018,9.2018,54273,0
20101117,9.1891,9.1891,8.9842,9.0494,7904,0
20101118,9.1365,9.1365,8.7447,8.8536,9504,0
20101119,8.8799,8.9189,8.6147,8.7447,14834,0
20101122,8.7883,8.7883,8.6147,8.7021,22982,0
20101123,8.6147,8.7021,8.5276,8.6147,91677,0
20101124,8.6147,8.7021,8.297,8.4406,16718,0
20101125,8.4406,8.4406,8.1143,8.2666,9959,0
20101126,8.3536,8.3536,8.1361,8.1796,13572,0
20101129,8.3449,8.3449,7.9838,8.0925,27443,0
20101130,8.0708,8.2014,8.0577,8.0708,14308,0
20101201,8.1361,8.2666,8.0925,8.2666,10166,0
20101202,8.3319,8.4841,8.0056,8.2188,26700,0
20101203,8.2666,8.3101,8.049,8.3101,39503,0
20101206,8.3972,8.771,8.3972,8.684,22993,0
20101207,8.7148,8.7846,8.684,8.7021,35471,0
20101208,8.7021,8.7021,8.3972,8.4798,10965,0
20101209,8.4406,8.6541,8.3972,8.4841,41120,0
20101210,8.4406,8.5189,8.3754,8.5189,2802,0
20101213,8.5276,8.6976,8.4406,8.4406,4314,0
20101214,8.4449,8.4841,8.3797,8.4189,12106,0
20101215,8.4102,8.4102,8.297,8.3754,4432,0
20101216,8.3754,8.3754,8.0447,8.049,71826,0
20101217,8.0925,8.0925,8.049,8.049,21513,0
20101220,8.2188,8.3536,8.049,8.049,13492,0
20101221,8.2231,8.2231,7.9229,8.0925,12335,0
20101222,8.0882,8.2014,7.962,8.1796,30077,0
20101223,8.1796,8.2144,8.0708,8.2101,8711,0
20101227,8.3101,8.3101,8.2101,8.3101,26466,0
20101228,8.2231,8.3101,7.8793,8.3101,15974,0
20101229,8.1361,8.2535,8.1361,8.2492,23170,0
20101230,8.2492,8.2666,8.1622,8.197,25445,0
20101231,8.4841,8.5059,8.2666,8.4362,58035,0
20110103,8.4841,8.4841,8.2883,8.3972,8263,0
20110104,8.4015,8.4798,8.2666,8.2666,11515,0
20110105,8.3101,8.3101,8.1665,8.3101,7088,0
20110107,8.3101,8.3536,8.1578,8.1578,8538,0
20110110,8.1578,8.1578,7.8316,7.9142,13133,0
20110111,7.9185,7.9403,7.9055,7.9185,6052,0
20110112,8.11,8.1361,7.9751,8.1143,3192,0
20110113,8.0708,8.1752,8.0708,8.1752,3368,0
20110114,8.1752,8.1796,8.049,8.1796,10368,0
20110117,8.2014,8.5712,8.049,8.3406,206257,0
20110118,8.3972,8.606,8.1578,8.4624,13498,0
20110119,8.5886,8.5886,8.3188,8.3493,2158,0
20110120,8.4624,8.4798,8.3188,8.4798,820,0
20110121,8.5059,8.5059,8.2666,8.4667,14045,0
20110124,8.2666,8.4841,8.2231,8.4841,7635,0
20110125,8.5059,8.5842,8.3972,8.5668,7959,0
20110126,8.5842,8.5842,8.4015,8.5842,2870,0
20110127,8.5842,8.606,8.4232,8.5929,7582,0
20110128,8.4885,8.5886,8.3101,8.5625,7224,0
20110131,8.3841,8.5625,8.3101,8.5581,2476,0
20110201,8.3972,8.5581,8.3972,8.3972,2531,0
20110202,8.3275,8.4536,8.049,8.297,16504,0
20110203,8.2666,8.284,8.184,8.2231,6005,0
20110204,8.2666,8.2666,8.1361,8.1361,5651,0
20110207,8.1012,8.2535,8.0925,8.2535,3693,0
20110208,8.1056,8.2579,8.1056,8.2231,6730,0
20110209,8.1143,8.2927,8.1012,8.2535,2368,0
20110210,8.2448,8.2535,8.049,8.2404,10997,0
20110211,8.2404,8.2404,8.049,8.2404,4047,0
20110214,8.0969,8.2622,8.0969,8.2448,655,0
20110215,8.0969,8.1143,8.0143,8.049,8040,0
20110216,8.0317,8.0838,7.9185,7.962,7661,0
20110217,7.962,7.962,7.4965,7.6358,18378,0
20110218,7.6358,7.8098,7.6358,7.7401,4845,0
20110221,7.701,7.7445,7.6574,7.7445,9359,0
20110222,7.8272,7.8316,7.6358,7.8316,6677,0
20110223,7.6618,7.8316,7.6271,7.8228,1982,0
20110224,7.788,7.788,7.6618,7.7837,12775,0
20110225,7.6184,7.8272,7.6184,7.7837,2084,0
20110228,7.7445,7.9359,7.5922,7.5922,13933,0
20110301,7.6401,7.7445,7.5922,7.614,16178,0
20110302,7.7837,7.788,7.6401,7.6401,2529,0
20110303,7.7227,7.788,7.6271,7.775,10085,0
20110304,7.7227,7.7227,7.4052,7.7184,5013,0
20110307,7.7445,7.8316,7.4878,7.8316,17433,0
20110308,7.614,7.7314,7.5313,7.6574,5303,0
20110309,7.6574,7.7445,7.6184,7.7227,4023,0
20110310,7.701,7.701,7.5356,7.6792,10938,0
20110311,7.6792,7.6792,7.5356,7.6661,9433,0
20110314,7.5705,7.6574,7.5487,7.6574,23598,0
20110315,7.6618,7.6618,7.5008,7.5661,5227,0
20110316,7.5269,7.5661,7.5269,7.5269,8688,0
20110317,7.5618,7.8316,7.5618,7.8316,19092,0
20110318,7.8272,7.8316,7.6879,7.6879,15832,0
20110321,7.6314,7.7706,7.5705,7.7706,20707,0
20110322,7.7445,7.7445,7.6184,7.701,243551,0
20110323,7.6618,7.7619,7.6618,7.7619,158216,0
20110324,7.6748,7.788,7.6661,7.788,12032,0
20110325,7.8272,8.0012,7.788,7.8663,17854,0
20110328,7.7924,7.8272,7.7663,7.8141,21778,0
20110329,7.7619,7.788,7.6661,7.788,13110,0
20110330,7.8054,7.8054,7.7227,7.8054,6491,0
20110331,7.8098,7.8098,7.7227,7.7227,8631,0
20110401,7.8098,7.888,7.7227,7.888,127302,0
20110404,7.9098,7.9185,7.8098,7.9185,13588,0
20110405,7.9185,7.9185,7.788,7.9142,7879,0
20110406,7.875,7.9185,7.788,7.9142,6270,0
20110407,7.9185,7.9185,7.8403,7.9055,6295,0
20110408,7.8445,7.9055,7.8403,7.875,9971,0
20110411,7.7924,7.8837,7.7488,7.7488,10260,0
20110412,7.788,7.788,7.6358,7.788,11419,0
20110413,7.788,7.8316,7.6358,7.6531,28781,0
20110414,7.6358,7.6574,7.6009,7.6096,5496,0
20110415,7.614,7.7663,7.5748,7.7532,2798,0
20110418,7.7532,7.7532,7.5313,7.5705,5125,0
20110419,7.5356,7.7445,7.5313,7.6574,4265,0
20110420,7.7314,7.7314,7.5487,7.6531,3271,0
20110421,7.7227,7.7227,7.5313,7.614,7847,0
20110426,7.614,7.614,7.4008,7.5226,15105,0
20110427,7.4834,7.5226,7.44,7.44,3826,0
20110428,7.4834,7.6096,7.4834,7.4834,7798,0
20110429,7.453,7.5008,7.453,7.4747,2156,0
20110502,7.4573,7.4965,7.4573,7.4965,3400,0
20110504,7.5008,7.5008,7.4704,7.5008,1191,0
20110505,7.5008,7.6096,7.4616,7.6053,1013,0
20110506,7.4616,7.4616,7.3964,7.3964,13104,0
20110509,7.3616,7.3616,7.1789,7.2442,3468,0
20110510,7.3094,7.3094,7.0875,7.0875,5509,0
20110511,7.0918,7.1789,6.7655,6.8743,19796,0
20110512,6.9613,6.9613,6.5262,6.6133,17589,0
20110513,6.5698,6.9613,6.4044,6.4697,38328,0
20110516,6.5262,6.5262,6.1216,6.1782,14163,0
20110517,6.0912,6.0912,5.9171,5.9867,49453,0
20110518,6.0042,6.0433,5.7474,6.0042,18049,0
20110519,6.0433,6.4219,6.0433,6.4088,142658,0
20110520,6.4784,6.5654,6.0695,6.4001,15491,0
20110523,6.1347,6.2435,6.0042,6.2217,10348,0
20110524,6.2217,6.3217,5.9215,6.3087,3466,0
20110525,6.2956,6.2956,6.0912,6.0912,14956,0
20110526,6.2827,6.2827,5.9258,6.0782,10037,0
20110527,6.0825,6.3087,6.0825,6.2652,36111,0
20110530,6.3043,6.3043,6.1782,6.1825,3832,0
20110531,6.2956,6.2956,6.1782,6.1999,13549,0
20110601,6.2956,6.2956,6.0477,6.1347,13960,0
20110602,6.0477,6.2217,6.0042,6.0695,3523,0
20110603,6.0477,6.0477,5.7866,5.8911,25784,0
20110606,5.8954,5.9345,5.6605,5.8432,25064,0
20110607,5.8432,5.8432,5.6692,5.7431,16206,0
20110608,5.7431,5.7431,5.6779,5.7213,5698,0
20110609,5.6692,5.7431,5.3646,5.6474,19033,0
20110610,5.4603,5.6343,5.456,5.5038,8964,0
20110613,5.5691,5.8475,5.3341,5.6692,10754,0
20110614,5.6561,5.7431,5.4255,5.4908,36622,0
20110615,5.6518,5.6518,5.4168,5.4864,4562,0
20110616,5.4821,5.5169,5.395,5.4081,438440,0
20110617,5.5821,6.0477,5.3515,6.0433,22722,0
20110620,5.6561,5.9955,5.6561,5.7431,714377,0
20110621,5.9127,5.9127,5.6822,5.7648,106917,0
20110622,5.7387,5.9171,5.7387,5.9171,125387,0
20110624,5.6822,5.9171,5.6822,5.7213,8387,0
20110627,5.6996,5.8519,5.6561,5.7431,10830,0
20110628,5.6561,5.8084,5.6561,5.6648,20722,0
20110629,5.6996,5.8606,5.6779,5.7779,11515,0
20110630,5.8432,5.8737,5.6996,5.6996,20453,0
20110701,5.7866,5.8737,5.5691,5.6996,63652,0
20110704,5.6561,5.6561,5.5691,5.5691,27047,0
20110705,5.7083,5.7083,5.4821,5.5255,9908,0
20110706,5.6561,5.6561,5.221,5.2863,16015,0
20110707,5.395,5.5169,5.3168,5.4386,2128,0
20110708,5.3211,5.395,5.3211,5.395,23590,0
20110711,5.4386,5.4386,5.1427,5.4168,44141,0
20110712,5.0383,5.4734,5.0383,5.4734,24597,0
20110713,5.4734,5.5691,5.3776,5.556,12800,0
20110714,5.6431,5.6431,5.5952,5.5952,1914,0
20110715,5.5255,5.5255,5.3776,5.5255,7302,0
20110718,5.3994,5.5212,5.2645,5.4821,960,0
20110719,5.2602,5.4821,5.2602,5.4821,223867,0
20110720,5.4777,5.5647,5.4777,5.5647,7521,0
20110721,5.4386,5.5691,5.2602,5.5691,30151,0
20110722,5.3994,5.5647,5.395,5.5603,2859,0
20110725,5.5603,5.5603,5.4821,5.5038,1522,0
20110726,5.5038,5.5647,5.5038,5.5038,36791,0
20110727,5.3384,5.5038,5.3341,5.5038,6424,0
20110728,5.2384,5.4821,5.2384,5.4821,232105,0
20110729,5.2863,5.5734,5.2863,5.5734,10506,0
20110801,5.5734,5.5995,5.5516,5.5647,7644,0
20110802,5.5299,5.5952,5.2906,5.4124,9003,0
20110803,5.3211,5.3254,5.0513,5.0513,7580,0
20110804,5.5603,5.5603,4.8991,4.9599,11735,0
20110805,4.712,4.9556,4.6772,4.9121,7989,0
20110808,4.6859,4.873,4.2638,4.2638,25614,0
20110809,4.2769,4.538,3.968,3.9897,37427,0
20110810,4.2812,4.2856,3.4807,3.6982,29404,0
20110811,3.7026,3.7852,3.4371,3.7722,17426,0
20110812,3.7852,3.9114,3.6939,3.7418,142113,0
20110816,3.6939,3.8287,3.5721,3.6939,27755,0
20110817,3.585,3.8244,3.5808,3.7808,19520,0
20110818,3.7808,3.7852,3.4197,3.4763,19321,0
20110819,3.7374,3.7374,3.2718,3.4589,10563,0
20110822,3.5198,3.5242,3.4676,3.4807,122756,0
20110823,3.5547,3.559,3.4807,3.5198,6026,0
20110824,3.5286,3.5286,3.4807,3.4807,205181,0
20110825,3.546,3.5503,3.4807,3.5155,21159,0
20110826,3.485,3.5329,3.3545,3.5329,4733,0
20110829,3.5416,4.2421,3.5373,3.9245,48938,0
20110830,4.2029,4.2421,3.8897,3.9114,16625,0
20110831,3.9158,3.9158,3.7374,3.9027,19022,0
20110901,3.9984,4.0376,3.7592,3.8461,89298,0
20110902,4.0202,4.0202,3.6155,3.6329,6116,0
20110905,3.6329,3.6678,3.5024,3.5068,20601,0
20110906,3.5677,3.6329,3.4807,3.4807,14370,0
20110907,3.7982,3.7982,3.4154,3.559,24147,0
20110908,3.546,3.5547,3.4502,3.4502,29659,0
20110909,3.5198,3.5198,3.4284,3.4807,60528,0
20110912,3.5024,3.5024,3.3589,3.3936,8720,0
20110913,3.5111,3.5111,3.1805,3.2675,8644,0
20110914,3.2109,3.3458,3.2065,3.3066,21587,0
20110915,3.3719,3.5111,3.311,3.3545,8481,0
20110916,3.4763,3.5111,3.3545,3.472,9013,0
20110919,3.4763,3.4763,3.2849,3.4763,2302,0
20110920,3.5111,3.82,3.5111,3.5503,11991,0
20110921,3.5416,3.807,3.3936,3.4197,9304,0
20110922,3.6025,3.6025,3.4502,3.4807,3016,0
20110923,3.5155,3.5155,3.2675,3.4807,5185,0
20110926,3.2675,3.5198,3.2675,3.3763,20410,0
20110927,3.3502,3.4589,3.2283,3.2762,5054,0
20110928,3.2326,3.3458,3.1761,3.2152,14645,0
20110929,3.3458,3.3458,3.1674,3.1674,9617,0
20110930,3.1674,3.2152,3.1022,3.2152,9159,0
20111003,3.2152,3.2152,3.1978,3.1978,1321,0
20111004,3.2109,3.2109,3.0499,3.1326,2552,0
20111005,3.1109,3.1109,3.002,3.0847,3953,0
20111006,3.2152,3.2196,3.0891,3.0891,5801,0
20111007,3.0847,3.0847,3.0456,3.0717,2183,0
20111010,3.0978,3.0978,3.002,3.0673,12852,0
20111011,3.0543,3.0543,3.0064,3.0499,14563,0
20111012,3.0282,3.0456,2.9586,3.0456,24851,0
20111013,3.2414,3.2414,3.0238,3.1065,404309,0
20111014,3.0717,3.385,3.0456,3.3502,566313,0
20111017,3.3066,3.5242,3.3066,3.4981,30592,0
20111018,3.4807,3.6939,3.4807,3.5068,8548,0
20111019,3.6547,3.6547,3.485,3.5721,16163,0
20111020,3.485,3.5416,3.472,3.472,394384,0
20111021,3.3632,3.5894,3.3632,3.4589,139145,0
20111024,3.4458,3.6808,3.4458,3.5242,2817,0
20111025,3.5198,3.6068,3.5155,3.546,9176,0
20111026,3.5329,3.8287,3.5329,3.8287,25365,0
20111027,3.8287,3.9071,3.6939,3.7026,12138,0
20111028,3.8853,3.8853,3.6373,3.7635,16468,0
20111031,3.6895,3.6895,3.6895,3.6895,229,0
20111102,3.5677,3.6329,3.4981,3.6286,22272,0
20111103,3.6068,3.7418,3.6068,3.6939,4949,0
20111104,3.659,3.659,3.5677,3.6503,6914,0
20111107,3.646,4.0854,3.6416,4.0202,422146,0
20111108,4.0027,4.1246,3.9723,4.1159,4303,0
20111109,4.1029,4.1116,3.8287,3.8505,54858,0
20111110,3.8505,3.9506,3.7765,3.9462,54099,0
20111114,3.9506,3.9984,3.9158,3.9158,1333,0
20111115,3.5286,3.955,3.5286,3.955,7661,0
20111116,3.8287,3.9853,3.8287,3.9853,5045,0
20111117,4.0854,4.0854,3.7461,3.9027,5893,0
20111118,3.7461,3.9071,3.7461,3.8287,3889,0
20111121,3.8897,3.9071,3.8287,3.9071,9795,0
20111122,3.807,3.8505,3.807,3.8374,6401,0
20111123,3.8287,3.8331,3.8244,3.8287,11478,0
20111124,3.8374,3.8897,3.72,3.8897,8385,0
20111125,3.9027,3.9027,3.881,3.8853,1537,0
20111128,3.9114,3.9158,3.6982,3.8461,14652,0
20111129,3.8461,3.8505,3.6982,3.6982,10768,0
20111130,3.6982,3.7069,3.6982,3.6982,10009,0
20111201,3.7852,3.7852,3.4937,3.6939,6560,0
20111202,3.6939,3.733,3.5677,3.733,7205,0
20111205,3.7418,3.9158,3.7418,3.9114,14467,0
20111206,3.9071,3.9071,3.8026,3.8026,1081,0
20111207,3.7461,3.8287,3.7461,3.8287,6555,0
20111208,3.8287,3.8722,3.659,3.7852,5176,0
20111209,3.7418,3.8722,3.6808,3.8287,9725,0
20111212,3.7592,3.8679,3.7548,3.7852,1756,0
20111213,3.8635,3.8635,3.7461,3.7982,1397,0
20111214,3.7505,3.7722,3.6939,3.7374,1113,0
20111215,3.72,3.8244,3.485,3.6416,5109,0
20111216,3.5329,3.5677,3.3328,3.4807,30206,0
20111219,3.5068,3.5242,3.4328,3.4328,147181,0
20111220,3.4067,3.4328,3.311,3.3197,3413,0
20111221,3.3023,3.3066,3.2675,3.3066,30148,0
20111222,3.1849,3.3066,3.1805,3.3023,16678,0
20111223,3.2457,3.3328,3.1805,3.3328,58382,0
20111227,3.3154,3.3328,3.2501,3.3284,14645,0
20111228,3.2849,3.6068,3.2849,3.6068,26547,0
20111229,3.4894,3.5894,3.485,3.5894,7178,0
20111230,3.4894,3.9419,3.485,3.9419,16254,0
20120102,3.9158,3.9158,3.6547,3.8157,282,0
20120103,3.5764,3.807,3.5677,3.8026,6916,0
20120104,3.7418,3.7418,3.7418,3.7418,229,0
20120105,3.7374,3.7808,3.7374,3.7808,241,0
20120109,3.6982,3.6982,3.6982,3.6982,195,0
20120110,3.6721,3.6982,3.5981,3.6982,1522,0
20120111,3.6721,3.6721,3.5547,3.6721,996,0
20120112,3.6721,3.6721,3.6721,3.6721,575,0
20120113,3.6765,3.8722,3.6721,3.8722,9229,0
20120116,3.8244,3.8287,3.72,3.8244,234231,0
20120117,3.8287,4.0854,3.8287,3.981,32707,0
20120118,4.0114,4.1029,3.9897,4.0898,26795,0
20120119,4.0898,4.477,4.0898,4.4553,140389,0
20120120,4.3509,4.5249,4.3074,4.4814,54288,0
20120123,4.477,4.7163,4.3987,4.6989,14340,0
20120124,4.6946,5.0035,4.6772,4.9773,80814,0
20120125,4.9339,4.9556,4.638,4.7425,5422,0
20120126,4.8512,4.873,4.6641,4.873,2949,0
20120127,4.7946,5.0035,4.725,4.7859,11703,0
20120130,4.7859,4.7859,4.5467,4.6554,6781,0
20120131,4.651,4.7859,4.6119,4.7859,30716,0
20120201,4.7859,4.7859,4.6859,4.7511,8097,0
20120202,4.6902,4.7554,4.6859,4.7554,1726,0
20120203,4.7467,4.7815,4.6859,4.7772,5325,0
20120206,4.7772,4.7815,4.7033,4.7772,1880,0
20120207,4.7815,4.8555,4.6554,4.8555,7008,0
20120208,4.7207,4.8033,4.6989,4.7641,7442,0
20120209,4.6815,4.6815,4.6728,4.6772,2259,0
20120210,4.6336,4.7381,4.5945,4.7381,5452,0
20120213,4.7381,4.7381,4.6336,4.6336,1439,0
20120214,4.6119,4.8381,4.5945,4.8381,15857,0
20120215,5.3081,5.6518,5.0992,5.5691,66415,0
20120216,5.5429,5.7474,5.5255,5.7474,146367,0
20120217,5.7953,6.0782,5.7953,6.0477,162996,0
20120220,6.0477,6.0477,5.9302,5.9606,4999,0
20120221,5.9171,6.0477,5.9171,6.0433,119214,0
20120222,5.8432,6.0346,5.8084,6.0042,108600,0
20120223,5.9606,5.9606,5.6561,5.865,3705,0
20120224,5.6822,5.8693,5.6822,5.8693,922,0
20120227,5.8519,5.9563,5.6822,5.9563,123988,0
20120228,5.791,6.0477,5.791,6.0477,63540,0
20120229,5.9606,5.9606,5.7866,5.7866,16383,0
20120301,5.9606,5.9911,5.8824,5.9911,3905,0
20120302,5.9911,6.0477,5.9084,5.9084,7741,0
20120305,6.0477,6.0477,5.8084,5.8606,80957,0
20120306,5.8301,6.0477,5.7779,5.7823,15027,0
20120307,5.7823,5.8301,5.7213,5.8301,9943,0
20120308,5.8519,6.0259,5.8519,6.0259,4013,0
20120309,5.9171,6.0259,5.8737,5.9215,6070,0
20120312,5.8954,5.9171,5.7997,5.8301,2592,0
20120313,5.9563,6.0042,5.9563,6.0042,3211,0
20120314,6.0042,6.7003,6.0042,6.5045,108039,0
20120315,6.5262,6.5262,6.3087,6.4697,10539,0
20120316,6.5611,6.5611,6.374,6.4393,7550,0
20120319,6.448,6.548,6.2261,6.548,22611,0
20120320,6.4741,6.548,6.461,6.5262,16408,0
20120321,6.5262,7.0397,6.4828,6.5219,52848,0
20120322,6.7438,6.7438,6.0695,6.4306,15684,0
20120323,6.387,6.7873,6.387,6.7307,5020,0
20120326,6.7307,6.7438,6.3957,6.6828,13889,0
20120327,6.6959,6.6959,6.4393,6.6307,3374,0
20120328,6.5262,6.7003,6.1347,6.7003,16192,0
20120329,6.5698,6.6959,6.374,6.6133,15794,0
20120330,6.6481,6.6481,6.3957,6.5872,6607,0
20120402,6.5698,6.5698,6.1782,6.3043,10191,0
20120403,6.461,6.461,6.2217,6.3087,8409,0
20120404,6.1999,6.3087,5.7953,6.0912,30001,0
20120405,6.0912,6.0912,5.7387,5.7387,11934,0
20120410,5.5734,5.5734,5.2863,5.3341,71485,0
20120411,5.221,5.6561,5.1383,5.6561,78221,0
20120412,5.6082,5.8737,5.4908,5.8737,147252,0
20120413,5.8737,5.8737,5.6561,5.7431,1335,0
20120416,5.6561,5.8258,5.5255,5.8258,72471,0
20120417,5.8214,5.8432,5.6561,5.8301,4515,0
20120418,5.8301,5.8388,5.6213,5.8345,3972,0
20120419,5.8432,5.8432,5.5255,5.5255,6948,0
20120420,5.8301,5.8301,5.456,5.5691,98988,0
20120423,5.6953,5.6953,5.1339,5.5169,114072,0
20120424,5.1775,5.4995,5.1383,5.4995,24701,0
20120425,5.4995,5.6953,5.4821,5.6561,75875,0
20120426,5.7866,5.7866,5.4516,5.6779,5668,0
20120427,5.7648,5.8519,5.6779,5.8519,9339,0
20120430,5.9824,6.0042,5.9606,6.0042,1338,0
20120502,5.878,5.9563,5.7431,5.9563,1193,0
20120504,5.9345,5.9389,5.7213,5.9389,8587,0
20120507,5.6866,5.9171,5.6866,5.9171,28914,0
20120508,5.8127,5.9127,5.804,5.9127,5560,0
20120509,5.7692,5.8737,5.7083,5.8737,16362,0
20120510,5.8301,5.8737,5.6561,5.6561,6406,0
20120511,5.5734,5.7823,5.5734,5.7387,878,0
20120514,5.6561,5.6561,5.4386,5.4386,24082,0
20120515,5.7431,5.7431,5.3297,5.4777,1016,0
20120516,5.3559,5.3863,5.2471,5.3211,13397,0
20120517,5.4386,5.4386,5.1339,5.221,11457,0
20120518,5.6126,5.6126,5.2254,5.4386,1986,0
20120521,5.3515,5.5212,5.2645,5.5212,3866,0
20120522,5.3646,5.6518,5.3646,5.6343,1708,0
20120523,5.5255,5.6474,5.4734,5.556,2165,0
20120524,5.4821,5.4821,5.2863,5.395,9366,0
20120525,5.3081,5.395,5.1862,5.2167,24023,0
20120528,5.1123,5.4211,5.0252,5.1557,11630,0
20120529,4.973,5.2167,4.9252,5.2167,4602,0
20120530,5.0731,5.0774,5.0731,5.0774,9148,0
20120531,5.1339,5.221,4.6989,5.221,29739,0
20120601,5.0078,5.221,4.7903,4.7903,13057,0
20120604,4.7815,5.2428,4.7467,4.7859,17029,0
20120605,4.8947,4.8947,4.6119,4.7425,13498,0
20120606,4.6119,5.047,4.6119,5.047,40172,0
20120608,5.047,5.221,4.799,5.2123,18640,0
20120611,5.0339,5.1992,4.9643,5.1949,11641,0
20120612,5.0557,5.1775,5.0252,5.0296,153497,0
20120613,4.9295,5.1339,4.873,5.1339,75606,0
20120614,5.0557,5.221,4.8773,4.8773,83211,0
20120615,5.0426,5.221,5.0165,5.221,40293,0
20120618,5.221,5.395,5.221,5.3081,68354,0
20120619,5.3081,5.3081,5.1992,5.3081,37248,0
20120620,5.3081,5.3341,5.1775,5.221,61473,0
20120621,5.0949,5.2167,5.0949,5.2079,5613,0
20120622,5.5038,5.5038,5.121,5.1339,5748,0
20120625,5.0905,5.221,4.9599,4.9599,2315,0
20120626,4.9165,4.9165,4.7903,4.9165,132152,0
20120627,4.638,4.8686,4.638,4.6989,15809,0
20120628,4.8642,4.8642,4.3509,4.5162,92631,0
20120629,4.5596,4.564,4.4161,4.4248,13053,0
20120702,4.3552,4.4378,4.3117,4.3248,180452,0
20120703,4.2856,4.5467,4.1898,4.5467,50956,0
20120704,4.6336,4.6336,4.3943,4.6119,4236,0
20120705,4.4596,4.4596,4.3509,4.3509,13439,0
20120706,4.3509,4.4335,4.2595,4.2595,6417,0
20120709,4.3291,4.3291,4.2421,4.3074,12283,0
20120710,4.5553,4.6554,4.3509,4.4335,7398,0
20120711,4.4248,4.4248,4.3465,4.3465,17346,0
20120712,4.3465,4.3465,4.0027,4.0245,46720,0
20120713,4.3509,4.3509,3.9637,3.9637,55288,0
20120716,4.3117,4.3465,4.068,4.3465,3882,0
20120717,4.2856,4.7425,4.2856,4.6119,14142,0
20120718,4.6119,4.9773,4.6119,4.7859,196890,0
20120719,4.9556,4.9599,4.7903,4.7903,9214,0
20120720,4.7946,4.9165,4.7946,4.9165,1613,0
20120723,4.8599,4.8599,4.5683,4.5683,54881,0
20120724,4.4814,4.8207,4.3726,4.8207,8924,0
20120725,4.4596,4.651,4.4596,4.651,56127,0
20120726,4.651,4.7772,4.6032,4.7772,23363,0
20120727,4.6336,4.8077,4.6336,4.7815,3305,0
20120730,4.6815,4.6815,4.5249,4.6075,9922,0
20120731,4.5162,4.5683,4.4553,4.5553,118186,0
20120801,4.5293,4.5293,4.5249,4.5249,7994,0
20120802,4.4378,4.4378,4.4161,4.4378,38606,0
20120803,4.3595,4.6119,4.3509,4.4378,27489,0
20120806,4.5249,4.5249,4.3552,4.5162,2408,0
20120807,4.4378,4.4378,4.3943,4.4335,1694,0
20120808,4.5945,4.5945,4.3509,4.3509,5730,0
20120809,4.3509,4.3509,4.3509,4.3509,23715,0
20120810,4.3509,4.3509,4.0811,4.1333,94214,0
20120813,4.3422,4.3509,4.1203,4.1203,12699,0
20120814,4.2377,4.3074,4.0158,4.1377,70283,0
20120816,4.0593,4.3291,4.0463,4.1507,108894,0
20120817,4.2638,4.3161,4.1507,4.3161,2508,0
20120820,4.2638,4.4509,4.2551,4.3943,7268,0
20120821,4.3987,4.651,4.3987,4.651,32945,0
20120822,4.6772,4.6772,4.5683,4.6119,2172,0
20120823,4.6685,5.0035,4.6554,4.9382,29422,0
20120824,4.9382,5.0252,4.8294,5.0252,9081,0
20120827,5.0644,5.3037,5.0644,5.2906,187212,0
20120828,5.2994,5.2994,5.147,5.221,20052,0
20120829,5.1818,5.221,5.1818,5.221,4401,0
20120830,5.0818,5.1818,5.0818,5.1731,47324,0
20120831,5.1557,5.1557,5.1339,5.1339,23253,0
20120903,5.3733,5.3733,5.0905,5.1644,69543,0
20120904,5.2297,5.2297,5.1339,5.1601,33003,0
20120905,5.0949,5.2645,4.9817,4.9817,20111,0
20120906,4.9773,4.9773,4.712,4.9078,10334,0
20120907,5.0383,5.0905,4.8338,5.0905,186809,0
20120910,5.047,5.1339,5.047,5.1339,19026,0
20120911,5.1339,5.2079,5.1297,5.2079,9612,0
20120912,5.1775,5.3081,5.1775,5.3037,152302,0
20120913,5.3037,5.3037,5.2645,5.2645,13284,0
20120914,5.2645,5.395,5.2645,5.3081,19394,0
20120917,5.3081,5.4342,5.3081,5.4124,12413,0
20120918,5.4124,5.7997,5.395,5.7213,148165,0
20120919,5.8475,5.865,5.7648,5.8519,44467,0
20120920,5.8693,5.8693,5.6996,5.7866,49728,0
20120921,5.8475,5.8737,5.791,5.8693,6198,0
20120924,5.8737,5.9606,5.8301,5.9171,43138,0
20120925,5.8563,5.9998,5.8563,5.9998,66256,0
20120926,6.0042,6.1303,6.0042,6.1303,55865,0
20120927,6.0695,6.2043,6.0695,6.1999,195894,0
20120928,6.1999,6.1999,5.8737,5.8737,9706,0
20121001,6.0346,6.0346,5.8301,5.9127,2181,0
20121002,5.8214,6.0346,5.8214,6.0346,13007,0
20121003,6.0042,6.0825,6.0042,6.0042,118446,0
20121004,6.0869,6.0869,5.9824,5.9824,8472,0
20121005,5.9606,6.1782,5.9606,6.0956,97298,0
20121008,6.1042,6.1564,6.0216,6.1434,2817,0
20121009,6.0303,6.0912,6.0042,6.0042,8460,0
20121010,6.0477,6.0477,5.9824,6.0129,8608,0
20121011,6.0433,6.1347,6.0433,6.1347,63197,0
20121012,6.1564,6.1564,6.0564,6.0912,80210,0
20121015,6.1347,6.1782,6.1347,6.1782,11987,0
20121016,6.2478,6.5175,6.2478,6.3783,38494,0
20121017,6.3522,6.3522,6.1347,6.3087,7502,0
20121018,6.1172,6.2956,6.1172,6.2652,5916,0
20121019,6.1347,6.2565,6.0956,6.1172,5300,0
20121022,6.1172,6.1172,6.0042,6.0912,11849,0
20121023,5.7779,6.2652,5.7779,6.0912,21903,0
20121024,6.0912,6.1347,5.8345,6.0912,9062,0
20121025,6.1521,6.213,6.1521,6.213,721,0
20121026,6.0912,6.1303,6.0912,6.0912,55216,0
20121029,6.0912,6.0956,5.9084,6.0956,5935,0
20121030,5.9519,6.1347,5.9519,6.0912,5227,0
20121031,6.0869,6.2652,6.0869,6.1129,8352,0
20121102,6.2652,6.4784,6.0912,6.4175,1048,0
20121105,6.3957,6.4567,6.2348,6.374,827,0
20121106,6.4349,6.4349,6.374,6.374,34,0
20121107,6.1564,6.3043,5.7387,6.0912,36223,0
20121108,5.9171,6.0651,5.7474,6.0651,6493,0
20121109,6.1347,6.1347,6.0477,6.0477,598,0
20121112,5.7953,6.1216,5.7953,6.1172,30001,0
20121113,6.0477,6.0912,5.9215,6.0869,37061,0
20121114,6.1521,6.2652,6.0477,6.2609,239945,0
20121115,6.2217,6.2261,6.1521,6.2217,2825,0
20121116,6.0956,6.3087,6.0956,6.3087,386,0
20121119,6.1782,6.2696,5.9432,6.2609,7743,0
20121120,6.0912,6.2609,6.0912,6.1129,2739,0
20121121,6.1172,6.2609,5.9563,5.9563,5038,0
20121122,5.9084,6.1521,5.8258,6.1521,11147,0
20121123,6.0042,6.1434,6.0042,6.1216,5748,0
20121126,6.0912,6.1434,6.0695,6.1434,655,0
20121127,6.0998,6.3087,6.0956,6.1172,4542,0
20121128,6.2609,6.2609,6.039,6.1738,1016,0
20121129,6.1825,6.2652,6.1825,6.2652,6571,0
20121130,6.039,6.2217,6.039,6.1782,15698,0
20121203,5.6605,6.0912,5.0949,6.0912,85475,0
20121204,5.9432,6.0869,5.9432,6.0869,12977,0
20121205,5.9867,6.1259,5.9867,6.0477,2526,0
20121206,5.9389,6.1303,5.9258,6.1303,18289,0
20121207,5.9389,6.1303,5.9389,6.1259,6010,0
20121210,6.0869,6.1782,6.0869,6.1782,9416,0
20121211,6.1956,6.1956,6.0695,6.1956,6215,0
20121212,6.0912,6.1956,6.0912,6.1434,23664,0
20121213,6.0912,6.4175,6.0912,6.3957,17727,0
20121214,6.2348,6.3914,6.2348,6.3304,2218,0
20121217,6.1172,6.2217,6.1172,6.1347,4399,0
20121218,6.1564,6.1608,6.1347,6.1347,43157,0
20121219,6.1564,6.3087,6.1564,6.3087,59993,0
20121220,6.3217,6.3217,6.1521,6.3,78284,0
20121221,6.139,6.3957,6.139,6.3261,20222,0
20121227,6.3087,6.6568,6.3087,6.5175,17068,0
20121228,6.5262,6.5698,6.4393,6.4393,2283,0
20130102,6.5262,6.6525,6.4828,6.6525,10614,0
20130103,6.5741,6.6959,6.5741,6.622,7840,0
20130104,6.6133,6.6786,6.5262,6.6786,51645,0
20130107,6.6786,6.7438,6.5262,6.5262,9422,0
20130108,6.5045,6.6786,6.4828,6.6568,393,0
20130109,6.6959,6.6959,6.4828,6.4828,2510,0
20130110,6.4828,6.6568,6.4828,6.5915,90905,0
20130111,6.5959,6.7438,6.5262,6.6786,20021,0
20130114,6.5915,6.6568,6.5915,6.6568,915,0
20130115,6.5741,6.5741,6.3566,6.5262,53465,0
20130116,6.5262,6.548,6.5262,6.548,18424,0
20130117,6.3435,6.6525,6.3435,6.6525,1202,0
20130118,6.5306,6.6133,6.4393,6.6133,34148,0
20130121,6.5306,6.6089,6.5262,6.5262,782,0
20130122,6.5262,6.6307,6.5262,6.6307,2629,0
20130123,6.5306,6.722,6.5262,6.722,6488,0
20130124,6.6568,6.9396,6.6568,6.8091,13030,0
20130125,6.9135,6.9135,6.8091,6.8395,3707,0
20130128,6.9613,7.0049,6.7003,6.7438,7906,0
20130129,6.8526,6.8526,6.6351,6.6351,152584,0
20130130,6.896,6.896,6.548,6.5698,2758,0
20130131,6.5698,6.6916,6.5698,6.6916,324,0
20130201,6.5262,6.9178,6.5262,6.722,7343,0
20130204,6.8265,6.8265,6.5306,6.6699,22297,0
20130205,6.5393,6.6699,6.5306,6.6133,10037,0
20130206,6.6612,6.6699,6.5698,6.5698,44030,0
20130207,6.6568,6.6568,6.6568,6.6568,1380,0
20130208,6.5741,6.6568,6.5741,6.6568,471,0
20130211,6.6568,6.6699,6.6568,6.6699,1331,0
20130212,6.6568,6.6568,6.5785,6.6351,14365,0
20130213,6.6351,6.6481,6.5828,6.6133,949,0
20130214,6.6133,6.6394,6.5741,6.6133,4466,0
20130215,6.5698,6.6133,6.387,6.5915,19716,0
20130218,6.6525,6.6568,6.5088,6.6438,967,0
20130219,6.5262,6.5785,6.5262,6.5262,12928,0
20130220,6.3957,6.5915,6.3348,6.5915,6939,0
20130221,6.3217,6.5828,6.3217,6.5262,31323,0
20130222,6.2304,6.5436,6.2304,6.5349,88010,0
20130225,6.5262,6.5306,6.5262,6.5262,150617,0
20130226,6.5262,6.5915,6.5262,6.5915,729,0
20130227,6.5262,6.5872,6.5262,6.5872,400,0
20130228,6.5262,6.5828,6.5262,6.5262,4797,0
20130301,6.5611,6.5654,6.4175,6.5611,1308,0
20130304,6.5262,6.5828,6.5262,6.5828,2484,0
20130305,6.2391,6.548,6.2391,6.548,8472,0
20130306,6.5436,6.5436,6.5436,6.5436,388,0
20130307,6.5393,6.5393,6.313,6.5262,49813,0
20130308,6.2304,6.5698,6.2304,6.5698,24921,0
20130311,6.5262,6.5262,6.5262,6.5262,644,0
20130312,6.4871,6.5262,6.4871,6.4871,2438,0
20130313,6.4828,6.5828,6.4175,6.5828,7830,0
20130314,6.5262,6.6568,6.5262,6.6568,4615,0
20130315,6.6568,6.7438,6.6568,6.7438,1869,0
20130318,6.8265,6.8265,6.6786,6.8091,931,0
20130319,6.622,6.7438,6.622,6.7438,4880,0
20130320,6.7003,6.7438,6.6786,6.7351,1051,0
20130322,6.6002,6.7133,6.4828,6.5088,4886,0
20130325,6.5088,6.709,6.5088,6.6655,2487,0
20130326,6.5306,6.6612,6.5306,6.6612,3080,0
20130327,6.5349,6.6438,6.5262,6.6438,4204,0
20130328,6.709,6.709,6.5262,6.6525,1655,0
20130402,6.4393,6.7003,6.2391,6.5262,21575,0
20130403,6.4175,6.4349,6.4001,6.4349,124261,0
20130404,6.3522,6.5306,6.1347,6.5306,4110,0
20130405,6.2914,6.5175,6.2696,6.5175,8996,0
20130408,6.387,6.4697,6.3217,6.4697,2758,0
20130409,6.4044,6.4044,6.4044,6.4044,23,0
20130410,6.1434,6.3957,6.1434,6.3957,8596,0
20130411,6.0912,6.3827,5.9432,6.3696,34725,0
20130412,6.2565,6.461,6.2565,6.3783,2599,0
20130415,6.7177,6.7394,6.2609,6.7394,1011,0
20130417,6.3348,6.5175,6.2914,6.5175,8691,0
20130418,6.3957,6.3957,6.3566,6.3566,390,0
20130419,6.3043,6.3479,6.0346,6.3087,14000,0
20130422,6.3566,6.3566,6.1782,6.1782,761,0
20130423,6.1564,6.1564,6.1564,6.1564,2,0
20130425,6.1347,6.3435,6.0085,6.1999,947,0
20130426,6.2043,6.2043,5.9693,6.1782,4190,0
20130429,6.3,6.3,6.3,6.3,455,0
20130502,6.1999,6.2652,6.1434,6.2652,583,0
20130506,6.2652,6.3566,6.1434,6.3566,13503,0
20130507,6.2217,6.2217,6.1477,6.1477,1733,0
20130508,6.1825,6.1825,5.9606,6.0477,3620,0
20130509,5.9171,6.1303,5.9171,6.1303,22446,0
20130510,6.0956,6.1303,6.0912,6.1303,64,0
20130513,6.0912,6.3479,6.0912,6.3479,420,0
20130514,6.1825,6.3522,6.0912,6.3522,20809,0
20130515,6.4697,6.4697,6.3957,6.3957,25,0
20130516,6.2783,6.3696,6.1825,6.3696,2294,0
20130517,6.3696,6.3696,6.3696,6.3696,2,0
20130520,6.2652,6.2652,6.1347,6.1347,1623,0
20130521,6.1303,6.1782,6.1303,6.1782,1327,0
20130522,6.1347,6.2652,6.1347,6.2652,749,0
20130523,5.9171,6.1303,5.9171,6.1303,3968,0
20130524,6.1303,6.2348,6.1303,6.2348,4636,0
20130527,6.2348,6.2348,6.1782,6.2087,2643,0
20130528,6.1999,6.3391,6.1825,6.3391,63038,0
20130529,6.3435,6.4349,6.3435,6.4349,21591,0
20130531,6.4349,6.4349,6.3522,6.3522,740,0
20130603,6.2478,6.2783,6.2478,6.2739,1402,0
20130604,6.2956,6.3087,6.2956,6.3087,10849,0
20130605,6.3087,6.4306,6.3087,6.4306,1876,0
20130606,6.4262,6.5262,6.4262,6.5001,14314,0
20130607,6.5001,6.5045,6.5001,6.5045,44819,0
20130610,6.5262,6.6568,6.5262,6.5262,1075,0
20130611,6.5262,6.5262,6.5262,6.5262,2813,0
20130612,6.5262,6.7394,6.5262,6.7394,1166,0
20130613,6.5915,6.5915,6.5915,6.5915,2374,0
20130614,6.5915,6.7394,6.5915,6.722,5350,0
20130617,6.7307,6.8308,6.6568,6.8308,42829,0
20130618,6.8352,6.8352,6.8308,6.8308,1172,0
20130619,6.6872,6.8308,6.6872,6.8308,616,0
20130620,6.6612,6.8221,6.5959,6.6176,11469,0
20130621,6.6176,6.7351,6.6176,6.7351,462,0
20130624,6.7307,6.7307,6.4436,6.4871,3347,0
20130625,6.7351,6.7351,6.3391,6.4654,418,0
20130626,6.4654,6.6133,6.4654,6.6046,952,0
20130627,6.6046,6.6046,6.448,6.448,3620,0
20130628,6.0042,6.5219,5.8127,6.3957,233626,0
20130701,6.5828,6.5828,6.5828,6.5828,947,0
20130702,6.548,6.548,6.3653,6.548,1552,0
20130703,6.5262,6.5262,6.5262,6.5262,172,0
20130704,6.5262,6.5828,6.5262,6.5698,5121,0
20130708,6.5262,6.5262,6.5175,6.5175,776,0
20130709,6.3522,6.3522,6.3522,6.3522,30,0
20130710,6.3522,6.5219,6.3522,6.5219,71179,0
20130711,6.5262,6.5654,6.5262,6.5349,1698,0
20130712,6.5262,6.5611,6.5262,6.548,13494,0
20130715,6.3957,6.3957,6.3957,6.3957,30,0
20130716,6.5262,6.548,6.5262,6.5262,2753,0
20130717,6.3957,6.5262,6.3957,6.5262,503,0
20130718,6.287,6.5262,6.287,6.4436,17201,0
20130719,6.4436,6.5262,6.3957,6.5262,1836,0
20130722,6.5611,6.5828,6.5611,6.5741,534,0
20130723,6.548,6.5785,6.5262,6.5262,4250,0
20130724,6.4436,6.5698,6.4436,6.5611,3298,0
20130725,6.5698,6.5785,6.5698,6.5785,2183,0
20130726,6.5785,6.5872,6.5785,6.5872,25214,0
20130729,6.5872,6.5872,6.548,6.548,5284,0
20130730,6.5262,6.5698,6.4436,6.5262,13400,0
20130731,6.5436,6.5828,6.5436,6.5567,4243,0
20130801,6.5262,6.548,6.5262,6.548,2478,0
20130802,6.548,6.5828,6.548,6.5828,4810,0
20130805,6.5872,6.5872,6.5262,6.5698,7661,0
20130806,6.5828,6.5828,6.548,6.5698,3374,0
20130807,6.5872,6.5872,6.5262,6.5306,2266,0
20130808,6.4436,6.5698,6.4436,6.5698,5700,0
20130809,6.5698,6.5698,6.4828,6.5698,3974,0
20130812,6.5262,7.2181,6.5262,7.2181,100849,0
20130813,7.2094,7.2876,7.2094,7.2876,7075,0
20130814,7.2137,7.2355,6.9613,7.1528,13373,0
20130816,7.3703,7.3703,6.9831,7.1354,2048,0
20130819,7.1354,7.1354,6.9613,6.9613,3236,0
20130820,6.8657,6.9178,6.8657,6.9178,4498,0
20130821,6.9613,7.2833,6.9004,7.0962,6026,0
20130822,7.1005,7.2876,7.0701,7.1571,7559,0
20130823,7.2442,7.5574,7.2442,7.5356,16563,0
20130826,7.5574,7.7619,7.5052,7.6053,4606,0
20130827,7.701,7.701,7.44,7.4834,1889,0
20130828,7.6748,7.6748,7.44,7.44,3478,0
20130830,7.4616,7.5922,7.4616,7.5922,6946,0
20130902,7.614,7.8272,7.614,7.8098,3195,0
20130903,7.7663,7.8054,7.7445,7.8011,2262,0
20130904,7.8011,7.8403,7.6314,7.8403,7398,0
20130905,7.6618,7.6618,6.9178,7.4313,22800,0
20130906,9.093,9.1365,8.2666,8.4841,205507,0
20130909,8.3144,8.7021,8.3144,8.6147,126500,0
20130910,8.6147,9.0059,8.6147,8.8282,23366,0
20130911,8.7801,8.7846,8.5276,8.6495,6936,0
20130912,8.5276,8.6804,8.2796,8.3536,7987,0
20130913,8.2666,8.4841,8.2231,8.3623,14340,0
20130916,8.3101,8.458,8.2883,8.3319,973,0
20130917,8.3536,8.7665,8.3101,8.6147,160574,0
20130918,8.7411,8.8191,8.6758,8.6758,24597,0
20130919,9.0413,9.0413,8.7021,8.8753,226780,0
20130920,8.9152,8.9152,8.771,8.8536,3779,0
20130923,8.8536,8.8626,8.3144,8.684,44562,0
20130924,8.4928,8.7021,8.4928,8.5712,5006,0
20130925,8.4841,8.6804,8.4841,8.4841,890,0
20130926,8.4841,8.6885,8.371,8.532,2577,0
20130927,8.532,8.6976,8.532,8.6104,1037,0
20130930,8.6541,8.7021,8.4885,8.6586,6058,0
20131001,8.6586,8.7411,8.6368,8.6586,4672,0
20131002,8.7021,8.8753,8.6758,8.7447,12004,0
20131003,8.7883,8.9107,8.7883,8.9107,81731,0
20131004,8.8536,8.8536,8.5842,8.7883,6914,0
20131007,8.9152,8.9152,8.6586,8.6976,3347,0
20131008,8.6323,8.7148,8.1361,8.3232,15482,0
20131009,8.3232,8.5276,8.3101,8.4406,10274,0
20131010,8.1578,8.6885,8.1578,8.6405,22263,0
20131011,8.5712,8.7447,8.4711,8.5929,5569,0
20131014,8.4493,8.9189,8.4493,8.7493,129963,0
20131015,8.7447,8.9152,8.7447,8.7928,18984,0
20131016,8.7883,9.093,8.7846,9.093,22490,0
20131017,9.093,9.3977,9.093,9.2671,81522,0
20131018,9.1365,9.3977,9.1365,9.3542,7378,0
20131021,9.3542,9.4847,9.3542,9.3759,93665,0
20131022,9.4847,9.4847,9.3587,9.4847,27753,0
20131023,9.3977,9.4847,9.2544,9.3279,4146,0
20131024,9.2671,9.4766,9.2671,9.4766,2529,0
20131025,9.4412,9.702,9.4412,9.702,83046,0
20131028,9.789,9.876,9.659,9.729,7760,0
20131029,9.528,9.611,9.3415,9.567,11266,0
20131030,9.3759,9.659,9.3106,9.516,8049,0
20131031,9.4022,9.424,9.2762,9.424,4946,0
20131104,9.502,9.502,9.2499,9.433,848,0
20131105,9.2716,9.2716,8.3972,8.8971,11230,0
20131106,9.1102,9.1102,8.81,8.9887,1929,0
20131107,9.1102,9.1102,8.7756,8.8536,1507,0
20131108,8.7058,8.8753,8.5712,8.7275,21865,0
20131112,8.8363,9.093,8.5842,8.9624,4121,0
20131113,8.7321,8.8672,8.6147,8.6147,7571,0
20131114,8.5929,8.7021,8.4493,8.5755,3689,0
20131115,8.4841,8.6586,8.4841,8.5276,1246,0
20131118,8.6104,8.6104,8.3188,8.4015,37818,0
20131119,8.4189,8.723,8.4189,8.5451,5350,0
20131120,8.5538,8.7021,8.5538,8.7021,1437,0
20131121,8.7846,8.7846,8.3144,8.3144,4254,0
20131122,8.4406,8.5973,8.3536,8.4449,9157,0
20131125,8.7021,8.7846,8.5102,8.5712,4926,0
20131126,8.6586,8.8753,8.5712,8.5712,2641,0
20131127,8.6586,8.6586,8.5755,8.5755,1414,0
20131128,8.6147,8.8318,8.4885,8.8318,2609,0
20131129,8.8318,8.8318,8.6187,8.8282,70669,0
20131202,8.8318,8.9189,8.8318,8.8363,8267,0
20131203,8.7103,8.7103,8.4189,8.4841,9621,0
20131204,8.8753,8.8753,8.3144,8.3144,76068,0
20131205,8.3144,8.5015,8.3144,8.458,7394,0
20131206,8.4972,8.6495,8.4972,8.6232,45943,0
20131209,8.7021,8.8318,8.7021,8.8318,469,0
20131210,8.81,8.8799,8.4841,8.4841,9577,0
20131211,8.4841,8.6016,8.4624,8.5625,3519,0
20131212,8.3362,8.5625,8.2666,8.4711,2565,0
20131213,8.5581,8.5581,8.2796,8.5451,575,0
20131216,8.3972,8.532,7.9098,8.5189,1248,0
20131217,8.5625,8.7021,8.2448,8.2448,7985,0
20131218,8.1187,8.3972,8.0969,8.3928,1161,0
20131219,8.2753,8.6976,8.2231,8.2317,14128,0
20131220,8.2188,8.3754,8.1883,8.1927,14974,0
20131223,8.2622,8.2709,8.2014,8.2057,2372,0
20131227,8.1361,8.2666,8.1361,8.2666,10624,0
20131230,8.3972,8.3972,8.2231,8.2666,10899,0
20140102,8.1927,8.1927,8.1927,8.1927,460,0
20140103,8.2231,8.2666,8.1404,8.1404,1200,0
20140107,8.1448,8.1448,7.6358,8.0925,6281,0
20140108,7.9403,7.962,7.8837,7.9359,18408,0
20140109,7.9272,8.049,7.9272,8.049,2395,0
20140110,8.1578,8.1578,7.8663,8.0317,2703,0
20140113,8.1317,8.1317,7.8359,8.1274,184,0
20140115,8.123,8.3536,8.123,8.2883,466,0
20140116,8.4015,8.4015,8.3972,8.3972,345,0
20140117,8.4711,8.9062,8.4711,8.7021,98668,0
20140120,8.7021,8.7021,8.7021,8.7021,115,0
20140121,8.7021,8.8318,8.6405,8.8318,1645,0
20140122,8.8971,8.8971,8.7021,8.8282,11497,0
20140123,8.8318,8.8318,8.8318,8.8318,6291,0
20140124,8.7846,8.7846,8.7021,8.7846,998,0
20140127,8.6976,8.7021,8.5755,8.7021,1094,0
20140128,8.7021,8.7021,8.7021,8.7021,2951,0
20140129,8.7021,8.7021,8.7021,8.7021,2995,0
20140130,8.5799,8.6976,8.5494,8.6976,12163,0
20140131,8.6976,8.7021,8.1404,8.6931,2098,0
20140203,8.6931,8.7021,8.6931,8.7021,793,0
20140204,8.6147,8.6147,8.6147,8.6147,528,0
20140205,8.7447,8.7447,8.3841,8.5146,1096,0
20140206,8.7021,9.2544,8.7021,9.1365,39785,0
20140207,9.2236,9.524,9.0322,9.0894,16625,0
20140210,9.219,9.219,8.7584,8.937,127576,0
20140211,8.9189,8.9189,8.5364,8.6931,12030,0
20140212,8.6885,8.7447,8.6147,8.7021,9810,0
20140213,8.7058,8.7883,8.7058,8.7411,8992,0
20140214,8.7447,8.8282,8.7058,8.8191,5799,0
20140217,8.7058,8.9189,8.7058,8.7538,29638,0
20140218,8.9152,8.9152,8.6586,8.6586,45194,0
20140219,8.8971,8.8971,8.645,8.645,19014,0
20140220,8.6586,8.6586,8.5755,8.5755,10159,0
20140221,8.5712,8.5712,8.3972,8.4972,6408,0
20140224,8.4972,8.5407,8.4841,8.4885,8824,0
20140225,8.4928,8.5276,8.4406,8.4449,18967,0
20140226,8.4493,8.4536,8.4406,8.4406,30123,0
20140227,8.4493,8.458,8.4493,8.458,1432,0
20140228,8.645,8.645,8.5494,8.5712,600,0
20140303,8.3797,8.4841,8.2057,8.2231,30063,0
20140304,8.0795,8.4841,8.0751,8.2883,5473,0
20140305,8.6541,8.6541,8.4015,8.4015,549,0
20140306,8.4841,8.5668,8.3014,8.3144,170,0
20140307,8.4841,8.5059,8.4841,8.5059,501,0
20140310,8.5059,8.5059,8.4189,8.4189,759,0
20140311,8.3101,8.3101,8.2883,8.2883,1584,0
20140312,8.4319,8.4406,8.2014,8.3972,31090,0
20140313,8.3928,8.3972,8.2057,8.2057,1602,0
20140314,8.0838,8.0969,7.8837,7.9185,4158,0
20140317,7.8968,8.3884,7.4269,7.7227,60668,0
20140318,7.8098,7.8141,7.7227,7.8098,28826,0
20140319,8.0882,8.0882,7.614,7.8098,4898,0
20140320,8.3841,8.3841,7.8316,7.8316,2827,0
20140321,7.9142,7.9142,7.8098,7.8272,423,0
20140324,7.9055,7.9055,7.788,7.888,1092,0
20140325,7.9055,8.1317,7.614,7.7706,5599,0
20140326,7.9446,8.1187,7.788,7.8141,3730,0
20140327,8.0838,8.1012,7.8185,7.8185,1753,0
20140328,8.049,8.049,7.8141,7.8141,738,0
20140331,7.9533,7.9533,7.7793,7.7793,15590,0
20140401,7.9533,7.9533,7.7445,7.9359,1832,0
20140402,7.8316,7.8316,7.775,7.775,598,0
20140403,7.8359,7.8619,7.6574,7.8619,2620,0
20140404,7.8532,7.8532,7.6661,7.6661,5399,0
20140407,7.6661,7.7401,7.6184,7.6271,3016,0
20140408,7.6271,7.6314,7.4878,7.6314,25693,0
20140409,7.6271,7.7837,7.4965,7.7837,65518,0
20140410,7.6574,7.7619,7.5356,7.7445,1209,0
20140411,7.5705,7.6358,7.5269,7.6314,744,0
20140414,7.6314,7.6705,7.5269,7.6705,905,0
20140415,7.5313,7.6314,7.5269,7.6314,786,0
20140416,7.6574,7.6574,7.4443,7.6184,37087,0
20140417,7.4834,7.614,7.4573,7.614,2768,0
20140423,7.5095,7.6271,7.4269,7.6271,10253,0
20140424,7.6096,7.6096,7.4616,7.4834,6433,0
20140425,7.44,7.44,7.379,7.379,3447,0
20140428,7.292,7.292,6.5698,7.1397,129380,0
20140429,7.1136,7.1223,6.9178,6.9483,13995,0
20140430,6.9613,7.1092,6.9613,7.1092,115536,0
20140502,6.97,7.131,6.97,7.0092,30,0
20140505,6.9613,6.9657,6.9265,6.9265,19387,0
20140506,6.9265,7.1005,6.7525,7.1005,4801,0
20140507,7.0918,7.0918,6.8743,6.8743,625,0
20140508,6.9613,6.9613,6.9613,6.9613,37894,0
20140509,6.8786,6.9004,6.8395,6.883,1740,0
20140512,6.8786,7.0049,6.6351,7.0049,4155,0
20140513,6.9613,7.0701,6.9178,7.0701,1437,0
20140514,7.0701,7.1267,7.0266,7.1267,2333,0
20140515,7.1267,7.131,7.1267,7.131,1331,0
20140519,7.1745,7.1745,6.957,7.131,6281,0
20140520,7.1354,7.1354,7.1354,7.1354,371,0
20140521,7.1354,7.1745,6.957,7.1267,8254,0
20140522,7.1571,7.1571,7.1571,7.1571,772,0
20140523,7.0918,7.0918,6.9962,7.0484,2574,0
20140526,7.044,7.1136,7.044,7.0484,1452,0
20140527,7.044,7.044,6.957,7.031,501,0
20140528,6.9657,7.2615,6.9657,7.2615,69802,0
20140529,7.2659,7.3399,7.2268,7.3007,2820,0
20140530,7.1354,7.3573,7.1354,7.3573,935,0
20140602,7.3964,7.3964,7.2876,7.2876,536,0
20140603,7.2876,7.2876,7.2007,7.2007,543,0
20140604,7.205,7.3355,7.1789,7.3355,3315,0
20140605,7.3486,7.3486,7.3486,7.3486,60,0
20140606,7.3486,7.4834,7.3486,7.4834,1179,0
20140609,7.4834,7.4834,7.292,7.4791,15741,0
20140611,8.1796,8.1796,7.8403,7.8968,884496,0
20140612,8.049,8.3972,8.0099,8.1361,539317,0
20140613,8.2666,8.3536,8.1927,8.2231,354118,0
20140616,8.3057,8.3057,8.1578,8.2448,236946,0
20140617,8.2883,8.3101,8.1361,8.1448,109938,0
20140618,8.1665,8.2101,8.049,8.049,95924,0
20140620,8.0273,8.1578,8.0056,8.049,67239,0
20140623,8.0534,8.2231,8.049,8.1578,98611,0
20140624,8.1752,8.2188,8.1665,8.1709,58334,0
20140625,8.1709,8.1796,7.962,8.0403,52946,0
20140626,8.0534,8.1361,7.9838,8.0925,75226,0
20140627,8.0925,8.0925,7.9925,8.0882,50006,0
20140630,8.0882,8.0925,8.0403,8.0708,48592,0
20140701,8.1143,8.1752,8.0317,8.049,59072,0
20140702,8.049,8.049,7.9403,7.9403,76544,0
20140703,7.9403,7.9446,7.4139,7.6053,81665,0
20140704,7.4834,7.6792,7.4356,7.5052,76105,0
20140707,7.614,7.8924,7.5705,7.8316,114928,0
20140708,7.9533,7.9795,7.8141,7.8316,253314,0
20140709,7.875,7.9185,7.7184,7.7663,227124,0
20140710,7.7445,7.7445,7.614,7.7445,322111,0
20140711,7.4452,8.3793,7.4452,8.1163,114330,0
20140714,8.1798,8.343,8.0982,8.0982,29242,0
20140715,8.1616,8.1616,7.9893,8.071,17075,0
20140716,7.9531,8.1072,7.6266,7.6266,15921,0
20140717,7.6447,7.7354,7.3455,7.6175,21778,0
20140718,7.4543,7.5268,7.3001,7.3908,12648,0
20140721,7.2548,7.2639,6.8921,6.8921,30878,0
20140722,6.8921,6.9827,6.7198,6.9102,22977,0
20140723,6.9827,7.2095,6.9827,7.0644,5949,0
20140724,7.1188,7.1278,6.9193,6.9283,12269,0
20140725,6.8921,7.0009,6.6835,6.6835,22551,0
20140728,6.9193,6.9737,6.7198,6.9737,9643,0
20140729,6.9374,7.0281,6.5293,6.8648,24178,0
20140730,6.8921,7.3455,6.8921,7.0734,42304,0
20140731,7.0734,7.282,6.9011,6.9011,16722,0
20140801,6.9011,6.9827,6.8195,6.9283,11666,0
20140804,6.8739,6.9737,6.7198,6.7651,11105,0
20140805,6.8104,6.9193,6.7651,6.8739,3711,0
20140806,6.7651,6.8921,6.5293,6.5293,36828,0
20140807,6.5293,6.5293,6.2573,6.2573,52537,0
20140808,6.2119,6.2754,6.0396,6.0578,46577,0
20140811,6.0578,6.1756,6.0578,6.1212,5064,0
20140812,6.0487,6.3842,6.0487,6.3389,9212,0
20140813,6.3933,6.4386,6.2573,6.3661,2054,0
20140814,6.3933,6.4296,6.2935,6.2935,3141,0
20140818,6.4205,6.484,6.3298,6.3389,38115,0
20140819,6.4205,6.4205,6.1938,6.2935,11957,0
20140820,6.2845,6.2845,6.1666,6.1666,20904,0
20140821,6.1122,6.1575,6.0305,6.094,13229,0
20140822,6.0578,6.1756,6.0578,6.0759,10284,0
20140825,6.0759,6.2482,6.0668,6.1122,3278,0
20140826,6.0759,6.2301,6.0487,6.0759,9468,0
20140827,6.0759,6.1484,6.0124,6.0578,13887,0
20140828,6.0578,6.0578,5.9217,5.9217,19830,0
20140829,5.8764,6.0124,5.8764,5.9036,11222,0
20140901,5.9127,5.9671,5.8129,5.8129,12897,0
20140902,5.8945,5.8945,5.3504,5.6769,57264,0
20140903,5.6225,5.7676,5.5318,5.6859,19696,0
20140904,5.8038,5.8492,5.6225,5.6406,10096,0
20140905,5.6225,5.7041,5.5408,5.5408,7147,0
20140908,5.5318,5.7222,5.5318,5.6134,11312,0
20140909,5.8945,5.8945,5.7132,5.7132,5509,0
20140910,5.7222,5.9852,5.7222,5.8945,12106,0
20140911,6.0668,6.0759,5.9127,5.9852,5190,0
20140912,5.9852,6.0668,5.9489,5.9852,20715,0
20140915,5.9489,5.9852,5.8129,5.8945,31647,0
20140916,5.8945,5.9671,5.8945,5.9399,2521,0
20140917,6.0305,6.2754,6.0305,6.2754,9608,0
20140918,6.2573,6.3479,6.1938,6.3389,13920,0
20140919,6.3479,6.7107,6.3479,6.7107,24907,0
20140922,6.747,7.0644,6.747,6.8558,26305,0
20140923,6.8921,7.0372,6.8921,7.019,12604,0
20140924,7.0281,7.0553,6.9465,6.9646,13394,0
20140925,7.0372,7.1822,6.9827,7.1732,6721,0
20140926,7.1641,7.1641,6.9011,6.9283,14215,0
20140929,6.9555,7.2095,6.9465,7.0734,23328,0
20140930,7.1188,7.1188,6.883,6.9737,19308,0
20141001,7.0281,7.1097,6.8014,6.8014,5618,0
20141002,6.6925,6.8921,6.3026,6.493,31254,0
20141003,6.493,6.6381,6.4568,6.6109,5402,0
20141006,6.756,6.756,6.3752,6.5293,3326,0
20141007,6.5928,6.6019,6.5293,6.5293,2758,0
20141008,6.4477,6.62,6.4386,6.4658,7648,0
20141009,6.4568,6.4568,6.1756,6.1756,58843,0
20141010,6.1756,6.3207,6.1394,6.3207,6303,0
20141013,6.5202,6.5202,6.085,6.2119,3423,0
20141014,6.1575,6.2391,6.1394,6.2391,1838,0
20141015,6.1394,6.2391,6.0578,6.1484,5746,0
20141016,6.0305,6.2301,6.0305,6.1394,4644,0
20141017,6.0305,6.221,5.9852,6.1938,3840,0
20141020,6.1212,6.1666,6.1031,6.1666,3852,0
20141021,6.1666,6.1938,6.1666,6.1666,6688,0
20141022,6.1847,6.221,6.1212,6.221,6948,0
20141023,6.221,6.2935,6.2028,6.2935,1078,0
20141024,6.3389,6.5475,6.3389,6.5293,84843,0
20141027,6.5565,6.6563,6.5293,6.5293,3865,0
20141028,6.5565,6.5565,6.3026,6.5293,779,0
20141029,6.3479,6.5202,6.3207,6.5021,444,0
20141030,6.3207,6.484,6.0215,6.4386,332,0
20141031,6.3479,6.4386,6.3479,6.4386,387,0
20141103,6.4658,6.4749,6.2754,6.2754,916,0
20141104,6.2663,6.3479,6.2573,6.3298,2546,0
20141105,6.2663,6.3389,6.085,6.1666,7003,0
20141106,6.3207,6.3207,6.1122,6.1122,5783,0
20141107,6.1847,6.1938,6.0759,6.094,3521,0
20141110,6.2119,6.3117,6.094,6.3117,2153,0
20141112,6.3207,6.3207,6.2119,6.2119,2650,0
20141113,6.221,6.2391,6.1666,6.2119,15396,0
20141114,6.3026,6.3026,6.1212,6.1212,8039,0
20141117,6.1212,6.1303,6.0487,6.1212,2122,0
20141118,6.0396,6.1212,5.8945,6.1212,3157,0
20141119,5.9852,6.0668,5.8945,5.9127,10851,0
20141120,6.1122,6.1122,5.8945,5.8945,5445,0
20141121,6.0124,6.1212,5.8945,5.9127,12851,0
20141124,6.0578,6.0578,5.8945,5.9127,4492,0
20141125,5.9943,5.9943,5.8945,5.8945,556,0
20141126,5.8945,6.0033,5.8945,5.8945,4872,0
20141127,5.9036,5.9943,5.8945,5.9852,4564,0
20141128,6.0124,6.0124,5.9217,5.9308,1359,0
20141201,5.8945,6.2119,5.8945,6.2119,27481,0
20141202,6.2573,6.2573,6.1394,6.2028,3370,0
20141203,6.2119,6.3479,6.1212,6.3207,14912,0
20141204,6.4114,6.5202,6.1303,6.4386,20575,0
20141205,6.357,6.4296,6.3026,6.3479,16204,0
20141208,6.3479,6.4568,6.2482,6.4024,21345,0
20141209,6.4114,6.5112,6.3479,6.5112,22229,0
20141210,6.4386,7.2548,6.4386,7.155,111886,0
20141211,7.155,7.7536,6.9193,7.6629,162891,0
20141212,7.5268,7.5631,7.3092,7.3818,10127,0
20141215,7.3092,7.4362,7.1641,7.3455,100418,0
20141216,7.3818,7.3818,7.2639,7.3001,56110,0
20141217,7.2639,7.3455,7.146,7.3455,13653,0
20141218,7.3455,7.4362,7.1641,7.2548,39478,0
20141219,7.2457,7.2548,7.1641,7.1641,6396,0
20141222,7.2548,7.2548,6.9102,7.2457,48867,0
20141223,7.2367,7.3001,7.0825,7.1732,84208,0
20141229,7.282,7.3455,7.2367,7.2548,13146,0
20141230,7.2548,7.2548,7.2367,7.2457,7013,0
20150102,7.2548,7.3364,7.1278,7.2095,65647,0
20150105,7.3001,7.3001,7.2095,7.2095,93505,0
20150107,7.409,7.5178,7.2548,7.2729,88506,0
20150108,7.5087,7.5268,7.3455,7.5087,10339,0
20150109,7.5087,7.5631,7.3545,7.5268,15920,0
20150112,7.5994,7.5994,7.4543,7.5178,20004,0
20150113,7.5178,8.0256,7.5178,7.8896,246539,0
20150114,7.7989,7.8805,7.7264,7.8442,11450,0
20150115,7.8987,7.9621,7.7536,7.7989,19588,0
20150116,7.7989,7.8896,7.7082,7.7082,47049,0
20150119,7.7082,7.7082,7.3727,7.4362,29554,0
20150120,7.4362,7.4362,7.2548,7.3999,23981,0
20150121,7.3999,7.7536,7.3545,7.7082,8334,0
20150122,7.7082,7.9803,7.5268,7.9803,18095,0
20150123,7.9803,7.9893,7.7536,7.9531,3067,0
20150126,7.9803,7.9803,7.7354,7.8896,2812,0
20150127,7.8896,7.9621,7.8896,7.9531,7012,0
20150128,7.9531,7.9803,7.7173,7.9349,20285,0
20150129,7.9349,7.9893,7.9349,7.9803,9069,0
20150130,7.9803,8.071,7.9803,8.071,16374,0
20150202,8.071,8.2705,8.0528,8.2433,14843,0
20150203,8.2705,8.4337,8.2433,8.4337,10764,0
20150204,8.4337,8.4337,8.343,8.343,9221,0
20150205,8.343,8.3884,8.2523,8.3884,1313,0
20150206,8.4156,8.47,8.3249,8.343,3952,0
20150209,8.4246,8.4246,8.2705,8.3067,3063,0
20150210,8.3067,8.4065,8.3067,8.4065,21009,0
20150211,8.3884,8.3884,8.2705,8.2705,2236,0
20150212,8.2795,8.3793,8.1798,8.343,123413,0
20150213,8.343,8.4337,8.2977,8.4337,147083,0
20150216,8.3521,8.4337,8.08,8.3158,26302,0
20150217,8.343,8.343,8.1616,8.2342,4648,0
20150218,8.2251,8.3158,8.1163,8.1163,6007,0
20150219,8.2251,8.2342,8.0982,8.1616,4015,0
20150220,8.207,8.207,8.1616,8.207,1851,0
20150223,8.0165,8.1616,8.0165,8.0982,4174,0
20150224,8.0982,8.1526,8.0982,8.1526,1898,0
20150225,8.1163,8.2705,8.1163,8.2433,28822,0
20150226,8.1707,8.3793,8.1707,8.2977,4501,0
20150227,8.3884,8.3884,8.1888,8.2795,6744,0
20150302,8.343,8.3884,8.2251,8.3884,8440,0
20150303,8.2705,8.7874,8.2705,8.5335,17276,0
20150304,8.6151,8.6604,8.5607,8.6604,3064,0
20150305,8.6695,8.7058,8.2977,8.3249,8199,0
20150306,8.3612,8.47,8.3339,8.4518,1762,0
20150309,8.3339,8.5607,8.3339,8.4337,3845,0
20150310,8.4337,8.5244,8.3612,8.5244,3931,0
20150311,8.4428,8.6604,8.3974,8.6604,24852,0
20150312,8.6151,8.6151,8.5244,8.6151,6360,0
20150313,8.5244,8.6513,8.4065,8.6513,5995,0
20150316,8.4972,8.742,8.4972,8.6967,56969,0
20150317,8.742,8.7874,8.6151,8.7148,5707,0
20150318,8.742,8.7783,8.742,8.7783,1230,0
20150319,8.7511,8.7511,8.5153,8.7058,11301,0
20150320,8.7058,8.8781,8.7058,8.8055,4852,0
20150323,8.8418,8.9415,8.7964,8.9234,14150,0
20150324,8.8871,9.0685,8.7148,8.9415,17999,0
20150325,9.0232,9.0232,8.8962,9.0232,2154,0
20150326,9.0141,9.0141,8.733,8.9325,772,0
20150327,8.7964,8.9143,8.7964,8.9143,752,0
20150330,8.9143,8.9143,8.5244,8.5879,5704,0
20150331,8.7058,8.7058,8.4065,8.6513,6432,0
20150401,8.6151,8.7058,8.479,8.5607,10625,0
20150402,8.6151,8.6151,8.5516,8.5697,64685,0
20150407,8.4065,8.5244,7.944,8.5062,23818,0
20150408,8.5153,8.5153,8.4337,8.4337,3263,0
20150409,8.4337,8.5697,8.4337,8.5607,10931,0
20150410,8.5697,8.6423,8.5697,8.6151,82886,0
20150413,8.6513,8.6967,8.6151,8.6967,3549,0
20150414,8.6967,8.7239,8.6967,8.7239,2748,0
20150415,8.7058,8.7964,8.7058,8.7148,25531,0
20150416,8.7239,8.7511,8.7058,8.7511,1917,0
20150417,8.7148,8.7692,8.7058,8.7602,5547,0
20150420,8.7058,8.733,8.7058,8.733,7977,0
20150421,8.733,8.7511,8.7058,8.7511,1997,0
20150422,8.8055,9.3405,8.7964,8.9869,23300,0
20150423,9.0232,9.0594,8.9325,8.9325,5418,0
20150424,9.0504,9.0957,8.9325,9.0957,13664,0
20150427,9.0685,9.1229,9.0685,9.1229,8470,0
20150428,9.0776,9.1138,9.0685,9.1138,10686,0
20150429,9.0776,9.1138,9.0685,9.1138,1312,0
20150430,9.0685,9.0685,9.0685,9.0685,3283,0
20150504,9.0685,9.3224,9.0685,9.3133,6353,0
20150505,9.3133,9.3133,9.2045,9.2045,4504,0
20150506,9.2045,9.2045,9.141,9.141,2447,0
20150507,9.0685,9.1501,9.0685,9.1501,3423,0
20150508,9.0776,9.0776,9.0685,9.0685,4688,0
20150511,9.0685,9.1138,9.0685,9.1138,8849,0
20150512,9.0685,9.1138,9.0685,9.0685,2901,0
20150513,9.0776,9.0957,8.5425,9.0957,12306,0
20150514,9.0685,9.0866,9.0685,9.0866,6789,0
20150515,9.0685,9.0776,9.0685,9.0685,3732,0
20150518,9.0685,9.141,9.0685,9.141,2162,0
20150519,9.141,9.1501,8.7058,9.132,44956,0
20150520,9.1138,9.132,8.9959,9.132,2662,0
20150521,9.132,9.1592,9.132,9.1592,13181,0
20150522,9.1592,9.1592,9.0594,9.1592,2788,0
20150525,9.1592,9.1592,9.0685,9.1592,4211,0
20150526,9.1592,9.3405,9.0685,9.3405,8180,0
20150527,9.3405,9.604,9.3405,9.4494,7457,0
20150528,9.558,9.794,9.4222,9.4222,9636,0
20150529,9.4494,9.4494,9.4222,9.4222,2211,0
20150601,9.3405,9.4312,9.3405,9.4312,2987,0
20150602,9.3405,9.4312,9.3405,9.3859,12217,0
20150603,9.3859,9.513,9.3405,9.513,7996,0
20150605,9.4675,9.504,9.2045,9.504,3137,0
20150608,9.2589,9.522,9.2045,9.522,6079,0
20150609,9.513,9.513,9.2408,9.4222,4431,0
20150610,9.4312,9.522,9.4312,9.4312,3214,0
20150611,9.4312,9.4766,9.4312,9.4312,4639,0
20150612,9.4312,9.4675,9.4312,9.4403,3167,0
20150615,9.4403,9.4403,9.141,9.395,3042,0
20150616,9.1501,9.1864,9.1501,9.1864,458,0
20150617,9.1501,9.1773,9.0685,9.0685,3380,0
20150618,9.1592,9.2045,9.1138,9.2045,10368,0
20150619,9.4222,9.4222,9.0685,9.0685,50852,0
20150622,8.8781,9.1592,8.7058,9.1501,13201,0
20150623,9.0322,9.1501,9.0322,9.1501,1103,0
20150624,9.1501,9.2499,9.0685,9.2499,5844,0
20150625,8.8146,9.2499,8.8146,9.1592,3116,0
20150626,9.0685,9.141,9.0685,9.0685,824,0
20150629,9.0685,9.4222,8.869,9.4222,21378,0
20150630,9.2408,9.2952,9.2408,9.2952,5994,0
20150701,9.2952,9.2952,9.0685,9.2952,6628,0
20150702,9.2499,9.2952,9.2499,9.2952,6099,0
20150703,9.4222,9.4312,9.2952,9.2952,6537,0
20150706,9.0685,9.3224,9.0685,9.3224,3296,0
20150707,9.1592,9.4766,9.1592,9.4766,25155,0
20150708,9.3496,9.4675,9.3405,9.4675,5848,0
20150709,9.3405,9.4675,9.2499,9.4675,22448,0
20150710,9.3496,9.4675,9.268,9.4584,1550,0
20150713,9.4584,9.776,9.3405,9.767,21720,0
20150714,9.794,9.885,9.4766,9.4766,37417,0
20150715,9.522,9.658,9.4403,9.622,7095,0
20150716,9.658,9.975,9.658,9.93,18098,0
20150717,9.975,10.329,9.975,10.084,180523,0
20150720,10.111,10.229,10.093,10.093,14634,0
20150721,10.111,10.275,10.111,10.247,16534,0
20150722,10.302,10.51,10.302,10.429,27244,0
20150723,10.474,10.474,10.293,10.293,9027,0
20150724,10.311,10.311,10.093,10.139,18608,0
20150727,10.202,10.202,10.012,10.012,13487,0
20150728,9.993,10.175,9.984,10.057,4136,0
20150729,10.157,10.193,10.003,10.175,8211,0
20150730,10.247,10.247,10.066,10.157,3112,0
20150731,10.247,10.247,10.111,10.12,2443,0
20150803,10.12,10.13,10.102,10.102,5709,0
20150804,10.102,10.139,10.066,10.139,22801,0
20150805,10.238,10.347,10.111,10.347,24737,0
20150806,10.374,10.483,10.32,10.447,19443,0
20150807,10.683,10.746,10.51,10.701,43903,0
20150810,10.737,10.764,10.683,10.701,37924,0
20150811,10.701,10.737,10.655,10.701,15846,0
20150812,10.701,10.701,10.565,10.61,7706,0
20150813,10.674,10.674,10.519,10.565,8428,0
20150814,10.601,10.601,10.429,10.474,15324,0
20150817,10.32,10.32,9.4947,9.93,57082,0
20150818,9.56,10.29,9.2,10.15,44202,0
