Date,Open,High,Low,Close,Volume,OpenInt
20061023,8.7016,9.4464,8.7016,9.0787,2300058,0
20061024,9.195,9.3207,9.1779,9.2952,1715652,0
20061025,9.3613,9.3953,9.2781,9.3953,1744558,0
20061026,9.3783,9.805,9.3783,9.789,1184559,0
20061027,9.847,10.332,9.83,10.265,631196,0
20061030,10.365,10.617,9.63,10.206,1701287,0
20061031,10.139,10.189,9.947,10.156,421727,0
20061101,10.114,10.683,10.114,10.683,336774,0
20061102,10.607,10.657,10.365,10.574,3017770,0
20061103,10.624,10.624,10.549,10.607,122955,0
20061106,10.481,10.9,10.448,10.85,335674,0
20061107,10.909,11.184,10.909,11.118,530451,0
20061108,11.201,11.234,11.159,11.159,995999,0
20061109,11.218,11.218,10.917,11.009,211735,0
20061110,11.009,11.009,10.657,10.8,271592,0
20061113,11.402,11.727,11.159,11.544,534595,0
20061114,11.611,12.003,11.544,11.787,620814,0
20061115,11.87,12.062,11.761,11.82,677255,0
20061116,11.895,11.962,11.352,11.644,973775,0
20061117,11.77,12.029,11.644,11.979,719835,0
20061120,11.986,12.338,11.986,12.304,770270,0
20061121,12.296,12.296,11.946,12.104,311425,0
20061122,12.129,12.129,11.677,11.761,338807,0
20061123,11.811,11.811,11.552,11.703,629318,0
20061124,11.737,11.737,11.126,11.251,752408,0
20061127,11.268,11.72,11.251,11.652,142641,0
20061128,11.67,11.67,11.427,11.67,115844,0
20061129,11.711,11.836,11.552,11.694,137254,0
20061130,11.72,11.82,11.687,11.787,75429,0
20061201,11.794,12.012,11.794,12.012,138151,0
20061204,12.079,12.304,12.062,12.304,112297,0
20061205,12.254,12.338,12.212,12.288,367534,0
20061206,12.288,12.371,12.212,12.371,323807,0
20061207,12.321,12.405,12.246,12.296,229665,0
20061208,12.296,12.631,12.296,12.563,358831,0
20061211,12.648,13.174,12.648,13.165,395863,0
20061212,13.14,13.14,12.705,13.032,120667,0
20061213,12.99,13.14,12.773,12.99,550536,0
20061214,12.965,13.123,12.965,13.073,500902,0
20061215,13.04,13.04,12.914,13.006,26568,0
20061218,13.049,13.049,12.814,12.94,1924401,0
20061219,12.998,13.449,12.998,13.366,105669,0
20061220,13.408,13.917,13.408,13.917,328659,0
20061221,14.027,14.027,13.633,13.867,772890,0
20061222,14.076,14.344,14.01,14.236,91045,0
20061227,14.812,14.812,14.252,14.319,235254,0
20061228,14.402,14.402,14.186,14.327,52890,0
20061229,14.269,14.302,14.226,14.285,227687,0
20070102,14.294,14.578,14.152,14.553,167352,0
20070103,14.578,14.611,14.369,14.453,672144,0
20070104,14.536,14.695,14.536,14.603,596508,0
20070105,14.845,14.946,14.778,14.845,180251,0
20070108,14.828,15.154,14.795,14.954,520170,0
20070109,14.946,15.154,14.913,14.913,127774,0
20070110,15.256,15.907,15.18,15.581,490600,0
20070111,15.614,15.614,15.047,15.405,304782,0
20070112,15.389,15.623,15.313,15.623,52106,0
20070115,15.439,15.598,15.356,15.422,80499,0
20070116,15.405,16.074,15.405,15.941,307295,0
20070117,15.999,16.082,15.757,15.999,491012,0
20070118,15.948,16.057,15.865,16.016,544545,0
20070119,15.84,16.117,15.749,15.89,91823,0
20070122,16.041,16.041,15.74,15.932,54457,0
20070123,15.982,16.157,15.898,16.124,167260,0
20070124,16.241,16.534,16.141,16.366,334110,0
20070125,16.517,16.935,16.484,16.919,205259,0
20070126,17.061,17.846,17.061,17.587,368032,0
20070129,17.796,18.072,17.78,17.914,381914,0
20070130,18.173,18.173,17.78,17.964,349001,0
20070131,17.98,18.34,17.897,18.181,147514,0
20070201,18.198,18.825,18.097,18.523,303803,0
20070202,18.666,18.849,18.573,18.573,192233,0
20070205,18.397,18.825,18.314,18.741,215179,0
20070206,18.775,19.794,18.775,19.484,226325,0
20070207,19.451,19.451,18.39,18.407,225722,0
20070208,18.532,18.532,16.575,17.311,1330374,0
20070209,16.476,18.189,16.15,18.156,1054186,0
20070212,17.621,18.03,17.227,17.227,623321,0
20070213,16.927,17.914,16.768,17.587,568342,0
20070214,17.337,18.289,17.337,18.03,197780,0
20070215,18.039,18.482,17.938,18.138,242293,0
20070216,18.206,18.364,17.871,18.039,84685,0
20070219,17.955,18.055,17.695,18.039,124355,0
20070220,18.039,18.039,17.536,17.78,88445,0
20070221,17.645,17.745,17.57,17.729,117137,0
20070222,17.679,17.745,17.094,17.094,610390,0
20070223,16.86,16.86,16.534,16.668,376589,0
20070226,16.701,17.094,16.701,16.993,216941,0
20070227,17.01,17.01,15.631,16.008,241917,0
20070228,14.629,15.941,14.629,15.206,725239,0
20070301,16.534,16.618,15.799,16.359,659766,0
20070302,16.275,16.852,16.033,16.2,313214,0
20070305,15.941,15.941,14.971,14.987,216339,0
20070306,14.821,15.372,14.821,14.946,189088,0
20070307,15.137,15.548,15.021,15.381,354286,0
20070308,15.498,15.498,15.256,15.498,271413,0
20070309,15.498,16.117,15.498,15.865,134590,0
20070312,15.958,16.233,15.958,16.074,160032,0
20070313,16.2,16.217,15.648,15.857,128837,0
20070314,15.23,15.556,15.113,15.389,198736,0
20070315,15.447,15.757,15.447,15.548,54676,0
20070316,15.606,15.606,15.222,15.256,49237,0
20070319,15.163,15.372,14.971,15.13,95244,0
20070320,15.113,15.306,15.047,15.13,62434,0
20070321,15.137,15.206,14.878,14.895,30324,0
20070322,14.938,15.907,14.938,15.907,156141,0
20070323,16.066,16.668,15.857,16.525,280370,0
20070326,16.534,16.618,16.442,16.618,152630,0
20070327,16.685,16.685,16.409,16.568,233477,0
20070328,16.476,16.476,16.15,16.366,29309,0
20070329,16.275,16.601,16.107,16.517,155123,0
20070330,16.575,16.919,16.542,16.869,195986,0
20070402,16.818,17.579,16.818,17.42,135936,0
20070403,17.453,17.854,17.453,17.854,344328,0
20070404,18.64,18.984,18.64,18.858,348524,0
20070405,19.017,19.017,18.39,18.616,92435,0
20070410,18.732,18.991,18.54,18.941,42069,0
20070411,18.933,18.933,18.708,18.849,39687,0
20070412,18.865,18.925,17.721,18.03,541128,0
20070413,18.532,18.849,18.373,18.407,156330,0
20070416,18.323,18.516,18.148,18.34,679882,0
20070417,18.523,18.682,18.381,18.381,119146,0
20070418,18.373,18.373,18.088,18.214,107627,0
20070419,18.248,18.248,17.413,17.604,134542,0
20070420,17.745,17.829,17.587,17.604,92246,0
20070423,17.57,17.921,17.57,17.762,70808,0
20070424,17.796,17.955,17.638,17.638,22516,0
20070425,17.745,18.014,17.671,17.729,135289,0
20070426,17.738,18.039,17.738,17.829,59032,0
20070427,17.745,17.745,17.462,17.553,79749,0
20070430,17.479,17.604,17.244,17.479,32508,0
20070502,17.32,17.362,16.768,17.32,141406,0
20070503,17.712,17.712,17.161,17.22,152957,0
20070504,17.386,17.403,17.144,17.27,58058,0
20070507,17.294,17.453,17.261,17.362,307917,0
20070508,17.253,18.198,17.194,18.156,111697,0
20070509,18.248,18.841,18.055,18.566,138195,0
20070510,18.791,19.384,18.198,18.482,105358,0
20070511,18.473,18.599,17.679,17.997,68106,0
20070514,18.331,18.549,18.014,18.173,41182,0
20070515,18.498,18.498,18.156,18.156,108363,0
20070516,18.148,18.457,18.113,18.457,22962,0
20070518,18.381,18.414,18.064,18.223,27577,0
20070521,17.52,17.829,17.362,17.486,47482,0
20070522,17.446,17.446,16.776,16.877,156657,0
20070523,17.169,17.169,16.659,16.759,67937,0
20070524,16.625,16.659,16.057,16.467,98731,0
20070525,16.25,16.568,16.25,16.442,20259,0
20070528,16.501,16.852,16.342,16.793,22374,0
20070529,16.86,17.078,16.601,16.726,90436,0
20070530,16.768,16.768,16.316,16.476,27576,0
20070531,16.534,16.601,15.958,16.124,575032,0
20070601,16.1,16.476,16.1,16.35,82571,0
20070604,16.426,16.426,16.016,16.207,147584,0
20070605,16.283,16.283,15.898,16.191,28499,0
20070606,16.258,16.292,16.133,16.167,13203,0
20070607,16.2,16.292,16.1,16.133,49809,0
20070608,16.275,16.275,15.823,15.823,35203,0
20070611,15.782,15.873,15.489,15.648,53337,0
20070612,15.614,15.706,15.515,15.581,43378,0
20070613,15.714,15.714,15.623,15.656,145080,0
20070614,15.598,16.233,15.565,16.141,112989,0
20070615,16.157,16.635,16.157,16.635,35605,0
20070618,16.618,16.902,16.551,16.869,44753,0
20070619,16.894,16.894,16.609,16.835,67212,0
20070620,16.759,17.111,16.759,17.111,66964,0
20070621,17.153,17.345,16.902,17.345,97425,0
20070622,17.345,17.721,17.253,17.695,110329,0
20070625,17.42,18.206,17.32,17.888,102495,0
20070626,17.762,18.047,17.446,17.921,91876,0
20070627,17.972,18.039,17.562,17.755,96195,0
20070628,17.679,17.838,17.553,17.745,338456,0
20070629,17.629,18.883,17.629,18.883,257507,0
20070702,18.381,18.765,18.231,18.54,712371,0
20070703,18.373,18.407,17.904,18.088,76731,0
20070704,18.08,18.549,18.014,18.457,118851,0
20070705,18.566,18.656,18.44,18.532,49498,0
20070706,18.573,19.142,18.549,19.084,325371,0
20070709,18.966,19.752,18.34,19.501,145347,0
20070710,19.577,20.429,19.577,20.303,176525,0
20070711,20.346,20.346,19.56,19.869,130572,0
20070712,19.911,19.911,19.318,19.443,149223,0
20070713,19.401,19.401,19.251,19.401,598861,0
20070716,19.409,19.409,19.125,19.318,91076,0
20070717,19.293,19.392,18.984,19.142,39805,0
20070718,19.184,19.184,18.865,19.184,47380,0
20070719,19.125,19.752,19.125,19.752,393420,0
20070720,19.935,20.154,19.935,20.087,89477,0
20070723,20.144,20.396,19.836,20.303,128951,0
20070724,20.262,20.262,19.794,19.885,32989,0
20070725,19.902,19.969,19.812,19.935,204785,0
20070726,19.911,20.045,19.819,20.045,10747,0
20070727,19.426,19.518,19.041,19.041,77330,0
20070730,18.991,19.443,18.582,19.217,96237,0
20070731,19.326,19.484,19.2,19.326,267454,0
20070801,19.15,19.217,18.991,19.125,80050,0
20070802,19.041,19.518,19.041,19.484,56278,0
20070803,19.451,19.61,19.326,19.326,40108,0
20070806,18.858,19.208,18.858,19.084,113195,0
20070807,19.426,19.426,19.208,19.301,149597,0
20070808,19.242,19.56,19.117,19.401,15028,0
20070809,19.46,19.527,19.242,19.426,15855,0
20070810,18.916,19.259,18.815,19.041,44921,0
20070813,19.092,19.184,18.966,19.092,43176,0
20070814,19.2,19.233,18.984,19.134,5751,0
20070815,19.134,19.134,18.666,18.666,46404,0
20070816,18.556,18.556,17.596,17.755,192488,0
20070817,17.311,18.432,16.985,17.788,150721,0
20070821,18.649,18.749,17.98,18.014,83618,0
20070822,18.189,18.414,18.088,18.122,23852,0
20070823,18.323,18.741,18.256,18.516,39788,0
20070824,18.54,18.606,18.448,18.516,16997,0
20070827,18.347,18.666,18.347,18.473,43655,0
20070828,18.357,18.549,18.297,18.516,4189,0
20070829,18.397,18.556,18.047,18.432,31206,0
20070830,18.682,18.682,18.364,18.432,17339,0
20070831,18.473,18.473,18.022,18.373,58212,0
20070903,18.457,18.623,18.273,18.457,4482,0
20070904,18.549,18.549,18.064,18.064,14128,0
20070905,18.206,18.331,18.014,18.105,91886,0
20070906,17.88,18.164,17.88,18.13,27301,0
20070907,18.414,18.414,18.097,18.097,26067,0
20070910,17.854,17.98,17.536,17.604,29349,0
20070911,17.604,17.955,17.161,17.378,110835,0
20070912,17.413,17.629,17.378,17.503,9033,0
20070913,17.512,17.671,17.512,17.512,22770,0
20070914,17.579,17.989,17.546,17.863,7902,0
20070917,17.897,17.897,17.553,17.553,51245,0
20070918,17.562,17.813,17.244,17.403,82234,0
20070919,17.88,17.947,17.378,17.47,35251,0
20070920,17.462,17.621,17.37,17.429,39550,0
20070921,17.32,17.503,17.253,17.47,17695,0
20070924,17.805,18.556,17.771,18.49,139300,0
20070925,18.616,18.9,18.264,18.364,625187,0
20070926,18.64,19.058,18.347,18.516,66591,0
20070927,18.791,18.791,18.347,18.64,27250,0
20070928,18.532,18.556,18.181,18.556,7374,0
20071001,18.39,18.39,17.345,17.345,1769,0
20071002,17.47,17.721,17.47,17.721,317,0
20071004,17.553,17.553,17.47,17.47,566,0
20071008,17.47,17.47,17.386,17.395,293,0
20071009,17.395,17.395,16.718,17.052,431,0
20071010,16.885,16.885,16.844,16.844,12082,0
20071011,16.635,16.635,16.509,16.509,12070,0
20071012,16.509,16.509,16.509,16.509,2720,0
20071015,16.3,16.316,16.082,16.082,12314,0
20071016,15.965,15.965,15.714,15.714,11969,0
20071017,15.673,15.673,15.673,15.673,23926,0
20071018,15.757,15.757,15.757,15.757,240,0
20071019,16.049,16.3,15.882,16.041,69228,0
20071022,15.882,15.882,15.882,15.882,121,0
20071023,15.84,15.882,15.84,15.865,35732,0
20071025,15.799,15.799,15.799,15.799,240,0
20071029,16.091,16.091,16.074,16.091,1572,0
20071030,16.049,16.049,16.049,16.049,298,0
20071105,16.3,16.3,16.3,16.3,240,0
20071106,15.047,16.3,15.047,16.3,61,0
20071107,16.3,16.3,15.673,16.082,548,0
20071108,15.465,15.465,14.411,14.411,108,0
20071109,16.718,16.718,14.21,14.21,970,0
20071112,15.673,15.673,15.256,15.673,275,0
20071113,15.673,15.673,15.256,15.673,21,0
20071114,15.465,15.465,15.465,15.465,240,0
20071115,14.05,15.465,14.05,15.447,152,0
20071116,14.21,14.21,14.043,14.043,1029,0
20071119,15.037,15.037,12.12,12.538,845,0
20071120,12.538,12.538,12.538,12.538,261,0
20071121,12.288,12.288,10.617,12.246,212,0
20071126,11.368,11.368,11.368,11.368,233,0
20071127,11.535,11.535,11.118,11.118,5469,0
20071128,11.494,11.494,11.494,11.494,1107,0
20071129,11.511,11.511,11.511,11.511,121,0
20071203,14.034,14.034,11.72,14.027,1732,0
20071204,14.034,14.034,14.034,14.034,2,0
20071205,11.285,11.494,10.992,11.477,17831,0
20071206,11.703,12.12,11.368,11.452,3817,0
20071207,11.535,11.535,11.368,11.368,1608,0
20071210,11.385,11.661,11.368,11.368,2062,0
20071211,11.285,11.577,11.285,11.577,977,0
20071212,10.541,11.694,10.541,11.694,829,0
20071213,11.118,11.118,11.118,11.118,718,0
20071214,10.549,11.694,10.541,10.607,4141,0
20071217,10.866,10.866,10.866,10.866,89,0
20071218,10.541,10.541,10.531,10.531,230,0
20071219,10.557,10.557,10.557,10.557,8,0
20071220,10.7,10.7,10.7,10.7,144,0
20071221,10.424,11.368,10.424,11.368,370,0
20071227,11.118,11.118,10.7,10.7,2120,0
20071228,11.109,11.109,10.866,11.1,49,0
20080104,11.368,11.368,10.617,10.866,741,0
20080107,10.741,10.741,10.7,10.7,298,0
20080108,10.531,10.531,9.53,9.855,558,0
20080109,9.696,10.859,9.3207,10.365,11364,0
20080110,11.075,11.075,10.365,10.365,1261,0
20080111,11.075,11.075,10.031,10.617,453,0
20080114,10.031,10.031,10.031,10.031,121,0
20080115,10.992,10.992,10.114,10.114,2001,0
20080116,10.031,10.031,9.3708,9.3708,827,0
20080117,9.613,9.613,9.195,9.3613,2079,0
20080118,9.195,9.2781,9.195,9.195,298,0
20080121,9.195,9.195,9.195,9.195,242,0
20080122,9.0277,9.0277,8.3589,8.3757,838,0
20080123,8.3757,8.4843,8.3757,8.4843,402,0
20080124,8.4927,8.9861,8.4927,8.9861,1806,0
20080125,8.5258,9.604,8.5258,9.604,418,0
20080128,9.195,9.195,9.195,9.195,147,0
20080129,8.9861,8.9861,8.5258,8.9861,1134,0
20080131,8.8604,8.8604,8.8604,8.8604,96,0
20080201,8.5679,9.195,8.5679,9.195,1644,0
20080204,8.9861,8.9861,8.4425,8.7769,1035,0
20080205,8.7689,8.7769,8.4593,8.7769,180,0
20080206,8.4425,8.6935,8.3589,8.6935,581,0
20080207,8.6935,8.7769,8.6935,8.7769,1495,0
20080211,8.4425,8.4425,8.4425,8.4425,366,0
20080212,8.6854,8.6854,8.4425,8.6854,440,0
20080213,8.6101,8.6101,8.6101,8.6101,54,0
20080214,8.6765,8.9437,8.3589,8.9437,21346,0
20080215,8.6935,9.613,8.6935,9.613,4789,0
20080219,9.2781,9.613,9.2025,9.613,773,0
20080221,9.2025,9.2025,9.2025,9.2025,15,0
20080222,9.0277,9.0277,9.0277,9.0277,121,0
20080225,9.2706,9.2781,8.8604,8.8604,1674,0
20080226,9.2706,9.2706,9.2706,9.2706,13,0
20080228,8.9437,9.1865,8.9437,9.1865,3637,0
20080229,8.7689,8.7689,8.7689,8.7689,711,0
20080303,7.9493,8.3589,7.9493,8.2753,387,0
20080304,8.2335,8.6935,8.2335,8.6935,136,0
20080306,8.7016,8.7016,8.7016,8.7016,58,0
20080311,9.613,9.613,8.3589,8.3589,522,0
20080312,8.3589,9.521,8.3589,8.3589,2218,0
20080313,8.3589,8.6935,8.3589,8.6935,122,0
20080314,9.212,9.212,8.3589,8.3589,13789,0
20080317,8.3589,8.3589,8.3589,8.3589,1102,0
20080319,8.3589,8.3589,8.3589,8.3589,6228,0
20080320,8.4425,8.4425,8.3589,8.3589,1257,0
20080325,8.5599,8.5599,8.3589,8.3589,235,0
20080326,8.3589,8.3589,8.3589,8.3589,2153,0
20080327,8.3589,8.3589,8.2753,8.2753,3381,0
20080328,8.6935,9.0692,8.4843,8.4843,1552,0
20080401,8.3589,8.3589,8.3589,8.3589,121,0
20080402,8.2335,8.2335,8.1583,8.1583,108,0
20080403,8.1583,8.1583,8.1082,8.1082,1207,0
20080407,8.1082,8.1082,8.1082,8.1082,89,0
20080408,8.1082,8.1082,8.1082,8.1082,13,0
20080410,8.1082,8.1082,8.0664,8.0664,6118,0
20080411,8.1917,8.1917,8.1917,8.1917,240,0
20080415,8.1917,8.1917,7.732,7.732,6625,0
20080416,7.523,7.523,7.523,7.523,68,0
20080421,7.523,7.7654,7.523,7.7654,779,0
20080422,7.523,7.523,7.523,7.523,5862,0
20080423,7.523,7.523,7.523,7.523,359,0
20080425,7.3224,7.523,7.3224,7.523,76,0
20080428,7.3559,7.732,7.3141,7.732,618,0
20080506,7.2723,7.5147,7.2723,7.5147,931,0
20080507,7.2304,7.5147,7.2304,7.5147,2559,0
20080508,7.498,7.498,7.498,7.498,23,0
20080512,7.2221,7.2221,7.2137,7.2137,622,0
20080514,6.5617,6.6871,6.5617,6.6871,4439,0
20080516,6.6369,6.6369,6.4782,6.4782,247,0
20080519,6.5617,6.5617,6.5199,6.5199,599,0
20080520,6.6787,6.6787,6.6035,6.6035,523,0
20080521,6.6787,6.6787,6.662,6.6704,526,0
20080526,6.6454,6.6454,6.4364,6.4364,2980,0
20080527,6.6352,6.6352,6.6352,6.6352,241,0
20080528,6.3553,6.3553,6.2705,6.2705,2393,0
20080529,6.2281,6.6014,6.2281,6.5929,1047,0
20080530,6.6014,6.6438,6.1856,6.1856,8695,0
20080602,6.1092,6.3468,6.1092,6.3468,1210,0
20080603,6.1092,6.1092,6.1092,6.1092,683,0
20080604,5.948,5.948,5.948,5.948,120,0
20080605,5.9396,5.9396,5.9396,5.9396,2355,0
20080606,5.948,5.948,5.948,5.948,2357,0
20080609,5.9311,5.9311,5.9311,5.9311,91,0
20080610,5.9311,5.9311,5.7274,5.7359,334,0
20080611,5.7274,5.7274,5.7274,5.7274,59,0
20080612,5.7274,5.7274,5.7274,5.7274,458,0
20080616,5.7274,5.7274,5.7274,5.7274,428,0
20080617,6.1007,6.1517,6.1007,6.1517,14615,0
20080618,6.194,6.5759,6.194,6.5334,7083,0
20080619,6.5759,6.5759,6.194,6.194,1921,0
20080620,6.194,6.194,6.194,6.194,1235,0
20080623,6.3638,6.3638,6.3638,6.3638,13,0
20080624,6.1517,6.1517,6.1517,6.1517,884,0
20080626,6.1602,6.3638,6.1602,6.3638,83,0
20080702,6.2365,6.2365,6.2365,6.2365,289,0
20080703,6.2365,6.2365,6.2365,6.2365,37,0
20080704,6.3213,6.3213,6.3213,6.3213,2357,0
20080708,6.0244,6.0244,6.0244,6.0244,5893,0
20080709,5.9396,5.9396,5.9396,5.9396,23,0
20080710,5.6002,6.1432,5.6002,6.1432,656,0
20080711,5.6002,6.1517,5.6002,6.1517,591,0
20080714,6.3553,6.3553,5.9396,5.9396,1037,0
20080715,5.6002,5.6849,5.4728,5.6849,1006,0
20080716,6.5249,6.5249,5.5153,6.5249,587,0
20080717,6.6183,6.6183,6.2789,6.2789,143,0
20080721,5.9396,5.9396,5.9396,5.9396,531,0
20080722,5.9819,5.9819,5.9819,5.9819,373,0
20080723,5.7274,5.8123,5.7274,5.8123,224,0
20080729,4.6753,4.8365,4.6243,4.6668,28727,0
20080730,4.9213,4.9213,4.5819,4.6243,6657,0
20080731,4.3273,4.3698,4.3273,4.3698,2542,0
20080801,4.3698,4.6838,4.3698,4.4122,3703,0
20080804,4.3698,4.3698,4.3698,4.3698,1527,0
20080805,4.4122,4.7431,4.4122,4.7431,1623,0
20080806,4.6838,4.7346,4.4971,4.7346,359,0
20080807,4.7346,4.7856,4.7346,4.7856,3497,0
20080808,4.7856,4.7856,4.4971,4.7007,209,0
20080811,4.7007,4.8365,4.7007,4.8365,1627,0
20080812,4.811,5.4728,4.811,5.3032,7209,0
20080813,5.2862,5.4304,5.2862,5.3032,952,0
20080814,5.4304,5.4304,5.4304,5.4304,36,0
20080818,4.6753,5.4474,4.4122,5.4474,601,0
20080822,5.3625,5.651,5.3625,5.651,7272,0
20080825,5.7274,5.7274,5.7274,5.7274,235,0
20080829,5.2607,5.6425,5.2607,5.6425,473,0
20080901,5.6425,6.3977,5.6425,6.3977,1508,0
20080902,5.6002,5.7698,5.6002,5.7698,1325,0
20080903,6.1092,6.1092,6.1092,6.1092,47,0
20080909,6.0922,6.1007,6.0668,6.0668,343,0
20080915,5.9396,5.9396,5.3456,5.3456,642,0
20080916,5.091,6.0244,5.091,6.0244,29,0
20080925,5.9055,5.9055,5.9055,5.9055,95,0
20080930,5.091,5.9055,5.091,5.9055,97,0
20081002,5.091,5.9819,5.091,5.9819,23,0
20081003,5.091,5.9819,5.091,5.9819,677,0
20081006,5.1759,5.1759,5.091,5.091,381,0
20081007,4.6668,4.6668,4.234,4.2426,1718,0
20081008,3.8097,3.8183,3.4364,3.7758,4057,0
20081009,4.6668,4.6668,3.691,4.3698,1202,0
20081010,4.2426,4.2426,2.9782,4.1662,461,0
20081013,4.1662,4.1662,4.1662,4.1662,346,0
20081014,4.6159,4.6159,4.5394,4.5394,296,0
20081015,4.9213,4.9213,3.7335,3.7335,1661,0
20081016,4.4886,4.4886,4.4886,4.4886,18,0
20081017,4.2426,4.4886,3.7335,4.4886,211,0
20081020,4.0474,4.0474,4.0474,4.0474,933,0
20081021,4.4886,4.4886,3.5467,4.4122,4285,0
20081022,4.2426,4.3613,3.394,4.3613,496,0
20081023,3.394,3.394,3.394,3.394,589,0
20081024,3.411,3.725,3.0546,3.725,828,0
20081028,3.8607,3.8607,3.8607,3.8607,142,0
20081029,3.394,3.394,3.394,3.394,6731,0
20081030,3.725,3.725,3.394,3.394,2922,0
20081031,3.5637,3.7335,3.5637,3.7335,39,0
20081103,3.0546,3.2667,3.0546,3.1395,15268,0
20081104,3.1904,3.3516,3.1819,3.3516,5832,0
20081105,3.3092,3.3092,3.3092,3.3092,1532,0
20081106,3.0971,3.0971,3.0546,3.0971,11473,0
20081107,3.0971,3.0971,3.0971,3.0971,103,0
20081110,3.2243,3.2243,3.2243,3.2243,4,0
20081120,2.5625,3.1395,2.5539,3.1395,353,0
20081121,2.6049,2.6898,2.5455,2.6898,7065,0
20081125,2.7152,2.8086,2.7152,2.7576,7587,0
20081126,2.6898,3.2074,2.6898,3.2074,1297,0
20081127,2.9613,2.9613,2.3674,2.3758,70229,0
20081128,2.4861,2.4861,1.9091,2.0789,24341,0
20081201,1.7818,1.9516,1.7818,1.9431,2479,0
20081202,1.7139,2.0279,1.7139,1.9431,4427,0
20081203,1.9431,2.1892,1.7818,2.1892,4071,0
20081204,2.0789,2.0789,1.9431,1.9431,5004,0
20081205,2.0449,2.0449,1.9431,1.9431,2770,0
20081208,1.9431,2.0279,1.9431,2.0279,235,0
20081209,1.9431,1.9431,1.8667,1.8667,6863,0
20081210,1.8667,1.8667,1.7818,1.8667,7078,0
20081211,1.8667,1.9091,1.8667,1.8667,212,0
20081212,1.8667,1.8667,1.7395,1.8667,2642,0
20081215,1.7903,1.9516,1.7903,1.8667,1767,0
20081216,1.8242,1.8667,1.748,1.8667,3016,0
20081217,1.8667,1.8667,1.8667,1.8667,1119,0
20081218,1.8667,1.9516,1.8667,1.8667,807,0
20081219,1.9516,1.994,1.9516,1.994,1797,0
20081222,1.994,1.994,1.994,1.994,707,0
20081223,1.748,1.9516,1.697,1.9516,2870,0
20081229,1.7818,1.9431,1.7818,1.9431,96,0
20081231,1.977,1.977,1.7649,1.9516,512,0
20090105,1.9516,1.9516,1.9516,1.9516,95,0
20090106,2.0024,2.1212,1.8921,2.1212,17906,0
20090107,2.0704,2.0789,1.8921,1.8921,633,0
20090108,1.9516,2.0279,1.8921,2.0279,908,0
20090112,2.0194,2.0279,2.0194,2.0279,707,0
20090114,1.9855,1.9855,1.8242,1.8242,6486,0
20090115,1.9686,1.9686,1.9346,1.9346,1215,0
20090116,1.9091,1.9091,1.9091,1.9091,118,0
20090119,1.9091,1.9686,1.8667,1.9091,4999,0
20090120,1.994,1.994,1.7224,1.7224,248,0
20090121,1.7224,1.9855,1.6885,1.9006,1094,0
20090122,1.7139,1.9261,1.7139,1.9261,1774,0
20090123,1.7818,1.9686,1.7818,1.9686,14,0
20090126,1.8242,1.8242,1.8242,1.8242,3731,0
20090127,1.8583,1.8583,1.7055,1.8583,153,0
20090128,1.9431,1.9431,1.9431,1.9431,353,0
20090130,1.7224,1.9091,1.7224,1.9006,1616,0
20090202,1.7395,1.8752,1.7395,1.8752,220,0
20090203,1.9855,1.9855,1.9855,1.9855,5,0
20090204,1.748,1.9516,1.748,1.9516,5371,0
20090210,1.8242,1.8242,1.8242,1.8242,1119,0
20090211,1.9006,1.977,1.9006,1.9176,797,0
20090212,1.9176,2.1212,1.9091,2.1212,18415,0
20090213,2.1382,2.4267,1.9516,2.1127,10926,0
20090216,1.8413,2.1382,1.8413,2.1127,5447,0
20090217,1.9516,2.3079,1.9516,2.3079,3038,0
20090218,2.2825,2.2825,1.8667,2.2485,2724,0
20090219,2.24,2.24,2.24,2.24,1189,0
20090220,2.2315,2.2315,2.2315,2.2315,1189,0
20090225,2.223,2.223,2.223,2.223,1,0
20090226,2.2061,2.2061,2.2061,2.2061,472,0
20090302,1.9176,1.9176,1.9176,1.9176,1179,0
20090303,1.748,2.1212,1.748,1.9516,1971,0
20090304,2.0364,2.0364,2.0364,2.0364,1,0
20090305,1.748,1.7734,1.5612,1.7734,17962,0
20090306,1.697,1.8242,1.5612,1.8242,21863,0
20090309,1.6036,1.6885,1.6036,1.6715,5367,0
20090310,1.697,1.7395,1.5952,1.7395,7454,0
20090311,1.697,1.697,1.697,1.697,3,0
20090312,1.6885,1.6885,1.5528,1.5528,3595,0
20090313,1.5528,1.5612,1.5528,1.5612,1081,0
20090316,1.5697,1.6631,1.5697,1.6631,10124,0
20090317,1.6631,1.6631,1.6631,1.6631,235,0
20090318,1.5867,1.6546,1.5274,1.5274,11969,0
20090319,1.6461,1.6461,1.5274,1.6292,678,0
20090323,1.6206,1.6206,1.6206,1.6206,353,0
20090324,1.7734,1.7734,1.6885,1.697,5127,0
20090325,1.68,1.6885,1.68,1.6885,2910,0
20090326,1.6885,1.697,1.6885,1.6885,7032,0
20090327,1.7649,1.7649,1.6461,1.7395,13152,0
20090330,1.7139,1.7139,1.7139,1.7139,118,0
20090331,1.7139,1.7649,1.7139,1.7649,39,0
20090401,1.7734,1.7734,1.6121,1.731,2954,0
20090402,1.6292,1.6631,1.5782,1.6631,1182,0
20090403,1.6631,1.731,1.6631,1.731,1401,0
20090406,1.731,1.7649,1.697,1.697,5252,0
20090407,1.7395,1.7395,1.697,1.697,1958,0
20090408,1.7564,1.7564,1.7055,1.748,4777,0
20090409,1.7564,2.1212,1.748,2.1043,17647,0
20090414,1.9516,2.0958,1.9431,2.0364,24205,0
20090415,2.0364,2.0364,1.9431,2.0194,1179,0
20090416,2.0194,2.0194,1.8837,1.994,22802,0
20090417,1.8752,1.9006,1.8752,1.8921,3229,0
20090420,1.8837,1.9091,1.7734,1.9091,2240,0
20090421,1.7818,1.9091,1.7055,1.9091,13854,0
20090422,1.7903,1.8413,1.7903,1.8073,4014,0
20090423,1.8242,1.8921,1.8073,1.8921,3156,0
20090424,1.8752,1.8921,1.7903,1.8921,9059,0
20090427,1.7903,1.8837,1.7818,1.8837,3065,0
20090428,1.8837,1.8837,1.731,1.8667,5094,0
20090429,1.7139,1.7818,1.697,1.7139,105571,0
20090430,1.8667,1.8667,1.731,1.7818,50417,0
20090504,1.7818,1.8073,1.748,1.7818,5716,0
20090505,1.8242,1.8242,1.7564,1.7818,12257,0
20090506,1.8242,1.8242,1.7818,1.7903,5633,0
20090507,1.748,1.9091,1.748,1.9091,45690,0
20090508,1.9261,1.9431,1.8242,1.9091,25232,0
20090511,1.9091,2.0789,1.8413,2.0364,19936,0
20090512,2.1212,2.3079,2.0364,2.2315,35068,0
20090513,2.291,2.4607,2.291,2.4098,24923,0
20090514,2.4098,2.4182,2.3333,2.3758,2652,0
20090515,2.3758,2.3758,2.1892,2.3674,4682,0
20090518,2.1637,2.3674,2.1127,2.3674,16554,0
20090519,2.3589,2.3589,2.1976,2.3418,585,0
20090520,2.3589,2.3674,2.291,2.291,2630,0
20090521,2.291,2.291,2.2146,2.2146,5710,0
20090522,2.223,2.223,2.2061,2.2061,5480,0
20090526,2.1637,2.1637,2.0789,2.1212,827,0
20090527,2.3674,2.3674,2.291,2.291,178,0
20090529,2.2061,2.2061,1.9855,1.9855,3582,0
20090601,1.9091,2.1212,1.9091,2.1212,3979,0
20090602,2.0364,2.1127,2.0364,2.1127,509,0
20090603,2.0704,2.0789,2.0704,2.0789,235,0
20090604,1.9431,2.0704,1.9431,2.0449,9790,0
20090605,2.0364,2.1976,2.0364,2.1976,4270,0
20090608,2.1976,2.2146,2.1297,2.2146,2795,0
20090609,2.0534,2.2571,2.0534,2.2485,2270,0
20090610,2.2485,2.2485,2.1212,2.223,1800,0
20090612,2.2061,2.2061,2.1382,2.1382,284,0
20090615,2.1637,2.291,2.1637,2.1637,2390,0
20090616,2.1212,2.1807,2.0958,2.0958,3822,0
20090617,2.0789,2.0789,1.9855,2.0789,3500,0
20090618,2.0364,2.2061,1.9516,2.2061,710,0
20090619,2.1212,2.2485,2.1212,2.2485,17442,0
20090622,1.9601,2.2061,1.9601,2.2061,185,0
20090623,2.0789,2.2061,2.0109,2.1637,4048,0
20090626,2.0279,2.2061,2.0279,2.2061,701,0
20090629,2.1212,2.2061,2.1212,2.2061,3705,0
20090630,2.2061,2.2061,2.2061,2.2061,165,0
20090701,2.3333,2.3333,2.3333,2.3333,12,0
20090702,2.1212,2.274,2.1212,2.274,1297,0
20090703,2.274,2.3333,2.274,2.3333,886,0
20090706,2.3333,2.3333,2.3333,2.3333,3840,0
20090707,2.2485,2.3249,2.2485,2.3249,1387,0
20090709,2.3249,2.3249,2.3249,2.3249,83,0
20090710,2.1382,2.3249,2.1382,2.3249,1060,0
20090713,2.1297,2.1297,2.1297,2.1297,129,0
20090714,2.1552,2.3249,2.1552,2.3164,373,0
20090715,2.2061,2.2061,2.1212,2.2061,11633,0
20090716,2.3249,2.3249,2.3164,2.3164,128,0
20090717,2.1637,2.2061,2.1297,2.1976,6593,0
20090720,2.2061,2.2146,2.1212,2.1382,6552,0
20090721,2.2485,2.2485,2.0364,2.0364,9466,0
20090722,2.223,2.223,2.0364,2.1976,15202,0
20090723,2.2146,2.3079,2.1212,2.24,26835,0
20090724,2.2315,2.2315,2.0364,2.1976,18682,0
20090727,2.1043,2.1043,2.1043,2.1043,779,0
20090728,2.2146,2.2146,2.0789,2.0873,2605,0
20090729,2.0789,2.1552,2.0364,2.1552,1562,0
20090730,2.1552,2.3249,2.1382,2.3249,14050,0
20090731,2.2485,2.3164,2.1637,2.3164,14634,0
20090803,2.1722,2.5031,2.1722,2.4436,32054,0
20090804,2.4861,2.4946,2.4521,2.4607,8448,0
20090805,2.4436,2.8001,2.3843,2.6898,33588,0
20090806,2.8255,2.9697,2.7322,2.8849,13855,0
20090807,3.0546,3.1395,2.7237,2.9104,3329,0
20090810,2.7576,2.7576,2.5455,2.6388,38988,0
20090811,2.7152,2.7152,2.3503,2.3503,44221,0
20090812,2.5285,2.5285,2.1807,2.2485,44789,0
20090813,2.2485,2.4352,2.24,2.291,39652,0
20090814,2.3674,2.3674,2.2485,2.274,7531,0
20090817,2.223,2.2655,2.2061,2.2655,1244,0
20090818,2.2825,2.4013,2.2825,2.3079,4543,0
20090819,2.2061,2.3079,2.2061,2.2655,4438,0
20090820,2.2655,2.3333,2.1382,2.3249,11592,0
20090821,2.3079,2.3333,2.3079,2.3333,6664,0
20090824,2.3843,2.5285,2.3333,2.3758,26349,0
20090825,2.4607,2.4607,2.3249,2.4436,11153,0
20090826,2.5285,2.5285,2.2995,2.3249,12810,0
20090827,2.4352,2.4352,2.3758,2.3758,3740,0
20090828,2.3758,2.4267,2.291,2.3079,12378,0
20090831,2.3079,2.3758,2.2315,2.3249,9920,0
20090901,2.2485,2.2655,2.1468,2.1637,6490,0
20090902,2.3674,2.3674,2.2061,2.2061,2028,0
20090903,2.3333,2.3333,2.1468,2.291,3114,0
20090904,2.291,2.3674,2.2825,2.291,6096,0
20090907,2.3249,2.4013,2.3249,2.4013,16597,0
20090908,2.3928,2.537,2.3928,2.5285,35114,0
20090909,2.537,2.7831,2.3333,2.7661,65726,0
20090910,2.7661,2.8425,2.5625,2.6134,25666,0
20090911,2.5539,2.7322,2.5539,2.7152,14996,0
20090914,2.7067,2.7067,2.4436,2.4521,11659,0
20090915,2.6898,2.7152,2.5031,2.6983,9789,0
20090916,2.7067,2.8849,2.6983,2.8849,19484,0
20090917,2.8849,2.8849,2.8001,2.851,5300,0
20090918,2.8001,2.851,2.8001,2.851,914,0
20090921,2.6049,2.8001,2.5795,2.7746,3948,0
20090922,2.8425,2.8849,2.8001,2.8001,1114,0
20090923,2.851,3.0376,2.7322,2.7322,18015,0
20090924,2.7322,2.8849,2.7152,2.8764,7392,0
20090925,2.7152,2.7916,2.6813,2.7916,1242,0
20090928,2.588,2.7831,2.588,2.6134,10248,0
20090929,2.6813,2.7916,2.6473,2.6473,1784,0
20090930,2.5795,2.7067,2.571,2.7067,2752,0
20091001,2.6304,2.7067,2.588,2.7067,2373,0
20091002,2.588,2.588,2.5455,2.5455,7992,0
20091005,2.5455,2.6134,2.5455,2.6134,2707,0
20091006,2.7067,2.7067,2.6473,2.6473,884,0
20091009,2.4013,2.5031,2.4013,2.5031,737,0
20091012,2.5031,2.6728,2.5031,2.6728,3991,0
20091013,2.6643,2.6643,2.4267,2.4352,8764,0
20091014,2.4352,2.6304,2.4182,2.6304,3630,0
20091015,2.6304,2.6304,2.6219,2.6219,944,0
20091016,2.6219,2.6219,2.4607,2.6219,1948,0
20091019,2.4182,2.6134,2.4182,2.6134,255,0
20091020,2.4182,2.5455,2.4182,2.5455,79,0
20091022,2.3928,2.5455,2.3758,2.5455,716,0
20091023,2.3758,2.5455,2.3758,2.5455,1021,0
20091026,2.5455,2.5455,2.5455,2.5455,2,0
20091027,2.3758,2.4946,2.3674,2.4946,833,0
20091028,2.3674,2.4607,2.3418,2.4607,3638,0
20091029,2.4607,2.4607,2.4607,2.4607,413,0
20091030,2.3758,2.6219,2.3758,2.6219,2677,0
20091102,2.588,2.6304,2.588,2.6304,1381,0
20091103,2.5625,2.6134,2.4946,2.6134,1671,0
20091104,2.3758,2.6134,2.3758,2.6134,443,0
20091109,2.3758,2.5031,2.3758,2.5031,5645,0
20091110,2.3758,2.4607,2.3758,2.4607,1984,0
20091112,2.4182,2.4521,2.4182,2.4521,707,0
20091113,2.4267,2.6219,2.4267,2.6219,2027,0
20091116,2.5455,2.5455,2.4267,2.5116,832,0
20091117,2.4521,2.5285,2.4267,2.5285,1603,0
20091118,2.5031,2.5285,2.5031,2.5285,1115,0
20091119,2.3674,2.5031,2.3674,2.5031,586,0
20091120,2.4436,2.4521,2.4436,2.4521,424,0
20091123,2.6049,2.6134,2.5455,2.5455,3783,0
20091125,2.3589,2.5201,2.3589,2.5201,3818,0
20091126,2.3589,2.4946,2.3589,2.4946,1272,0
20091127,2.2995,2.4521,2.291,2.4352,3406,0
20091201,2.291,2.4013,2.291,2.291,2960,0
20091202,2.291,2.3758,2.291,2.3758,1618,0
20091203,2.2485,2.3758,2.2485,2.3674,4624,0
20091204,2.3249,2.3249,2.3249,2.3249,235,0
20091207,2.291,2.3758,2.2146,2.3079,2294,0
20091208,2.3249,2.3249,2.3249,2.3249,944,0
20091209,2.4098,2.4098,2.1722,2.3503,2506,0
20091214,2.2485,2.3758,2.2485,2.3758,104,0
20091217,2.2485,2.3758,2.2485,2.3758,242,0
20091218,2.24,2.3674,2.24,2.3674,736,0
20091221,2.1722,2.2571,2.1722,2.2571,711,0
20091223,2.1722,2.2485,2.0619,2.2485,2458,0
20091228,2.1212,2.1212,2.0364,2.1043,14364,0
20091229,2.0958,2.291,2.0619,2.291,2336,0
20091231,2.2995,2.4436,2.291,2.3758,1775,0
20100104,2.4182,2.4182,2.4182,2.4182,118,0
20100105,2.2571,2.4352,2.2571,2.4352,6933,0
20100107,2.3674,2.5031,2.3674,2.5031,4961,0
20100108,2.5285,2.6219,2.4182,2.588,4654,0
20100111,2.5455,2.6728,2.5455,2.6728,2318,0
20100112,2.6728,2.7152,2.5455,2.6983,18963,0
20100113,2.6983,2.8594,2.6983,2.8594,1677,0
20100114,2.8425,3.0461,2.7746,2.8764,31376,0
20100115,3.0376,3.394,2.9104,3.394,19783,0
20100118,3.4619,3.7928,3.4534,3.7165,42737,0
20100119,3.7843,3.7843,3.3516,3.6994,16056,0
20100120,3.6994,4.0644,3.6994,3.971,28849,0
20100121,3.971,4.1577,3.9031,3.9541,31566,0
20100122,3.8013,3.9031,3.6486,3.9031,8200,0
20100125,3.9541,3.9541,3.691,3.9031,4113,0
20100126,3.7419,3.7758,3.5213,3.7758,12178,0
20100127,3.6486,3.8183,3.6486,3.7419,16636,0
20100128,3.8183,4.1152,3.8183,4.1152,25142,0
20100129,4.1237,4.234,4.1152,4.234,5116,0
20100201,4.2426,4.6159,4.0728,4.0728,7064,0
20100202,4.2426,4.2426,4.2255,4.2255,1096,0
20100203,4.2426,4.3783,4.2255,4.234,1692,0
20100204,4.234,4.234,3.9031,3.9031,7542,0
20100205,3.4026,3.7335,3.4026,3.7335,19203,0
20100208,3.394,3.7419,3.394,3.7165,7624,0
20100209,3.725,3.8183,3.4873,3.8183,14046,0
20100210,3.8183,3.9879,3.8183,3.9879,963,0
20100211,3.7419,3.7504,3.7335,3.7335,7633,0
20100212,3.5298,3.7335,3.5298,3.7335,6568,0
20100215,3.4958,3.6401,3.4873,3.5043,989,0
20100216,3.5043,3.5043,3.5043,3.5043,235,0
20100217,3.6655,3.6655,3.6655,3.6655,13,0
20100219,3.394,3.6401,3.394,3.6401,33,0
20100222,3.4788,3.4788,3.411,3.411,707,0
20100223,3.5976,3.5976,3.5976,3.5976,13,0
20100224,3.5976,3.725,3.5976,3.5976,707,0
20100225,3.428,3.5552,3.428,3.5552,738,0
20100226,3.6061,3.6061,3.6061,3.6061,1,0
20100301,3.5637,3.725,3.5637,3.5891,5304,0
20100302,3.7758,3.7758,3.5637,3.5637,954,0
20100303,3.8013,3.8013,3.8013,3.8013,472,0
20100304,3.8013,3.8013,3.428,3.5637,462,0
20100305,3.5213,3.5213,3.394,3.394,5564,0
20100308,3.394,3.394,3.3007,3.3007,3388,0
20100309,3.3092,3.5637,3.0546,3.4788,8392,0
20100310,3.657,3.657,3.3092,3.5467,4333,0
20100311,3.5467,3.5552,3.2922,3.4788,17953,0
20100312,3.5467,3.5467,3.4788,3.4788,18737,0
20100315,3.3177,3.6061,3.3177,3.5213,8131,0
20100316,3.5891,3.5976,3.4873,3.4873,1004,0
20100317,3.5637,3.6061,3.5213,3.5213,2775,0
20100318,3.5637,3.6061,3.5637,3.6061,3235,0
20100319,3.674,3.7165,3.674,3.7165,3435,0
20100322,3.7079,3.7079,3.7079,3.7079,2357,0
20100323,3.6147,3.8097,3.6061,3.8097,2774,0
20100324,3.8097,3.8097,3.8097,3.8097,1532,0
20100325,3.7758,3.8183,3.7758,3.8183,2406,0
20100326,3.9031,3.9031,3.9031,3.9031,601,0
20100329,3.6061,3.8776,3.6061,3.8776,65,0
20100331,3.6486,3.8607,3.6486,3.6486,2065,0
20100401,3.8607,3.8776,3.6825,3.8776,476,0
20100406,3.6825,3.8692,3.6825,3.8692,236,0
20100407,3.8946,4.1916,3.8183,4.1916,3186,0
20100408,4.5735,4.9128,4.4547,4.7771,4197,0
20100409,4.7941,4.8365,4.7941,4.8365,1207,0
20100412,4.5565,5.0062,4.5565,4.8365,8602,0
20100413,5.2607,5.2607,4.9213,5.2607,4687,0
20100414,5.2607,5.5577,5.091,5.091,2542,0
20100415,4.6668,5.5746,4.5819,5.0995,10718,0
20100416,5.5492,5.6087,5.108,5.3032,4341,0
20100419,5.125,5.2947,5.0486,5.0486,1357,0
20100420,5.0486,5.0486,5.0486,5.0486,1,0
20100422,4.7177,5.0062,4.5819,4.9044,1459,0
20100426,5.0062,5.0062,5.0062,5.0062,42,0
20100427,4.5056,4.828,4.5056,4.828,1592,0
20100428,4.9977,4.9977,4.5056,4.7771,2478,0
20100429,4.5056,4.7771,4.5056,4.7771,1009,0
20100430,4.7771,5.0741,4.7771,5.0062,2969,0
20100504,4.9977,5.0995,4.9977,4.9977,351,0
20100505,4.7516,5.0486,4.6243,4.7516,5841,0
20100506,5.0741,5.0741,4.3358,4.9552,1817,0
20100507,4.7516,4.7516,4.4886,4.4886,699,0
20100510,4.9213,5.0995,4.8874,5.0486,1320,0
20100511,4.9977,4.9977,4.9977,4.9977,706,0
20100512,4.9977,4.9977,4.7856,4.9892,1261,0
20100513,4.9977,5.0062,4.7941,5.0062,766,0
20100518,4.531,4.9213,4.5225,4.9213,1769,0
20100519,4.9213,4.9213,4.531,4.7516,2122,0
20100520,4.4122,4.7516,4.4122,4.7516,121,0
20100521,4.9213,4.9213,4.4207,4.6583,3291,0
20100524,4.9213,4.9213,4.9213,4.9213,1,0
20100525,4.9128,4.9128,4.8874,4.8874,931,0
20100531,4.8874,4.8874,4.8874,4.8874,477,0
20100601,4.4122,4.6583,4.4122,4.4547,4599,0
20100602,4.828,4.828,4.4801,4.7856,799,0
20100604,4.7771,4.7771,4.4716,4.7431,336,0
20100608,4.7346,4.7346,4.4291,4.4291,1330,0
20100609,4.7686,4.7686,4.7686,4.7686,5,0
20100610,4.4207,4.5225,4.4122,4.4122,740,0
20100611,4.6668,4.6668,4.2426,4.6497,2753,0
20100614,4.251,4.3698,4.251,4.3273,3551,0
20100616,4.3273,4.3273,4.3273,4.3273,231,0
20100617,4.3188,4.3188,4.0728,4.0728,1994,0
20100618,3.9879,3.9879,3.9879,3.9879,681,0
20100621,3.8946,4.2001,3.8946,4.2001,3068,0
20100622,4.1492,4.1492,3.8946,3.8946,1234,0
20100623,3.8946,3.9879,3.8946,3.9879,269,0
20100624,3.9879,3.9879,3.9879,3.9879,250,0
20100628,3.9795,3.9795,3.9795,3.9795,235,0
20100629,3.9879,3.9879,3.8946,3.8946,97,0
20100630,3.8946,3.8946,3.8946,3.8946,1090,0
20100701,3.9031,3.9031,3.8946,3.8946,22490,0
20100702,3.8946,3.8946,3.8946,3.8946,190,0
20100707,3.5807,3.7335,3.5637,3.691,4227,0
20100709,3.5976,3.5976,3.5976,3.5976,343,0
20100712,3.5976,3.7335,3.5976,3.7335,353,0
20100713,4.285,4.285,3.7758,3.9456,4120,0
20100714,3.8097,4.1577,3.8097,3.8097,895,0
20100715,3.5807,3.5807,3.5807,3.5807,472,0
20100720,3.6147,3.6147,3.6147,3.6147,201,0
20100721,3.6147,4.0644,3.6147,4.0559,1461,0
20100726,4.0219,4.0219,4.0219,4.0219,118,0
20100727,3.7928,3.8776,3.7928,3.8776,906,0
20100730,3.8776,3.8776,3.8776,3.8776,755,0
20100803,3.6316,3.6316,3.6316,3.6316,95,0
20100804,3.8183,3.8183,3.8183,3.8183,656,0
20100805,4.0474,4.2934,4.0474,4.2426,6598,0
20100806,4.2426,4.2426,4.2001,4.2001,2880,0
20100809,4.0559,4.0559,4.0559,4.0559,472,0
20100816,3.9286,3.9286,3.8946,3.8946,2032,0
20100817,3.9031,3.9031,3.9031,3.9031,235,0
20100818,3.8946,3.8946,3.7335,3.7419,988,0
20100820,3.9795,3.9795,3.9795,3.9795,101,0
20100823,3.5891,3.9879,3.5891,3.9031,1675,0
20100824,3.7335,3.7335,3.7335,3.7335,343,0
20100826,3.7335,3.7335,3.7335,3.7335,29,0
20100827,3.4026,3.6061,3.4026,3.5637,5538,0
20100830,3.6486,3.657,3.6486,3.657,2300,0
20100901,3.691,3.691,3.691,3.691,589,0
20100902,3.5637,3.5637,3.5637,3.5637,348,0
20100906,3.5637,3.5637,3.5637,3.5637,95,0
20100907,3.2243,3.3516,3.2243,3.3516,517,0
20100908,3.4788,3.5213,3.4788,3.4788,1057,0
20100909,4.2426,4.2426,3.8183,3.8353,8600,0
20100910,3.9879,3.9879,3.9795,3.9795,1372,0
20100915,3.6061,3.8607,3.6061,3.8607,1457,0
20100916,3.691,3.691,3.691,3.691,1398,0
20100920,3.6061,3.6061,3.6061,3.6061,235,0
20100921,3.6147,3.6486,3.6147,3.6486,848,0
20100923,3.657,3.657,3.657,3.657,266,0
20100924,3.4958,3.4958,3.4958,3.4958,47,0
20100927,3.5043,3.7335,3.4958,3.7335,3491,0
20100928,3.8522,3.8522,3.5043,3.5043,6256,0
20100929,3.5043,3.5129,3.4958,3.4958,3872,0
20100930,3.4958,3.4958,3.4195,3.4195,2580,0
20101001,3.394,3.6401,3.394,3.6401,10613,0
20101004,3.6316,3.8438,3.6316,3.8438,5596,0
20101005,3.8183,3.8183,3.8183,3.8183,353,0
20101006,3.691,3.9031,3.691,3.9031,3224,0
20101008,3.7419,3.8946,3.7419,3.8946,373,0
20101012,3.9371,3.9456,3.9371,3.9456,8823,0
20101013,3.5552,4.0304,3.5552,4.0304,4234,0
20101014,3.9879,4.0304,3.9879,4.0304,1628,0
20101015,4.0304,4.0304,4.0304,4.0304,235,0
20101019,3.8183,3.8183,3.8183,3.8183,235,0
20101020,3.8183,3.8183,3.8183,3.8183,1179,0
20101022,3.9879,4.0049,3.9879,4.0049,1376,0
20101025,4.1407,4.2934,4.0219,4.2765,29494,0
20101026,3.9116,4.0559,3.9116,3.9116,4023,0
20101027,3.9879,4.2934,3.9879,4.2934,2488,0
20101028,4.1916,4.1916,4.1916,4.1916,442,0
20101029,4.1747,4.1747,4.1747,4.1747,235,0
20101102,4.2934,4.2934,4.285,4.285,990,0
20101103,4.2426,4.2426,4.2426,4.2426,23,0
20101104,4.2426,4.3273,4.2426,4.3273,712,0
20101105,4.4886,4.4886,4.4886,4.4886,118,0
20101108,4.6243,5.0062,4.6243,4.9213,4996,0
20101109,4.6668,4.7941,4.6668,4.7941,2075,0
20101110,4.6668,4.6668,4.6668,4.6668,209,0
20101115,4.7092,4.7092,4.7092,4.7092,1413,0
20101116,4.6668,4.6668,4.4971,4.4971,891,0
20101119,4.4971,4.7516,4.4971,4.7516,525,0
20101122,4.828,4.828,4.5394,4.5394,331,0
20101126,4.251,4.4547,4.251,4.4547,888,0
20101129,4.4122,5.0826,4.4122,5.0826,2113,0
20101130,5.0826,5.0826,5.0826,5.0826,628,0
20101201,5.0741,5.0741,5.0741,5.0741,235,0
20101202,4.7601,4.7941,4.7516,4.7516,1143,0
20101203,5.0741,5.0741,4.285,4.285,1221,0
20101207,4.3444,4.7516,4.3444,4.7431,582,0
20101208,4.7516,4.7516,4.7516,4.7516,44,0
20101209,4.7516,4.7516,4.7516,4.7516,996,0
20101210,4.7516,4.7516,4.7516,4.7516,927,0
20101216,4.7092,4.7092,4.7092,4.7092,211,0
20101220,4.2934,4.2934,4.285,4.285,1108,0
20101221,4.4547,4.6668,4.4547,4.6668,3511,0
20101222,5.0486,5.0486,5.0486,5.0486,83,0
20101223,4.9637,4.9637,4.6668,4.6668,1697,0
20101227,4.6668,4.9892,4.6668,4.9892,908,0
20101228,4.6328,4.9213,4.6243,4.7516,1060,0
20101229,4.6243,4.6243,4.6243,4.6243,65,0
20101230,4.9637,4.9637,4.9637,4.9637,635,0
20101231,4.9552,5.0062,4.9552,5.0062,7671,0
20110103,5.0062,5.0062,4.7941,4.8789,1406,0
20110104,5.0062,5.0062,4.7601,5.0062,1783,0
20110105,5.0741,5.0741,5.0231,5.0231,1608,0
20110107,5.0741,5.0741,4.8365,4.8365,492,0
20110110,5.0486,5.0486,5.0486,5.0486,62,0
20110111,5.0741,5.0741,5.0741,5.0741,1403,0
20110112,4.9298,4.9383,4.9298,4.9383,934,0
20110113,4.7856,5.1759,4.7856,5.125,937,0
20110114,5.125,5.5068,5.125,5.5068,8485,0
20110117,5.5068,5.8547,5.5068,5.6849,5444,0
20110118,5.6849,5.6849,5.6002,5.6849,6555,0
20110119,5.388,5.388,5.388,5.388,473,0
20110120,5.4304,5.4304,5.388,5.388,706,0
20110121,5.388,5.388,5.388,5.388,54,0
20110127,5.3795,5.388,5.3795,5.388,414,0
20110201,5.388,5.4389,5.091,5.4389,488,0
20110203,5.5577,5.5577,5.5577,5.5577,472,0
20110204,5.8123,5.8123,5.6002,5.6002,712,0
20110207,5.9311,5.9311,5.5153,5.9311,164,0
20110208,5.9226,5.9226,5.9226,5.9226,235,0
20110209,5.9226,5.9311,5.9226,5.9311,1182,0
20110211,5.9311,6.1092,5.354,6.0668,1096,0
20110214,6.1262,6.194,6.1262,6.1262,2213,0
20110215,6.2789,6.2789,6.1092,6.1092,488,0
20110216,6.1092,6.1092,6.1092,6.1092,88,0
20110217,6.1007,6.1007,6.0922,6.0922,950,0
20110218,6.1092,6.1092,6.0668,6.0668,881,0
20110224,6.0244,6.0244,6.0244,6.0244,730,0
20110301,5.8971,5.8971,5.3116,5.8377,1259,0
20110302,5.8971,5.8971,5.8971,5.8971,747,0
20110303,5.3965,5.5153,5.1589,5.4389,1896,0
20110304,5.8293,6.0244,5.5153,5.5153,4479,0
20110307,5.5153,5.5153,5.5153,5.5153,353,0
20110308,5.5153,5.668,5.5153,5.5238,1645,0
20110309,5.5238,5.5238,5.5238,5.5238,28,0
20110311,5.5238,5.5238,5.5068,5.5238,811,0
20110315,5.5577,5.5577,5.5577,5.5577,294,0
20110317,5.3032,5.5577,5.3032,5.5577,825,0
20110322,5.5577,5.5577,5.5577,5.5577,235,0
20110323,5.1504,5.3456,5.1504,5.2777,596,0
20110324,5.0062,5.2607,5.0062,5.2607,881,0
20110325,5.0147,5.3625,5.0147,5.3625,825,0
20110328,5.3625,5.3625,5.0995,5.0995,551,0
20110329,5.4559,5.4643,5.4559,5.4643,422,0
20110330,5.108,5.4304,5.108,5.4304,1156,0
20110331,5.1759,5.3456,5.1759,5.3456,866,0
20110401,5.2862,5.2862,5.2862,5.2862,224,0
20110404,5.2607,5.2607,5.2607,5.2607,1220,0
20110405,5.1419,5.5492,5.1419,5.5492,1093,0
20110406,5.5153,5.5407,5.2607,5.2607,565,0
20110407,5.5153,5.5407,5.5153,5.5407,302,0
20110408,5.5153,5.5153,5.2692,5.2692,1014,0
20110411,5.2777,5.2862,5.2777,5.2862,507,0
20110412,5.2607,5.2607,5.2607,5.2607,436,0
20110415,5.1419,5.4984,5.1419,5.1759,985,0
20110418,5.1419,5.1419,5.1419,5.1419,604,0
20110419,5.3456,5.5407,5.3456,5.5407,944,0
20110421,5.2692,5.5322,5.2692,5.5322,473,0
20110426,5.2692,5.2692,5.2692,5.2692,292,0
20110427,5.2607,5.2607,5.2607,5.2607,2357,0
20110429,4.9383,5.3371,4.9383,5.3371,1520,0
20110502,4.9468,5.5153,4.9468,5.5153,544,0
20110504,5.0995,5.0995,5.091,5.0995,603,0
20110506,5.2268,5.4984,5.2268,5.4984,413,0
20110509,5.091,5.4135,4.9213,5.4135,1603,0
20110516,4.9213,4.9213,4.9213,4.9213,1280,0
20110517,4.7092,5.1759,4.7092,5.1759,591,0
20110518,5.2862,5.2862,5.2862,5.2862,532,0
20110530,4.7262,4.7516,4.7262,4.7346,2429,0
20110531,4.6838,5.2862,4.6838,5.2862,3417,0
20110602,5.2862,5.4984,5.2777,5.4984,3242,0
20110616,4.9723,4.9723,4.9723,4.9723,294,0
20110624,4.5989,4.5989,4.5989,4.5989,118,0
20110627,4.6074,4.6074,4.5989,4.5989,971,0
20110628,4.5989,4.5989,4.5819,4.5819,1050,0
20110629,4.7516,5.2522,4.7516,5.0486,826,0
20110630,5.2522,5.2607,5.2522,5.2607,235,0
20110701,5.2183,5.2183,5.2183,5.2183,118,0
20110712,4.6668,4.6668,4.6668,4.6668,118,0
20110713,4.7516,4.7516,4.7516,4.7516,353,0
20110715,4.6668,4.6668,4.6668,4.6668,679,0
20110718,4.6668,4.6668,4.6668,4.6668,334,0
20110720,4.8789,4.8789,4.6668,4.6668,1261,0
20110722,5.091,5.091,5.091,5.091,235,0
20110725,4.6668,5.091,4.6668,5.091,181,0
20110728,4.6668,4.6668,4.6668,4.6668,1179,0
20110729,4.8365,5.1334,4.8365,5.1334,353,0
20110801,5.2098,5.2098,5.2098,5.2098,895,0
20110803,4.6922,4.7007,4.6668,4.6668,5044,0
20110804,5.091,5.091,5.091,5.091,235,0
20110805,5.091,5.091,5.091,5.091,4,0
20110812,4.2426,5.091,4.2426,5.091,4150,0
20110817,4.9298,4.9298,4.9298,4.9298,353,0
20110819,4.0728,4.8365,4.0728,4.234,945,0
20110822,4.8365,4.8365,4.8365,4.8365,15,0
20110826,4.2426,4.285,4.2426,4.285,141,0
20110829,4.4122,4.4122,4.4122,4.4122,13,0
20110830,4.3273,4.3273,4.3273,4.3273,118,0
20110831,4.8365,4.8365,4.3273,4.8365,766,0
20110905,4.3698,4.3698,4.3698,4.3698,183,0
20110915,3.9879,3.9879,3.8183,3.8183,1112,0
20110930,4.5394,4.5394,4.5394,4.5394,1179,0
20111013,3.8183,3.8183,3.8183,3.8183,4,0
20111014,3.0546,3.8183,3.0546,3.8183,1773,0
20111017,3.8353,3.8353,3.8353,3.8353,178,0
20111025,4.3273,4.3273,3.8692,3.8692,3719,0
20111026,4.285,4.4122,4.285,4.285,1000,0
20111027,4.3104,4.3104,4.3104,4.3104,897,0
20111102,3.5298,4.2426,3.5298,4.2426,805,0
20111201,3.8183,3.9031,3.8183,3.9031,431,0
20111202,3.9031,3.9031,3.9031,3.9031,294,0
20111207,3.9031,3.9031,3.9031,3.9031,750,0
20111214,3.5298,3.5298,3.5298,3.5298,449,0
20111219,3.4364,3.4364,3.4364,3.4364,472,0
20111229,3.3092,3.3092,3.3092,3.3092,1,0
20120103,3.428,3.428,3.428,3.428,2188,0
20120104,3.7673,3.7673,3.7673,3.7673,118,0
20120111,3.4958,3.4958,3.411,3.411,637,0
20120119,3.4364,3.4364,3.4364,3.4364,118,0
20120126,3.4534,3.4534,3.4534,3.4534,463,0
20120201,3.394,3.394,3.394,3.394,473,0
20120206,3.394,3.394,3.394,3.394,13,0
20120207,2.7576,3.6486,2.7576,3.394,106,0
20120209,3.6486,3.9031,3.6486,3.9031,307,0
20120210,3.9031,5.091,3.9031,5.091,129,0
20120213,5.091,5.091,4.9637,4.9637,720,0
20120214,4.9637,4.9637,4.9637,4.9637,92,0
20120222,4.6583,4.6583,4.0728,4.0728,117874,0
20120223,4.9128,4.9128,4.4971,4.4971,235944,0
20120228,4.0898,4.0898,4.0898,4.0898,118,0
20120301,4.5735,4.5735,4.5735,4.5735,45964,0
20120302,5.0486,5.0486,5.0486,5.0486,513,0
20120305,4.9552,4.9552,4.9552,4.9552,307,0
20120308,4.9213,4.9552,4.9213,4.9552,2004,0
20120309,5.0062,5.0062,5.0062,5.0062,3300,0
20120312,4.9637,4.9637,4.9637,4.9637,248,0
20120402,4.9213,4.9213,4.9213,4.9213,276,0
20120417,4.9213,4.9213,4.0728,4.0728,189,0
20120418,4.9892,4.9892,4.9128,4.9637,1219,0
20120419,4.9807,4.9807,4.9807,4.9807,22,0
20120424,4.0559,4.0559,4.0559,4.0559,36,0
20120425,5.0826,5.0826,4.1747,4.1747,377,0
20120426,4.2426,4.2426,4.2426,4.2426,405,0
20120427,4.3444,4.3444,4.3444,4.3444,235,0
20120430,4.4547,4.4632,4.4547,4.4632,1319,0
20120507,4.6668,4.6668,4.6668,4.6668,22,0
20120509,4.6668,4.6668,4.6668,4.6668,262,0
20120514,4.2426,4.5819,4.2426,4.5819,15556,0
20120516,3.9879,3.9879,3.9879,3.9879,262,0
20120521,3.9964,3.9964,3.9964,3.9964,95,0
20120523,3.5976,3.5976,3.5976,3.5976,13,0
20120529,3.691,3.691,3.6486,3.6486,348,0
20120530,3.6486,3.6486,3.6486,3.6486,957,0
20120531,3.6486,3.6486,3.6486,3.6486,786,0
20120601,3.5637,3.5637,3.5637,3.5637,494,0
20120604,3.6061,3.6061,3.6061,3.6061,63,0
20120619,3.394,3.394,3.394,3.394,13,0
20120713,3.394,3.394,3.394,3.394,1178,0
20120723,3.4788,3.4788,3.4788,3.4788,373,0
20120730,3.8183,3.8183,3.8183,3.8183,23,0
20120807,4.1577,4.1577,4.1577,4.1577,23,0
20120808,4.5735,4.5735,4.5735,4.5735,542,0
20120816,3.8183,3.8183,3.8183,3.8183,77,0
20120821,3.8183,3.8183,3.8183,3.8183,443,0
20120823,3.8268,3.8268,3.8268,3.8268,235,0
20120827,3.8268,3.8268,3.8268,3.8268,656,0
20120906,3.8607,3.8607,3.8607,3.8607,5734,0
20120907,4.1152,4.1152,4.1152,4.1152,235,0
20120912,4.2426,4.2426,4.2426,4.2426,1146,0
20120919,4.1152,4.1152,4.1152,4.1152,235,0
20120920,4.2426,4.8365,4.2426,4.8365,962,0
20121002,4.4971,4.4971,4.4971,4.4971,606,0
20121005,4.6668,4.6668,4.6668,4.6668,84,0
20121008,4.6668,4.6668,4.6668,4.6668,353,0
20121016,4.6668,4.6668,4.6668,4.6668,83,0
20121022,4.6753,4.6753,4.6753,4.6753,353,0
20121029,4.6668,5.0741,4.6668,5.0741,991,0
20121030,5.0655,5.5746,5.0655,5.1929,7404,0
20121106,5.091,5.1929,5.091,5.1165,1946,0
20121112,5.3456,5.3456,5.3456,5.3456,789,0
20121113,5.4304,5.4304,5.4304,5.4304,1697,0
20121114,5.5153,5.5153,5.5153,5.5153,95,0
20121128,5.0062,5.0062,5.0062,5.0062,206,0
20121203,5.091,5.091,5.091,5.091,235,0
20121204,5.091,5.091,5.091,5.091,95,0
20121210,5.2607,5.2607,5.2607,5.2607,972,0
20121211,5.4984,5.5916,5.4984,5.5322,3765,0
20121212,5.7613,5.8462,5.7613,5.8462,1130,0
20121213,5.668,5.668,5.668,5.668,15,0
20121217,5.668,5.668,5.668,5.668,2903,0
20121218,5.5577,5.5577,5.5577,5.5577,1682,0
20130103,5.6849,5.9396,5.6849,5.9396,1417,0
20130104,6.194,6.194,6.194,6.194,610,0
20130108,6.788,7.2123,6.788,7.2123,696,0
20130109,7.5432,7.5432,7.2971,7.2971,678,0
20130118,5.8377,5.8547,5.8377,5.8547,1454,0
20130121,5.9055,5.9396,5.9055,5.9226,88915,0
20130122,6.4402,6.4402,6.194,6.194,78052,0
20130123,6.1177,6.5334,6.1092,6.5334,19097,0
20130124,6.5505,6.9578,6.5505,6.9578,764,0
20130128,6.7796,6.7796,6.7796,6.7796,13,0
20130129,6.3638,6.7796,6.3638,6.7796,147,0
20130201,6.3638,6.3638,6.2365,6.2365,235,0
20130205,6.6098,6.6098,6.6098,6.6098,13,0
20130206,6.6014,6.788,6.6014,6.788,1179,0
20130213,6.788,6.788,6.788,6.788,589,0
20130219,6.2365,6.2365,6.1517,6.1517,45697,0
20130220,6.1517,6.194,6.1517,6.194,266,0
20130222,6.7796,6.7796,6.7796,6.7796,23,0
20130225,7.2971,7.2971,6.0244,7.085,4847,0
20130226,6.9492,6.9492,6.7796,6.788,1839,0
20130227,6.3892,6.3892,5.9565,5.9565,41294,0
20130228,5.9547,5.9995,5.9547,5.9995,243,0
20130301,6.3808,6.3808,6.3808,6.3808,1179,0
20130306,6.6862,6.6862,6.6862,6.6862,35356,0
20130307,6.6608,6.6608,6.6608,6.6608,2954,0
20130312,6.2365,6.4911,6.2365,6.4911,202,0
20130313,6.3638,6.4487,6.3638,6.4487,307,0
20130314,6.4062,6.4062,6.4062,6.4062,340,0
20130315,6.3892,6.3977,6.3892,6.3977,164,0
20130325,6.4146,6.4146,6.4146,6.4146,1137,0
20130328,6.5334,6.5334,6.5334,6.5334,1,0
20130402,7.0308,7.0398,6.9591,7.0398,2325,0
20130404,7.2909,7.2909,7.2909,7.2909,74,0
20130408,7.1274,7.1274,6.4062,6.7032,355,0
20130409,7.0002,7.0002,7.0002,7.0002,3,0
20130410,7.004,7.004,7.004,7.004,74,0
20130415,6.9153,6.9153,6.9153,6.9153,136,0
20130417,6.2776,6.2776,6.2776,6.2776,23,0
20130422,6.2866,6.2866,6.2866,6.2866,327,0
20130423,6.3672,6.3672,6.2954,6.2954,440,0
20130424,6.3672,6.3672,6.3672,6.3672,755,0
20130426,6.6183,6.6183,6.6183,6.6183,18,0
20130429,6.995,6.995,6.995,6.995,1516,0
20130502,6.986,6.986,6.986,6.986,393,0
20130507,6.4389,6.5735,6.2776,6.5735,19316,0
20130514,6.5466,6.5466,6.5466,6.5466,1605,0
20130521,6.8515,6.8515,6.2776,6.5376,820,0
20130522,6.5914,6.5914,6.5914,6.5914,184282,0
20130531,6.0982,6.0982,6.0982,6.0982,85,0
20130605,6.4569,6.4569,6.4569,6.4569,7440,0
20130606,6.0982,6.4569,6.0982,6.4569,33366,0
20130614,6.1161,6.1161,5.8292,5.8292,600,0
20130617,5.874,6.4121,5.874,6.4121,30,0
20130618,6.4121,6.4121,6.4121,6.4121,111,0
20130620,6.0624,6.0624,6.0624,6.0624,649,0
20130621,6.0534,6.0534,5.5243,5.5243,182,0
20130628,5.5243,5.5243,5.5243,5.5243,181,0
20130712,6.726,6.726,6.726,6.726,1640,0
20130715,6.8605,6.8605,6.8605,6.8605,111,0
20130716,6.8605,6.8605,6.8605,6.8605,223,0
20130717,7.1743,7.1743,7.1743,7.1743,982,0
20130718,7.1743,7.1743,7.1743,7.1743,1975,0
20130725,7.5331,7.5331,7.5331,7.5331,5576,0
20130726,7.6227,7.6227,7.6227,7.6227,892,0
20130730,7.1743,7.1743,7.1743,7.1743,558,0
20130731,7.2282,7.4882,7.2282,7.4882,1898,0
20130801,7.6227,7.6227,7.6227,7.6227,586,0
20130806,7.1743,7.1743,7.1743,7.1743,1,0
20130808,7.1743,7.1743,7.1743,7.1743,278,0
20130809,7.0667,7.0667,7.0667,7.0667,32,0
20130813,7.0667,7.0667,7.0667,7.0667,56,0
20130816,6.995,6.995,6.995,6.995,804,0
20130821,6.8605,6.8605,6.8605,6.8605,97,0
20130823,6.9501,6.9501,6.9501,6.9501,128,0
20130829,7.1743,7.1743,7.1743,7.1743,1381,0
20130830,7.5331,7.5331,7.5331,7.5331,146,0
20130917,7.1743,7.1743,7.1743,7.1743,17591,0
20130919,7.0847,7.0847,7.0847,7.0847,97,0
20131007,7.0847,7.264,7.0847,7.264,6459,0
20131105,7.1295,7.1295,6.8156,6.8156,67,0
20131106,7.1295,7.1295,7.1295,7.1295,73,0
20131202,6.4211,6.4211,6.4211,6.4211,32,0
20131203,6.1161,6.726,6.1161,6.726,1932,0
20131209,7.0398,7.264,7.0398,7.264,31406,0
20131210,7.246,7.246,7.246,7.246,334,0
20131216,7.1743,7.1743,7.1743,7.1743,39,0
20131218,7.1743,7.1743,7.1743,7.1743,1,0
20140102,6.8156,6.8156,6.8156,6.8156,18,0
20140103,6.995,6.995,6.995,6.995,16727,0
20140107,7.0757,7.0757,7.0757,7.0757,11748,0
20140108,6.995,7.0398,6.995,7.0398,21097,0
20140110,6.3403,6.3403,6.3403,6.3403,18,0
20140130,6.726,6.726,6.3672,6.3672,128,0
20140131,6.726,7.1743,6.726,6.726,12498,0
20140203,6.995,6.995,6.995,6.995,10632,0
20140207,6.995,6.995,6.995,6.995,111,0
20140211,6.995,6.995,6.995,6.995,111,0
20140218,6.7708,6.7708,6.7708,6.7708,368,0
20140228,6.995,6.995,6.995,6.995,449,0
20140304,6.8156,6.8156,6.8156,6.8156,22,0
20140317,6.4569,6.726,6.4569,6.726,185,0
20140320,6.4569,6.4569,6.4569,6.4569,278,0
20140324,6.708,6.708,6.708,6.708,277,0
20140402,6.717,6.717,6.717,6.717,407,0
20140403,6.717,6.717,6.717,6.717,455,0
20140404,7.3537,7.3537,7.3537,7.3537,111,0
20140408,6.717,6.717,6.717,6.717,111,0
20140415,6.7349,6.7349,6.717,6.717,6044,0
20140417,6.726,6.7528,6.717,6.7528,3345,0
20140422,7.3537,7.3537,6.7708,7.3089,592,0
20140428,7.2999,7.2999,7.2999,7.2999,558,0
20140502,7.3537,7.3537,7.3537,7.3537,56,0
20140507,7.3537,7.3537,7.3537,7.3537,597,0
20140512,7.7412,7.7507,7.7412,7.7507,659,0
20140513,6.711,6.711,6.711,6.711,436,0
20140514,7.3821,7.3821,7.3821,7.3821,53,0
20140515,7.694,7.694,7.694,7.694,6,0
20140530,6.7866,7.2119,6.7866,7.2119,663,0
20140604,7.2119,7.2119,6.9945,6.9945,5982,0
20140605,6.9945,7.0418,6.9945,7.0418,890,0
20140606,7.0418,7.6089,7.0418,7.6089,552,0
20140609,7.6089,7.6089,7.6089,7.6089,6,0
20140617,7.6089,7.6089,7.6089,7.6089,37,0
20140722,7.5616,7.5616,7.5616,7.5616,11,0
20140724,7.5616,7.5616,7.5616,7.5616,33,0
20140728,6.8433,7.4671,6.8433,7.4671,426,0
20140808,7.4671,7.4671,7.4671,7.4671,11,0
20140812,7.4671,7.4671,7.4671,7.4671,11,0
20140813,7.4671,7.4671,7.4671,7.4671,13,0
20140818,7.4671,7.4671,7.4671,7.4671,42,0
20140819,7.4671,7.4671,7.4671,7.4671,16,0
20140826,7.4671,7.5616,7.4671,7.5616,65,0
20140829,7.5616,7.5616,7.5616,7.5616,5,0
20140901,7.6089,7.6089,7.6089,7.6089,12,0
20140922,7.6089,7.6562,7.5616,7.6562,2022,0
20140930,7.6562,7.6562,7.6562,7.6562,496,0
20141015,7.7507,7.7507,7.7507,7.7507,58,0
20141030,7.2781,7.2781,6.711,6.711,138,0
20141031,6.8149,7.5616,6.8149,7.5616,472,0
20141117,6.9473,6.9473,6.9473,6.9473,6,0
20150107,6.6259,6.6259,6.6259,6.6259,53,0
20150115,6.6637,6.6637,6.6637,6.6637,71,0
20150126,7.5616,7.5616,7.5616,7.5616,37,0
20150129,7.5616,7.5616,7.5616,7.5616,741,0
20150202,6.6448,6.6921,6.6259,6.6921,1036,0
20150206,7.6562,7.6562,7.6562,7.6562,33,0
20150211,7.1836,7.4671,7.1836,7.4671,459,0
20150225,7.0985,7.0985,7.0985,7.0985,33,0
20150310,7.193,7.193,7.193,7.193,28,0
20150316,7.7507,7.7507,7.7507,7.7507,2,0
20150327,7.4671,7.4671,7.4671,7.4671,257,0
20150330,7.3726,7.3726,7.3726,7.3726,13,0
20150408,6.8055,7.1836,6.8055,6.9945,2119,0
20150409,6.9945,6.9945,6.9945,6.9945,86,0
20150410,7.1836,7.1836,7.089,7.089,665,0
20150413,7.5522,7.5522,7.089,7.089,80,0
20150423,7.5144,7.5144,7.5144,7.5144,264,0
20150424,7.5144,7.5144,7.5144,7.5144,264,0
20150427,6.6259,6.9,6.6259,6.9,256,0
20150430,7,7,7,7,12,0
20150505,7.01,7.01,7.01,7.01,400,0
20150507,7.55,7.89,7.55,7.89,23,0
20150508,7.89,7.89,7.89,7.89,15,0
20150521,7.87,7.87,7.87,7.87,1,0
20150522,7.11,7.94,7.11,7.94,25,0
20150528,7.5,7.5,7.5,7.5,460,0
20150601,7.51,7.51,7.51,7.51,451,0
20150603,7.51,7.51,7.51,7.51,17,0
20150612,7.51,7.51,7.51,7.51,995,0
20150618,7.51,7.51,7.51,7.51,1543,0
20150805,8.1,8.1,8.1,8.1,150,0
